552
31282
20054
10223
51166
45506
49152
30771
22152
17991
20890
9877
25836
59901
37098
12065
57194
4903
56881
40222
59947
47227
52473
40092
30859
10765
26552
21534
45582
3183
54441
21697
16522
31902
53783
28842
16765
45078
30952
27637
6342
3859
58397
57640
47177
38136
16927
53283
26562
39820
38894
15492
58842
52854
48977
48853
20610
29022
25859
50504
58295
14616
5227
58336
59606
23675
18420
44089
11258
35093
14017
55935
37157
11097
12212
10405
40604
15118
44433
25751
36259
44081
15910
25906
24025
27814
49124
12275
16871
35496
53899
58476
55919
8684
59771
14853
33460
9579
5220
59019
13000
16841
3377
21097
9865
45183
34937
43103
38125
55509
24666
53253
36699
5114
41457
40018
7323
4728
9781
33464
59675
9852
25065
32715
18714
45848
45710
56015
56250
25874
11794
34546
17484
25082
11530
15880
51638
54468
47176
14934
31869
9997
29662
4680
7377
13664
32717
10766
21528
45365
31553
35702
25433
17987
24934
51025
32289
5233
52041
51504
27691
25363
15271
10160
50806
18919
46851
34263
23690
52884
54097
41619
4163
48855
17058
58439
15778
8914
27582
52262
31920
34559
17080
49333
36342
20965
8711
10774
43116
27250
32070
9562
48838
59810
4541
25271
35657
5634
36772
3742
51278
29614
31674
37934
22909
56532
32700
49848
29832
36245
54689
44209
55157
9725
13956
20495
56815
52815
7847
37866
41112
20818
24407
40005
55304
50527
41036
39429
3313
14024
27829
49648
6584
19472
30916
26090
30769
13633
41335
32942
57273
6037
28884
44538
59615
11907
6549
10300
36590
55118
46488
54346
14203
23594
28202
21722
57318
30598
58217
42356
15093
38260
40504
42821
34593
42231
27667
47657
8770
19564
32578
6146
43905
27678
33801
8809
51034
29296
48853
49909
9102
19716
34629
38255
47083
47627
23048
41777
39002
57505
26247
35254
10607
7653
29623
55554
26128
42551
22741
20185
5554
49915
29705
14115
12960
6005
29549
21420
22758
30385
41526
42774
25632
40014
24001
48765
44776
51627
15218
43559
24129
29799
35341
49902
33359
22893
28033
9149
10633
58277
36089
40655
24754
5292
55206
28196
9500
24244
41881
48973
21997
32681
23430
11717
44072
35492
34247
20115
35504
45567
57656
33221
53309
29874
24769
36677
21923
28666
12213
34440
20347
4783
20683
35212
57152
58686
52411
10199
40079
21671
14415
29851
29366
36041
51456
5665
6910
23159
47276
36980
54005
7400
22784
35989
23885
49240
34188
23119
10126
27317
57518
45343
21163
20600
37972
36591
10990
9827
11612
11240
33930
45619
48162
19844
29825
26688
38393
30829
40830
36952
32828
56394
51599
26776
43606
27926
29260
37090
30336
32841
29634
48143
52917
33874
43844
38604
45515
8202
30913
40012
36275
22366
20988
58172
18986
43019
51611
9432
12369
19987
57383
32367
32312
8773
9103
40304
51710
8280
10392
31445
43533
16981
3604
9010
6098
37652
30361
39228
48265
10650
16539
48485
46184
21951
10492
49304
49047
40418
24352
13515
48257
3415
38937
48982
33944
8656
3843
49871
11297
22422
38328
23190
43259
10581
17873
30247
58372
58227
11386
24919
5741
24254
56277
25554
23088
44266
3265
22111
25097
12319
13493
30330
36180
19489
13935
20147
25448
37199
22715
7668
48661
29517
17420
55605
48281
21404
19917
6522
44888
34157
55410
50989
52487
50597
26501
17150
24771
31725
56976
18198
20799
34972
23092
36835
53779
53010
36670
11928
25137
21870
28045
17194
30043
17734
28569
4652
24955
11497
56365
10967
45624
31425
24498
