1341
59204
47757
19031
53860
47027
50829
30731
20697
12189
50617
14233
32708
53532
20022
34514
12023
45460
39038
33761
32155
43964
55463
53317
12310
3867
38269
5192
18345
29680
18136
35103
53618
4760
33116
51545
9431
6688
33967
43005
37761
56800
6430
37824
26433
19989
15616
45104
12868
36324
57212
40503
3583
49217
24019
45396
50175
23910
22613
28065
34084
50463
13482
33911
43468
29347
58405
11232
30810
57411
33538
55088
3115
7440
37023
10470
30554
52030
51790
53606
9084
43723
44661
46368
44264
33873
37221
38170
47062
35814
32565
59307
55799
44387
25909
44857
27703
25304
13176
47460
14257
31028
42901
34580
21085
51748
58218
17880
57724
40885
34262
20573
25412
30544
42532
21418
43658
45239
46919
41480
58595
10672
59423
22817
59929
28723
26500
47020
19596
45930
26177
41005
19406
36524
21249
4938
19920
25534
26240
29313
41999
23498
44414
4051
36320
46399
37480
26242
47196
23200
35181
15300
11065
3648
9296
48902
58879
40917
11891
44108
55227
3872
3921
43276
17258
16769
6805
25078
45086
44248
24933
9245
23062
57430
16095
23435
48484
25446
57714
51977
12382
48469
59249
3952
59826
20482
51086
31840
9595
16632
9275
5202
16129
21746
33687
33143
10412
32051
47918
52672
30246
12796
26604
20983
29408
41426
6372
35644
58007
9456
53462
23362
58144
13140
37292
10570
32133
46180
46265
49712
10673
37835
41330
33455
5101
35293
47473
25294
31675
40107
45330
28342
30856
36699
58034
6630
44061
40520
57676
8035
55690
50347
41981
6079
7192
53351
18836
47524
39618
11331
29759
30903
9979
18402
36138
5891
11924
11268
40241
20262
31846
51162
13201
52887
14218
25380
7981
50170
35122
24083
54315
32746
35789
18988
44336
24520
38315
18350
28360
36846
28110
52334
20002
28422
57479
48945
53878
39024
15288
12752
44246
24932
38831
46702
53881
49004
9650
57282
39852
44284
38584
33952
30512
28991
33176
47332
21570
27081
23647
36765
27076
18757
59123
51009
15202
59034
54847
25925
29509
34169
22056
6713
56992
18075
39643
28226
53728
19593
28417
6778
55038
48986
22630
5624
46295
35791
51945
43295
18974
30034
54889
24255
44634
52520
30655
45730
55291
9955
20773
11766
42299
9773
10840
53540
59975
34177
14307
32332
43283
38893
35097
10792
23305
50927
56468
19118
8409
7017
46369
59778
31751
25682
19668
25954
49889
20546
36568
4064
38424
24501
29104
46370
45339
5805
17283
46851
31997
18141
38726
12555
24767
9602
57774
10541
7846
11964
55046
42483
34974
30562
50131
5846
36300
24474
45722
9991
33390
7824
3007
23369
57487
49951
59042
42335
43450
23455
32302
58732
15262
37282
30394
9864
28887
5613
26243
32675
32135
23150
4090
19154
37637
32063
8933
39975
57207
46294
33538
41975
52615
6428
27604
39719
21143
47056
10507
33167
24716
53367
41979
38609
7657
57846
42907
11989
49867
11219
41639
18524
18838
53382
37820
39544
33175
58258
6643
16686
49058
31046
37381
17837
55318
13262
7919
12601
41502
43929
57849
34216
40288
29341
59048
20907
50359
58971
14878
35432
47671
58544
18861
24726
51728
47473
15641
19583
49618
4095
50603
52311
19874
35101
27964
33893
26346
21572
35346
55099
30072
27677
5463
53222
16721
45653
26193
59356
11020
19240
55488
7931
39006
7864
21825
53230
27954
32722
33444
30922
52208
27748
11653
5194
8881
3433
55449
20886
52448
56550
14827
54856
7322
16983
26541
44484
18903
50195
54627
26205
57489
22714
34005
57791
41794
18267
42749
42811
32116
43388
55787
41300
19396
7298
48542
54600
48708
46947
55207
41794
15212
45649
29588
29761
37937
23353
49397
59346
48758
15105
59575
40923
42463
20460
51547
31505
24228
57661
18903
44734
13425
8897
12689
27891
13276
18935
8395
33315
44117
27291
56533
53184
58633
33597
59558
51809
54757
30111
35055
13478
46539
10157
17648
31976
22012
8304
51284
11277
15327
51657
10268
43462
19659
31490
28214
22815
21402
14634
33411
24946
20985
28720
25749
20203
52188
6784
37235
38294
21082
3556
43345
20929
13651
26417
32287
36879
41696
55996
50467
30617
53468
44451
23880
22607
21266
52124
41277
14820
40039
9452
55020
59765
40497
8885
37373
27077
57466
30213
35008
16865
54801
12248
45942
24638
16324
20709
44488
27308
55752
55184
25460
22958
27030
10836
30184
43823
53460
35533
56993
14320
7238
32816
14116
5791
43177
48249
48332
26630
7884
31728
31659
17560
50514
36742
16893
46947
40685
19972
19489
36626
8775
46013
54758
5767
23839
44260
37362
20673
41453
26496
28561
59735
25713
41018
46118
32315
38542
59832
7590
32550
25158
50006
17397
50896
13163
16933
8437
5757
45445
7010
3294
11475
41455
33310
5609
29705
24757
16927
49362
37094
37298
59874
6754
50067
41783
54532
3278
48119
15357
46603
53567
32228
13830
53485
3414
6335
32166
49943
15776
3080
58040
10288
35710
40775
28066
5977
44165
35315
10422
41151
52012
36302
48644
52713
37040
53024
36207
17277
12889
24430
16524
53673
54781
56198
12888
50655
27159
32078
35260
16582
16143
17879
37009
3315
5114
5246
12739
37417
19870
20722
5132
39995
6009
12982
9001
35662
44164
14167
47654
32305
10449
22289
10374
14046
38180
41568
31544
12824
25287
16798
29297
8531
39074
7900
34564
29191
26707
42043
24881
44433
27680
4738
49608
33763
32878
45007
41267
35615
30843
57702
49259
56001
19714
47174
26385
10946
36273
18371
30081
21316
53885
37639
59230
48206
36594
14637
47225
14765
52064
26939
55795
10463
3692
28981
22556
32289
25204
39278
22879
58203
24983
20706
50428
23153
12866
41565
17271
53950
15542
42020
23902
11290
40870
17491
16477
22766
5997
13362
53942
13039
35760
39766
53394
44823
58424
24904
36562
11947
17823
7858
58460
13827
21763
28634
35579
16689
37784
55364
32308
42840
43031
12145
35972
36414
37738
57344
18129
39160
4519
40091
46385
13321
12286
26066
14944
52769
53941
58199
55695
30597
55890
30024
46839
46880
13084
32466
57273
32724
56211
25878
15504
10401
31371
17026
44705
41603
37322
54380
21412
18414
24593
55202
20194
29037
50177
3703
15532
45379
9100
53932
43858
55722
4106
32304
45271
43460
6324
9972
18355
47084
50795
34430
57798
35130
49036
48587
36365
55612
51907
33188
4116
38660
59886
39159
30279
32959
12296
29524
26026
7841
58244
18852
37854
48226
25190
34371
7114
28716
55411
11483
47970
15702
29258
43085
45412
46118
17724
7707
55889
52322
58683
25656
13283
46459
45931
28328
14524
33296
46496
54394
28488
56535
41417
5647
47317
10445
58515
8321
18307
5972
13476
42713
24242
32685
3303
53615
37746
48966
9182
40782
5266
12756
51939
47281
28556
24900
46092
29106
52408
53644
19960
19643
43090
25175
18129
55951
23899
14350
16602
48386
40549
10938
40434
27843
26180
20614
23413
31372
50871
4362
35639
22487
31345
53417
53892
18013
58755
59018
9280
20168
46975
48197
23348
57501
44979
36218
7626
43719
30796
57880
33374
3665
30179
29459
17363
45634
56795
58600
44886
24512
27073
45322
41738
15515
36905
48908
3397
33758
56427
20273
23272
23932
43314
22047
5150
8345
12662
39777
29864
14867
44489
29313
49639
44698
27771
22855
59083
18090
42177
11362
10593
10042
41738
13335
43192
23328
23576
58617
50582
33692
53029
52151
55913
13114
11118
37181
50602
56670
55932
50401
42141
31755
50750
18861
15748
38528
28867
4113
4190
18998
36139
8164
32634
42801
37532
11692
41018
10673
32486
32128
23132
42733
45453
51400
38962
22006
19702
28735
4463
34035
39120
47608
37954
20352
22990
57062
42633
4482
47848
26755
38457
20782
39866
42960
26694
51455
12475
41396
54106
25497
19913
49603
10942
13549
44900
31393
19135
56777
20303
54349
39788
14727
30666
51120
42827
28322
23449
4380
49432
40891
52462
37633
43020
46595
56298
33029
39506
5662
14093
4546
8054
36405
11946
12393
9804
46866
17786
20838
44132
32150
18381
55723
21211
51767
46829
7199
3077
3289
41446
29716
56180
38948
25775
15502
23783
55948
23795
34839
27079
35862
59528
8250
24535
16592
48771
44661
3563
49845
36573
17045
32253
31292
59249
4895
35275
36095
48663
40804
59099
52953
30978
43459
53233
57509
29198
32093
27302
36747
28838
38942
36129
23395
59456
23904
12260
42595
4743
5496
12543
22729
25174
9695
8418
21171
19911
11097
27226
32325
5309
41190
20706
55701
12955
3060
16854
29750
10154
51916
49025
29672
15866
44457
47109
30012
33596
39603
15795
8425
22474
29230
31432
35799
9205
37773
44689
32281
