1984
34599
27382
50312
42826
45996
44930
54902
52130
54262
56688
12605
57503
50499
22133
8651
40374
12724
4663
28869
24410
48881
59115
59784
40790
7214
23327
23419
45737
16939
19904
3857
23234
54327
14395
3606
41429
15556
40648
28401
48287
44639
32118
12119
17743
34883
29401
31862
46933
30016
26930
34649
11031
30459
15612
43874
6817
21120
29127
27456
24271
57422
30165
48705
49903
57419
27016
42533
43280
26207
57845
18520
55626
14776
18074
3612
57135
53360
11611
37354
28110
39558
14931
58850
3455
16103
9922
40618
22236
15466
46609
48697
16795
29085
5893
55375
53195
54818
18586
35204
17854
10598
20937
41510
21160
15967
59682
5273
6944
13240
9593
23321
43431
23199
22983
55591
47218
39752
31808
3348
29595
46408
12384
52401
29980
47669
13944
43302
50583
32460
22122
17165
52321
57725
40576
50579
31904
41495
7495
29871
39860
4524
56889
20853
22953
22044
43107
20624
8577
34326
51155
56332
39179
5380
25484
27689
51990
13351
59132
25409
22253
17950
21622
50981
51190
33845
44448
15332
50030
21439
21854
39678
36821
54882
39940
54662
13063
9675
33963
23183
26946
3291
16735
47744
26609
59677
37706
28381
48134
20800
12263
49278
28913
45074
59434
53758
9779
52826
24848
56566
29442
29612
14372
40626
55930
10541
37666
55014
20380
5250
59204
25644
29990
27571
38340
31707
23330
38111
34565
47909
55023
42872
39692
40830
6608
31437
4786
34086
12114
48580
16616
22241
16265
54498
3744
58405
15942
12833
36673
36178
22529
24632
55531
13154
23851
43080
40227
3699
53113
39079
30449
48163
14569
39143
7585
27927
19567
58211
8155
16693
46519
13016
41295
17919
20376
25971
25861
40435
3180
42186
53824
51806
6732
41805
58975
50490
48332
18694
36209
34741
3790
56207
28659
59968
4604
45857
5532
57388
22948
29305
40278
48538
47884
12253
17608
15874
14937
6837
56995
53478
28649
8580
3796
25584
57811
26689
11511
40407
5612
54829
28021
33345
36992
18732
31705
28212
27346
58919
11583
53380
36812
21008
10440
13449
21913
20159
19429
37338
39339
12140
8842
17740
20406
14834
34200
5224
26016
41339
8166
15682
43559
41637
37698
7640
54727
6036
42808
38554
27477
14628
52896
55853
12149
26011
20443
5110
36911
41681
24066
38309
9187
29951
34142
38778
18626
50906
21303
22924
45272
11835
35884
51527
40841
59528
14862
31038
40709
58368
9723
45625
40986
19623
6041
34212
52733
11905
33113
25188
24076
36258
50638
13740
52085
45531
26399
16417
56305
45797
41278
26239
7739
11118
10273
8202
19771
18939
56499
33342
15807
59497
13737
54991
22840
10499
51708
19375
4791
56058
59255
54278
7171
56533
20460
40121
42975
57913
49395
16627
38346
47481
9094
44717
50899
12343
35597
24720
5836
58284
35120
58990
18218
41840
6824
50551
13487
7537
53463
55612
34646
13452
20185
33210
44508
29789
55896
12705
20931
9276
45270
49155
4725
33670
55487
6516
56500
4077
4515
27275
50652
46983
32538
58467
51732
37551
22227
16474
22382
30590
17748
19889
44373
15086
44640
21539
32749
55814
43984
22186
22982
35107
47615
26847
56051
21136
9198
36693
42677
49892
42631
17768
48010
49722
4560
46142
22175
4441
23913
57178
35527
45998
33284
55271
48283
48878
11963
3284
28463
20972
49244
36319
22793
50357
59944
32276
13930
52413
31900
46570
41952
52276
43898
41268
16722
18830
8447
27381
42666
45307
25845
32549
59009
38105
30653
15501
54437
41717
32906
24897
12898
36039
39005
17844
58737
19583
15631
38915
36324
30907
44107
54652
15053
53523
58293
5922
47245
13678
7681
15265
37546
43049
49430
21539
49032
57774
8862
27099
44110
52526
5619
15385
16612
57429
18691
59175
34589
58222
37102
28089
24159
56118
46599
34256
44242
24986
56273
9712
5251
43874
27586
35155
46530
36904
12055
29568
19439
29592
24727
15617
5167
46354
6171
20904
55628
51488
50805
43324
31533
10369
37391
55087
36669
39455
32483
55542
41129
35658
28966
12397
15619
7405
13214
32862
10540
37338
29851
16842
17352
52960
29282
28534
27490
52847
3140
37050
10295
3086
5961
25767
6782
48882
29874
48283
55547
32301
39183
16581
36209
3454
43658
15572
42623
37508
37235
42600
54070
58094
39550
50739
44983
47345
25941
36297
53889
46899
29567
10862
55598
10953
26602
53246
37348
55572
13766
33478
52546
20601
45672
53483
31466
55972
4981
55906
39656
9375
26601
53432
37647
52371
33450
25928
51352
26267
21556
13900
59091
42880
42907
18158
13620
23490
40215
27938
21735
45785
31447
53736
38192
21214
4852
10166
42991
25005
59440
37512
48050
11025
30439
5671
21926
18638
14510
9178
21543
15785
55737
13032
14336
52291
11838
14357
8819
20298
24629
25770
19203
58376
9617
7183
24446
42101
22350
31561
25672
30661
51953
26056
47357
40031
34673
32546
59776
3547
35962
17001
56130
9114
41950
54717
5022
5640
41806
28401
20949
29307
16355
24424
25899
8153
54648
46382
24501
10163
52143
38072
16845
15705
5336
16756
48543
30410
30333
17003
3235
24333
25755
33841
28374
13846
22924
53879
26733
4466
47286
26477
54989
56901
58507
5385
22247
26702
8320
25570
14396
44848
12328
32433
4559
34834
56882
48469
20859
11563
21756
58217
33764
14968
42881
46685
47276
58504
40064
43238
13762
20995
14009
59614
35308
31165
23939
7531
11470
31788
4330
19958
23478
23352
32324
33494
12939
6598
3443
26554
8821
43819
54539
47321
56656
12205
11823
8165
15011
9819
59255
9275
7734
16341
43693
29969
34675
7645
25873
30235
35891
13792
16995
12646
55386
40451
54105
19496
38747
38386
52349
54297
44791
40573
57534
4263
55564
49059
54313
26783
33867
31080
41773
13801
21665
38051
44185
30276
45424
42302
37338
7974
17743
54877
23107
11929
31245
27545
33616
58983
22747
18668
9447
31805
51186
21302
51201
11628
46653
45846
25495
57099
10676
54769
34521
45321
30024
3978
30865
43814
56813
26574
32516
38764
42300
11886
37934
22254
20593
31928
6351
37514
6326
13176
24136
58958
3916
27366
20562
25541
36369
39265
14712
36663
49725
31509
5072
53264
7443
58766
44021
20208
39091
39517
22623
37962
48422
55226
30077
48032
54711
3233
40093
15894
16918
58455
22704
52888
23030
29555
40906
28594
49045
3475
26954
32629
48128
27582
41833
24266
57121
19726
57633
39069
52214
5280
35550
44333
26734
56597
11472
13257
35633
55978
54982
58726
35082
40914
46231
59859
43770
44335
52700
32528
39443
36324
48211
38319
35931
14486
49856
4662
36188
44105
53790
21500
42828
50343
16026
25506
52579
33322
32179
40216
25534
43880
18467
32970
31576
11835
37114
10501
29384
55280
23091
6339
39014
34205
31781
49881
26731
23659
5302
56742
51179
45649
11595
54369
38528
18347
27370
14954
28100
16185
24576
14352
50455
58090
21746
35978
43694
15085
45933
9824
53696
27207
47565
37821
8602
29483
29962
50214
57637
27068
53926
24832
53253
51273
13617
27533
42033
43328
49362
51073
30725
38353
18844
50869
46100
43836
54932
12021
10217
35267
54737
49231
14268
30687
42661
21768
26328
44086
35764
29060
21640
26990
30786
31427
41404
56648
56478
54025
38062
39125
14553
57174
19445
24122
36993
51522
8763
58784
25031
44671
14323
32930
47862
28649
51704
10334
27005
54145
22847
17679
56520
16263
32483
21241
14221
35537
51914
3597
24280
51017
32486
31194
39340
30179
57466
52283
27146
53199
48082
30424
35798
21627
39682
53352
58639
36329
12062
5780
28881
16641
37473
3683
48542
7323
49413
18279
49777
35924
44800
15629
19645
37958
59001
41983
38097
41596
39586
7489
9718
21628
8300
53329
48123
55795
13504
23569
27929
34551
6283
10335
16187
22977
52811
18167
35307
12942
58541
22622
34158
10332
11079
55231
22677
58071
29659
32353
55067
4613
50440
28045
55609
55077
44434
18399
50814
50410
27401
23066
26134
35355
30232
8031
12598
22914
18405
41274
58695
29189
4097
4534
53758
43006
33922
14369
43418
47245
44586
21052
47062
37060
22660
41065
13573
15107
23337
54226
3488
54598
19742
19679
24005
52320
42182
50077
19391
26412
36756
50703
11908
32137
49927
56992
59091
48457
24122
47157
4527
25026
10517
42940
13798
23534
12301
28122
51941
46039
15939
54809
17170
29611
49581
54987
37013
55636
59192
22947
20033
27126
34677
22912
34606
48584
11816
52815
58325
20047
26613
13671
44142
57427
56173
20053
9877
54097
16369
25050
47758
11147
14006
32641
30889
8944
11579
48579
59839
45920
35836
7719
18614
37728
13257
3763
11029
43948
28456
43372
15199
54839
17180
18216
3093
43917
21328
36660
7203
33823
30620
10395
45868
27359
56485
14586
59285
36916
41726
43969
25023
34039
8073
45821
23381
7881
39599
58120
15015
27305
10516
59280
57440
19779
46785
38709
21886
31190
25788
16610
38455
28757
36484
49916
43001
44064
51626
38186
32014
12394
14746
28733
6286
7722
44979
52426
14300
44342
22206
45103
13842
19913
43994
29362
5086
14357
20245
22392
40075
32498
28555
47973
47273
7774
33990
58866
13580
18754
5165
34087
58659
25910
56252
21443
27726
19812
24015
43749
8170
42844
51155
50602
10095
13439
21163
16114
22982
43579
49570
13034
36189
10553
33328
55170
42115
23205
16407
35348
27231
49700
20332
9329
52143
9890
22986
43783
30842
26144
19224
58690
29318
49991
19057
51082
16676
7527
14723
28608
28592
25348
54466
10915
37612
54598
54113
42397
58234
25447
59264
56385
43969
25541
53319
7753
9224
58108
37120
24293
59118
49410
6258
6747
9517
15390
38778
5913
3270
19122
27116
19810
57993
35608
27342
7616
20817
57559
4266
45722
45261
47544
55193
43223
38456
5856
38204
27783
11958
15328
45887
28348
21716
18321
46623
25579
26050
38501
30546
11309
58201
30258
13354
41044
36750
54867
13424
33575
22296
52782
22863
41065
43401
11781
49537
46986
28577
12039
52197
41104
14279
8564
20138
59901
52510
16436
41496
7964
37740
8541
51920
36422
14380
37074
23540
41391
8668
6566
35985
16540
33113
27888
29523
33012
8951
28326
49898
30490
39967
29097
33573
27067
24712
9076
26605
21344
49467
51452
53490
43530
58360
9792
59444
54164
30455
44760
24676
12925
15336
24840
33130
46547
27701
36336
10303
47055
56691
46105
30035
45410
58525
27369
4261
23773
41696
9170
5734
12543
38005
35048
45398
32202
25218
25777
43634
44023
22450
58872
51598
13893
41030
21922
12181
6657
53698
30265
51041
37757
9295
32130
22432
58936
43535
5812
58923
27696
43032
37942
31605
52518
28439
24846
17018
47468
49225
6780
17696
30242
31749
47422
27035
9057
27717
40738
21109
40029
9091
29443
34002
46961
8463
49534
17055
21082
23394
17244
30873
49886
33123
56761
24494
26765
27048
40989
21371
49210
34504
54492
31024
53654
41466
38340
4743
49841
56009
19799
42295
37101
31608
39921
50860
32062
39794
22864
12471
46994
50395
6918
48061
37575
7998
24525
18556
6951
40894
16788
51555
48381
57851
14948
12850
35750
28986
32073
50161
26619
45288
48348
20360
50713
53499
31069
11814
54206
35876
55535
32429
7811
9230
51494
6772
51179
18217
21440
35292
18383
48559
3081
20251
49450
12790
13840
27293
13808
36119
18784
43857
31308
19158
27305
45635
34321
53852
7925
5781
51688
5834
58100
56431
48881
20976
19690
51377
31465
14130
35564
8836
25036
46591
51812
25832
6643
22481
43112
46493
6223
44826
41694
39675
31882
39480
10998
56822
49911
40928
33600
24280
24574
7327
26248
39887
50905
52433
38548
38964
18088
56982
22290
16773
6198
51076
52474
29604
22553
22464
26007
53330
59537
41391
43580
4891
53593
42072
35207
9291
33144
13333
11511
47353
3729
37866
57245
35790
33490
6741
12863
32058
44490
18000
41977
28146
52794
8881
44107
42003
36927
20103
43577
42529
12817
54213
10146
5072
45560
19967
41660
49229
16465
26345
31690
48736
33829
7432
57762
13117
27763
45777
38302
50550
43243
36290
22355
41430
35720
22591
43076
4280
33326
24638
29772
5878
10847
38206
20604
57603
7874
37766
8083
38860
53450
38085
4302
8556
16091
40986
17543
49872
23159
25437
25107
15793
50546
10705
56222
53633
34022
18283
14788
17883
43199
36409
38089
33990
55886
18668
57557
46273
16607
9967
24404
34951
5855
28374
50433
33034
31484
15953
52453
38181
27296
30721
8346
42054
8732
14655
56496
24414
59992
10078
38418
45397
42458
23835
19898
10356
52510
27418
56529
45898
45826
23277
20789
39489
22618
48901
33379
58707
39876
40610
11903
49035
17882
12076
40021
32998
30749
17715
5242
17148
58568
5814
40695
56259
54582
52042
5371
22972
7299
45730
16382
14129
5982
53384
22556
47310
