578
21239
37621
6037
48869
50597
29764
22928
40325
45088
9214
28324
40796
53387
45572
39237
56642
22528
34599
10419
55163
10835
13933
23995
14262
26414
14007
34031
53908
58276
33020
37734
18830
21941
26209
41847
26345
14686
41807
40228
39481
7502
41268
16025
5971
5296
10147
6252
27446
49298
58541
37713
45901
20040
7941
43478
12953
42642
26359
50285
4060
20603
54302
53504
29494
19641
42703
8428
24624
57000
52319
5050
19100
15058
11394
22891
6799
27336
12252
46291
55270
7129
50505
21258
14664
19934
38014
31564
32984
22672
59282
26923
28701
52497
50374
31908
35054
54617
37150
15268
54565
22992
10601
28052
11082
34543
7094
3995
23904
4114
44401
28042
24693
44003
11913
43708
47358
15829
31695
31341
30080
21007
9583
39268
7318
4852
49267
44111
49747
23697
27132
30400
18005
40124
57158
17726
44000
6971
47986
38415
17911
48417
11821
24048
56839
3277
33193
28102
26358
54324
46904
18475
5024
54381
24907
42457
11545
31966
51158
35501
39870
13742
58954
47565
27800
5357
27827
42261
4479
21891
48346
6555
45862
7244
34763
28803
29869
29715
34322
45722
11729
17922
16537
32146
47519
21140
55387
42746
42475
5901
5800
39901
21227
18750
29847
21896
34269
24801
13724
45379
10448
24171
38291
12187
53784
45527
6818
19632
49297
9900
54514
50753
50480
34816
28088
8841
7848
59407
56773
47615
23363
8496
25165
38603
42971
49796
33206
18081
27206
26975
8269
43287
48572
53554
11021
39736
13678
4225
50309
35132
25380
13341
5541
3397
51690
19611
15076
32954
27737
22597
57913
6856
42044
25502
11491
9962
28600
42586
3901
45795
15110
42026
34460
25723
38176
34725
28040
31590
39763
57820
23574
48380
3305
14971
10038
56985
35236
21117
50693
38270
59438
55110
25285
31690
56384
5407
22211
26468
42168
4025
27570
24945
23592
3636
47065
4353
4013
49153
35035
44919
33880
38409
11678
23618
24553
14105
12248
31566
55380
27294
20435
17053
37495
39079
15396
16411
34277
9581
10380
53914
20506
39901
47105
11102
5205
25825
32786
51876
10005
15409
44944
39764
7347
12641
30759
39673
40038
20554
10539
6032
24855
4632
42031
9577
39777
36567
51514
50786
49389
17219
28575
39850
46862
58996
5525
43050
55661
13416
9654
14586
44370
48622
27872
32259
27140
53306
53325
23659
29541
21252
30716
10499
8425
6846
57586
34703
12267
51553
24175
35932
24314
41738
22549
11755
15047
18015
46980
23484
9689
12365
11868
43009
38944
29574
29973
26524
32953
58545
22719
44896
52231
49372
26083
24329
52650
54163
8538
42383
8230
49016
15537
11672
25477
57724
33890
43203
15888
41138
28049
36410
8873
26361
51365
22957
41861
46398
37866
27550
58555
31937
46971
26978
21909
39557
33770
17027
47815
44614
10434
55671
59204
31381
55386
38889
31134
34518
6934
25947
6343
4677
49745
44429
3785
36487
51523
27865
6554
46675
19584
51318
10973
26015
50630
47891
34995
56520
23609
9269
8491
50601
47449
11987
12315
22543
47285
14483
48257
26086
59477
57098
50042
9896
55938
45053
59669
14679
7452
6665
20897
49816
41736
46490
19554
17970
21697
59846
26683
41002
17251
21695
59727
42999
54143
54704
40256
43020
39481
57135
54516
48942
19717
33157
50267
29327
53661
7676
6269
18593
13814
6920
6930
46435
29125
35204
29836
48599
5747
50592
35979
45521
54477
26384
55678
12899
43571
4740
10990
6608
12656
28585
49783
12383
55564
55472
28351
35055
38144
24202
32864
49603
26394
29604
16546
23061
53356
56663
58314
15090
29696
10913
53018
36949
35044
21533
26945
52274
3950
5758
36735
55664
19407
47935
26509
44146
50553
40672
34628
14327
25847
