167
50365
55998
28037
27038
33306
3973
52173
15822
57877
17542
59194
6360
40458
8578
45617
6780
42300
34292
14305
18318
59422
12944
33352
41084
26591
38008
46906
14099
45571
51099
33560
6510
4020
10384
45261
55060
15875
18304
48990
25040
39567
17986
52649
19303
21887
6463
37066
10453
53831
40861
7986
53734
23396
8035
5184
57844
4834
19379
25595
38981
5351
35662
30935
25751
41913
23585
50997
20145
57919
11475
8885
12327
37178
24660
21607
39708
56215
53053
26055
39117
21750
5090
45285
48686
52574
49395
56055
10587
25313
58910
48059
10321
26635
31910
10883
17814
53046
24012
27064
17365
44572
36487
15096
25972
48944
37287
47093
36559
23413
50267
19992
43558
55720
24783
53069
17297
41923
20607
28453
11334
41418
14430
47184
9830
33886
50200
18606
3338
40787
58783
53793
14830
4645
14765
55364
13707
10299
8224
39332
15039
17118
21232
27344
32377
32417
47720
13071
26020
50896
15087
33107
27262
58818
15043
55444
17501
35740
56007
46838
9538
37822
16533
30045
51714
19174
48192
41518
