1742
55063
25736
23871
40312
9707
56843
22104
36660
11806
27867
36157
22275
24903
10020
36063
42985
20176
10681
23726
12553
21656
6689
53415
58755
12384
34153
33367
31426
35453
37186
56378
30486
11696
42744
7403
17679
35341
41474
49307
33037
4578
16759
7186
27027
40970
5577
43802
24218
22542
4617
45422
11549
54140
8817
48106
56360
17935
53377
34228
7196
13634
42816
20644
26455
45237
25918
36436
31823
39913
19538
17695
52439
51308
50463
27386
49085
55531
35009
30200
17164
30771
8883
54313
38942
5878
25113
27933
29323
6459
14856
47515
55796
36846
3169
40721
56366
40481
6847
20047
25492
9871
6986
50387
25268
47518
13655
19012
24553
33039
58007
12303
53303
52383
33380
54567
56927
32773
15072
51041
34126
9671
45645
44959
26490
58248
32772
6009
26646
5994
32165
51355
56372
56960
3775
5122
6559
9312
4922
50131
30761
48328
24266
29898
18233
51133
13854
30843
54520
45587
26872
13938
33429
54307
7763
41241
43914
21890
19310
30875
14862
59938
57586
39398
41830
9067
30929
11806
49956
6646
4814
38378
46074
11067
17490
48852
30239
29611
38739
16646
55123
52344
46657
3888
29744
17964
11695
50016
23225
11325
51822
37275
35371
48431
34034
5500
50649
30239
18037
34164
14679
38749
48824
22222
3752
38750
21166
36194
33539
5646
42291
16224
25267
52942
21015
58030
3350
19308
49397
3286
4855
55987
23046
11524
8517
48148
48963
39490
44727
19723
37038
25658
7217
3658
30663
31964
7172
48418
35283
32501
28069
50359
14105
50320
25550
4650
39006
16029
55829
3726
35025
20844
18648
57415
56251
16072
30892
57013
18029
10567
38983
3550
53112
43304
34587
34898
51600
12667
52869
54692
25883
24254
9130
53728
15432
23352
6901
59146
6842
20393
23781
37155
51146
25115
57968
18532
34596
4128
45864
53806
40286
45304
23406
34303
19308
39059
40895
23378
55641
25602
39780
41784
41047
59134
47853
6243
53083
58248
50358
25679
28237
47570
19652
14094
32864
51832
49304
4787
11171
52115
5652
52218
45759
51011
44428
44796
33473
7398
39958
14469
53314
59133
14730
20675
23624
33051
36612
22182
40246
37946
54535
7557
23021
45704
24447
3317
16240
59225
15553
21563
24643
35867
33333
40465
38517
10185
29039
17222
35584
46371
38770
6093
10820
30139
25234
38070
7829
33377
7956
36816
10986
54379
17556
49130
57482
26698
22656
19782
11086
58395
33415
7920
28095
40707
48187
24243
14725
55578
14573
50186
11652
32759
47101
42882
35239
25507
39094
42759
5105
54432
32254
56209
38811
57026
32077
52522
40025
11856
46171
19456
42977
54676
14580
57870
54451
32019
8434
39266
44036
40586
42687
48620
53517
46129
22489
48817
26779
58318
50462
14737
53923
44252
14481
49908
53731
33519
6961
7329
33848
13172
34992
58898
43498
55202
48283
52008
25869
34490
41133
24793
42276
22885
13702
16943
32164
14578
6005
22624
32866
22212
46957
25755
11402
27461
24962
41391
21128
43287
58966
10296
5085
7952
5518
20212
51645
26789
27669
7333
26028
3011
12393
58299
36231
51424
26929
23845
31758
42150
35109
42713
19634
23034
33596
58540
28734
26136
9480
13473
57402
27961
29614
53414
58385
58333
55585
3113
11801
45438
5051
44191
56932
27206
10191
31990
37189
50306
30842
53983
34786
9471
6707
49716
41731
43750
24683
36595
34092
12732
51836
8946
28651
50400
45212
29871
7842
7743
9305
16149
43580
38468
32956
6511
47005
46356
6311
39712
19199
5461
58816
24763
20675
22067
30176
42211
30639
22287
34351
50025
34134
42236
46176
53134
38933
58409
38305
7568
50074
33210
24016
56686
11152
6614
58024
40719
33257
15377
58878
51191
28056
28584
13414
55207
5888
32633
12930
29134
15154
36709
22179
40348
49841
18950
51377
35031
11835
26445
40558
29820
56307
36413
45087
34395
14409
39988
32541
59123
5957
52772
4168
47158
54344
55955
51611
20085
56695
23170
5790
17196
21557
57240
38015
25074
28525
33755
20378
12178
14775
45756
53204
50958
9758
35646
7311
46093
56767
21615
16467
49178
14147
51165
35272
23607
23248
48185
36298
30548
54171
58885
20898
6266
25601
8128
17969
25367
45023
27643
53811
22111
45930
10248
38744
32961
54769
41378
23307
8279
51342
31472
54728
37797
59937
37721
41677
47867
47132
48917
22991
11174
42138
30772
36388
16820
9786
39452
23016
13123
46838
21493
36763
37522
6042
24410
9517
33885
10021
8897
49644
8202
57475
34177
52356
41690
33958
56241
6852
3786
13125
43552
13087
54204
41553
12998
59430
22940
43522
39826
28685
44218
48736
43243
57142
49180
34255
24185
29550
29940
40343
43797
18825
8487
59221
41109
29409
18744
21193
21618
22521
50523
54751
59309
36461
32378
31519
52857
5332
14351
16292
20454
38853
3598
22166
45758
15375
25761
28694
15507
20680
31465
8129
19507
35227
55976
3659
41180
38197
44516
54928
25542
36350
48582
29915
11262
3594
33305
31648
17495
31625
26785
44638
59831
44616
45179
33728
52573
7728
59604
3265
17631
57346
44457
9700
43966
54403
14468
23461
57530
11017
40396
6402
6884
17985
14622
5963
48454
24015
46146
15410
14224
11625
12204
57375
22992
49469
42725
52599
20829
5310
45666
5967
48048
54136
56083
43618
47287
48123
37012
31225
33452
32870
31935
8210
40539
40351
7966
41055
49691
46917
22914
31605
14351
49774
6136
22117
8045
13042
38739
9681
20598
41576
25128
4950
27311
30260
25437
27117
45071
18504
53840
23427
54613
6531
15228
56412
45414
55108
23978
25833
34156
12605
39567
19818
26312
42498
12003
39387
18822
5357
30527
22362
4716
38663
15840
18710
48541
42061
31662
11262
41800
19747
37011
33379
45149
4526
15375
13413
27230
20122
5179
56978
57492
3873
8844
28228
51935
29424
49702
47307
41686
33131
33260
55273
9344
30667
24657
51471
27480
22345
55950
55004
32998
53294
22082
38367
59911
51435
41765
45799
53300
18882
15942
15746
41951
13644
50409
29799
8334
40366
40080
34097
27309
55832
56323
15782
24649
15779
21974
42233
41357
40051
4639
34388
36972
20080
58135
53521
57503
20587
38160
26268
10214
51655
45131
44172
9303
36368
40589
47059
37654
57088
6403
22481
54848
9984
55240
32058
30937
15839
20350
16377
24173
3955
34830
36630
23014
44960
55361
8957
7433
8764
27776
49378
25042
12386
56811
56299
3091
26925
35512
21406
58231
33863
22809
25374
22010
16732
52809
21173
46752
45093
21080
16003
43139
35017
41351
40431
44611
10957
59082
43608
34850
21605
44272
35451
54696
8605
15504
7248
48032
32486
21994
54571
35542
5719
41902
19317
25450
19180
50368
28958
16067
54258
44602
22640
45484
20745
20072
50745
15934
50019
20198
7712
5375
33733
28521
14286
37579
56241
32321
53397
26342
10500
19937
9412
27910
34174
46837
35550
55603
52480
41557
7766
12312
33205
51374
59312
18055
36519
22744
53043
30291
10631
46496
43949
3645
40305
57254
33197
54869
22761
48210
57525
24299
10985
5990
26247
30661
56253
12312
29450
11279
18898
23343
58896
6254
11945
56574
39688
31258
50069
31729
40200
59525
41889
59329
38429
35649
43714
48037
43916
40029
15038
57885
39827
14050
4711
54083
17272
31147
14520
17186
43404
27369
3118
4934
30321
32086
3244
40138
25320
12039
39694
35886
36840
17386
46814
54712
52546
12550
21567
58891
23711
21250
56785
43723
39341
56595
20937
51615
15777
22084
34188
51199
58610
29301
16370
16301
22693
38727
11893
41559
29682
58238
41347
48607
36499
17202
12044
18709
4870
18096
10792
7396
13139
10007
17365
6233
41751
26894
50329
28032
23237
22635
7749
27604
51658
52629
12976
4663
7067
6958
3383
55823
11831
42649
58733
44661
26302
7025
44424
8380
13673
34065
53351
27245
59430
51198
7755
21849
31362
8120
29897
24440
12951
30154
43288
28992
38609
29093
24992
19355
41809
7693
26514
25696
52735
43721
21172
57862
28319
3016
12447
45360
50446
24840
10586
6887
41871
9797
45739
31387
35447
26120
18068
51388
51875
34624
41323
17662
48789
35994
33026
11747
25634
39485
3672
5720
29162
13252
20302
40090
29565
34509
43596
55132
42747
57337
53987
41637
33734
53552
47318
46109
29461
32889
21709
43317
37395
50668
44730
35540
35581
37819
18941
38521
5817
26007
46713
10625
59237
36326
33609
26442
53083
58629
50687
21658
46279
59534
36145
50801
44133
31877
34604
33068
32721
53760
48767
40349
9635
10214
58389
23002
16449
19975
34723
28085
37581
15635
47456
13578
47907
31170
45076
49334
19802
13943
22645
28115
37933
40540
44750
17211
50693
22595
38355
52058
9099
19934
26510
12386
16699
12735
31604
56264
4866
22718
5793
7920
10515
49724
29900
29687
30755
23706
17071
10294
29610
33603
51089
42637
53588
28901
24599
54494
20620
32043
15850
8169
18895
21356
43823
35509
13803
57977
33619
16836
25831
8190
16872
59146
51114
39308
27635
46037
48473
27440
6383
29383
21601
43004
31358
3560
58744
7673
23811
37214
27237
58886
26915
24040
45533
18290
4687
18433
20191
44532
26120
46469
29599
51844
21358
58215
29457
57463
13850
37130
28942
19120
50007
58519
31523
6449
35008
7769
45426
14175
40311
23922
42752
22770
19665
28674
31162
4887
19320
5543
32487
53065
29686
17389
4277
56394
50733
26825
51243
56338
56976
5657
14654
29589
55591
12798
43170
21150
38560
52964
55595
15150
23858
25666
36545
30049
32421
33899
28453
45966
57014
40077
29225
4859
49952
41078
10249
29923
17810
35672
37168
6285
32123
26324
27556
54200
5259
51588
21105
28921
57564
12073
43508
56000
8020
31474
46841
55241
31306
54587
53325
9013
41254
18307
46404
19120
35427
21502
51755
8810
14491
14745
41019
26378
12402
15703
10483
3175
16160
51899
23536
42410
35319
36528
45640
33997
52797
50067
42511
32038
49908
24992
11468
22814
43877
6551
18216
12914
5484
31338
8809
32954
57330
28339
25538
36754
35247
49219
19285
49943
52808
33239
26040
38242
37821
41644
11562
29959
47667
10659
18653
23954
39524
46910
4928
47008
9838
10904
26296
58457
36594
33551
3631
41948
45166
57322
56846
40216
43007
7811
48234
37215
37602
38659
22315
51828
15933
5545
39538
27660
12664
5539
9627
9948
26487
9161
53254
56527
5498
9067
16584
29860
46189
40630
5296
41968
43164
27904
23070
33691
3988
48696
27551
33347
20621
41502
47659
5903
10444
20505
41860
54047
17693
52682
18556
29958
19424
55158
49120
47092
13443
6474
32287
20159
55099
47634
32493
40474
58045
16920
50712
14815
16616
43806
13211
6326
24523
33316
9841
50016
44971
55728
27318
9135
48676
44979
9473
14654
7170
52078
11212
31826
8019
38809
10041
45774
39631
48082
31947
40113
45330
19558
55248
21184
17952
49368
34010
54297
28958
54580
3706
51159
29857
34320
10633
13197
23518
32781
44219
13101
30864
19340
55723
15707
20991
44997
8737
48984
53633
54692
48315
23130
7381
24725
5818
19207
23839
8745
29758
50977
10378
46202
59785
19574
20889
11165
54150
50250
4098
12607
41900
26214
46451
38257
3306
56403
7454
50652
19973
51469
56871
6499
58834
33301
35150
52365
22224
