1131
25515
17680
26068
16832
4696
9666
12286
58592
40504
3662
32763
47514
44341
22261
27941
42802
35780
43273
9882
13524
23392
15688
18974
5483
16242
52330
29373
45884
23564
52255
41222
20959
10062
26369
59452
31305
5599
12338
55758
14054
45177
17548
55067
5293
56608
15170
33838
52759
13466
12341
8953
9428
41826
48285
47576
58371
37329
38345
41534
3547
16421
12128
47387
11227
6012
30359
28801
24544
31959
53826
49249
17587
43058
43105
24683
52607
25816
42690
44810
14755
48696
29702
15152
38646
27007
15138
11827
19057
13434
22583
28449
33024
37232
14498
8760
17371
29877
19445
36812
5354
20936
15354
43212
17608
59574
52250
7016
54216
44033
18424
17161
45301
32366
40427
23669
14084
4905
13601
40133
20424
26642
16277
26396
57809
30814
5635
16110
36216
45303
5756
29040
4881
44033
39901
21925
51822
40952
5141
40279
50606
36209
23367
31121
58215
59150
42538
38134
55390
14582
25277
45959
47815
33946
12067
16172
26404
29978
40690
42238
47287
11416
20979
43546
24996
58502
4705
37699
10434
18635
20330
30768
26977
49077
48935
46559
46795
16459
10962
41559
24447
29542
19355
8499
34373
16083
19869
9616
49639
48913
48335
25064
15676
55951
16739
19005
12994
56224
23424
17855
45470
18335
3790
13746
51405
19042
43518
16735
30162
25293
6842
18495
40866
50044
29400
52080
7918
20901
10774
44681
8110
59117
5016
56484
27729
55079
24076
48672
32295
54351
5711
46748
41194
22293
34519
34456
17114
10028
24259
18660
47471
29681
24405
10565
58840
47238
22118
39550
54253
29055
4564
52477
40927
23564
10727
32467
27562
51020
39594
33278
12444
14568
35607
14665
23303
56925
18142
50576
56156
38384
7892
12746
42178
21163
22097
56093
36791
10928
54580
23231
13014
55131
3867
51866
45788
28830
45765
48951
39005
25715
41714
18852
56415
17001
31241
28311
43420
9167
49584
30704
55021
9415
36390
19988
51772
42891
47791
18001
32602
31529
34735
36524
48852
56262
32601
8482
59649
45406
21458
27479
49787
25631
45790
31740
22287
41439
57622
20303
42271
12696
43505
4981
27889
45104
23082
19717
26264
40856
13275
36246
9513
34018
45005
41268
54144
26160
46536
24739
58010
39704
42356
17524
6357
52601
35330
41039
25862
31350
34919
57149
36375
49324
24683
15080
56105
5170
40442
27966
33439
48768
48251
41118
12950
53566
19478
20057
40477
42777
41098
44182
43790
32994
8282
35071
54280
39788
43079
49461
40115
28951
14796
9374
15017
9768
4786
16915
47765
44843
27269
25820
43306
45992
29051
52012
32400
40634
19479
43621
16742
51134
29773
42208
19016
3885
55284
3016
36609
7818
39864
22385
18920
25557
23296
39827
34446
22010
36463
7970
46073
14660
15950
42216
13614
39519
7740
10511
12033
5275
59981
17837
52095
11754
31465
37636
43365
50383
43682
34719
32543
51093
52174
32102
50532
9710
3089
46029
53935
25428
15093
41585
16916
45692
11079
30335
5206
46382
41889
9926
30632
50821
18772
32455
58780
23714
28801
23343
58053
52110
33217
18342
45449
50254
4707
27987
3074
11376
58234
29398
16503
25466
15079
8859
5792
47209
7686
25345
59902
25492
39566
6549
56798
15007
38967
32723
56108
44236
16537
13209
13454
9554
12425
27800
58927
35600
55055
25936
12415
48762
24050
48902
15827
5172
45558
31748
47595
36868
38971
14830
24760
25247
28467
43152
53738
8503
24052
8844
31960
18494
40267
6879
27332
52843
6377
56206
19287
22375
38417
44214
21172
12233
3585
30170
36753
54990
34773
32639
7623
25973
4600
49614
8363
26046
11225
48858
3722
44741
40123
31122
47490
31098
52454
15568
58985
24346
4860
54265
54884
40231
24128
13955
51334
8797
59459
27826
22290
44272
15273
46311
3333
43015
55940
32380
4026
31458
8380
32257
54510
9145
53054
49999
45464
17291
16432
14283
39111
26214
57338
41319
19787
51234
36220
22402
48469
21182
56100
38494
50828
49858
17237
14395
36444
18660
19914
3981
21863
22376
26289
19207
6205
59949
59541
27079
32189
35722
25044
24607
26782
27854
43707
7821
59298
10531
48833
58157
51978
49974
22482
22033
24602
23530
27326
50089
5422
53634
25683
58311
44592
6289
50950
49692
32511
49181
20285
49561
49974
27103
6235
31037
11094
51867
36745
35763
8265
45906
33774
36230
59356
8372
49139
48878
20281
5937
40497
17061
54801
39207
48617
59135
6228
27317
40726
55114
6560
17530
14611
35743
5606
20656
24805
19487
40012
26274
7840
47432
10639
52940
13926
52988
6725
44111
21470
35039
4200
40866
45787
42441
19358
25800
32310
58227
15242
42497
44207
51382
18164
7990
12468
46424
46609
32531
49253
9565
19169
13772
34414
6346
21769
27085
45344
7813
23111
21459
27498
14120
45296
16847
47572
54231
48435
47986
5015
42048
25540
25142
22940
11472
25477
34242
11606
36342
31497
48160
21533
34938
39358
48802
41005
32578
32921
48134
46768
20843
59249
6363
48941
6533
39910
47195
39854
39798
26133
50812
53711
39622
24797
33966
39728
35626
53341
5478
7262
14930
19408
52128
22686
11650
5725
20424
56574
56939
46185
49446
23891
55647
18451
8382
15033
10807
58901
47115
53545
15818
24738
39184
23295
10867
52635
14725
22331
12390
36616
27115
39275
46993
52931
7300
57418
32439
34743
59357
4041
35411
16994
9059
53380
12341
54386
16889
58423
40161
26657
56486
34444
24995
10572
50208
53401
34509
12197
55986
56783
9721
32958
28887
43653
49541
38269
58862
25442
27582
10420
30159
4733
17190
24765
52131
16112
42741
30118
41505
3570
46021
15071
35266
4552
45729
25697
27772
8050
8882
55169
21901
20744
31672
50792
52112
18776
45161
15685
20742
21139
55577
25476
54933
49708
6940
47325
54756
24198
50538
59722
34695
38694
43073
4748
29737
26559
57232
25492
15238
6974
5891
44949
28398
59881
46037
25184
5809
9950
16183
6180
55301
19641
12955
57394
12532
41566
31770
13222
3032
30119
36730
49855
34044
24175
27437
53752
42440
45020
14447
58285
17166
21730
17761
18967
50273
42536
55854
32045
7884
43417
35460
54482
21040
42266
55163
25562
46690
44830
57489
42544
13818
49396
12695
5578
37150
46149
19439
54783
13995
26263
38236
42995
4052
14761
58994
37231
3962
37754
22500
32766
54692
51647
29949
55838
14422
16189
59942
51363
57417
27719
55654
19082
24886
57299
57779
14565
12208
47521
41597
37407
16062
35249
40039
19607
18462
10232
53964
48894
12593
50040
17034
58387
59539
33757
13037
41510
10566
59148
42738
3941
16022
4698
23215
57366
31543
26142
54577
8721
39400
58495
32173
4491
51206
12516
38114
42661
54845
9835
50404
6792
58821
42058
20884
52306
31316
10520
30060
45812
11331
27708
58499
17778
36528
44070
23653
15876
22316
27054
56379
41589
3737
20598
50918
41184
59858
55910
45876
47912
15260
44415
37227
4523
9604
8149
25950
31202
26360
39069
23849
23234
6871
46518
42104
50917
56399
37587
14599
22074
8661
52103
8758
6760
3585
30238
15613
27559
27815
13335
55084
49022
33173
52247
23420
26756
17609
57074
45131
59034
22983
27142
48841
31989
54618
32839
13583
59586
32905
37110
46854
17138
38943
58358
10322
22398
30671
20709
46554
25507
32813
48707
21586
