1517
35035
51848
7994
25276
35720
35434
11030
18816
57496
5647
12362
12310
22734
33105
54434
5387
42680
10351
15920
38948
50283
53870
10818
31362
22543
47972
50739
23155
36266
45965
49308
58564
33842
33152
11368
30490
57807
46259
42606
40032
57060
28319
16987
55422
6634
58270
9586
24760
33923
7836
28950
16505
7091
53083
24800
26363
57370
24787
16517
8417
21293
46043
18118
3113
16018
50021
17356
41723
38515
7469
22375
13177
11385
9594
9095
52857
13476
7028
58944
7619
35427
41758
46720
48242
50726
30423
18641
15049
3646
11871
42163
18444
40628
6630
6591
7799
59223
53297
6948
8606
34731
34266
11357
56731
9310
3242
26225
42128
13098
59099
15754
10277
4013
27473
49805
15261
39443
49043
48528
4414
25240
30943
57837
47468
48998
31846
54235
29309
50660
53182
51421
10291
21694
10465
46419
19673
20179
50088
36786
10079
29147
14457
50293
28001
40988
18586
21852
15290
4837
35142
47816
36161
7481
59727
23714
45079
8645
3210
58700
43276
56009
27359
35182
57917
30045
15700
17644
23249
58795
54824
8440
58282
11383
44700
5929
19300
57742
58995
21478
51611
19964
25663
38695
26425
48822
3601
22974
19030
36656
10690
53794
29257
54661
37796
21124
49604
31692
26831
37650
25729
42267
52298
20048
54965
27867
57803
49874
37727
57920
26437
28274
58977
25907
53052
36389
52075
30924
25527
21891
5916
7991
16822
15097
39324
55029
19087
58341
28483
35289
31586
52356
35788
18288
58163
58741
39574
4763
32558
25107
34455
21753
16389
6045
26879
4167
36568
20475
9856
41963
56048
6273
14587
35717
58293
3876
54062
39796
14397
37584
8046
36705
43480
9974
50293
42046
36982
29282
27444
18831
56947
58828
42201
14715
41906
17280
53022
17967
34837
56349
50624
45133
11978
10437
54159
11799
13495
29356
41779
8181
18362
14709
4867
14303
29318
52086
35403
46866
26822
14362
55945
39250
24433
20681
45777
33288
36809
18017
21511
16308
24372
6456
16506
8881
28558
37955
44595
47023
9387
26696
21277
13613
53575
8250
19298
22329
58378
54152
41812
45163
43297
46291
45137
34730
29865
3239
16338
25733
29796
58163
32638
14526
44433
22911
44679
31108
24578
5841
51233
29336
26081
5812
30274
55361
55836
32657
47944
27696
48735
48017
35511
38062
7182
25738
11455
57467
29794
17638
32533
28930
23130
7415
44005
54023
56345
15169
39816
14834
50876
49578
22299
6433
32424
11687
43310
45833
15358
49629
6573
3059
43484
26736
37498
46722
23218
46867
29658
12000
12957
17840
11399
34522
45145
43180
14998
7963
10888
16442
13589
31009
55050
22369
39577
13960
47777
56465
47405
21064
45947
20032
8345
47968
50945
28301
28345
26644
28407
40444
34819
13973
49702
21042
10759
37016
26531
34778
19106
51817
4494
56591
28355
12150
35768
6757
50156
33126
9204
40834
15705
41843
56387
48879
20112
21681
13820
38782
28035
49042
36221
36931
3227
41298
9356
29435
6296
45341
48750
43375
15386
27781
58785
6005
13856
36102
21642
58282
5589
18212
51929
27879
39687
51871
16484
27888
27764
16844
17844
19200
40199
50346
21863
42047
6650
58098
6899
13406
23559
30814
22463
13003
8534
37628
8623
36208
4318
53670
9275
57305
10669
18576
57609
43118
20479
59716
26308
23350
41745
36446
39486
56116
4980
51873
44042
58058
27160
39596
14422
39497
47672
50967
9160
21183
16925
5398
56629
39251
54182
11304
18768
41474
55703
12209
35349
41637
45572
21694
37378
29128
47850
7344
50113
37193
31704
22212
35148
32607
58200
50728
21210
35380
53192
31681
26208
8983
45320
55826
6782
39135
44501
18451
29447
39793
38103
55687
56100
8707
57423
49580
50386
21588
34790
53272
33684
55409
7632
24223
3400
32333
52413
4213
59414
23666
56986
46774
47312
37666
31895
27233
16815
39971
35418
35025
30236
5853
45723
39865
38051
34538
16874
18726
38566
58151
41290
9007
33221
57402
35831
39950
23999
26226
59865
37169
21031
48786
49885
17587
39826
18851
15659
12727
11737
33896
26856
34543
52979
50421
39304
53598
25030
4342
17761
32352
35615
45045
21941
23384
52479
50427
59249
54342
46383
35382
40007
18749
11465
25923
10554
37434
9976
48265
9194
48314
13530
23436
35627
40840
25965
57915
36127
21817
46346
43190
10756
47315
56507
10152
22517
25149
40481
36474
27298
4361
25890
53017
4552
44598
55000
45274
34492
9368
34035
33602
23647
12692
5311
14784
45149
12637
49169
4275
5941
23067
36333
54643
6808
28215
19748
35182
49765
21081
8029
18527
20712
39146
28193
55336
15790
49461
31497
51677
16118
31279
40251
28927
29776
11408
20703
12788
11706
27203
6096
35012
43266
13526
11839
36005
17084
4440
56028
34899
4017
53781
43219
5727
13575
32292
6442
9128
29187
46351
23571
44218
13637
44965
19347
16402
33990
9735
15340
42737
38557
41000
15394
18752
38963
17675
8698
25154
4889
55005
35664
37258
46270
16016
34723
54646
3054
22108
5343
36556
15786
16277
50331
8880
53859
30803
57208
6427
30127
11685
7684
29902
22331
16839
57986
31003
44009
48313
15328
25057
54271
15683
13046
6263
26768
37871
8038
23819
51428
38576
50245
6695
3597
34254
4306
57365
47470
52133
40912
20193
36146
14533
57298
8997
54299
34797
37696
53313
36007
15602
24489
12131
24401
46378
46287
25135
49480
16013
41600
42691
5700
39612
8778
31270
21188
25451
6569
31902
59528
56146
9933
38155
15057
43281
48177
56116
46697
28145
39689
18793
25491
30803
16918
3040
28232
57931
29359
20420
33039
35345
3480
3225
27436
10783
36118
14616
25178
11266
47842
7228
40796
21095
45007
57779
49404
37623
22201
23562
10588
23838
56292
9006
29740
10415
31551
44773
28040
31133
42257
14042
7098
56991
33524
54579
25035
21438
22705
15471
43300
12938
11500
53255
35262
35347
4674
39348
41884
18327
24423
36195
58481
10761
38444
20233
14641
31170
3834
18110
14266
30502
20873
52044
28596
15071
34423
58321
13830
42216
17400
16631
10180
54700
45601
30753
8761
31871
18387
27092
14402
55840
43251
57767
50398
33542
22177
49888
3830
16925
23220
36217
34662
36279
51014
25055
42762
39507
15209
14548
52472
8393
26424
37929
48617
40931
36619
27020
44644
25967
33525
19965
35847
9769
35489
51407
45696
26751
10538
45014
45349
25807
57241
5409
34503
19218
12759
45603
34530
10820
6337
32166
23196
28232
3875
27221
13558
54450
40148
26797
25608
18146
33244
33742
58495
27013
10816
22347
41073
35219
29803
15489
53135
25845
28815
47844
22100
17615
17160
53672
4857
56238
50929
51298
5718
33882
34107
15580
8905
50725
24359
27977
23710
39516
41172
36538
17157
28703
11519
27159
49282
42222
58092
33150
53972
52657
12214
26780
33964
19147
42609
29801
35081
24027
39245
18660
32241
6502
43128
38728
35832
35364
58675
32607
6787
3282
18376
30991
30198
10300
18549
13061
30921
37980
27678
50966
52195
18931
41221
4384
42824
44437
56190
44676
41796
43263
13819
19389
43420
14401
22950
57175
20091
3018
10054
19456
15604
26926
32071
40093
12768
9984
54047
40184
4884
32331
19103
57221
57992
44766
51619
52596
42130
37055
54179
16363
54535
17298
29735
29780
50905
24012
30812
28031
54786
43501
21143
58791
19413
49005
5521
54679
46400
20598
27936
52283
46857
21245
15377
48131
21908
18945
36752
19316
37573
21411
51581
27540
32469
49822
19059
3050
56487
31350
52606
13009
19523
48956
50758
5135
26370
6627
34226
21833
47170
15574
56623
28227
44018
13679
19113
11167
23107
50559
52692
24574
8297
30250
19024
43986
33561
28321
9492
20685
47512
39052
14618
44734
34622
34494
11601
59778
33230
57823
6003
51954
3429
29115
50619
24044
19248
48103
32310
8547
49408
3719
27781
30705
51095
27273
5491
30122
19677
56471
43843
47600
49010
24265
48084
9559
52083
34769
59375
14184
6468
37856
35303
42117
36738
4432
19222
4556
22065
23277
54882
24830
50886
41606
57536
44644
28140
39843
47431
24590
8034
55756
7174
51507
58107
39079
5253
55718
33772
53983
18885
20910
13714
28832
17913
15850
59344
7010
59611
22336
16134
26343
52502
25263
56822
30965
24866
40510
23751
36969
43304
23734
59507
25125
59434
24800
52010
39776
32150
40267
44562
57775
53679
8901
7060
11102
5529
42892
36138
3547
26158
6635
11117
16827
37085
54967
26489
55861
33781
52907
4775
47910
15937
3724
43298
16813
17952
33289
10735
42041
27930
7794
36490
10512
10039
22756
48938
36592
25960
42244
33166
58146
25612
8330
5181
32725
11606
23129
6322
6167
27247
25040
54213
12821
47723
18477
51664
38564
44726
6441
27206
3093
14742
23398
27300
43811
56876
42699
36123
47707
34253
39002
57796
22420
41403
53221
34361
4273
40978
29980
12490
25484
39908
9157
42135
6466
25303
48128
56409
22012
5999
39688
52739
5514
56066
34816
13574
56435
7899
41849
31946
16017
48566
3438
21390
17562
35890
16499
38121
24590
7440
6602
7203
26819
51618
44142
34188
46362
20388
54418
52198
59930
24517
15962
53677
53468
24897
57281
57051
56129
26764
17003
39884
5210
42645
3230
19738
10528
31308
39501
28063
45308
35898
40083
11675
14141
3930
41150
31341
32746
36687
3731
26998
7926
16364
10379
3879
47147
50151
14274
8409
53590
22840
37556
56802
51753
16884
36442
8197
25404
44509
4905
22652
37063
20777
50630
41673
6438
32241
29354
10704
17898
19476
24300
14743
35467
49634
6270
52056
39015
18917
56931
48612
15144
8341
48630
9213
29669
24653
30060
8456
53591
34248
36629
35962
28015
18901
48219
49949
29443
47338
14214
48456
26058
6883
56746
23482
3064
41122
42261
20904
6144
10131
5547
40191
37644
