776
56859
32121
7908
10112
5565
17150
12462
41063
11893
30324
42602
11100
26333
22955
37121
26949
44829
9508
24446
34208
24226
26566
38607
37479
48518
20343
17236
7905
28357
20464
32938
4950
46586
10478
8102
29554
45970
10948
5572
10029
57578
39347
23393
53151
29080
29127
57333
39222
19597
7353
47736
55217
16228
18649
8605
53719
13336
19010
57008
5722
21592
48438
16603
52206
23019
53158
19435
17938
51159
59090
57740
15948
51349
21507
26953
58146
41642
10441
47384
35687
7427
37437
3179
14604
13941
12245
16510
42756
32684
41357
29878
20606
30296
32616
34177
36049
6034
31848
7986
22803
11433
49795
34354
34607
53111
27503
7521
24791
17767
28442
42899
8510
27196
39995
58784
39512
50286
12888
8752
12278
12150
24701
4774
53440
24939
30728
43176
36316
43448
41227
36916
53746
55966
55353
9110
45028
45540
22720
14653
50512
51789
56039
47871
26170
26672
5341
32991
18050
49348
59492
8736
55092
29823
27298
41598
55050
27520
39729
28984
42011
7925
13917
36041
31024
9434
26898
18214
11380
30316
56859
30569
59834
57342
9533
55543
37987
3182
22469
40321
54851
9253
27788
36881
34440
36385
30104
17354
10090
17678
31822
35227
26266
5030
36403
16748
19688
6350
40046
24921
27118
8011
6211
39650
7981
28751
36042
35894
42840
39435
6531
45897
37483
46906
16592
23555
40445
59030
6776
27965
25056
21186
54522
4051
28525
5749
37238
40940
35411
35316
7768
58588
54348
54750
54887
24026
8028
48290
36153
35468
26421
3831
17780
40726
13248
27237
27251
3434
17809
46974
9571
55840
11156
28583
26019
53352
15527
25882
28826
56527
6274
22375
59279
49669
31042
44860
16913
51885
20887
49930
5748
56858
15959
40621
26932
22064
36718
50857
28930
43949
47096
49547
28170
40319
54243
44469
24220
59448
38105
59524
38880
15727
17787
36852
45417
18255
3736
12364
21360
44166
37915
42803
41830
41837
37549
58047
54470
5169
7975
54403
13759
34683
47388
9093
21756
52928
38673
17604
52305
18273
48860
18357
22562
17654
33917
32450
22589
55628
10301
40448
24002
12906
25669
10279
53760
29977
13199
50295
34617
7150
6094
9155
40026
17803
3469
51387
44269
31580
41942
37015
31721
30386
27674
36208
49531
34713
20415
7502
9848
10458
34595
45866
43285
4174
55748
53102
52833
4756
49700
56920
31113
31141
55486
49296
19917
7735
11141
20066
57568
41691
31623
24536
39159
50207
42430
45500
37243
47556
44022
37551
13794
59734
40359
29873
38339
59410
27322
3163
4704
53981
44855
28093
12902
37809
52986
31360
53798
41206
22987
7988
10766
41449
9866
41209
41734
47995
47126
24037
32605
3046
9334
46155
16990
32216
51249
9366
53324
21204
23699
48162
42972
42978
44498
39654
38576
20553
10887
7339
35738
6390
54140
13869
40615
48749
48429
53095
20071
32586
27540
22799
26004
16932
39439
3248
32648
49592
46343
28578
48923
57488
25899
40591
31518
17719
20782
48578
15761
15613
39247
36864
36094
49931
31348
25021
36963
52296
35993
13073
25544
34128
21964
49905
59291
28020
50388
18989
32758
34157
6750
43275
47109
32135
25371
48504
22014
45231
17537
9926
52012
35390
43267
23012
56645
47242
57206
23514
57534
30776
16271
58937
40467
59763
35606
21619
32950
50003
22450
31661
23159
46617
43122
18054
54457
40064
5734
15291
14308
21774
3797
35560
18349
57979
3974
58399
28494
14839
44908
44558
15316
36614
19460
53864
4722
58813
42241
33715
6501
42799
22579
46444
43983
50864
14555
12072
45308
25652
15518
40142
46682
20362
58863
36080
59627
35041
39970
7977
55418
10546
6232
34244
41310
7361
31135
43727
34315
29999
49068
30401
40082
39979
44521
26555
48623
48864
55099
48047
28484
58293
29690
50917
26991
13358
10234
59225
12677
40181
49969
49559
5238
39908
17263
20711
33933
59306
58500
33518
35284
19716
55114
35414
43038
6554
25111
52164
28319
25752
43099
9849
4334
45853
38576
4498
13681
54092
49373
16572
11296
4235
21268
22128
25620
42556
56513
11046
18181
17935
55855
33372
12231
41446
25459
22617
7837
32125
37580
23677
57928
36200
44380
35843
6886
3967
25127
33762
3861
59513
56837
48236
56288
56064
35456
54597
5185
11793
30208
21042
10595
53629
13544
48740
32166
54312
4791
44632
29387
59503
12409
59278
21100
30882
16844
19093
27523
52688
38058
45202
51675
32499
42660
35927
27959
27935
54505
25966
57143
21079
15005
30633
21944
24808
29283
39243
32163
15351
23737
51813
30332
41336
8575
52171
16211
24352
22080
45921
11575
42571
58212
21834
6525
43562
26371
29425
56593
47147
59506
33982
27846
6933
28454
53575
7561
14386
11083
57421
16121
11785
40798
46106
40070
24194
25895
3308
19415
47617
46027
51941
48676
18358
3628
20635
5758
47705
30676
49477
42300
42906
36079
57759
6382
59334
54165
10910
22834
8036
11780
6433
29108
6655
19902
44541
19627
45506
4102
10362
59786
32039
45143
