118
42898
9188
3510
37497
35526
22285
30243
18274
13921
27928
27361
45051
40123
29536
33412
38597
51456
14601
55713
19699
29028
19690
7009
45816
20505
14752
9459
9815
3828
54995
29873
6902
3912
18995
26097
25687
26729
26225
7275
30533
11068
54383
13896
22826
50649
49924
4770
28986
43977
48904
9087
45639
35716
24344
55000
45080
52141
27477
25773
33641
47536
58781
29647
16538
42718
55266
38299
6085
25885
16021
35868
53793
31854
40070
39452
40071
9324
25009
59810
48335
34819
36574
34242
59204
13789
48767
55591
27584
4430
12132
37909
36330
38763
55005
31599
20878
58892
55202
28181
39995
16135
30059
3930
35838
25786
29061
55324
20925
43486
58325
9353
52070
42312
8977
34844
31003
16520
59433
