2017
20239
38508
54446
36903
44563
51167
58547
47701
6390
28538
42454
3902
37017
49170
31496
44135
10233
14882
29823
43816
15854
30932
33896
53582
51238
28124
40790
59557
47905
43304
22877
14692
11739
33217
21689
12837
30858
55484
12511
7401
6413
14816
56221
24687
5023
18002
49780
53016
36997
45013
12932
42888
8930
39856
18365
5013
31118
38503
37593
3126
3339
17557
33653
14747
14755
50305
36654
39371
12933
35587
38649
13866
9988
49114
26724
13153
53266
16715
54754
17908
11496
18091
52645
34731
8448
56452
47640
33596
22245
54302
26082
5187
45706
51699
32510
10550
41550
7918
52068
12057
7296
40697
57872
7919
47046
42726
45228
20075
51421
25381
20625
7224
6425
34396
29791
10737
8356
28218
11041
34829
10667
53637
10900
21860
11069
15147
40012
39349
49405
42930
37846
40194
50721
10324
18107
23919
33925
59106
30952
31066
19517
19075
21092
51559
38782
8868
59674
47613
52810
36919
59130
59361
12598
13728
20538
43448
32076
56925
47492
52021
3042
38060
50099
34866
22113
4243
45829
37006
15545
13819
16519
31186
8674
17801
44985
49665
39091
44695
57663
44596
12337
27167
55103
26588
51154
16744
28809
27618
50351
17260
52348
36119
28966
35308
22287
32133
49213
35575
33106
47278
43426
6837
50295
34119
50200
40947
6220
10514
41559
44448
19254
4741
37631
16337
42165
54368
52022
17763
15145
37703
31900
17844
21555
9520
34889
52718
32616
14588
22172
38809
10941
38827
48231
48697
43704
39766
16115
57486
27639
38922
34066
55370
46098
54058
35431
40219
5692
46995
13670
24488
36087
29689
46511
4072
59039
13784
21661
55017
22024
43516
25760
21687
36876
7942
40689
19820
23937
57259
12136
23704
50786
9853
32915
15412
48426
59983
43273
22588
12896
4083
8801
7784
41578
23838
18717
5595
58403
59601
11942
43484
19475
30665
7602
49983
49213
28999
29172
21809
29546
36290
45826
21830
13282
33431
55141
5122
35203
25770
54559
35422
48038
58991
49828
31475
51067
57362
57993
12068
44692
20199
52072
27023
39162
36100
41469
37913
37228
37761
25296
11060
43924
6029
14049
17101
51152
43316
43950
5981
21520
46711
49794
30635
39006
9914
53070
17712
47991
12646
20257
35984
58375
26242
54476
12644
6971
35261
33744
17361
6461
49230
11520
29756
40756
16811
40241
52590
50598
43584
10577
35065
53706
20764
27130
14321
3548
3164
27193
32834
58967
46689
8329
8601
16223
23726
39284
39764
8079
39607
49750
45889
59189
23021
27938
7783
37693
35742
53280
15960
31542
19237
14545
14363
20630
27392
17857
17031
53919
43125
26016
31395
18373
7436
43359
49335
44384
58599
9893
47173
43565
16388
47985
11354
15263
50164
52968
57438
22031
9125
52687
21169
17105
51988
21204
14949
58945
58094
16809
42339
39228
30207
17270
13792
13908
32586
51939
20351
23867
33465
45068
38878
55786
30480
10512
21960
20234
3419
19249
31901
9611
24905
27810
20116
8924
32143
52376
18539
36158
30371
5144
12874
17047
43660
5786
7696
21041
34660
41262
58062
19755
41941
53400
6633
29589
15781
36415
8383
23275
12492
51668
32136
35079
6064
4935
41374
56354
5537
36631
58097
21093
46233
38803
33787
28459
18956
35943
50056
26028
17523
37266
7767
46394
42866
28452
12094
54074
15303
29043
24228
5039
48648
59051
30585
28535
17197
51586
42898
21955
47979
52577
39328
17854
24575
5745
44625
27042
46851
19590
47497
17880
33714
25038
55884
18811
7161
39340
34726
53059
59970
31765
31343
24344
18544
11996
12702
13382
33150
27317
55781
5555
13928
24261
16428
49591
51004
35972
17869
30552
55319
27839
56625
38508
34680
25972
40531
47016
6548
20515
42140
57483
40977
26543
13569
4625
39105
44607
53415
34315
43720
42399
22263
46692
5456
5970
40506
21703
28062
56369
6831
30064
56791
21921
46139
12366
9854
19227
29106
47545
5735
59552
55370
59700
26010
31955
22177
43452
43423
39026
49232
13398
6692
28478
54178
28393
34364
35473
5891
52667
42133
50090
51475
17798
25491
51842
9951
24736
53739
39587
14311
59136
36185
16870
58310
48576
53482
30903
58142
36918
42153
28854
51723
36271
31915
22633
44842
28599
46494
14488
58301
39635
47328
41643
37829
23455
22118
17631
37337
45625
24536
52330
33483
43185
18781
52186
16191
43883
18146
36773
3213
6786
14317
3138
20818
38653
13052
25546
51323
29992
8553
30394
59854
49224
3325
55254
32382
4785
53774
6024
47025
4740
52391
56552
16886
14808
57696
17254
25241
53417
59019
44533
42865
28899
16425
10611
55416
30172
53633
15903
36795
8387
28135
18869
17272
57925
23397
45390
22155
35166
3722
33990
40108
23795
14325
34112
8927
35214
9197
9799
48553
37902
17258
54904
34144
31967
23478
54056
26900
52928
7408
15869
10448
14638
59504
36025
38887
13622
18879
43672
56549
54717
56512
45670
17587
7130
41109
41822
54118
12389
54879
47007
25114
43542
15322
45342
9522
3356
13054
34283
18067
17184
40001
57628
27878
13329
59080
37221
6248
49970
33559
50233
35875
54851
46143
44144
45053
11344
10278
34985
7133
54952
50312
14185
54102
30087
9508
4203
44072
41379
4311
23927
36255
46320
9582
15065
53362
24259
41744
15267
15374
34159
24267
18914
46599
13375
57077
32640
37205
30383
45937
47192
58596
7714
13270
27087
31672
27850
55592
18706
24946
24638
3431
19792
44021
31063
42847
4118
9473
32332
11590
20108
44812
47628
35723
34284
17257
38890
52224
26419
11118
40735
29709
19834
43231
3925
27058
53744
59099
39789
28068
43255
13979
33683
36255
40929
38842
27628
37348
24072
5510
38953
33354
18445
45730
17978
30710
18622
50204
30836
11239
52578
14871
43469
41725
6384
45430
29372
21408
35288
14484
21706
10100
47277
55448
33970
57652
58041
51882
36860
45952
44722
33813
8779
56668
52295
6304
52696
58124
4111
41428
40204
24290
43708
37050
46527
50796
29787
45843
57966
50879
54691
46159
20957
17566
37453
48250
19614
21508
7145
22136
36863
29858
14533
14215
9857
26273
17744
43721
38991
20796
58725
16992
5741
43177
4308
34856
59696
51518
33378
57284
38035
41047
8798
52279
47911
7396
27672
26917
54198
54016
32178
26485
23457
13598
47790
6883
56814
43317
57215
35410
59368
18678
45295
53227
18410
54970
33200
3957
45821
3506
6633
43740
36455
34634
31599
8347
30880
31943
29208
59092
29623
49231
8100
4082
57178
43140
47085
29718
28025
57874
55412
26273
13369
31194
17083
47280
39135
5800
34514
35219
32789
27273
39501
41028
42419
4478
53888
13246
18940
30784
23221
46635
11368
54968
41025
9963
29511
12101
44946
17081
47891
27776
46933
30096
27132
49597
46196
3483
39792
8292
43551
54137
17266
47892
23074
35197
17581
13537
20437
13988
10113
33237
47638
49756
18534
52687
17766
24468
7703
47654
11832
7212
3844
55530
46176
9429
33512
6442
35249
7194
52335
54711
17504
30777
21391
27724
49318
45922
31020
25884
44041
40251
15311
57731
37807
39876
3151
17329
42122
55756
18570
36991
30415
29807
41476
22868
44176
52490
42322
8845
11543
15404
11410
48160
14659
14816
37584
10626
6288
23141
9034
7546
44656
35452
51954
42169
43554
26640
38684
52459
59542
51696
11442
55474
35559
54545
19521
4836
31362
28961
53485
12198
46138
20009
27130
17967
21771
40183
47893
23590
16159
15914
54796
29875
52616
17893
28152
55771
26297
49291
56514
9989
44942
13365
30486
34082
12291
14878
40491
11339
45499
26929
58711
49991
52432
13057
18079
36745
10243
45683
46415
25264
48144
23532
36453
30427
50013
9882
49446
22578
43877
22006
43261
42842
5677
45431
47574
34552
24886
21810
21609
54473
28740
13634
36555
55620
27641
45089
40919
51485
54879
26227
16647
23810
15520
7257
32923
54438
32542
19931
34275
18765
41731
35254
23886
6949
43287
6179
14525
22979
59624
22723
14232
23622
38883
38209
31191
50782
29522
24696
12835
11411
4058
43591
26242
51542
4638
12828
12183
33339
48051
32042
28008
46402
24390
56270
46832
11281
41033
38023
4961
9967
23585
32850
59629
58217
22387
46835
23779
42624
6132
48566
59814
59267
4395
12886
40191
56775
21222
23185
9428
43340
15373
36190
39549
42440
52052
5057
10422
51428
20669
26622
33089
43460
27379
26454
9826
34000
19548
5235
50754
43932
43311
25684
29883
12490
51626
16810
42653
4122
48990
37100
17565
36496
18412
37276
4544
39710
40834
55876
32777
23084
35264
5977
27848
32239
47148
52104
41621
10112
9031
4313
19877
47974
49899
7672
22907
28430
58824
27074
30230
48093
35219
42558
21103
36518
8399
34253
19415
37489
21095
46062
10977
36034
19413
31873
5408
15379
16397
16795
47899
17730
53194
18717
40793
25100
10596
11244
9598
25116
10502
18755
19529
42959
9091
45938
9526
59557
17432
43370
31065
24954
16994
16796
30578
14261
35451
35852
4587
18744
16096
40942
33013
33588
11756
5819
10122
49128
36636
25996
22589
36215
21440
22709
26016
19644
32394
12836
27342
31413
40354
58048
50491
11501
55235
28620
31738
37229
26096
37179
40015
50553
38104
55458
44153
41470
58465
58609
4116
40053
11464
45512
32410
38457
53626
31851
5903
42440
40785
56348
52767
26236
45645
28080
26953
46219
21816
41566
38692
38537
27351
27705
58218
6855
29216
45066
42409
56340
30352
6513
58938
48405
39853
57096
9373
53973
56195
31746
49620
49399
47937
54858
43703
13305
20793
55679
30659
29190
5655
17743
31966
4931
49016
28776
30958
53892
55958
9003
28168
44921
58075
26313
17697
31732
7918
26260
23142
46625
3269
14339
18656
29393
36551
56297
57647
11185
8423
32806
55179
53012
26588
23638
28945
33061
3350
22109
29984
39456
34476
27962
54641
6473
49949
39656
35902
49789
56097
44132
58336
18091
9464
56356
52301
43265
46129
8936
42839
30150
24282
32601
50908
30627
25300
20635
15521
4332
26289
53156
56804
26656
4136
27739
11066
42437
10257
56837
46189
12096
29715
8159
26760
10230
43338
59633
46354
16461
12713
7854
45323
40752
43504
17250
4857
34249
57337
38638
37625
41603
55313
31003
3968
8640
49044
7552
57074
58874
20301
57018
30573
39544
15021
14896
44997
46864
47043
45496
36320
47422
3856
39452
36608
6669
55625
44369
24860
6982
12658
58001
11293
57237
10504
16536
37876
47878
59999
53058
45789
18666
49110
14071
56566
25972
4826
26814
35479
46869
7463
25036
46128
48507
18120
16014
35338
35849
14507
27023
26672
16640
27257
46185
50010
45990
52195
12583
37257
35165
18069
40519
49198
57922
7828
32250
17614
3725
29748
55934
25058
41094
16804
22992
42516
16755
24845
18289
39001
57769
10775
32690
4668
3492
59797
18396
59886
11335
26035
39161
47094
11540
56573
25559
37105
56845
16782
17733
7813
5010
39764
42813
3586
22935
14214
8587
52936
52969
22216
24726
40613
55132
40864
47253
11771
51096
9412
11091
46507
50775
41617
24315
25203
59024
52553
39044
54167
14738
50430
12907
54303
16550
55116
31411
35932
12252
56348
3432
31254
50267
16213
9749
30960
9966
52334
43997
25403
13509
17024
52676
26966
49083
6721
50885
19138
19868
55503
57610
40227
57420
9412
30135
18179
51363
3755
10783
29739
3520
59376
36579
38140
55653
23255
25918
45277
55952
38479
52611
37760
30981
15891
19557
39580
32855
56012
50127
31357
46466
40593
57260
31441
37932
17080
46019
6268
51387
59026
26559
38864
9252
26516
6751
43453
3552
40497
6593
42505
22323
38719
20720
8112
56308
31911
5948
17672
35762
36235
33396
47896
39673
17705
43210
24979
5318
56309
26020
35152
37251
3216
11635
30759
30751
18983
21078
40680
51918
55262
37383
26710
10741
39128
57718
30733
11411
54842
59834
42735
48742
29272
40878
26775
7334
51988
17816
47911
42199
13379
38315
11650
39453
42954
41856
20962
47659
57665
11968
25249
35199
26477
47364
33940
33648
56060
3926
12760
47217
20791
46520
58300
11416
25090
27937
43852
15535
14988
47496
10920
7334
21962
40799
35505
26231
14936
39880
3147
17252
21537
57402
23622
57084
26478
12516
14802
22465
5584
20536
4450
29127
55304
51561
44351
30240
40740
57220
34933
35106
48489
19576
21516
41241
17575
30888
9165
35825
47802
22667
33282
46311
5557
11894
39337
31976
10968
4380
12908
16605
48680
11973
53710
59202
21597
43971
8473
42089
26731
45007
16281
38119
45316
14419
49073
8590
59835
47077
23938
26048
45834
43494
58567
26901
42366
27752
46252
17862
26347
17378
55340
53048
23060
23737
50687
59735
6590
52138
46940
5792
45698
4946
31595
49707
13545
24746
35666
15296
54087
28430
46172
50990
39862
30536
10711
57308
8780
17578
42805
23192
50020
3499
28049
4740
37278
18220
40790
6539
59431
15490
31870
25565
42232
21625
41367
25117
14463
29572
4682
46229
33901
50867
34908
31758
52822
21898
10077
57601
44045
56837
33196
50979
32953
10606
46653
45776
6256
