1050
26568
31005
11830
41818
34202
37200
22577
12451
35439
37255
57014
31045
29852
30038
47534
26888
52433
3463
5583
39196
5479
25670
47237
39320
53028
23574
25578
59087
30858
9300
46799
29006
59096
45548
36270
57882
27211
50073
20931
39141
29866
14818
17327
44885
43193
7839
12238
48930
45599
32343
21028
13213
35713
17099
19823
22197
37097
14503
42402
6873
44596
58027
23646
32780
49835
3886
3252
43763
25008
22416
31544
28894
37977
42864
43463
50485
15065
44348
6668
57297
57327
21304
51537
26874
37021
38086
57350
17525
5835
41827
16779
40365
41016
31763
4080
20990
59869
56804
10894
39697
11114
22635
29352
53543
22916
33812
52443
13761
45618
14265
52860
11973
7854
20269
37690
11632
57039
35311
48462
45525
39988
48407
56957
33251
52951
4464
21219
26414
4918
57460
20308
5400
14886
4154
55097
6263
35025
18496
18270
18626
47248
19434
57415
46537
17766
16277
7088
44285
36256
34730
9050
39891
6470
58594
37379
27219
21967
58762
13695
19624
8581
26515
29621
24499
42736
40708
57720
28148
8505
55473
26963
52026
25318
23140
30957
23713
50624
38384
48703
20963
25968
43958
30707
5994
51693
5767
25263
41335
54018
11490
47075
33928
17105
59814
25237
16889
30924
45525
18355
53034
48438
39464
52065
33349
9807
4065
54802
39864
47270
14131
49230
9762
22719
33313
21144
12728
38364
32103
38040
22541
24418
49229
31104
5459
50477
21129
26505
18306
25193
30918
9064
35541
35338
8269
39636
43331
40362
18189
11206
31653
12077
42781
9767
26126
27630
29838
12843
26203
19368
29641
44222
53567
56215
3650
15466
4879
39741
47467
16291
20008
22566
16077
44510
19445
47507
34612
29723
21662
51955
19724
40604
40764
42293
49418
56295
40413
19379
47098
55352
55632
55539
42528
15937
38135
20326
25272
17970
45765
13596
10384
20017
49801
55381
33647
27082
17995
43082
30504
8570
8863
6931
36519
24929
20632
36160
33237
57032
38943
52479
7327
22599
19602
56659
48668
16503
39466
15295
20032
4562
54782
46049
54693
16620
40674
59497
46458
58695
56796
45474
32230
11618
55137
48794
23715
40599
56398
17746
18932
7550
17121
57141
28204
40022
51353
49584
12414
20514
35942
30126
11999
20547
53487
19492
48429
25715
27092
8414
51248
46769
51190
23208
32124
45770
42053
18497
16014
55945
58070
37732
47508
24703
7790
4925
34602
45254
17044
32291
30492
9773
41626
9000
8958
58128
56717
44217
25274
31853
19881
54884
17997
18885
44473
28820
37492
37519
34349
26041
6478
46516
56612
28722
13732
14989
43708
21937
32127
58608
16684
43411
37674
5230
21563
37238
7674
47961
51049
47854
59032
42319
36068
42056
59306
54276
37771
9617
32912
18951
24311
20429
56492
4393
4248
15156
31556
15904
32683
31596
39405
57084
22597
25037
25658
12034
10781
10437
5036
24143
24630
56864
51466
53121
45011
34152
23839
53515
47705
38910
26484
5053
57681
42869
16879
36192
12037
4926
25081
27080
7655
55248
47361
50136
55219
10654
17847
15678
16839
27259
58773
40731
23713
8145
26143
16181
24142
33777
26487
12335
38107
59681
4157
52738
16472
11190
41449
40984
48676
55163
27081
24951
14662
33043
16016
39268
40723
55869
7492
48886
12339
6515
30811
21866
22689
4974
37897
42237
57315
41177
16843
12616
7950
43996
17159
6436
7790
38405
20727
45615
14028
13480
55508
45246
25889
40697
7020
27990
30378
56694
43334
36963
29956
7511
26848
50327
37577
18614
6038
27401
42592
45043
48732
45429
50937
55799
7245
59884
39149
52855
38107
23303
54861
20941
8688
39124
15023
48414
32405
10651
55153
16259
46258
6075
22350
9367
13974
38695
17580
33554
17402
40933
30485
20760
57805
21000
7911
58072
46594
4373
23066
56407
15448
38447
56115
20446
24251
17485
18204
33365
57107
41425
46695
9890
36964
14252
21592
9894
13643
27684
39137
10617
35084
50377
33532
30328
30894
24505
45178
13432
36863
31054
13901
10933
9299
18089
49090
25185
22757
42705
43111
42842
29798
18001
12301
21117
32417
22264
8080
8375
51466
40681
4111
43747
37278
6079
41559
58653
45861
11280
58168
13592
39433
44133
4251
13326
32012
4618
48639
12185
55654
43224
50864
43955
12296
15216
45676
47961
23903
42496
43390
56253
40790
10086
48388
20928
46276
5248
32276
28150
49995
27964
19020
26776
26093
42327
21210
22475
9045
48552
23037
42271
17387
23825
12337
45376
23939
34216
55621
11777
6948
30955
14780
54938
21223
15896
4941
52472
21775
24750
43285
35191
27223
50485
27676
58841
47649
47010
53488
3347
47930
59077
19750
21808
36182
28866
46623
28949
30432
32403
30801
14149
23673
28677
33833
8035
20839
21444
57281
11770
58098
13263
4767
35823
44731
18856
28740
7517
53734
37980
6591
3716
38529
59726
58275
40660
56904
53167
49782
23034
21322
40614
48427
39258
58114
33640
53671
31983
46693
50502
3775
30445
31656
12919
51900
43364
42757
32025
44359
34100
6640
56555
6686
3838
25225
16799
54590
29848
50950
9568
57324
30814
54958
35282
43147
32863
16991
24611
45871
58157
8871
25497
52963
37451
21005
49507
58242
28570
24599
43775
25027
9510
22393
35711
54737
44987
13195
19346
39317
25889
3151
26424
37408
59549
8611
58555
40006
16043
24623
58234
9339
44473
50024
58081
9753
59745
39363
37564
23289
7890
5280
22633
36476
40397
45767
22955
43486
56823
12931
40309
57985
44676
49382
5477
53748
8534
3533
13662
46953
4140
17676
42698
16408
45145
47640
22130
15755
55179
34690
47928
26570
36650
38531
47812
36454
3893
15149
4888
3250
38439
35828
43187
38229
6728
33466
25385
30637
16346
20497
29558
7648
19304
3604
34133
6697
4297
18064
48387
27514
28397
11048
27848
58818
33518
37292
18990
42132
28266
6997
34150
46184
47316
16056
7516
28079
43595
7106
40579
25972
28886
12751
22228
20291
16517
26389
15038
29254
7590
51816
29949
18403
7158
28084
16626
42121
16612
49806
33480
4979
37600
48836
47181
8305
20185
26617
9692
43597
57801
21871
59240
30243
57118
45043
57009
19497
39962
17588
39651
19874
7170
11280
30696
13474
54468
16512
22690
8552
42670
32391
22044
25896
21391
52896
39931
54770
29565
38097
16472
37805
13688
20063
34135
56848
15003
31121
26073
32491
23422
24229
57086
20779
29944
17192
9171
56977
49485
24134
56793
18765
20507
41794
50691
22517
21616
7306
12863
19909
55344
35893
21585
57781
13954
42831
10713
38672
7216
6371
32581
58279
33464
47757
30201
27470
5939
58411
45034
21024
45399
13624
6293
5064
15855
51209
35194
27717
6895
10776
38893
33103
57213
15534
50895
28444
26485
20868
58694
49719
18766
43555
59528
39495
50906
14100
