442
35757
29879
36178
8966
17681
59092
22567
28512
25847
16815
49500
46993
22058
27956
13660
40661
45246
19962
33037
12883
11491
52693
34582
43950
37821
29026
27089
37757
26531
40846
32232
19555
47846
10098
28272
41549
35704
11274
55456
57703
36734
33206
58054
37002
51660
59346
33347
55829
9286
36573
18271
15750
10188
34555
10116
16034
4460
35500
7640
17803
34438
8001
48523
43928
27748
6208
16724
31393
54921
38621
37434
51610
58344
5934
54069
49582
41395
32849
36964
55322
16785
7177
49527
57713
29262
53248
30212
26302
22133
5065
29802
13901
54624
29082
28435
53692
33183
51945
56581
57023
21398
51009
19745
51238
46609
6169
12661
29018
56496
52675
48814
3364
21605
49799
13487
12376
15350
16070
50646
31395
34936
20175
25281
23371
41254
8427
23466
36230
55827
47577
29336
33909
13876
44021
52955
48692
14312
9392
5888
18520
50450
40363
14515
26462
29568
53886
40048
58030
6902
12070
37437
57130
29035
50160
43630
25374
4661
56351
47051
34035
7096
28119
57432
18009
31177
15407
43094
18590
31046
43041
42886
11752
32805
30948
26632
9108
58661
57510
57582
32093
31659
47259
6241
9195
44630
11152
14088
50926
16386
4267
53858
32430
23631
43820
19305
37370
44191
25006
6147
33941
11637
21775
3408
5970
57672
49969
42514
43549
8803
47205
32465
59475
53182
18116
39171
59825
26730
16429
54317
3948
59926
10115
22105
28344
55701
55954
40450
9262
19371
18920
56664
12372
53571
49361
38506
37978
29562
32578
5435
50711
44293
7906
33009
23592
44827
35005
49374
29809
34379
39241
7374
57148
12771
55640
31147
43777
25853
37282
50021
41445
42927
13576
4342
32840
15132
34466
28419
44601
20963
10780
40706
36817
10724
14675
22060
3333
48902
56375
38315
3924
47052
52920
14729
30415
58397
24892
49510
35212
38821
27776
27637
31507
24223
21827
34939
15253
23085
47847
29416
6628
42677
20042
5099
33729
33568
50417
10666
48944
8837
22944
11852
24334
23551
23276
12231
3497
11926
14776
18196
35854
53039
29128
6911
55048
18820
41925
7462
30190
53432
39345
30263
27392
24566
44819
25375
29811
31335
38151
10951
50411
37021
14447
12290
20402
29234
45571
35807
26436
52563
36009
26231
10776
38085
38440
14202
29307
49043
50207
34144
25595
8048
36814
17146
57321
54996
13559
6551
48134
16128
47082
31969
12057
3991
39940
45264
10324
53514
53646
31283
24564
16754
59974
49609
12282
20174
4677
7046
25317
25331
19239
55388
56033
42597
40987
16849
10779
19092
9147
37965
32410
43333
16540
43521
6910
29717
3693
39542
37713
34030
43260
14050
27404
16426
55832
45524
23204
15254
48830
58745
8645
46036
52258
24581
4909
13166
16766
22198
54346
27609
43054
34600
35183
58979
44756
49817
25587
28681
34286
35837
44349
18170
48866
