1101
54015
30538
33246
8381
48088
14101
19630
32558
30112
43919
9715
34942
39442
24604
37626
36836
53966
21402
56551
15679
18833
25805
40105
17638
44495
17294
12184
56960
12563
8277
38647
10507
42450
52757
5594
27891
57873
21218
26718
56916
42511
42515
35793
54005
31769
32845
12658
35266
39010
24568
36373
26131
53338
3553
22961
28920
24732
28472
8315
57522
7797
8073
38056
22204
59686
53388
40930
19157
19592
52202
47385
33899
33581
20218
45911
5505
42913
23617
4476
57787
57257
42848
14624
28722
47616
3894
49041
47459
9461
50501
6134
14225
29933
32271
30569
32961
59195
59283
30851
41264
25074
47740
23969
14229
45329
24550
28312
35962
4852
35096
59208
26543
16201
21633
37640
35912
11687
7841
15005
8971
26207
43669
28945
51042
38349
24642
29301
26281
8814
32823
20612
46033
7452
36697
4702
25119
31700
23468
54945
58658
43016
19036
17366
44012
24982
54636
18978
52106
26210
36727
25232
29237
25647
24797
17673
24781
47934
18328
29859
20494
41021
44629
47439
51944
56905
57998
29646
57693
40725
58397
38659
51111
31008
42182
46309
9473
23484
32887
52160
41400
37890
10414
10321
55768
3625
53809
40131
43773
24279
28273
29665
7446
54291
15502
21289
58605
6618
26543
26636
29738
4186
16378
53889
21470
11878
22535
18005
36144
49375
41779
46902
13744
8406
24534
38403
24535
17399
5255
35038
30785
25291
9805
19405
53310
36959
10307
34879
35288
32045
57128
40489
46900
47419
34309
34524
55425
40698
53876
55236
18537
29803
54401
55463
18186
46696
33875
49862
35315
31351
30787
55535
35596
11514
34656
13241
43477
21479
58938
30253
14677
44669
26734
38819
7617
53447
38188
12183
37487
53082
3309
43017
42889
55206
17322
52966
25975
56679
39054
9602
56763
37635
38551
49924
47250
14812
27135
32974
13163
13076
59073
26463
57743
7693
30987
57901
35863
38049
42135
56532
24043
3546
49630
30655
32162
8851
9229
33719
38436
58982
54573
57406
30745
38873
7650
55261
45766
49408
22570
4847
34345
35926
25857
9353
29622
27295
27547
28123
33070
43163
40867
33726
17180
13038
14003
38107
30225
47269
33216
21984
11890
59091
5133
33409
53605
28499
34166
4693
57182
38952
19097
33975
38908
15505
12679
36929
25080
17014
5364
48661
38244
5123
46449
52876
9195
46577
11709
50309
18033
33553
38761
44136
33265
24639
40383
35177
24376
28442
9967
9831
46724
47880
30798
11310
47764
40661
17099
53335
17075
16999
29791
21085
29569
22607
20264
5553
49269
22280
32139
5783
55937
55522
39900
32251
57300
45767
53759
50297
46732
27109
6935
22008
55046
34451
51298
7099
29003
7913
4522
30051
52312
56417
6081
22455
9118
44974
45344
40356
38219
58013
21261
57526
36171
14308
31552
28130
5794
32425
58818
48341
55732
47911
53391
21972
23280
58086
23910
24631
28609
18812
49794
27643
50412
52591
17363
47671
41955
8315
13745
39321
10446
11994
43233
44459
31218
58469
15196
45508
38078
34776
11506
38558
51500
37836
29018
38314
58890
8496
26613
36398
21758
58689
12973
52916
43528
42465
24421
48248
29957
49378
16233
14495
35852
33802
24497
53115
14615
38681
10793
47422
39939
41758
26672
21711
33958
22992
14738
22786
12284
8956
7691
22049
19938
50761
55313
45176
23861
46935
15484
11092
41420
41760
29335
33376
46625
29179
8204
43815
8648
13109
51584
9351
13342
38816
34802
16950
17386
9214
32436
20545
34865
48092
12904
26566
11963
46342
57698
7331
3093
33631
50209
45215
28561
27968
24988
45363
46393
55092
13782
11714
38189
26002
34725
56667
15188
16095
32038
33748
30125
27875
28041
13540
50024
36190
27470
7047
9756
5692
48323
28529
41443
59792
48257
52185
38197
36863
51958
16635
14650
29349
10814
24668
26035
12724
8353
5708
16134
47961
32311
27009
27501
50208
27431
44332
56560
15512
43818
5080
45568
11350
34786
52070
53591
59084
58214
59991
10487
56929
16219
51744
39324
3919
26165
13038
16275
45606
25285
22565
44218
59895
13018
18002
5242
32816
26406
30808
36099
23111
47503
17139
49740
41256
9428
24450
11359
32511
51997
39000
20439
57095
52191
10063
32336
10010
30812
44424
48770
55861
33267
44412
21619
22199
27392
49695
53042
9352
44960
23071
49152
13416
37276
7545
31030
43542
50648
8353
37543
10222
24345
32890
46808
12855
44426
5956
44505
58834
23520
31380
28281
54265
9671
22443
43763
15226
18649
3938
15370
33873
25917
9221
33671
48395
46085
57698
7964
13279
54338
44602
21274
30502
10457
58462
7891
18497
35888
32412
27848
18018
5342
24114
53186
21546
26517
20968
27611
16130
36403
7655
8780
18330
32847
23092
26097
58781
51926
13536
49389
33688
47517
23770
14351
20018
9299
32991
23388
15316
59753
19318
41632
25588
19150
19003
52598
56758
8029
48551
51002
19911
16988
38528
13306
26844
42970
38139
27560
10137
42252
38826
48631
30630
24250
36369
16524
4875
46679
57067
41460
44157
39438
42342
37772
25246
4184
7209
42924
47507
53729
16548
43437
14529
53789
12708
34247
34508
36450
58145
24782
47292
57507
16635
28095
35864
28851
39281
29316
33045
45880
21572
38737
14830
32318
14418
52639
51794
41556
5744
27245
31366
7848
41131
42496
7291
24714
5319
27111
25855
45535
53994
37474
35704
43650
25997
21446
30553
14273
3055
23767
14827
13072
33603
22188
54618
58185
13042
28874
36884
9710
38674
38491
5355
51583
8767
58174
50592
47637
10061
16965
38642
36173
47674
23312
12671
44266
49987
44676
11497
17306
32121
47952
6102
25258
4227
32748
17621
44039
10414
8213
56752
26652
50544
57831
17181
38561
47013
59045
49271
36674
17216
3183
38951
31516
28333
50527
31919
55331
3778
30258
31519
26491
20065
3447
40622
50725
39624
41727
33693
17768
44300
57479
14002
35702
11191
44871
38983
16356
23488
32250
53833
41071
25486
28527
39440
16915
54204
7352
37662
23615
8295
56005
26523
13068
32923
6322
46260
29613
38570
28221
25966
40413
25817
35060
44460
21496
4559
27338
18619
27002
39359
43264
13577
43610
3104
22800
55872
54179
9451
49954
19280
31753
59050
27909
46929
26165
27144
10866
11167
50147
36338
22117
45547
33769
11493
54587
55708
10304
39278
52658
9411
21045
52203
37889
13358
5585
11220
53720
29032
41269
55096
45486
44684
12087
42964
26318
36983
45751
31421
54225
20602
24202
30944
12895
44548
57977
31892
10211
32091
6564
34079
12585
7701
32437
53279
14785
49896
16536
37860
58153
18604
19118
10027
38739
7742
4458
47006
16939
22801
27752
45389
24440
5396
44692
56389
14986
45667
21477
20628
4996
33259
12197
24704
47020
19524
9369
7930
14572
38498
24324
59226
27429
37057
33816
9767
38962
38151
41461
18213
24152
32698
27973
14132
24524
53770
7319
24265
40773
14032
18776
31806
13937
6791
42383
14249
56717
40533
49870
34902
43347
30075
29851
20080
51338
9870
16740
5195
16934
16934
21446
41855
5022
31912
6775
11801
52638
9793
34004
15453
14890
26206
18069
11114
28776
55456
