606
52825
23263
4677
51495
57300
57615
17096
33264
16568
21671
8958
55721
20929
13159
35264
22977
14892
43912
41699
20953
52731
13032
48430
24156
34706
50929
13133
52955
58453
3519
59806
59318
54899
12957
23593
23365
52557
56544
43202
50445
34528
49282
9759
16955
41784
25591
54968
36606
23919
45178
35124
39538
32319
16392
48630
22011
15356
52151
46482
47011
6913
42026
36015
54648
54451
39640
50188
8606
50609
28923
3157
18619
32937
6116
17460
15755
37943
36626
58899
40591
8117
4157
34168
7539
53692
53472
57955
21865
38731
38090
5665
49699
24185
49311
48803
43573
20752
41036
34075
37463
53635
22407
12467
52928
5004
45789
12799
39471
6669
48617
40366
31854
34043
16554
14792
35858
35451
20408
52985
49627
36628
44048
27641
28363
40630
45082
44390
53429
17799
46089
48230
23664
21470
6760
22877
5127
42350
42360
44836
20084
47314
44380
42801
44988
39547
52624
57167
20194
48053
6343
14182
54699
35519
17098
24494
43574
31543
24639
50632
43883
41590
41170
29911
22702
46628
44956
3798
3063
22346
22968
3980
13845
34308
18519
30801
40596
48550
22413
41244
19087
49297
13147
23248
28203
56410
19697
59737
54503
48084
37886
47912
7933
53050
46630
17312
26825
24888
31279
18580
24740
3749
28206
33835
25719
18555
38485
24367
47588
24670
31228
52011
4753
48279
50295
19956
19421
15354
21344
19089
55041
49125
34617
33139
48242
34200
56369
25097
11818
30125
45539
49749
32542
37159
43696
56260
14702
34077
33600
53338
30859
13125
37528
56875
54497
13347
49827
21143
38126
46132
17442
19066
54801
56875
47485
32062
36392
43773
53587
56788
19733
9400
50672
38028
25189
27992
37053
39325
35219
56867
8679
42198
21804
45524
34575
7774
34607
22731
16519
47918
4487
39557
58791
39347
55107
24557
18931
47036
35047
53378
34459
6711
52129
23935
20040
30536
58626
31086
11878
36677
33351
49919
25622
53582
5066
18047
37906
13825
57543
48926
23444
16812
38944
37030
3174
21896
39315
6584
27843
51377
56480
44371
45385
21278
13355
3226
38418
34683
7741
52690
7463
34042
53310
53028
49955
31815
13645
7492
49366
20403
34403
51748
21668
22837
47619
4367
13375
9873
49146
7215
11202
37933
9500
44604
42273
52982
41750
53545
6635
21268
19372
42872
11250
11951
11740
21236
22059
30548
45130
45890
27101
43315
18456
37678
34803
28771
31854
26316
58032
58009
41806
21553
38968
14357
42359
35271
7116
40725
53300
12136
20182
33041
19876
6850
47975
14085
25344
7478
47990
28048
12883
6460
4081
21467
20670
59707
52055
5583
11416
5747
49846
13135
32027
29175
21130
18973
50776
53322
14569
58647
38618
53926
19489
50169
57732
10585
19185
45308
14466
26472
12105
25009
16661
10560
8868
30790
52197
39647
12615
21419
46939
17637
25194
5073
5580
57722
59312
30835
3321
46870
51772
59473
40566
29290
44420
3347
26256
6267
3751
9674
11572
37602
36541
21580
48234
32777
44387
53635
48166
38994
44983
20537
18927
55789
43090
17429
17343
17748
41146
4457
5914
39968
31405
26252
57421
6117
41674
18019
24776
16854
29233
33107
47230
5532
52677
9924
17729
26214
11324
43122
25412
10414
9579
23620
58795
38364
56792
25660
11821
5577
40029
8358
49869
49998
51997
42992
44300
20069
41576
15682
4871
21472
33677
35468
39635
41836
11543
40042
44675
42182
32590
30337
57201
18814
6091
10013
34883
29184
49053
10694
30294
58634
8234
11828
22966
23500
44115
11993
50352
55180
34788
57461
23214
22330
12704
55217
42573
19998
41468
54373
20825
3199
59660
34784
28320
32698
26450
6335
20921
22356
18505
58934
37979
12518
27014
7621
59862
46297
41181
33199
58906
21009
57531
3389
9030
28425
20541
5534
21650
3235
11858
28224
22462
29583
7685
12604
35542
23378
35531
51745
55529
59308
35408
36624
10202
37224
43834
