1901
11188
7642
21040
5841
59629
33040
41527
36824
24538
25084
9339
7374
17625
6831
44943
22373
24257
44128
41732
5274
20779
34807
21748
41901
4543
7580
25911
7063
49074
53150
5299
13713
26627
13877
50114
45221
39628
37713
44008
26469
54706
45658
31114
11231
33530
38888
35064
32309
42204
38919
6551
5507
31556
43313
21778
10006
49582
54004
29215
58663
14763
53275
38093
42858
58027
6394
58469
14556
27926
18580
44477
9904
24700
5807
27125
18025
39600
43038
58413
43426
55171
49088
27287
4562
38440
34412
4158
32706
43432
37566
23996
18764
36307
28941
49503
10628
18058
41621
35984
49841
32991
22091
14669
23748
8412
48961
20639
58405
55623
21055
32704
14753
3746
39223
21158
34709
19721
9212
23553
24120
15962
16355
39740
20201
21655
50199
38946
15416
19786
32300
13824
22195
54096
57900
53786
19591
27247
44696
6927
45627
4056
54088
53721
55074
11404
3156
16205
7861
45488
33239
12661
55182
42715
4329
23057
23605
3292
40134
49025
54952
58191
21082
36509
18418
6844
57304
27253
51081
17688
56073
55995
31756
47766
57075
25081
28417
48824
28212
26668
12466
37052
22506
41604
3894
11834
38023
30260
54283
21461
25352
47375
27995
59834
35690
44227
31162
12810
53100
3835
56186
8336
51726
4789
22117
46481
52916
34872
5217
10164
53135
26904
57429
31672
20109
18169
34318
43577
10997
16731
51398
36610
41507
20932
23859
10232
55778
28539
41554
55935
50859
27057
9003
13388
59178
12852
51738
38376
38634
52997
20503
22214
32535
5024
10738
5798
26967
48562
4144
14252
4138
40998
33902
37601
58085
18732
55673
24077
11469
17285
28330
10445
20990
10310
5378
57018
25232
15009
31053
52708
5520
53056
13950
12934
54848
10527
10003
21635
53891
51387
49689
44692
36200
51367
21909
23322
54482
27552
40451
38164
41826
10509
44376
11015
31567
32727
17936
20574
39658
52158
45481
34428
18714
31509
47367
34443
19746
41222
39804
54874
3509
52196
5526
34714
12372
51748
47329
21630
44853
15065
43158
31311
30449
16422
56168
18756
28131
28716
59753
4932
23245
39691
18112
4225
59979
12891
39920
22622
51931
46805
15785
52575
47779
10808
28947
33120
57664
30364
11573
15229
24871
20927
10772
41756
28215
9642
32562
7623
11445
54971
30622
35563
44854
18657
13904
35648
47265
13049
37695
8076
35778
51790
24090
49592
14867
50411
25681
51129
27366
24930
27781
21920
38369
17650
28631
41471
24116
26810
51749
38018
27944
56791
14144
35581
10337
17486
18852
10049
13124
49687
38020
5676
53043
54161
14917
30080
24966
48575
58640
43124
5101
48768
50977
13379
46523
22539
59498
13421
13424
3613
57710
54802
53243
28550
52623
16163
13362
5985
43672
38335
17139
17450
14666
36190
17370
56223
43982
10330
32912
59913
4762
34799
52075
28562
4084
53172
18861
18512
50840
12529
46470
55204
14277
5039
10302
45093
22941
43103
5979
58804
8520
29361
36661
6034
3754
57743
27438
36810
21915
29209
30713
7437
10374
27385
24395
9099
44689
50426
29068
10229
58510
35435
56411
30103
30651
25904
44593
45563
4936
55573
46260
24885
35478
57912
29197
39837
9091
26840
14197
25910
48884
35181
56693
19769
24681
34744
48855
30469
48022
59630
14041
59940
25982
40906
16375
27288
53407
48527
43772
5955
50180
36468
33507
23267
28769
56692
43535
42514
25156
18141
22160
49053
5236
34514
41548
35311
18851
52591
28793
40180
10363
13226
54361
31510
42959
13474
12671
48254
45259
44895
45168
27514
26833
31706
8714
53070
10645
13731
57504
41046
42201
21938
34155
55867
39411
41437
3756
57839
55073
5384
6345
5837
55206
58785
6442
5459
7442
4237
37182
23008
58369
53216
54928
19567
11877
8957
52895
22554
32628
47686
5594
34943
20385
33621
5542
30698
57649
14275
33131
14040
20236
39711
33832
15530
14267
17781
43556
29457
46876
38523
53391
36167
36620
43792
8480
43135
52120
20787
31558
11683
57229
33272
3967
27333
43585
26004
6633
19528
45708
6121
55512
17674
37149
46041
39070
50066
48515
27944
19732
37337
22528
3363
40231
57066
16829
20741
38064
21975
16578
22727
32973
56739
38904
13890
11732
37233
16841
9980
34289
56192
11455
38980
43921
19969
33667
44869
13366
5085
48978
20862
15818
8841
41044
7611
18783
30738
34349
40870
22497
55062
12468
47330
56102
43011
25564
36349
17828
41494
59255
46124
42242
51666
33022
50332
22478
27686
18492
48353
11092
23701
6247
38051
55329
13201
7876
6927
17836
47025
17036
4172
39706
35531
12680
5911
17934
36606
19157
43939
19884
36748
24839
30627
24505
50774
6092
39420
55450
14264
46945
10891
3030
50362
26264
8889
29535
32973
19965
40149
21650
13100
20414
38641
43164
35110
43071
42770
23885
58932
29770
32712
36464
14594
36530
8471
20955
8582
15782
17455
19463
7425
54776
41272
11766
8277
34667
30751
51895
39438
20950
24586
29525
49223
46819
57915
48387
39450
19652
23457
33476
24181
21087
9199
16373
7882
37118
31794
10345
10550
17306
53826
48368
37233
35200
52328
3558
43415
51441
17884
37659
38706
34760
59113
13774
25601
40858
27356
23789
35246
22170
17436
15389
55151
23392
5281
41417
32650
19047
53313
8908
47442
39080
53910
46975
45243
5567
9557
55509
58625
53172
3788
59352
4233
55366
59179
29986
18057
40175
20533
21546
29787
30759
19063
59111
50766
10391
10789
4503
56465
47956
30806
20560
40289
22133
9521
53692
18823
37943
42151
31024
52793
47345
40891
25051
50731
41947
48243
28740
7061
30813
44431
59938
45457
30884
27600
17000
58625
39754
56193
34625
57450
36863
59099
5864
34348
44837
38762
36660
25112
56175
34032
20976
47166
52896
52186
11169
9782
39302
27788
51562
54174
41410
46473
21450
14405
55295
57398
43978
58867
22016
33879
28145
54609
38018
18243
19477
9154
26659
47206
37603
31469
30917
34779
26009
13954
51303
48249
23739
51781
17065
6239
59255
27199
7435
46585
51314
59312
19287
7963
52260
6596
41409
38392
40547
40138
47938
13834
12451
58338
25301
17292
31801
54508
14117
55168
52131
42344
15665
39258
24029
7910
4715
18217
27283
31167
14607
14676
8292
29879
29050
11086
10698
20046
14911
19335
13542
51955
27836
7293
31783
43570
50530
47397
25324
57456
48269
9529
50670
4081
39139
4617
51770
57721
53788
54884
17658
39265
55485
14578
32755
28166
59054
23440
22137
59596
56981
8392
9340
17422
34602
30210
12879
13920
45617
57572
35755
8654
45855
55631
50104
24395
35471
25809
3575
40942
55503
14887
22022
35953
53976
45590
29606
22566
22527
58973
32354
59655
45512
39493
33033
25418
49957
31733
49782
16239
7151
51907
18616
19454
42629
46950
48959
31776
4287
58159
34952
13338
35501
32941
3376
9532
54655
39019
12082
32097
8565
15460
57462
30301
4656
51889
11699
43239
21645
56898
37346
23569
43553
33161
15195
32586
23183
20537
57999
30045
23366
41269
29957
5668
53714
13676
33718
37151
31628
38366
59960
14021
54104
54148
21295
52158
47857
8221
29516
9803
40755
9762
18076
29027
9149
40806
26664
28834
21458
46426
6607
18023
35759
40365
48430
16197
22459
47314
47958
19015
35129
48999
12179
46686
37245
15246
31940
37203
57437
26465
37031
5616
6586
26989
56032
28671
53859
10922
6674
52843
27853
16213
28769
10328
50184
8915
11075
8539
17524
15856
32410
32949
22885
33147
48764
26402
30095
51754
35046
50831
40282
47498
29178
4232
24430
51669
59832
52296
36281
25058
16267
32488
22430
46550
23088
38197
22432
32461
37093
31568
58404
33645
49193
33662
18101
56978
7191
11055
17922
19695
39394
46453
17233
4968
49453
50197
19580
10721
4298
39738
36023
29455
24731
45475
22623
45283
26071
14789
25571
44657
9867
29237
59057
39472
58359
46590
32540
49907
56583
55552
39950
27298
5269
18090
4859
25823
54665
46017
30749
22402
34166
42536
35990
41039
38218
35166
4337
26264
55829
57675
20958
51359
30469
58212
29207
57416
55067
12009
53126
39352
25452
17138
27913
15670
17398
11189
24814
44582
24326
13197
58957
33378
46273
54455
11066
41648
49087
18084
58339
15060
50543
14714
33738
55288
17949
53759
54547
47902
48932
16015
51963
20865
26288
53087
16153
35592
49436
14944
24395
50756
16987
45301
55909
11355
37012
19148
14869
42262
54596
55517
13949
19454
11592
13720
50631
55095
16588
42792
50648
37666
33523
3347
30608
57725
9548
31818
54267
7330
55458
44878
52726
28755
54180
53095
30322
55392
11258
4849
46964
5514
22861
45981
41386
45683
11139
35111
38058
35437
42904
19405
37406
34435
38734
17768
44363
8174
39216
29111
47320
25292
32956
41338
24161
44805
57502
42525
23878
36850
19982
38481
27411
39025
27902
53280
37229
51855
53461
32264
23556
55016
17385
51351
58314
13281
50245
9564
57830
46711
3470
8935
50615
16903
47506
4353
17915
11600
19007
15691
20685
28278
22175
58824
12616
57829
59477
46947
25711
47722
31621
49167
25378
14731
7892
15083
52078
20445
13717
22489
58938
27223
52571
43435
16434
13333
22433
17682
30131
55299
3749
19541
57662
49858
4123
5068
58607
3317
18838
41578
23889
26052
47994
33153
51318
7404
17047
32719
4244
51446
37711
11434
52403
5259
29454
42250
3665
57320
33065
32574
13032
17447
40053
4084
13664
15800
49780
36467
50521
27849
45449
28844
55961
7264
14883
15434
3892
21847
18308
13711
30348
31807
39611
37453
18736
16516
46766
19994
16003
10287
32593
14547
39449
51142
57492
21206
50116
39238
24301
49102
22761
7007
28796
27251
20943
54893
9330
38917
25315
56504
54322
10895
19949
18618
50055
59378
18239
23250
46140
57506
44858
49737
49644
3098
42664
38122
27586
6212
53032
51187
9765
9242
23233
39321
20837
49942
10799
57292
55274
46718
57099
23834
31383
54469
23801
39396
7190
30408
47636
7464
38608
59011
57496
54286
55578
23258
21565
35463
48979
14543
46256
3753
31891
34527
26108
13521
19893
18817
59162
48086
46248
15513
35645
27967
20750
8578
59472
29122
39552
46220
6657
6067
54730
44313
4148
28401
35930
57158
5700
15111
7507
3339
45165
5949
34427
42507
38070
31241
18023
54951
3644
17006
32767
38079
13898
14938
24155
22140
32874
36394
49972
48395
35412
46404
16257
41683
13662
13959
12701
48403
23505
57656
12305
51872
38391
49177
38850
9321
45504
34101
50379
56958
18616
27188
11614
58165
29411
19967
57387
44151
28485
9727
15713
54965
43386
11648
18037
14043
41276
29008
40767
27233
46906
10241
33131
39310
11350
34396
39206
40722
4329
43106
26524
22333
34773
55062
41848
25117
46393
30394
6219
39393
41390
14055
43477
54383
18571
9340
42123
45198
40536
39087
48850
8888
28401
31015
10021
13282
12454
11645
32415
46296
8889
28656
51229
16062
16735
10696
43176
11785
49923
14071
39922
13659
3874
59557
31666
15260
51947
43230
10869
43939
42592
19576
28038
57137
57720
10934
48117
4397
12307
14373
18775
39470
35870
28395
24872
13827
51141
11955
44753
55499
14417
47446
22819
22933
12092
38103
7534
3253
35056
34594
3353
50389
5675
41319
47283
55304
12133
31049
27567
38488
49547
18265
13702
41579
49361
6215
42063
12883
42541
40555
39917
5004
6561
29167
3714
7379
56369
16028
57828
35289
39520
37808
54858
4760
40983
23552
30312
47967
35513
25340
38173
57968
17931
29246
21055
57137
6892
27568
55740
26655
33561
37210
6983
10999
7174
44616
45901
11813
26704
28782
47580
23624
34929
38485
49792
40841
30468
22472
8775
3275
11165
49247
29577
10555
7495
28175
3205
24432
46877
18309
27721
50388
49839
51036
18794
38452
55940
19499
11026
51295
3750
31763
31802
18514
24913
8510
16255
42171
46471
16704
28202
22001
50374
22136
25418
40813
35251
43447
40384
35346
17992
35607
7887
27196
18557
50097
19666
8755
36143
30813
51351
52845
56736
46094
17733
19125
5863
19580
46966
21208
11752
26667
33536
57182
15932
48011
45835
38117
58640
12766
30378
21324
26391
10413
11679
55816
15576
56346
10647
24968
24440
12276
26186
32785
57464
57914
57771
48703
54107
59592
44088
17181
32200
53636
3001
19902
25205
39954
