315
42802
57378
30342
42844
56280
42153
55987
31835
31061
6457
26630
11199
14046
18543
43316
6259
15636
47806
28719
24865
9524
34779
19452
28037
20028
43257
38278
26764
13416
37438
31589
8610
23139
7118
53050
11242
42866
11698
37593
22308
33021
44132
12679
7360
19871
40714
51393
36186
57203
53842
54327
43831
7926
58972
27101
40782
58332
5477
22689
40854
16821
39706
23676
48516
15079
40229
57786
47652
12315
10551
42283
54734
49240
19101
3321
3492
21379
57355
41340
4494
21674
23954
44124
53321
37059
40424
42946
27974
55013
32000
36545
22580
46511
21671
58524
39278
41746
16690
52007
12293
51286
53842
53336
48807
25271
21544
5661
41710
11808
11053
33920
15173
43527
8107
48847
40485
4125
38152
33611
23287
5326
50200
19759
42699
39468
19204
37752
9240
50820
29063
55297
48329
15008
4230
29166
31242
55717
10326
19121
44231
47391
46214
43032
44163
47167
36880
45557
48691
5398
9993
31666
51082
16274
54965
30787
42770
54623
39748
28261
44701
14791
27168
3182
20361
39374
49044
44086
54528
34603
44257
52582
10965
15915
32207
38737
34079
5870
11895
12660
7133
6510
26459
11518
38825
46188
20963
4479
45056
24704
20757
8464
22829
19228
12705
55287
18889
9170
19093
8301
7285
6709
35753
29462
53865
43744
22076
3002
6853
25025
32598
16796
21753
34220
41841
51454
5708
34941
3205
36030
7409
46905
3742
50678
53733
53201
13557
53954
19968
5381
24190
24054
58397
56075
48362
12430
53554
49797
49713
58085
3801
55273
49744
39797
39775
22687
44347
25581
11272
27726
50803
5755
58292
27477
28049
48034
4338
46350
34743
54605
27874
35272
31593
9397
24416
52226
43795
56413
38223
43435
49552
36408
22592
55551
22940
50404
35072
30864
31366
39684
48686
5775
39854
38246
33866
8210
58397
14792
10374
13183
43858
29023
7450
28947
22976
24934
13525
39737
3542
22685
59264
13241
44897
21442
20422
5046
12192
56047
37866
21508
44876
12899
14771
35475
20845
11855
