541
55802
37423
29261
43332
24391
28624
10858
11360
19448
16570
26166
38798
52213
43767
41339
10510
18399
15011
10119
57774
6643
3950
19351
52435
14629
12122
38880
45454
3668
20346
45441
32882
41083
43596
16864
12323
54372
17474
19350
53661
47937
26764
21248
51551
14008
52230
20104
38742
14142
38852
46394
18663
35954
23423
7985
51047
51328
58401
35000
6044
25287
45857
54404
13042
57204
44461
28498
59119
27960
58160
5844
4278
5420
51526
12296
32255
43696
20924
8773
32697
44408
31127
44464
28653
11242
52992
16430
33774
41638
31872
44040
8291
22406
39322
3226
6963
9387
46704
45777
27990
32042
14111
3593
46674
21627
10080
45285
28238
46615
59680
7062
41414
36277
38366
16004
24150
3465
41717
20287
23328
52560
50910
35008
36754
29118
13462
26900
31594
11529
25831
40444
42777
45587
7917
43714
55231
49900
38409
38573
8943
11142
51797
37028
39869
48084
55985
48192
5300
12852
41433
44023
52623
43864
28608
48609
56279
37598
36125
42981
5494
13410
14671
6579
11909
30035
30904
27848
49945
28618
36569
35407
53964
13895
57825
34818
56857
49573
26092
45645
59143
42715
27881
9148
59779
48711
41028
37344
48783
54218
4449
19551
50827
3614
40787
33565
17079
56072
45235
4068
56854
28603
52806
56623
47393
25241
36930
59447
19538
14211
51726
7530
18983
12728
40299
13676
17115
47191
53319
33798
28432
14899
13313
35420
53609
23141
9906
4057
6586
3177
38045
30186
45314
34012
8051
27316
45048
46496
52247
26562
26508
39821
55120
4303
35806
34524
8088
13137
4676
4346
10920
10215
31314
37447
59970
47649
11600
35457
48335
57775
13423
51887
32052
59352
34968
12153
20470
9193
26291
43081
33963
39739
33368
51938
52293
58502
13669
41236
52220
5063
55836
28229
15288
31253
52437
24377
34311
28723
29351
10018
48060
47058
6912
8474
36959
29042
20922
42855
26057
53259
50020
10892
33544
56998
27907
28629
25002
53332
59745
53129
46926
42960
30494
15456
26253
47048
28646
25016
36846
23794
58889
26528
9318
25930
57805
57061
44450
16520
38933
41825
55121
29695
57890
49257
58976
23502
16680
14096
19768
49317
25236
27740
33933
13436
32232
51974
55464
53842
56426
31096
15030
41452
18369
45088
35403
41858
36093
6601
52522
45423
50251
56131
51680
54231
57037
48043
46431
26892
13839
33997
14250
21319
39889
21464
14488
6607
12954
18745
57139
56166
54895
15862
16264
17526
6253
40349
3690
53989
28627
26413
44286
28833
51210
11209
34209
26523
16081
30089
51150
12308
50356
8444
14187
20588
51047
28887
53465
37115
29486
45115
50359
32900
11959
47460
10955
25509
30396
36828
49019
28654
47992
9995
24000
49261
50099
33323
9406
5215
34950
46717
11116
23978
54712
43336
50596
19805
26405
30342
29185
47285
57769
10323
41691
48706
15981
13965
40390
19124
48500
55074
19005
43540
29604
50163
57998
22218
19795
3653
15787
50030
31919
21837
38090
37922
13527
5445
38207
54319
52980
7273
14865
53760
57902
38200
59666
19740
36074
17093
11513
13666
59942
49508
14568
30839
19982
15485
49371
43394
28295
44212
35914
37475
31085
38505
24749
49936
13961
3440
50950
5971
15052
13483
50315
55300
5752
40994
36774
11003
32440
52857
45765
11497
12630
48402
54445
15034
20348
10182
18061
23921
53232
48045
31270
55099
32762
58492
14914
41087
59250
59718
46643
8363
23974
25108
22753
26424
39398
11712
55867
58293
18452
8153
