2094
56573
39752
46121
53688
44407
24574
23321
24048
53065
31191
29208
59041
56505
33651
51840
35197
31329
46865
58849
51030
30002
38516
11588
17549
50115
53855
3556
55707
12804
21412
4450
6063
18060
38058
7054
21527
41662
39180
9811
7504
10047
38150
38133
18600
53044
6667
35122
28118
54772
25811
37162
34563
27595
41933
49808
43618
58085
15809
11492
51567
37007
49678
7218
34885
43659
42345
22956
40165
10319
41120
49141
56030
31211
11297
22747
46705
6394
21905
44053
7500
43744
28870
40290
40270
42319
57912
44575
53246
26422
7905
22472
11578
27019
9021
15302
53100
23004
41522
12796
37423
9108
46538
11034
25586
46954
19334
7784
46049
10558
20788
11632
47614
23795
37801
32862
20980
28221
35561
59227
42875
45576
13257
27818
57826
38978
55648
34480
42724
32876
22324
23293
13941
45235
5166
5633
17817
18335
33949
59233
24888
28242
49768
26698
54454
21763
14375
28781
21798
38233
34410
46906
19583
33689
52381
15830
5632
50010
52463
55386
55234
13364
58870
25957
52055
34161
29954
52468
40815
51326
49198
6601
46935
52859
34403
29340
8441
16941
23589
39928
21379
23638
5981
21027
33569
6599
11088
33847
42184
3871
35885
48663
35498
48547
49762
49287
19633
41377
54360
33569
51173
39370
45591
8249
53078
11877
44489
15656
5982
56723
27184
4120
12365
3429
43524
21092
13312
9859
34966
27824
20077
45785
9975
31797
34399
16226
55661
24111
31678
28742
4310
15985
32496
36058
29406
56296
27348
31954
20319
36919
59046
21088
53513
20849
5569
19248
51688
22438
26819
40356
29191
50726
40647
41875
5976
8772
17250
3494
47157
54207
19866
45756
55301
18555
28690
59387
17697
12974
54249
49419
10296
10074
12403
47894
51222
47550
5769
34580
38002
46438
5501
22753
37944
20122
46483
33044
31546
37297
36749
6161
41922
25551
27361
24010
46559
51523
26351
46289
53707
20457
19816
12070
10434
59582
14392
16172
54103
37821
13325
18435
54861
3499
41571
41455
28029
24438
53997
43287
9262
18034
18190
32309
58472
11544
43390
37110
59126
57715
52492
38944
46759
36227
57895
4096
44257
36546
50108
42281
22745
47956
13636
58906
10296
13098
33508
7551
22517
27497
18540
24069
33492
9542
9252
7438
11855
41065
56127
41262
55890
15182
24907
30372
22066
35541
29957
29843
29263
39484
45640
14417
42766
47491
23117
28439
3645
20114
23519
38331
27744
36695
45487
36114
8689
3165
58041
54284
19245
50983
45779
58682
31755
6410
35222
3331
37139
20991
31142
4334
50336
45896
28832
25781
15151
46125
40167
8758
26349
27472
17192
18201
47777
59178
57891
17984
5380
5523
20063
52635
9733
43179
27465
34077
51536
53020
45831
10140
13741
48518
43318
11132
45379
6540
50601
36039
50809
20227
41090
53316
23428
49802
57158
23676
46006
8444
3813
9777
39968
16378
11395
55217
45766
49033
54074
13660
43198
6909
45687
14326
44076
9550
11906
41104
27935
26953
29553
23334
45376
18344
24307
52672
53812
6420
35138
35603
4334
18237
32448
11562
31899
54282
53410
33312
23051
56424
21827
59360
28210
29487
20851
24636
9991
46007
25228
9698
32492
35866
34552
46849
39248
35940
6975
34910
10233
19490
5702
59139
38270
43904
4040
8100
3436
32126
53276
43631
25701
24679
54569
23301
11952
55497
32053
48571
32366
37844
54932
23920
20252
4059
12303
39584
41146
47648
10699
55554
27114
5123
15126
34659
53520
54674
26882
38485
21242
11665
27139
55488
11280
59077
17631
23879
19649
18136
8782
31627
37101
12983
40837
36575
49577
52843
36091
15356
19360
16987
32746
5251
40765
31258
26014
27002
50426
16691
54399
21427
50255
49323
41302
13249
58874
37735
13891
4231
40041
54972
10254
26084
19499
30859
3907
5086
41458
5627
46144
10347
37109
29284
22574
21227
34010
30737
50607
43726
26296
18119
16994
22003
10430
33989
56446
45932
34663
32379
7742
7075
31784
9210
10585
38784
6108
9887
12262
28474
40975
7258
15216
52253
33533
9012
6261
17220
9237
52827
3236
43932
48761
49522
20970
26771
22964
14965
51381
20082
10449
49646
58420
38585
47477
36499
30245
56213
14730
5072
14808
10680
7433
31144
27974
26885
51229
30042
38406
22810
6220
41660
35074
6050
49509
46384
35852
53737
22955
6166
24442
39389
15094
47562
40205
36714
20253
50490
27192
47680
25679
59288
28352
32391
47394
28914
52026
26500
13811
35637
32688
58949
45900
56719
46666
49122
8287
4338
33222
11815
53162
39473
55619
38690
56482
47547
47119
11008
34321
17213
10677
27889
41898
53790
55330
43680
54565
9941
15664
6196
11468
51123
44090
6739
18130
25896
23515
33381
55456
54356
9314
46959
31569
7891
17942
46699
53892
13338
43116
14463
39115
51417
44497
11725
53151
24306
37087
38926
48173
48150
18937
25763
36077
3943
27938
52333
3769
24796
31041
48981
24284
17058
45324
14212
8564
6836
43388
51601
51861
34938
25873
9816
58592
6532
10682
6307
37903
46675
12484
34442
20519
34191
21953
29608
47270
25155
29968
39587
5320
3357
11312
3873
17466
55705
5352
35753
13258
57723
40883
27040
23129
49741
19401
12557
37490
23106
53410
54426
28745
29774
32783
47011
8775
40337
48548
6699
48219
12597
10701
51182
24295
29101
58322
56742
4705
39526
53361
47068
58549
13333
29133
17685
44255
24357
24450
5625
48369
21992
58012
10365
47787
27607
44476
58032
27983
25163
13575
41602
35135
51978
10631
32255
28659
17902
15043
29509
34232
22028
11965
34061
12979
15211
58825
58108
3913
29383
9305
15584
24068
55246
46651
16538
6270
55858
44201
53066
7750
49791
48758
9996
22819
27717
51681
22767
17985
19609
6149
14271
33065
22487
52453
5479
10894
25640
10118
22468
11764
45993
23412
45715
5931
53559
58587
56993
52176
31176
26521
24130
23085
26133
54275
44212
50233
27033
17986
57504
28528
17222
47045
58675
39629
49684
37386
11968
7704
9502
37196
49063
56078
22855
46472
52190
15786
23122
3352
44699
47537
5629
11333
32233
13221
29193
12823
52509
19892
15146
3534
35156
48814
45648
57294
31313
34500
6264
24297
21553
12897
47626
35000
35736
50480
5433
48903
23272
6051
43845
24752
34153
4515
11460
5263
47984
5043
36449
10723
7502
55880
46470
5858
51743
10461
45332
16374
42953
15851
13082
20676
51426
24406
18566
5744
21280
10095
40507
22935
51015
5915
34490
30744
48882
44710
13477
8356
30217
43257
57599
13647
27812
31019
19886
24154
45577
13360
15895
27308
10932
22053
28879
33503
30245
49429
14561
11753
23109
59018
54534
18732
43729
29616
42340
10310
54270
58879
12857
47557
59673
5437
52691
55527
21839
22698
46424
42593
22811
42834
6382
13493
7399
54477
39328
3423
41162
59333
6371
34579
35179
23301
12743
41137
56360
50188
17644
27164
12902
39200
50667
27553
39797
13711
54890
57354
12564
30436
53674
30917
21908
14513
51259
39267
45857
20874
21789
37573
47372
27004
7635
16409
24412
23273
15887
6418
55592
19831
36845
40126
21023
59793
49018
21713
40264
38800
4124
31270
39078
37033
55669
52732
5550
11464
44775
13649
6989
50889
37714
20536
48439
51908
19332
28153
3714
46651
41543
41025
17131
19969
16418
20373
22581
23666
18006
20233
16210
15589
56200
37210
8457
41003
24273
45772
11681
42309
6376
13583
25847
32522
15962
15669
28803
47044
31171
57879
43215
39715
3383
52673
8035
29505
31782
44734
24521
56376
38314
58744
10462
31153
55706
13944
21853
19993
19151
18187
12981
22251
17174
41318
27002
15427
5792
52489
43163
6594
17327
53757
29493
42146
38715
35711
21895
48699
56239
29153
12138
37210
52507
34688
5231
26453
8340
29950
57008
44286
57881
56079
59163
25915
43538
41882
18999
42869
57944
30705
53666
16932
14827
24136
5264
13977
6159
25649
16318
34390
23409
24583
4540
52523
33253
9356
18829
16266
58317
11057
12692
43632
42736
31259
49594
28600
36150
40831
11244
10858
34377
14957
6029
49197
58738
42144
53925
55415
31867
23536
4015
8074
56120
48813
28817
17920
21420
15110
10354
17235
27708
40466
38507
13664
22612
9712
37897
3052
7583
39083
59075
55530
4519
46182
39249
10983
41109
58710
45878
25412
51369
36277
33197
9737
4748
53246
3134
5667
59799
6887
18167
39542
58776
59951
18897
9622
15576
12779
9302
26105
27457
16428
45139
42504
50471
11428
18196
11248
37389
40264
33311
20284
28205
12698
39636
6434
50709
43137
52584
47561
53692
24776
20130
48735
58538
31760
44398
19797
6980
3586
5194
34331
36773
54554
39653
8042
31056
46173
3952
6852
32066
13519
34807
20034
42695
20752
15449
55119
42781
38805
30805
21754
40935
18975
46233
8922
20562
51232
29015
37295
47283
17770
16312
48796
52145
41261
26546
32465
35572
31174
14571
39798
17134
36206
7106
57835
47015
43692
6531
45915
23365
25575
11686
19406
9955
26790
50875
34174
39087
34045
51891
33555
9879
21790
45933
46022
47457
44295
39015
40601
43173
58371
37339
28905
22448
4623
9489
16108
17729
57718
52420
45591
37050
33687
34986
16030
51620
39033
49151
8916
37855
55351
54416
35576
50750
47209
26340
57593
42114
46441
4270
37208
12936
12192
41462
26425
57407
21285
51713
48436
51574
43498
34033
31359
52035
20794
6427
55820
13314
3928
4880
38192
23758
55381
10447
40008
20175
55294
29505
45127
55262
27161
14907
27286
18359
47206
15057
48353
16419
36523
15682
46381
33980
43409
43651
21068
53530
5936
42360
54330
38940
8444
4211
50989
57650
37153
33709
25432
5677
28818
23890
35878
37596
17029
30692
16401
50604
7550
30775
57183
14810
31937
24660
27274
39075
32615
56737
7997
30491
56994
41077
34645
38920
17067
37840
55855
25982
26646
23291
18576
26965
26474
45779
6350
27310
20632
8777
50705
38707
38390
30925
4104
54824
22227
17021
11137
35137
30059
30318
19692
10758
50143
59370
32661
27459
30032
10686
52361
28699
9548
44399
56001
52342
30355
5171
38942
19663
7687
8747
12710
52696
12251
3192
43238
38332
55030
49738
4348
44298
20171
19149
14577
56475
32086
27336
46179
42787
27446
39435
13636
24254
37928
28129
49474
28414
22798
58214
39081
33147
28494
25891
28606
32293
43077
17446
12407
17185
5974
26671
52254
25942
23448
59117
18033
12069
11186
32432
12695
9894
25278
25091
3652
4510
23042
56867
10048
43398
49926
23324
20093
29448
53594
28290
56463
24053
4125
3784
36690
15760
12903
13949
8001
30895
26139
3854
9477
4979
3468
26564
41706
59851
28005
41196
59909
9913
16015
14952
31380
3190
54976
33683
10207
33698
52507
36100
49768
55367
48050
18628
59810
56866
18423
50276
23423
29206
55610
52195
29682
6796
37760
32494
47630
26829
23646
41546
43703
43445
51347
30978
24283
22077
13350
32149
9671
23839
45372
13249
31465
28824
36438
31655
50845
41345
32579
56084
48778
44923
47659
21459
8066
38278
20880
55292
21948
52191
24073
48087
43508
45086
36572
27112
14017
42154
25190
21152
52682
40574
10484
39022
40534
8516
46488
32779
44495
32685
45729
15138
20499
4210
55762
53278
40553
17082
5709
36574
41234
23279
46876
41817
31945
42795
54137
36197
59168
13163
42984
23313
30739
19462
16795
58912
24219
16658
53613
45955
58634
44560
4851
58434
26822
26628
53788
26442
13137
8515
10820
58722
7015
43561
3913
59178
46889
41373
54151
49923
53101
36799
46387
52544
51793
51593
17258
18237
9801
42858
39957
48745
23721
47785
41432
28961
35014
6169
36089
3736
13093
28028
18774
43886
28415
20225
14237
51772
9922
55715
23395
35972
33783
10387
32959
55259
43048
5839
22241
47317
38110
32036
4518
24537
9875
13777
18211
39611
56996
34974
27753
9557
19603
11990
36393
33484
7622
11971
35572
8920
20206
9800
26701
24863
5199
13222
21963
14675
58598
37616
30365
41307
59329
37373
58499
3549
31096
58280
59422
36421
32077
59120
52204
51589
29719
38934
34111
35081
21733
39377
34062
23329
4378
42563
43431
52659
29377
7061
21163
43290
20327
39080
31314
43314
30696
58284
41967
36796
20731
5599
47168
56159
57045
22211
25332
36878
42525
9843
22473
38894
24285
56390
32962
28750
28720
16241
17204
51372
28810
51808
58415
3014
22471
16175
32827
50521
41670
45945
29624
21229
11127
59057
51293
38444
4897
41941
53599
13107
32947
9210
54546
37647
35424
43685
20006
41228
40109
56484
45178
14183
36097
53481
50064
30264
58219
49000
37086
25744
29344
17506
49283
41203
3896
39393
39854
19719
50021
44867
4540
12088
12161
43141
59486
30539
50380
26599
45534
19909
16779
29147
51725
53941
20411
52346
25778
25980
38315
28119
30060
41099
21127
55753
3768
34634
35263
23283
14577
50814
18340
58467
54134
44898
37956
5898
50986
35035
45637
54590
54566
11935
27901
52211
35449
31198
15605
36892
8883
49113
42425
51024
57147
29054
8139
35583
6586
11587
54027
52065
13089
48962
6282
33364
26664
56156
47555
45400
50154
5638
19227
45459
37717
12963
45939
33177
22488
28192
34554
57097
37188
3713
35945
12893
29304
10729
45100
45728
50090
53563
44884
50792
37769
50975
22311
41206
40746
29211
45285
31200
41468
29198
24585
42044
41803
20542
24530
42384
14165
21130
47201
56246
16204
44995
32460
27668
53099
48312
43295
21792
9316
29227
19745
20725
7618
37992
28982
19282
13018
41728
38450
3665
24586
40600
33109
39879
35391
52880
8816
