676
42591
39336
34656
20803
17321
45537
50694
45024
41363
11626
22835
40391
41810
49281
53982
41617
13401
11497
46306
19217
51425
4894
32249
46168
51263
51552
54496
19771
8590
25186
23842
15059
14911
46701
3874
27025
14792
9260
43076
34248
34857
3214
51990
55785
42091
49819
18340
14749
31828
19933
21425
39521
46640
56540
7081
43272
53357
17135
43837
37641
15825
15164
19818
56108
59290
26629
56561
35969
23805
36640
24870
11442
35761
33212
30841
17080
12717
6776
11553
6941
33997
6044
53790
35167
55978
42932
12315
47146
59753
38458
45936
49326
11006
16343
24881
38782
29400
7255
25728
33953
55387
9325
22304
30719
36788
34728
53673
55498
28180
20609
4234
4027
13973
10079
26742
21678
35453
43954
22115
40498
24784
16626
15359
24073
3433
9772
40842
17642
46972
37706
48723
11329
42651
39303
8130
27395
8043
36028
21997
32597
24074
41941
36381
23809
41863
24673
56714
51993
34163
4169
45636
18024
49968
42562
49007
41769
18049
58468
55662
58759
30980
25880
3985
37963
14355
50213
14240
41681
50712
21477
31073
40248
58999
41683
48800
11109
58744
14309
9756
44768
20360
10128
20606
14641
31443
36754
10553
9541
14659
52447
41983
15383
15948
13767
7974
26365
55330
34405
30299
6406
48324
40338
6291
30075
30321
30668
17596
45675
14621
8930
56457
32777
7865
15427
9181
10480
56542
49406
10987
39724
5830
58696
14130
17978
33461
56603
24453
6468
32312
46312
29481
6355
45900
41640
23474
34185
3063
7562
23262
21324
12344
23685
22028
19698
12615
56903
24171
56538
15032
51224
57103
15563
56065
52255
41421
54556
38573
40632
23392
27207
47109
49856
11272
34303
50218
19432
25022
14059
14339
54136
6009
39348
35115
35667
42019
58822
27285
32465
54062
18417
23326
42526
9747
13846
53961
23876
31270
22240
19775
59270
45008
53966
18481
46132
16232
56385
10127
17801
13547
44975
27184
53321
25680
25090
49049
50688
16311
55464
39144
6874
4819
25069
49027
37408
5673
47220
28316
58347
58251
46151
4822
19881
57009
4373
20595
56733
46314
37989
23898
51321
46782
51933
52930
33637
21803
30039
27806
37445
53918
50724
34656
38873
32537
53856
27598
9039
16055
11429
29267
15279
59456
34245
41356
14260
54383
49311
4916
18772
10611
49645
25757
39445
19151
38524
3330
20231
4885
18182
9178
16182
47195
40583
9762
7281
20146
43609
39252
9391
26133
36880
48100
56145
17624
46746
43645
54993
50216
33464
38914
36145
11948
54533
33127
35223
56797
41945
41046
23628
3280
13232
13495
11869
16293
7962
31341
7412
6024
9787
15099
14404
26860
49595
47321
30355
18690
46084
45989
39605
42914
6839
14485
38094
50246
17805
9388
17827
21277
50494
10016
38623
7004
55052
47408
18833
10593
47375
16531
8302
13315
48320
13816
27445
3187
11409
11390
38648
59698
8747
10922
30331
44557
52130
51330
32738
5946
29666
49129
39347
11551
11820
47268
19693
28034
23197
14374
51095
11908
11810
56319
28925
50997
30810
42619
45947
52304
39184
30805
56338
28897
36404
41529
49641
59708
21573
30972
21212
46215
38452
20732
33639
50787
44045
25332
7717
14678
51146
12879
46522
5453
41724
16605
46492
50588
17121
33237
8895
35327
47287
41460
51509
16056
19985
19644
19899
46131
59259
25030
34229
38963
53764
58338
29580
33135
50226
33349
18678
38958
22524
54632
49085
53894
16796
37824
47273
19882
56355
19044
42286
49273
51678
5741
7760
40233
13066
40529
19159
47500
13591
55102
49876
19871
6994
25421
16887
32561
8849
19911
58026
54012
16242
17097
48927
46682
18902
22277
22558
7753
6016
5424
18364
18552
51700
36666
29851
15413
7018
37327
55122
24817
38035
9097
48539
32588
27248
52484
6298
15647
5727
27327
42510
8414
19201
17720
38082
50758
48112
5644
51847
54052
21440
58571
26191
6639
46177
51321
9624
34846
14281
8154
7586
26671
26073
48424
47172
6021
37179
52965
13591
10717
25560
33359
58736
29594
27639
47355
8410
43058
40892
28116
57305
13330
24198
30811
39780
46152
25800
13428
39243
17917
5185
9935
44479
11426
41918
23394
35522
6353
11275
6331
57364
29993
26737
14383
36241
50037
8957
52734
28810
48946
54833
32658
57730
46556
17569
41253
55326
20085
12026
22602
43098
17225
5426
44875
20531
19825
13208
