1304
5083
36621
9239
37285
8206
27640
37084
25838
21266
44206
21859
5418
14603
51703
18880
22740
41780
10461
57755
3794
10919
28065
6195
57005
27237
44333
39639
14716
19471
33245
50317
13543
3289
12068
13128
44116
5647
49052
36621
6052
54286
33522
11953
47558
23960
16209
47472
57030
36418
6149
30400
59680
23241
44410
12305
27110
15438
25475
23274
31154
52602
36241
27467
26105
14326
52725
40158
35412
45153
12637
49995
18619
11855
34074
19086
24473
30502
15205
3454
39822
27329
53139
22765
21220
8283
27329
57163
32715
11383
24512
5766
24773
35343
24353
35077
30744
11681
34923
44055
46307
51917
49143
49928
3160
22748
11262
45647
35000
54454
20774
14449
52092
37234
55060
9589
42499
17432
15479
27655
3038
32975
38587
38190
11691
41536
55629
25538
31279
36936
6966
50531
11117
55456
23630
10381
19176
8421
46832
3554
42937
24838
43136
33151
53899
48006
34830
27819
58331
12751
32400
57702
59385
22690
20553
26019
51502
25418
25378
20163
54972
7112
56469
39330
53884
33806
17364
45172
49710
15754
15346
41040
32881
20789
46354
4760
33163
39312
7914
48952
15088
49278
58431
20997
43002
14086
12760
51713
17619
16575
35313
30981
37276
48457
49340
14717
27584
37823
41111
58825
59139
3203
13274
8460
12039
20195
40048
14344
50742
49415
54597
48948
29674
20107
44462
6503
25783
25605
40654
19906
47846
8846
21334
44007
55858
10811
30567
20705
55114
55619
34375
21188
8645
45700
36425
49464
59730
4541
57512
49176
20136
44944
31304
11952
41206
20310
33326
33971
29013
6629
15722
20251
18037
50732
11943
41848
19653
59768
39227
32445
34563
48865
47788
50367
49460
36664
40326
44750
54216
22837
43291
6220
44173
13623
25023
50020
4532
34710
28310
30605
5121
46881
29491
27485
10885
34478
57797
59450
25322
16150
50233
53894
10223
48252
59062
31562
15673
19531
3805
41391
58026
48700
44353
38174
32720
21751
6702
35524
55289
31980
48499
10758
27228
15722
56131
41976
4285
13267
30471
48278
6584
52297
21351
29840
47202
7586
11287
50424
33865
11457
9964
6691
9920
16639
56712
54362
27877
32827
9508
37654
58406
8673
44553
33229
34221
31174
42998
47399
46940
56450
15326
9044
22983
28957
51862
38276
3816
38495
43827
9402
25168
58494
39797
29960
37286
44749
30736
56094
32591
50108
22082
26547
34128
49034
44422
37751
28101
42412
4633
17895
40108
52852
21664
6637
29925
39586
17554
31987
22460
41403
56906
4704
54644
22581
12807
54477
4508
5784
23629
50364
43724
34444
48766
3853
57131
4233
3115
27400
24481
37824
7266
5044
45707
40352
36148
51262
57611
3044
3351
20116
47782
26405
26121
36000
18344
43358
14214
4611
25429
4931
25768
13647
53942
33337
4106
12538
52504
42600
15261
13130
55893
25444
3847
8228
52248
56153
22527
23873
23400
41099
51871
37526
31100
14234
56426
51631
37940
7024
58779
26342
12351
19891
8879
13373
17264
42376
59862
54712
11852
50114
28981
53936
21133
17379
5809
47279
29402
38153
20910
49039
32779
30229
20656
31823
20013
43252
33538
37005
29988
34197
57983
52042
42446
14693
59609
14036
21759
12270
56149
38173
32382
34296
13077
36864
27041
33703
37199
42415
56630
3527
36993
31195
26288
6854
6729
43292
52353
11033
48835
26118
32459
5598
22972
21026
27898
43315
9790
48915
48610
7413
26432
57186
58550
14898
35557
21243
50678
20244
44750
51860
8442
44048
59905
6800
35743
47152
57151
46379
4273
8017
44007
16068
39424
50196
12626
5693
46923
37081
30864
33365
33250
47039
28454
46289
36085
13061
40264
4326
36961
55578
34684
30522
54060
22575
44080
15051
5402
26688
17888
25407
49915
54461
10849
33252
10251
30654
40998
53335
28628
9439
53503
29212
51724
59735
36724
11649
43925
22948
6657
48175
10045
8779
47292
25247
35760
5871
57578
20301
22904
31494
39271
36746
29039
49029
42765
9800
37699
54878
15358
23878
40186
5870
24868
28425
23716
30931
49780
46830
29903
36586
25708
20607
59172
34054
54824
34159
13325
22419
46065
39623
8880
5370
53598
26018
33369
10256
36560
56104
42162
56880
4076
19396
19341
38598
27775
3695
48057
20860
19594
54717
9061
7035
29534
46584
57859
38617
34554
12386
5873
31815
4134
17795
54723
14416
52255
13254
28934
4559
54759
8738
52624
33084
39417
50525
52969
4016
36951
11081
53387
7800
40974
41321
24287
40420
6222
21830
19623
58365
37457
36251
10569
16680
13121
4386
34964
41513
44128
37701
55176
48825
59158
19374
47054
21414
4152
45226
10055
12069
30290
59135
31843
44626
33967
55674
18515
47147
39962
40262
42444
9889
43094
58960
51868
23284
16129
9293
18009
12177
30521
22143
55060
13088
18343
34033
41419
31624
55749
6547
8838
56524
53677
56018
14664
57958
22052
23007
34362
46301
48253
16058
31829
27811
28380
43313
18735
36734
52744
4935
55864
56983
53177
41204
54210
47633
23896
15494
19983
49021
11590
5054
55445
23025
54475
57741
49729
38723
50972
49812
48872
38038
54024
15457
31848
28840
11062
48267
13007
48501
32610
15497
38514
45832
32915
12168
17093
21928
33798
20308
30738
56894
51171
36692
55892
33058
46900
32611
18491
53939
41305
56866
41786
49334
35655
14217
42087
48232
55670
26586
45142
39178
57807
47636
23802
42198
53337
55586
8640
17429
46913
6005
47287
3608
47087
22626
31201
50480
42340
35528
50456
45351
57291
5313
45753
44588
40051
53931
54552
24049
18526
11440
20787
52079
8633
9882
49961
22173
31195
58618
11137
53130
28403
35870
33895
23697
58933
31364
23430
52769
18737
54572
53639
54352
40494
10280
58976
58982
15114
50690
21519
49395
59842
5999
45903
11909
22210
47294
18417
15446
19481
17644
20214
56242
57516
40699
37747
35273
37120
10806
3584
6239
34465
57322
16638
12151
7776
23561
48362
4963
22010
42039
58695
45979
8262
55328
30515
31573
33149
39893
3682
11637
29316
27393
49827
7694
9042
46710
30047
48942
51768
34010
21055
4974
35997
20943
32688
51047
29944
8472
27369
17698
26983
46223
56425
34352
45824
46192
49104
28381
13862
56654
52147
29347
47262
46491
29025
38720
20742
24984
44090
20152
50281
26464
44321
26103
41646
51265
22489
8330
56130
14369
56386
23401
25655
54074
52249
17594
36880
52229
54501
53753
30315
52121
14749
42223
7506
33671
15209
3343
11985
22298
57091
33367
21178
34435
47904
30035
7493
30601
56933
42003
52969
57564
14965
36183
40037
58428
59075
34633
32982
38843
46459
45734
21172
9663
14735
10662
25602
30328
17709
35388
46041
30137
28438
10673
42977
38651
32382
40339
57906
50802
37676
4430
29253
26479
46167
8470
4508
5202
7773
53512
25116
7252
45486
52638
39194
26409
33243
46732
9788
55114
14334
11076
15799
59654
10416
28235
35136
7319
50224
27914
40290
13457
20909
59479
32393
45673
37163
7429
20825
42726
55820
5511
4541
54494
10924
50573
33830
18730
12913
29907
23439
32191
27714
53562
18584
46512
44359
51245
27828
15251
12373
49140
35834
17551
53178
17693
52843
33721
3356
43828
56518
57337
16518
54380
59552
9831
5399
42077
30061
54980
8521
18666
26710
23846
56869
49093
47140
48348
7286
32844
12856
57670
19535
26104
49932
38537
55442
34285
38811
47299
47137
19058
15814
38229
33633
43147
21481
35606
50242
9957
23960
21020
15239
11865
48855
55913
33167
24929
55648
28452
44465
38419
14639
45651
20334
27094
52602
52000
47778
49130
13899
6828
16456
24824
45597
23494
33514
42567
22475
19163
27282
59697
55337
52427
19222
34142
54891
37063
59846
18660
11632
19411
34175
9100
12422
11494
18400
28446
21391
18788
13234
36725
51318
51162
56740
39583
26386
41933
27459
47946
47654
39348
37646
59784
39421
34614
20197
43867
18691
56064
47389
32624
30249
15485
38118
30186
48503
43135
54210
16535
55038
4252
14051
9429
18327
16626
6003
16639
45807
19277
22870
59470
56601
25674
22086
8774
11252
35000
15442
17812
17168
56050
17247
49262
31143
30244
13662
56092
47934
53877
33530
20595
30200
16518
45492
49443
8728
55230
23724
57139
46640
33487
59471
31943
48861
25050
3733
34942
51849
21595
16635
52565
9672
14736
26549
16927
32455
38224
18058
8794
43973
3866
5592
3814
42513
35868
14992
35694
18100
11178
53387
54178
21413
10875
46488
