2143
23476
52409
46400
56527
17965
59053
18414
59855
48068
33109
4032
7327
52553
54205
22627
33516
41496
26304
31399
46083
33329
27607
54121
47616
7139
51871
3109
49147
33278
9368
19654
3473
21814
45814
25635
33596
43668
55230
47856
34960
35195
20290
25305
25748
30304
19772
14163
49259
14600
18085
53972
3150
10197
13166
11928
44182
22702
4506
16035
19678
3514
15500
27665
47026
22904
59003
20805
49741
4840
44769
19184
4393
32210
19026
51375
4080
20683
10268
57111
27932
3504
29332
58140
44396
46035
17274
51894
49087
12193
49210
17341
50584
6877
20032
40841
46323
3751
56641
13068
52264
35299
14214
21153
59556
18653
38125
29341
31939
6562
14158
28143
14263
7527
50645
53312
5920
18831
38400
8101
20187
59373
30167
42298
5507
19351
38658
6851
38718
40484
22477
39763
31472
43275
22147
57688
28990
16609
8216
28840
12899
41217
28323
31171
14478
57050
36913
56002
55399
53781
59466
3461
54686
6504
56858
17325
23253
51263
38691
21748
27532
52155
18755
43659
46980
44151
57281
36182
12911
19924
33473
23950
28050
17517
31759
26582
12376
24041
59160
21484
16077
51677
27320
33689
56746
10403
29796
17738
4433
44166
54056
59581
27596
38807
55924
57794
7336
12979
59183
12328
4206
42348
32527
16437
42121
36628
13989
25653
16609
9973
6358
59584
15273
52700
35551
17691
20405
46521
46626
39500
28109
43434
22352
4599
51754
46348
30603
16976
19199
39551
45082
21544
17248
10658
9238
29639
32568
17390
43532
56312
9259
43707
34762
22345
15243
32507
38183
50667
13177
55701
34399
51066
25285
13073
37438
21245
19774
21005
26161
27378
23887
20562
47844
18132
43515
3771
7097
15187
50598
40825
37538
49676
30820
34879
16481
53915
24381
10067
7637
17473
16368
13727
58799
55955
27580
19945
15959
7331
27674
56452
10299
11453
52473
5813
11791
13437
10452
4596
57306
56369
52418
34193
34953
20764
21040
19199
48150
33643
17350
55972
26211
33670
18520
42605
40321
25690
54263
51589
50495
39907
55221
7684
45615
43725
39338
23839
29485
57183
22263
55035
10653
55352
26007
14897
41742
36254
13696
13494
57400
12759
48409
52428
7932
24134
15892
36123
49034
33294
6132
11241
13805
37591
46795
6424
48999
55144
47298
34050
47844
34939
5448
15489
35818
21499
10652
49055
12233
37842
31429
36624
11578
8019
16243
14230
42779
49527
59652
24815
22583
35936
23610
40622
18749
53488
57896
7804
47382
3050
16638
23730
14194
24723
46118
38897
46461
15766
35420
46796
41523
30762
23728
40473
37074
15586
57888
14736
18771
52434
57400
58737
40444
31003
55941
30084
6799
18330
51419
53369
26570
5316
53107
57213
17049
21810
6754
46825
40971
52206
30910
10623
31684
55330
36597
34603
59088
12345
12306
18563
38574
51063
15850
3115
20080
14448
57194
5542
16304
5621
15405
31912
49860
22795
41130
6216
28317
32325
25004
48444
9229
42890
55860
4717
7289
37454
49753
26362
11077
27357
8041
8160
46069
30546
6506
30310
11479
10578
32564
5015
10043
10849
50341
16352
38121
22458
16048
36756
9050
5743
4090
4521
30035
10678
53153
3008
54686
56817
53502
39544
17823
10200
13024
23598
28707
34247
16114
58411
28060
20511
14468
29142
11212
29806
24373
20463
15302
42712
19878
44945
27378
15019
16709
50849
16184
22483
16863
59691
54683
38690
6579
23273
23942
39848
45210
47509
44677
53733
3665
26180
43639
50511
37669
31024
42135
30509
16897
39394
27246
15265
6392
44249
58815
22422
37683
7469
47220
18029
5756
40589
56826
13814
3808
51361
46275
7678
52449
52654
57944
26646
16760
3619
53634
12026
4889
4065
51401
48282
29489
24973
8585
21129
9369
49367
31745
16355
51977
15660
26851
29148
58288
59124
56137
6673
57008
45003
31972
31140
29709
57049
30416
39994
36255
13341
16283
23519
10036
54485
16277
41185
39613
52768
19739
10645
18457
36504
35630
58177
26564
23094
9064
20797
49975
41733
24136
3011
15577
28993
21498
32530
52516
38309
58159
9068
9146
31631
35975
44472
54197
53990
29466
26803
35440
8504
48852
26319
9987
38441
7926
16082
15963
44560
35443
57578
39412
11758
32182
30426
31601
40281
43161
45872
30316
14079
21586
49960
31050
9528
55248
5636
57326
57950
33640
39217
55590
57834
50783
8751
4540
23968
25590
39790
32467
17156
18464
23644
23137
47193
16508
13904
37818
54755
53138
13432
19520
44509
13587
27761
52982
11772
15242
20339
19241
46784
31586
32090
30598
52591
46506
47476
45412
53250
48600
3039
26398
10154
22499
49527
12288
36075
20484
50949
57036
48504
59057
45384
32189
28589
39804
21152
21607
20523
52699
8693
42259
19160
15050
4437
38912
25133
7267
7181
4880
39231
20477
12045
7529
12914
3710
50851
36324
33659
41031
14912
43400
35250
22315
52559
4726
47101
49714
36400
30038
57854
41922
58545
32351
33487
39427
7001
55662
35996
52772
20181
47889
52724
40253
54738
17750
37822
4160
6536
3580
26938
21401
10190
22147
17557
45917
48543
55167
36045
40147
33101
5682
43868
57790
20732
6816
40305
39287
29283
37157
42191
55287
24698
50384
46369
5910
39940
57458
18914
47711
3629
45389
5573
49204
49553
55996
29705
22962
9351
29793
38954
54718
30122
58502
40722
51018
15389
10175
24898
13715
51290
8806
32372
51597
56050
33947
38570
10080
48013
15623
32016
45989
12944
4840
18437
32519
37980
17176
22590
18722
57829
42993
22417
10505
26760
19678
15058
54482
24515
57927
25546
30591
7605
32866
25640
58673
57462
27385
40844
6227
16672
12437
7638
3132
50368
3632
9554
8193
17190
50595
45852
55230
48436
48204
43286
6204
38754
41122
3969
54269
52356
13525
37500
47769
54215
22336
40029
43083
24165
57637
53575
3794
50448
18876
20527
55384
40873
25737
27849
38696
36351
48419
13366
52753
39522
22002
19237
16020
13505
27279
15966
58701
37559
9054
8969
30116
30345
38471
32145
32630
49334
17128
3626
6692
5283
26215
24286
20030
43490
46619
43326
42462
59242
4555
23368
40590
7304
11684
56411
30416
44658
56119
51450
32518
53808
47440
4227
37393
26519
50654
50801
7509
34063
19659
26686
28170
31975
48528
52639
49225
56284
29414
52920
15132
57140
17708
53994
13030
10459
21278
30866
33537
4185
15693
7520
38141
31801
49011
30539
49320
34513
45188
20133
57462
43841
45750
56783
27683
37201
50587
20461
3852
51181
3402
4395
27639
29220
14215
24223
8658
5770
3576
47879
4948
39168
23194
32328
38400
36215
43901
4962
21389
17520
18557
41712
39739
55311
46883
5818
56577
19883
40205
36147
15262
5801
14371
10134
45655
50703
6889
14442
20008
49944
11052
41799
58457
21278
11844
37522
4938
21185
52145
48168
12607
59432
48882
28227
49201
17263
45837
21572
48619
48178
42449
12925
37942
42292
33695
47873
25223
55953
20864
44008
16595
59486
38413
50826
31248
56562
43269
56494
6371
40956
50292
39218
30054
55330
6510
31562
59856
50930
15141
47754
35414
55322
8707
48172
35601
22222
35010
5609
33304
25656
23805
47285
17200
56970
51861
51451
39718
57745
35136
54248
45189
50204
33756
22148
7856
24994
36258
59093
11396
41099
31029
36620
11267
5806
44456
36127
15809
7868
40668
57311
52630
15668
24442
13666
55553
23108
31554
14358
7868
35204
52016
16605
23332
47728
19406
21422
29076
27491
44168
38925
35227
26752
7265
51253
37557
50630
10733
57030
20966
39653
32447
45363
5230
34710
6557
19635
28518
9013
21330
49003
35698
30068
34456
58586
45927
32020
42179
46747
57358
14954
58882
28617
36514
53470
13697
35826
30964
44302
35762
56485
18360
39243
59310
22301
18411
6671
7284
22965
6674
55526
11924
20563
10433
5138
40723
38222
41160
5277
20968
7310
37747
45316
17706
44362
16654
24220
30138
45244
28412
47400
11207
21901
43399
38434
47551
16133
25861
55210
59176
50448
49444
27885
4181
31926
49771
33879
12725
29971
23340
20942
22321
48820
35224
42308
22073
7671
40275
41272
35814
20415
43402
4048
5878
16189
38359
33059
7413
36205
25906
27462
43413
55712
51526
35357
37158
24780
29290
7408
52588
28564
10432
46612
3737
39004
56695
31019
18285
21192
53313
31024
55588
15965
58462
56440
58661
3791
10669
6232
13185
3461
58815
28210
15076
34427
53834
48846
38518
35257
32359
4844
45400
56878
47665
23374
9911
37069
39049
32807
3147
9838
43420
36401
35707
27390
59280
55547
5351
25201
47420
19905
35864
54719
9262
56477
55851
57005
53787
16923
36916
31788
47761
16741
52362
6443
47308
20031
18112
7902
17838
6317
38684
56424
24627
46543
50222
19193
23761
9717
34428
57737
14580
42978
12032
10745
3503
15492
17333
36708
10843
26796
49226
31026
40872
23610
43625
23284
55690
37754
38527
4156
56813
18559
20816
39596
21858
26144
28400
33958
22238
42275
42947
49381
27748
13266
29954
34162
23367
7554
48938
25713
59441
39382
37342
36191
11749
7610
17213
51195
46363
23039
10986
46448
47244
41124
34891
14133
33697
9841
50828
26269
17333
36678
21373
50791
8987
11147
28426
27513
20036
7358
9530
33854
22342
37538
51660
42000
44881
41859
36019
34092
42315
26479
40139
55665
26873
55565
15976
50794
27279
28129
5214
43831
15715
32838
22163
10849
42731
25386
35917
18404
12529
8002
17522
12303
43704
29771
46959
59068
37391
38289
36199
20170
58908
42508
34861
38825
52086
52072
13801
13239
26695
27539
24776
18769
40275
21848
32303
54490
11085
32839
31025
49455
9607
38498
47453
27912
9592
8498
5522
38517
44894
5413
25286
4216
17202
34061
17110
43011
24743
54866
39420
5706
20952
5825
31449
58165
41153
32592
8602
59412
34646
5847
47133
34926
52033
11728
34384
9673
7878
13620
5133
15592
10441
26079
43080
35754
14266
16183
38181
58777
21599
52436
12669
39809
18090
56218
40608
20311
23636
47448
52014
37135
50175
21469
50272
50085
53350
23569
34022
10248
45723
21983
50279
59379
34193
35905
20050
9506
16127
13630
38574
40367
7382
56850
15851
31193
17355
40256
24963
18230
39249
13874
58084
26736
57873
29330
37585
3323
3963
47249
39938
44856
30513
10744
11358
46185
38589
3651
35609
37277
51202
53153
11297
17232
59488
37835
27076
12811
23778
18700
41885
56841
53969
42997
19956
28954
12306
25204
59407
13726
38932
10826
59753
27366
12832
13549
29954
10584
27297
45846
29735
17981
49784
39335
26409
8345
17861
38757
18169
55240
36163
31470
46059
33094
3230
7162
12979
18617
23901
48518
10305
29117
49836
42222
43485
50777
16934
10726
8664
5318
31941
33045
35419
38898
39136
22101
39707
24282
17181
25549
29338
25257
50133
40984
17655
6513
52584
12481
10001
46665
26898
46242
48840
19668
49717
48642
20292
55076
10378
40653
43162
29967
56321
53177
33427
38603
32714
35690
32181
27907
50503
58837
52021
48958
27941
45916
33367
9437
5897
15567
51166
57225
59731
58747
15958
26370
17383
8223
27501
49707
41426
15652
31020
47820
46657
57284
6913
38400
32893
6727
15066
25385
9816
55171
32433
26986
7589
6252
48510
9578
39091
54386
49497
12454
10271
49422
15845
36990
46278
20560
5630
20106
24047
23708
58309
58800
40004
9208
44729
25209
52024
46081
7038
46276
8080
40953
21620
36429
52117
35180
34652
35049
22868
21668
50113
24310
17010
7029
43215
43898
34781
6979
35990
19066
40120
15814
35520
28877
43725
41653
53668
56569
55762
15243
8076
29937
36188
48316
16505
44509
10991
47339
58724
41418
14217
40380
54943
3697
7076
38212
37953
27126
26865
35448
47318
16599
21186
18295
56572
20970
45562
54496
47416
31610
26988
52812
8784
49102
52753
34842
56698
6325
51626
6142
54471
53912
12488
27491
37401
13277
5552
38268
15721
19407
15459
29537
31237
11636
56247
26519
51975
24956
41260
25653
7751
12830
12684
34692
42415
3343
31536
17000
59474
12304
23590
19802
42254
38470
46580
38485
16963
21231
8162
11442
36475
59578
5295
55248
32169
36687
8563
13145
50398
3022
8851
44535
23115
39106
28266
42134
33167
40447
54408
43954
42694
23245
16023
33194
45310
58284
12047
7919
45448
43379
11970
52568
17525
8910
18436
43218
7934
23550
10632
58633
17728
46066
47003
37306
6329
27749
6326
46590
13517
18131
16835
29786
47878
51835
14291
17015
30573
9827
8312
30772
50405
3164
42947
55450
26724
17195
6125
47605
57259
31150
28960
20099
27483
18869
15748
39816
47545
35886
31169
57449
35516
9883
48631
59606
18891
8435
15588
21000
3310
42430
36937
31799
58120
29300
9628
36538
5893
54012
26859
6711
13238
59446
26576
16325
38693
58521
3259
35026
10122
57785
43869
4383
42313
32478
41874
41984
34803
49793
30516
41469
55922
59249
8860
35830
25808
53241
47571
17236
38082
18008
26645
54051
47054
32169
14418
57403
10290
24299
44565
44757
20815
36526
40299
20885
19955
46699
30041
29671
34280
15321
26508
47441
18551
47268
21773
45498
32545
30933
4693
11329
4608
18191
53775
33576
25562
4912
30189
5697
46694
56278
4935
13995
24386
36014
30581
38836
23889
32190
17230
37276
34283
5687
38835
21683
21913
32191
42771
47847
20835
57831
14908
6692
23011
15888
41886
37107
12807
17600
25308
20949
32097
41959
36650
50649
10929
15186
9169
41828
49608
47880
8961
9277
4755
10067
36913
22271
8579
31548
17223
48302
17615
41660
40864
6175
43229
15412
27348
52012
38852
4686
49187
47504
32860
25450
5470
9662
36503
26714
8977
15017
43698
38470
27565
17609
13747
35733
19802
9648
18786
40266
10903
28644
11373
10096
49963
46393
51244
33515
58350
48428
33450
14225
5099
29997
13420
4849
16659
3690
17061
47901
35500
49938
30084
46172
4754
54879
