283
24892
16738
6283
31611
20491
10493
37780
12178
32655
22982
40697
7430
29227
52173
23362
12530
9874
52040
7104
14328
32853
45300
30058
46053
37552
35960
17812
41637
42550
38392
46675
49941
53196
31443
49792
10006
52448
34251
42146
22703
5835
9856
45153
22157
11999
39510
37302
6940
49656
17449
59398
16840
30123
8384
50997
35192
24563
4778
49610
32919
29745
25441
15584
56532
56653
12106
40054
46734
3851
7407
17545
7491
44420
59679
21170
34878
19175
43026
25342
47348
34539
43888
17888
16471
29275
58032
28893
18753
44591
27562
7336
18136
51746
12849
22599
15365
52907
6174
17496
18879
39920
7885
5285
10674
41363
59171
20128
38512
19211
37471
31359
19478
27033
57487
53554
44167
9326
16246
55547
8088
7588
37809
56636
5852
7952
56595
42118
30010
59278
29183
51438
48000
51875
16194
7531
51577
43505
42889
44957
15384
59354
31572
12572
46029
6467
44433
30441
35497
19553
13556
59021
29685
47435
36104
57936
21484
26112
8508
46111
33943
29539
29929
36709
37338
35282
29182
35492
55522
7181
21595
18752
41260
21418
28483
40495
33206
36857
53468
14256
56362
40910
17879
37397
39849
54068
37453
47195
4034
36435
14398
30794
5633
33452
27924
47943
41461
7111
7818
40881
6581
50380
10190
14630
22012
43539
40086
41234
57240
11566
3887
6655
36075
13435
31470
16665
46557
14481
57239
20730
20923
8519
11689
53169
50945
50049
47186
58853
50044
50915
27404
29883
38354
39681
49827
59064
40205
45094
22780
33580
30438
37295
10564
50319
40215
26598
40461
19781
31582
15591
5104
53163
23628
14218
43480
50179
18878
18750
5949
46546
11792
3771
4626
39766
12730
7050
3910
6724
48959
27510
27215
47557
43828
7488
5707
45496
14382
4382
58781
15923
57313
59982
23180
51078
