1855
51764
53965
39141
8990
14253
7511
34714
51156
28166
20539
17002
3507
30736
41785
40296
52614
47735
29664
49601
25388
37918
29653
52227
46744
54063
25010
40179
54964
16141
33471
17537
48812
14464
33099
41796
59192
46382
47430
40537
45268
28038
24996
42074
27244
54358
26386
57612
10778
15733
43068
27266
46364
41450
25101
9896
16573
33317
26919
39922
5582
23916
28173
50646
29655
39639
19477
25906
27018
41325
56490
22126
10014
57841
9610
15578
58382
18448
18729
34802
20899
47056
6960
24093
18435
15916
53737
11688
43166
32622
38834
16318
58758
20244
20675
43372
30567
13228
11256
42287
10507
51954
26061
32431
52535
53293
32167
21794
25205
40839
17867
50870
46345
9089
3767
52261
7618
5923
56800
8854
56497
28599
42653
33934
16934
25654
7291
27639
18149
45339
38529
24352
15166
44852
46790
49131
19154
37452
9782
41201
44912
43767
22311
43322
12707
40621
6373
50399
41465
4087
27245
41371
33784
39557
8493
8743
31741
55059
29363
44360
38381
37153
19907
56479
42033
56295
51905
4381
41675
5191
15448
43784
51072
27077
3681
28786
5137
51238
20927
24423
52034
51391
6204
38423
46892
19286
42664
33986
36982
10791
19670
23637
38739
26826
42961
39209
44785
51243
52080
5278
34262
55029
55556
48402
44093
43200
57202
22058
38976
16308
44933
47046
44081
46712
35389
41767
14416
48361
33711
3339
3353
39687
23593
20641
51248
41025
39597
19105
52276
13586
44206
6086
14388
52667
35678
24874
4637
28990
6314
26220
38320
41862
6016
27971
39795
48395
13292
19866
46266
55351
3493
39859
59467
20669
43684
14816
49777
35115
36949
27331
42345
54099
40513
14987
45617
14870
41173
26103
42482
14795
52175
35613
33130
17647
48929
8623
42372
39720
52360
45446
7757
4272
57944
43137
16181
39960
57414
26790
3490
17108
58271
49823
41021
58284
26753
43422
10473
38618
49944
41490
46141
43105
26907
33882
53492
9833
50949
38591
13506
57765
13672
28461
26300
18443
37340
23911
13156
41523
37855
43681
42832
9740
18564
25815
45860
25223
58860
18179
51189
23601
3036
9989
15226
58541
12783
17003
26458
52447
41013
3538
37216
54495
28212
31921
11661
3998
51908
38989
30116
3623
38531
36775
9007
4657
44330
17110
18171
42493
12870
18403
32647
7679
15282
36327
58235
15789
18455
44870
45999
38834
51022
14726
14734
24267
47325
51948
20458
31831
37549
58296
10645
26681
25958
53999
40021
53279
40128
45705
33543
24777
46967
20428
41882
17539
22597
39869
14435
17387
39504
3957
4555
9738
22299
29045
17331
21301
17734
21963
10339
32059
49419
31178
32991
23510
20585
40551
33024
6750
37563
10924
39782
25172
31894
52712
24338
32659
41105
40527
7849
42387
54189
27977
40671
55968
18539
17682
14560
12331
8542
44533
6369
9003
27546
41016
6242
59726
50793
34037
47318
54808
50285
43997
5739
47730
54451
38427
39682
28929
30093
19681
20016
27329
41851
3653
33367
27400
19958
35292
44300
14958
54350
21754
8761
28455
3697
37671
11073
51175
6684
23929
40515
44455
47030
56919
32374
32864
53489
21109
4490
42705
31913
28378
50280
25623
11776
50124
15933
18328
56360
20050
17912
39895
39219
5232
11386
20243
4256
16310
47293
47117
26862
9187
46531
27025
6185
32477
38803
6915
50592
10974
13744
9399
35463
43935
54792
30360
28585
44852
21334
11879
39284
41370
39602
22080
42292
21266
6431
21026
44074
10943
6716
23305
37617
34434
7537
3397
16383
12142
7164
6268
21268
29457
26838
57428
51591
6310
32654
26955
34963
30136
6971
10094
46671
46513
50277
26148
12432
49174
42492
3257
41734
23101
12936
45203
46617
56058
9068
41912
10522
36960
57215
52236
14016
29854
35828
22886
45038
21404
32275
36343
11004
45162
5275
47437
18166
48451
14636
16661
17771
47579
24110
45175
32707
12332
45857
9811
9246
13058
58647
9912
34043
20883
22033
32035
9935
24527
20385
54058
5173
58794
43627
40169
23661
13569
16853
50072
26704
58277
12141
52699
37473
45937
20782
29096
23030
43780
41758
42858
4067
5745
39463
19780
4314
12442
3035
30186
33162
26659
7047
43361
48079
56896
8299
14869
24982
34481
46069
12440
28874
23295
4945
38819
11812
48467
30449
29637
33219
56065
26888
45773
53507
41150
13157
19270
46914
11459
42574
41143
18771
12664
12766
30210
22053
52207
54840
34732
7529
40434
56905
33751
15049
37640
6735
19150
24565
54237
23197
17885
43608
51763
49673
33228
10551
36630
44576
48997
36733
13104
16528
53080
40264
49927
25138
44910
11955
58160
41358
9914
7887
13980
48987
51533
6405
36575
23900
9577
46076
47202
32358
22840
15689
30516
12205
7747
36166
47122
26784
39534
3095
38399
39742
51509
11026
22746
24465
15639
19367
33398
36847
54766
32013
4421
6217
35066
3963
14520
14061
45028
51426
39432
21599
46247
59407
46595
47554
30992
40340
47869
19667
27076
12500
14546
51420
46695
53403
25316
46174
41407
4180
48196
44135
46485
25719
43663
57139
56430
25120
30152
11553
46148
35100
17470
56109
39713
14572
19081
13994
42450
23321
21676
19485
12033
58505
14871
32557
29399
49440
11699
50012
16865
36399
20451
13105
37247
8222
6089
21167
37812
42929
42914
40503
49393
6801
31429
48550
27709
42014
16167
48510
15978
51810
42998
15734
24523
24554
29985
39937
5615
23670
48181
56721
53194
45408
40342
49175
13788
38261
44180
3739
37337
29178
26975
51190
17615
32791
12483
20629
27815
25574
8361
46048
8878
36893
41577
28040
44155
50924
52471
18459
5921
25242
43232
14721
53529
23357
18475
35048
31609
24098
39271
4115
20760
14337
6971
9071
8521
38997
20215
28096
54699
41758
56306
9439
56220
39966
5418
50907
45742
52398
34365
46534
15293
49645
12895
43648
28907
50675
25466
31033
38786
46927
46968
8270
21443
27542
48823
23381
54918
34473
57745
30805
27398
30704
38978
20173
30400
18921
24429
56958
55098
50509
20464
51758
38590
39806
10174
16097
50761
53065
51932
22872
37495
51193
38096
45409
26440
28547
54539
23528
21792
37509
21605
41485
33202
39076
48237
57134
4331
42920
8812
53150
35389
32234
40604
28318
48081
43357
19228
29247
16001
4851
6475
16839
56444
30017
35489
37832
42571
39569
57810
8555
33934
21071
14985
25372
15090
52926
18299
7327
13534
55163
44789
41952
34771
42891
46432
55973
36862
14522
27651
17873
46570
24356
22673
32382
54556
5661
11982
39969
53836
21453
33740
49794
39680
39746
39762
32912
31929
33470
12403
28353
54418
4642
55665
8023
12344
17089
48567
46337
29794
7146
28831
50999
41200
55745
31740
3845
20656
32534
59073
38196
54042
39269
8100
5657
50891
40063
44310
44634
34821
13228
57181
16130
54105
9528
51722
55271
35166
42628
17866
23174
41676
5316
50021
57845
27299
49324
28867
43169
52658
24670
45970
36780
22592
34246
37043
3876
43808
44350
5336
56865
8095
33471
14632
9872
51644
46862
10627
20364
22839
19572
45905
36014
14995
56876
13204
51818
39638
21777
36016
21958
44116
55778
8368
11345
17748
27016
17360
3792
45407
43352
57628
6169
37717
21571
47996
18861
13940
38099
4134
39043
47795
45887
53725
50509
58276
57852
32963
40657
14707
34768
43861
31912
44418
7071
21385
22623
32047
20791
34886
23021
48564
53362
57140
42644
53831
15611
6515
31482
42125
36309
33415
20638
15695
17146
39417
21413
25247
27315
7574
43218
29194
31498
49733
37897
54503
53952
44998
30294
57096
3758
15568
7183
7762
27914
10493
23250
37142
41289
32068
22854
45107
38971
57500
33264
3744
47461
46422
10278
6182
25636
49071
48934
11207
5844
22610
40728
40503
47299
48139
35318
4682
9770
20384
49348
40413
14920
18211
44407
42343
14900
12711
46424
23343
36188
53282
35344
39866
41555
19337
46237
33913
5944
3093
57541
34800
28828
38511
17292
59519
4882
52572
18214
47987
22708
24397
25890
43396
56742
43076
38688
32613
32560
28834
5802
27266
43797
30765
38958
23358
20283
51712
9196
26678
8537
25985
14213
10766
35464
21616
13215
3261
32306
57952
58420
27063
9239
48835
42686
29225
25907
11150
12815
4484
37126
39694
15905
14302
23135
47998
32242
6877
32002
43997
32001
40649
31505
27553
14347
44443
46572
33805
27511
22705
35639
50615
49431
16519
21742
18925
3934
22339
15437
39089
47555
43520
55548
51763
54596
6691
38382
31031
7532
54864
33520
3261
4184
21300
29268
26523
50683
47290
36103
53192
32744
7349
19132
21957
12722
18660
18590
46603
31609
49884
33563
26440
45840
41380
6632
15092
25248
14849
58192
47288
59903
30883
5847
9192
47242
19479
51500
59428
49636
18524
14990
41583
30454
51746
16919
19951
26812
6705
21293
38873
36392
16936
20722
27554
36078
54824
49712
15643
18847
11715
38467
59542
26150
20236
18703
22842
22144
54736
35743
34000
4490
5859
26426
58775
40051
59516
26286
45094
18161
3553
8523
14014
46757
29039
32671
20915
48083
19980
7829
9804
25961
13910
25348
14568
52981
44781
48078
28049
5284
58937
50109
23411
3576
49136
18047
43357
6482
5445
12648
12587
47632
37545
7330
10457
21698
34471
37226
36279
26235
8338
24666
39649
54940
5774
39969
10199
31110
44465
10927
30256
8716
51339
3505
39521
47286
14530
38301
20728
40157
25565
50608
27482
15845
42508
21654
52385
47259
56724
6038
58635
14456
15476
53762
29267
22077
45602
36645
59774
42464
47421
55413
12325
55209
6411
42502
46820
11619
9781
50195
35633
53640
7276
57815
49932
6850
40828
55510
44036
59891
35859
57340
3863
15439
42394
6342
4394
44728
50835
55332
59590
41217
20879
7422
5890
49969
16510
47327
52593
53739
54381
24190
8946
17500
29240
39400
49375
13142
19164
46596
18870
45556
58076
52503
12656
36596
45483
42011
38928
50087
5447
5865
52515
56343
13374
23666
30141
44142
4734
36878
27136
44608
35981
43165
47525
31977
36444
21401
14619
52779
27376
9928
57028
43513
14036
50975
33558
24145
37987
36882
40879
42563
10242
18133
34945
35242
35632
56487
57601
51791
26794
34993
10550
17695
21617
39113
42620
34614
34113
13153
46990
3623
41689
59095
38033
18789
40998
44680
56511
43885
7327
34998
23718
17042
38675
41351
43567
53088
56108
37102
31914
17152
8060
24374
38861
8083
57354
25949
6947
7053
13715
17879
28659
8479
47301
31952
8723
20271
31714
43307
55948
49784
21938
43400
22108
33109
19791
40440
59086
29468
52906
13171
34666
47605
51827
23054
50499
7114
42676
47697
47736
6284
30787
15756
48365
35590
18645
45563
17055
5290
14801
44168
14050
8413
8105
22978
50057
9714
53375
30110
6059
50338
53105
34486
49723
39129
42987
15144
28132
16425
34314
40760
57901
18176
29792
22086
24911
35642
5785
45123
29142
21760
40324
29004
3625
38633
44694
45124
21568
46502
47167
16087
50931
29467
15568
52808
39633
56527
6699
36384
23664
24268
47971
24225
49639
51673
48615
16364
3234
15733
55446
44325
10459
20801
6698
25202
24209
26177
42787
31193
11545
52673
52739
46847
49581
47777
6538
21123
59701
40682
21419
36959
40391
17760
42103
55230
21775
6142
3205
38970
51858
55297
50442
27338
4734
18394
35866
13454
47463
51910
58359
46956
8538
45503
29707
36633
9809
59989
52261
10463
5451
43844
26618
42762
6697
35691
34403
57797
22688
12342
36625
45555
7815
25514
18413
36759
3746
33316
54906
48911
37231
10660
44369
31434
38731
55924
59360
21560
51296
30582
39044
40074
6439
53103
52700
34894
4927
31418
38820
28415
36548
53398
36713
7072
58019
30291
22671
44846
42790
33002
45568
50852
54725
8135
33437
18363
31722
42880
39150
47488
54325
20216
57005
10451
55442
9737
3407
24416
9128
23893
28028
26258
41968
4951
5944
24119
37728
29043
23743
10451
48619
52722
10832
45891
25823
44714
56509
8677
11895
34528
58745
36409
14391
