1091
38829
28932
36575
9191
47225
53842
32107
31556
37112
39755
40048
4132
3617
18438
53701
25357
37824
27936
5035
16254
16834
12220
18375
25592
8946
27390
48973
49000
13225
6747
32945
32403
31821
24149
51116
39388
52200
8399
23401
42461
6901
19700
27498
22461
35957
50942
46400
48055
12929
5193
38095
16153
42756
14802
5082
48295
44270
42204
55964
21090
23907
42545
19399
8600
56018
54995
24866
53974
9229
19396
55561
49149
5363
6976
36460
37629
49910
32595
58515
37823
51294
25254
16161
23723
13845
31947
48957
9665
23297
40885
34014
35624
53265
51805
38251
49064
21865
57493
38744
59373
35768
11323
24610
3042
40135
10745
19782
8045
56588
34161
48989
26873
38394
23610
42600
29525
44640
4612
10247
9806
8681
32221
38086
47534
43309
53365
12186
33240
26778
13482
25865
53084
48389
41703
15700
50453
5267
13533
24299
54037
34852
49533
42711
56939
19891
49811
24741
40491
13756
22866
5043
5370
26951
25973
48300
48645
20568
13810
44598
28007
22757
15782
50145
36860
22183
45231
35152
5145
26961
57342
51828
12259
4115
20580
58211
24730
50357
42438
40017
3371
31168
20661
16809
48734
23086
51031
59805
28198
45678
31233
39822
29833
46875
10388
48907
23678
22132
43758
53689
33522
5390
26419
22339
35431
33268
27847
13690
49087
42939
30229
8883
16348
40223
51106
45621
36968
25101
51110
31696
22211
42235
7332
5366
25601
8366
34507
26503
19667
33257
40072
29286
18438
21452
54189
57275
20753
45162
9484
44238
53035
54341
56812
58437
32424
20022
34833
13042
28447
49194
35341
31155
12578
55901
22805
19589
39255
58102
45531
57033
18513
38426
17234
8606
5457
51108
52118
9994
10391
52865
55645
48952
37552
36420
31253
44840
38963
43992
14939
41420
20264
20176
46328
59161
33511
51007
29082
14577
58582
59409
20006
53826
27904
5428
55822
50489
40806
19050
51866
46447
35271
38995
20494
40091
47551
47276
8287
28531
35739
56883
8958
44222
24136
34801
18456
56025
50700
24521
37131
17471
47343
13558
11206
17252
58743
20889
46048
53754
27413
6119
16773
25857
31989
38753
52675
41847
50987
21410
38496
50181
27431
18938
8139
14474
40486
28103
26788
20916
28426
42513
18468
30446
31823
14186
26589
52760
11266
38917
6513
31599
44293
9356
52272
25164
45943
14226
52574
49064
49886
24098
19266
55475
26780
36172
38176
11516
51847
43326
4764
18613
27103
58161
52574
29765
12003
51267
40105
6682
17634
27735
3584
40550
58562
4040
32896
55257
45830
36367
54835
10774
16125
50608
20715
25265
6797
45467
37824
10418
21140
56575
54436
28340
32053
23999
22564
37009
57517
56803
43752
23802
33561
43974
15972
3644
55096
31873
48375
5293
29531
8169
31357
58692
3246
37727
56776
13430
3073
25367
15851
58709
48301
41668
54294
44994
17491
20638
22641
53689
7407
7885
10834
49434
43059
14852
10732
25294
47190
16895
46099
59495
4056
12851
37676
18100
48726
6700
13722
18472
39050
4482
34180
38932
31949
37425
50780
58002
17700
59375
6928
10168
52982
20264
11881
9651
26113
58044
59125
56008
39801
47932
12736
52236
22019
58123
27910
14836
38561
59877
31906
52698
46427
11084
10091
43233
54346
7604
42632
25138
25575
40060
34674
29305
39404
10243
15933
49673
36860
14882
28791
18956
15632
46783
33898
58807
22505
8491
41339
18553
56501
26334
12197
47865
44690
11406
5440
5148
32099
26714
42177
13387
48716
34090
22499
24175
43810
56772
16166
53473
31389
45905
20388
37391
22164
14393
28461
10161
32459
22739
3376
28092
18227
21722
40017
30540
7196
59760
47801
22563
25206
30346
40305
53184
13523
42805
19497
3166
13812
15205
26684
11362
33169
27105
59344
48264
19291
11882
30650
11715
26025
21969
22740
35077
42914
11555
38001
43535
19084
48916
48497
50655
10389
4366
10622
37513
21016
30559
31514
14061
10193
43493
13222
51960
21380
14146
55946
36638
23964
31877
40471
26214
39350
57565
17565
13674
35852
60000
45505
19465
23570
51653
16963
25559
31312
47495
57951
38081
9274
25688
27791
41245
49603
44454
52390
44099
46560
56038
22428
26676
42706
23797
45314
44427
21062
40104
33674
35966
57127
15637
10559
48610
6422
22434
14077
13924
10082
34261
4489
27840
38105
13019
16123
9736
41700
31671
24033
39678
4086
53202
47147
26003
5181
37417
28155
24561
15653
8276
48056
15501
44961
7446
13018
19148
22733
33010
16316
29035
11481
4173
42542
51200
6998
48017
49496
31976
39272
37982
3348
8342
54323
54892
3376
6158
51602
21969
17432
11436
26830
13938
42290
18634
16910
52182
43603
57494
47618
39845
31171
24924
7904
27126
50595
47592
38128
40965
46146
21272
38011
37516
24507
50489
27820
24999
54718
5086
26989
33398
16096
21119
40719
26192
35705
27753
4957
27468
14213
9281
12466
51958
59620
51331
35961
44799
28315
26700
16870
55285
47836
46831
22303
51611
33743
5984
57872
55958
19218
17676
19816
7393
44897
12862
17113
57540
28634
47371
48731
39603
25842
26081
34957
50578
11190
42177
29671
21073
10328
54867
14449
58527
21025
50551
10635
43281
4250
34194
6434
50199
16094
39798
4976
58744
7548
46718
38225
5253
47631
4478
48633
18614
13819
40811
3435
4267
14443
54271
49536
12364
5847
29262
59959
45862
3028
17682
15122
3349
13413
59295
44314
27632
14841
38856
23308
51809
27755
20076
53325
4370
47589
37731
20277
28197
15922
18805
22639
8968
7108
17467
9829
27981
31255
20874
12790
3482
8775
34860
41236
59326
59142
12928
47647
9539
20606
30027
21606
44623
22303
38700
5187
54895
33862
31904
12063
7436
35648
56844
23113
52330
43875
37964
54502
24054
46432
51184
59380
50091
36845
15087
4214
49429
25038
6427
19482
42691
29369
58006
41664
8425
47167
45552
12479
28752
28023
16183
6953
6480
10312
47595
49545
58569
58323
49332
53085
36944
56837
28189
24150
37198
23416
4412
52302
21812
48378
35659
40728
13959
41793
41592
33521
26312
38376
58855
12380
15696
50191
43864
55198
47208
11578
57636
51181
8997
51169
48218
53917
55777
35023
38710
44689
26158
44012
59257
43725
43720
49647
10632
49946
26338
15353
27242
55008
57346
55326
15264
33689
54822
26017
14164
21874
24594
58325
37554
4557
22914
25774
30421
15384
59813
22266
17133
59637
48177
3229
13577
38098
13411
26478
24380
25644
6792
24589
3659
19460
4719
43048
5445
35956
25720
17809
41436
55970
37639
58612
45563
21075
40625
20435
3501
45405
22702
32921
38534
12672
35356
33421
24784
26746
53778
47110
3702
36356
49939
10851
20854
44796
48540
20744
45471
10237
58475
12303
30130
40457
22040
48604
50167
21544
21691
43089
33340
54508
57441
43396
58546
5164
10997
14956
37449
35438
53873
23784
30226
48879
14068
20908
37975
14019
51568
14861
53297
31842
21556
17645
25290
22388
24814
46467
39705
4316
55722
14801
5399
25165
11887
26738
58206
58143
39006
42057
50746
14144
6442
43229
31435
