961
36538
37182
21830
5872
59174
10916
5875
54162
36155
45424
6156
10971
16526
3396
51239
57522
46342
24726
52075
53731
5787
47937
22439
29170
13816
54597
59044
30587
7300
57927
53090
45735
30273
25260
32261
44464
46852
54843
52908
51199
12108
45014
15505
11690
32149
48827
47263
31993
24140
54111
47205
9574
12239
45778
40048
53553
47006
37464
28097
57441
9769
44418
46484
50543
34720
32248
57912
34286
42251
13813
23385
6700
30612
53702
59613
38440
49845
37543
49610
40522
23077
39620
19174
42379
8613
8196
41156
54864
32137
11658
44888
7828
11778
5648
38143
33586
55327
55107
12081
57686
8982
37986
40968
22676
6099
31930
33601
9707
30427
54110
58280
38032
51394
28610
12990
15724
14975
13432
32605
58110
16456
15699
17247
50366
47502
42800
18920
8615
20450
57757
3095
47200
13474
36022
28508
43493
8729
23087
59699
11656
50890
49633
26646
5013
46835
52059
48744
8283
51030
46224
58825
17755
30386
20615
43806
46956
26927
29706
32146
56639
21272
28595
41560
15216
37454
33645
59513
30437
19039
53223
48383
37314
38766
24495
27131
5307
53388
28246
53790
5926
21046
8259
4688
23927
52144
36316
27346
58826
33254
39422
14784
42268
37311
37602
40720
49847
33798
46605
16555
43792
24549
24921
38669
19206
38116
36906
18485
13381
19579
3193
56778
43575
38536
48462
51633
10098
19686
43054
37897
50865
52730
44142
36282
11227
25888
53777
35244
46496
13141
8189
24625
13141
32921
10975
48263
38243
58739
29513
23587
52537
52618
41879
19051
42434
49697
57793
56073
45533
44464
7499
22859
22256
58966
32816
24988
17227
24293
52107
12199
33187
20215
10857
9489
42594
9240
33161
51270
40183
35870
50623
51496
47501
3535
50029
7293
42449
3768
38071
8268
53391
28894
13431
13434
25490
16831
55647
17397
34732
4636
27877
42957
31677
34964
4078
50208
52258
18537
13884
9595
30503
16344
18629
9120
31272
8628
42686
58305
35023
14375
29511
12007
43270
13403
31907
53149
15737
55826
21345
18305
59767
33091
26145
43808
25220
55442
42420
24898
10463
29354
25957
15767
29929
18008
42119
3864
34679
38990
26595
42011
42278
23625
5622
22550
46744
59579
13093
24223
27172
52891
42330
51696
10959
54719
5343
50941
21306
39270
8207
11890
15126
44750
6383
57461
30632
19409
50334
57179
21796
45138
46117
56903
3387
14918
46282
9900
14525
40013
46464
50400
24491
47532
40364
52993
46838
17488
17005
12198
42782
3390
36239
47467
13496
26975
37632
35611
45964
56102
27366
18635
16048
35943
20086
40039
26320
22599
34425
37906
4669
49816
53397
58599
17926
56025
54794
11871
25352
42546
46405
19495
42977
22438
27256
54606
10959
44286
46635
27515
5705
12505
35674
28362
38988
27201
48747
40758
33693
5164
13279
54596
22721
53764
36777
7573
52061
15172
35474
44364
14236
4221
23549
4970
46116
57295
57648
12730
59620
29760
59346
59167
55389
24169
24441
44149
40313
35419
48934
37658
7811
13793
44302
32536
42378
49902
45165
23045
6239
28710
43457
48923
30345
33585
22822
19878
19139
51518
32522
21718
32060
31306
41328
39234
39627
7180
4730
34846
58336
6097
11379
17830
31988
29609
45087
44632
29070
17878
9097
19083
45183
31688
15101
18642
26746
32373
34126
6400
31108
25469
39136
44892
59889
16325
47024
28534
14908
48744
23822
49120
31598
36117
55385
40145
6866
8213
24644
53907
3286
41364
10054
7650
29762
42416
29663
32232
23835
14976
31942
5597
43933
37645
6722
56104
20380
5280
30956
36082
56194
31404
30976
38917
17748
49187
13087
49400
47403
26919
57903
56663
8661
7456
54457
27464
30412
10565
45693
59530
11650
11132
6532
21567
58196
53215
54125
16318
18066
5872
48162
48849
22189
45704
13629
43730
23128
22788
17306
9793
49932
51852
57630
30026
32078
3318
8007
35921
8464
26479
8378
32777
38819
8297
10443
23380
10564
51668
50797
5079
27541
3993
18151
28066
34899
46229
42285
21229
7814
16729
25242
40087
47526
45699
33765
23940
12540
32388
23268
14015
41244
23995
46028
41120
29115
24678
6183
33242
35918
56589
22607
43028
29290
17456
56840
4366
14614
51159
43344
50467
57405
10694
32694
50549
59015
36863
9858
47913
39127
57247
13912
41147
16117
26281
19690
23487
36984
17315
40775
26879
18998
20506
58045
38726
23351
41733
29272
52988
43544
32410
18901
14755
33877
44731
17585
9128
22521
8143
40998
34111
46685
4849
37000
53619
50743
50212
49858
27186
29259
15841
10979
27508
48480
28297
9518
35605
40377
49097
26409
20808
56395
35181
25086
46421
54160
47767
5241
51597
29547
34166
21847
37275
57142
51729
28877
39482
3251
35885
35206
35077
53417
28503
3568
23867
15822
31902
25820
32517
12557
49468
21723
30474
7280
40301
19312
40701
51331
19299
20006
14062
49332
28575
12369
53354
6927
29824
3302
8068
17625
17750
46942
26178
38335
19405
49668
31810
7902
22157
30873
49555
16957
59522
18459
23866
47192
53441
21524
48828
51670
37036
31938
28251
40438
42946
34722
45668
27901
10321
40248
52847
47779
49815
27651
31092
28184
25921
19780
42203
4906
48953
19321
6964
41366
38764
43994
19085
40987
16355
41631
38553
42647
17860
52116
28864
59611
39445
15771
10856
34378
33912
57753
17356
21547
37320
36214
59866
51160
21072
30909
21380
49538
45080
59338
45341
7982
17413
40907
5205
32490
30198
46921
13526
39190
40372
46440
41673
34208
9916
38588
43271
13411
58920
21069
14240
15720
14535
30803
29782
21431
38249
26131
35530
19371
48072
44658
58126
44114
54214
25516
59909
12948
19121
51409
29154
11188
12464
17696
18385
17010
23666
55990
23152
31564
40173
40502
50465
6035
42356
54542
5221
10080
25269
31978
9819
5118
27043
10298
57909
28984
59907
37727
37609
19688
45950
31335
56814
32368
37001
55121
18896
13454
32166
34455
41082
18878
49908
45039
37080
44191
6940
28990
36942
38100
14892
46214
31196
24973
14665
34463
35512
20491
11005
14041
9595
30682
43870
26055
25286
44829
27214
36621
49059
52319
30259
18914
12042
50559
45268
35440
20223
48432
46220
12443
33897
12139
19467
