1431
54751
40781
36281
10625
28508
22742
10014
33223
22465
27953
5720
31350
47647
36690
17819
35646
24837
26269
33337
28941
28883
55365
7491
3547
38426
18847
16671
35062
14565
30246
49246
36384
9898
51754
23316
55964
45719
34471
52283
58921
12313
13569
23107
16758
54451
4490
46456
21669
21672
31325
8566
14425
3016
44744
11780
25425
15619
24491
23713
24401
54643
56944
18982
9607
58785
26193
38562
21352
15861
38750
34907
52559
20885
59108
10425
38959
33991
16856
17002
20031
7250
59853
28365
49230
58767
45198
35597
16852
58514
35566
8897
26742
48653
57977
6405
33661
33467
34355
14775
46794
58433
6393
27232
18685
47337
28460
6865
39380
30036
20570
23348
7199
53621
19057
55611
17939
12958
33897
19294
9041
39254
14850
27082
47771
59720
35047
6178
22682
17570
40028
52950
32254
19290
56202
50895
16682
44465
29187
16158
52575
6022
58037
26692
8676
12154
26136
8721
33971
27420
5625
26317
20553
42626
38196
45504
19215
49873
40028
16346
41924
37334
57661
53882
54773
23068
15882
34524
59420
6767
50440
15551
13211
10294
42532
40069
5881
18317
55306
54026
39037
11438
22223
59011
58164
14861
14556
19830
14598
53081
32534
50719
34734
26339
23572
56858
15050
15254
43040
36438
37592
36097
38000
38850
26385
18288
10398
20498
53586
56983
26690
35163
59057
17858
9356
15263
45040
48498
29036
5975
46477
29228
53281
34662
18566
27845
22418
48008
34923
38624
45930
14071
39747
53680
13757
43576
50937
5489
10396
14923
20148
45171
23371
25728
41687
8796
17735
24215
53505
35070
32869
18731
46332
10001
38525
39023
28963
8995
40346
28371
33770
29608
38858
55703
55624
59134
7749
26874
59387
46696
25973
34524
29048
36538
47731
53044
5211
31320
12436
50735
19968
43687
49823
22657
4187
37666
29990
12785
40588
24468
16438
27292
4074
31087
13088
48704
8868
33004
23722
41062
30616
15034
46451
40896
20691
56450
37846
53722
55732
21263
11125
51214
13475
11217
40178
29791
31281
27683
22597
41581
59323
24686
42838
49531
27323
42706
4939
37460
46731
59627
51534
10516
57891
10001
29781
16301
35651
45905
46509
18425
11780
29359
45844
40152
47135
23354
17901
4757
32688
35050
6643
12902
43001
9339
10719
35562
52702
57454
28500
43009
59300
42168
9472
21408
54240
27567
13763
59036
36051
53776
26210
45130
21659
29476
18784
26899
52073
35420
24820
6065
32189
53083
55467
58783
22983
51744
36912
22659
38110
6194
5000
44674
46213
14659
45088
11328
32771
47111
30559
7546
36738
55584
25271
48129
39023
29631
14110
51903
24909
53889
26314
40539
4996
52172
13484
29063
33157
42151
6348
15826
10239
23791
30207
11701
3757
23464
42054
58600
53225
54164
58558
25197
21453
32610
30097
36806
32746
50821
21919
57197
31944
14269
42447
30126
22702
45259
51515
38475
34934
21111
39860
27186
5677
41984
11942
31376
12988
46721
49340
34221
26159
57632
44269
51859
54864
3889
10498
20549
50101
54552
29554
42912
11500
3276
7157
45388
33139
33324
48301
25937
24229
46376
5686
32559
39103
20740
10685
7014
18588
30297
14535
8595
7685
17023
57552
58442
51696
57237
29356
33228
11985
57484
13332
55590
12774
30030
26795
29420
4978
46671
52207
24927
33169
33199
29739
47149
55373
23806
19597
37016
3967
3438
10904
16553
39878
41979
38461
38178
30068
7632
56800
43149
52749
40239
49663
17875
41712
46289
44116
44542
47552
46370
29309
23378
3733
11525
53131
28937
8248
27162
23109
40240
45557
32685
8921
8841
32948
37022
3024
33982
23055
30601
35596
21040
43102
47000
13948
13970
56126
42903
14668
38234
10997
58886
19040
34968
10984
4927
50393
14682
14135
23471
40897
26692
45440
25116
34683
50686
36852
21663
40662
34394
31020
30898
47105
10586
22938
33100
59416
25883
41729
38006
44805
24883
4592
24579
11868
21517
9300
26782
41191
47518
42646
39059
51982
38235
29059
31196
5676
7494
29277
11099
8124
53062
50496
36918
54257
12710
59405
10838
32884
54888
16997
5577
52087
34961
44402
42385
11137
24266
53446
44577
39112
12461
43393
23101
54560
35274
5447
55462
17381
16090
7647
55725
59557
35891
57144
28377
21293
10757
25441
21075
14734
24753
25701
40969
7261
26818
55724
20188
58362
27137
16501
28880
9521
28217
51535
8835
42318
33428
59012
57531
48047
24040
43449
48662
20819
21924
45022
35432
39327
6680
36024
50067
39322
23308
19256
14303
28397
35505
47145
52204
54288
3155
3388
40518
53199
37089
17500
18377
29277
35018
25292
28873
47138
7318
44761
31726
12742
8501
26563
34444
34119
29498
58415
16755
39798
51581
36797
31716
46489
54872
41714
55177
3833
48331
50377
12696
28143
21746
4138
49649
36012
46427
50788
5257
17773
55622
19054
9307
10677
16525
28904
51392
3828
33735
31713
59285
25066
21528
41209
16330
27458
31332
44986
12505
33375
11673
5274
37615
8219
7188
25028
54157
12861
24536
31594
30223
48145
28627
43619
27456
57409
56617
44501
9300
51535
49983
58235
3505
59895
14292
21257
10210
29101
35558
28857
6619
29965
5900
7670
8215
3287
44594
10763
42969
13720
36565
16924
20512
55395
10406
28574
35920
45138
42838
47790
12145
8899
50437
59679
7620
38372
32060
26261
14055
8300
22903
17288
29584
45608
11580
49060
29647
3814
33827
10934
53725
32544
3997
31883
41451
57169
3288
31294
32121
30638
56756
5792
16234
7258
23464
20370
42857
35762
46093
44172
46316
19220
33272
18067
7116
30279
17061
56800
34919
8734
46077
35679
14066
56670
6692
5295
37323
3082
58771
11786
26662
9236
55423
9968
31474
48774
52703
42493
8155
28944
28133
38672
15046
40814
39572
52427
45653
3478
42415
31375
6629
41463
28651
27075
50011
27855
33396
16402
4174
55044
30124
42138
39162
23792
21926
15702
49055
7216
36921
11268
46329
17933
16138
20287
7453
17013
6232
59896
9003
48537
57435
38212
6080
35050
18130
47758
42857
32703
35504
6349
4548
57412
6016
25378
37519
32896
53100
39980
19273
53954
27478
20149
56779
36485
32092
20778
28803
32244
51114
33350
4475
50100
54263
5713
47057
25712
44916
20510
36981
8289
4711
18077
46387
23385
43772
48476
46063
46320
27705
20983
15366
5235
50028
6173
46072
28966
6424
7627
14182
3241
55821
14996
50939
48299
8558
37413
31907
4222
55941
18583
57958
53938
26588
38351
52394
37401
13112
45735
26144
20479
44994
54530
26444
48241
49802
49325
52358
7175
47781
8859
9019
36547
10776
46846
48480
26957
28477
14952
54881
24520
47855
54227
23800
10142
35766
13364
14692
39308
31655
46318
26201
27191
39467
31724
41448
40707
47388
25312
4784
8736
36239
52755
33763
35141
32638
48358
10119
32803
28927
43273
59548
57237
58179
5183
41698
20892
57743
40464
7560
16149
11512
31774
16046
37008
20710
40733
43830
39742
14205
16090
44545
38335
8430
12133
29638
36311
53290
43640
7864
58998
51740
57385
27765
21598
4630
35744
7462
20384
5460
42088
29257
3920
35753
42702
7643
49570
16621
47548
12850
13901
17803
57749
13887
45414
43090
39419
8751
19237
22413
25960
38708
9717
28449
41849
37492
55296
17412
19288
16502
10125
21458
52895
57354
49214
11064
59408
27655
8771
27859
5010
40111
23378
43591
36969
31939
16646
7151
46327
35387
4099
18132
8844
44645
20013
18890
7000
33961
36706
30044
58097
38722
31713
36969
30873
7183
20125
35368
12742
32872
39148
48651
49854
37435
37918
55382
39201
55774
49249
4829
36513
57509
26715
36695
26398
38615
41004
44677
19340
56574
51198
41038
46611
50440
34822
10591
17501
34347
32254
36722
26395
39326
35745
58291
43065
53540
39714
36055
32617
59531
41028
40171
37426
30088
48139
15951
56828
4827
3496
13337
32223
48569
33486
7935
50321
7916
43001
54912
10569
17860
32095
5982
12383
28066
26749
49971
27772
34654
41984
8652
9037
44368
53307
8522
51780
55628
54078
55157
18203
11435
19789
11184
38379
53226
15774
55208
32002
53651
50711
5256
44625
50556
57966
37043
14762
5728
51923
36139
39425
7157
35698
13922
51024
59327
8162
59125
59902
46480
22311
58009
36693
36810
34168
47729
23977
37451
50738
34465
22891
13368
16021
21929
53908
36299
32763
31123
57211
43415
15890
29453
27359
36064
16321
35742
54211
52287
24527
15883
33943
58810
5182
20088
26963
20360
38374
25198
31498
42494
56392
9621
30637
59452
15235
33972
46967
46086
40327
40499
50810
21288
56847
24285
5628
41931
30018
33435
18900
29671
6727
3552
56260
43746
44240
51760
47344
9464
44129
36422
34472
39148
50564
54527
36329
31681
18841
44665
6761
11364
50078
39182
47836
8762
9747
28440
31241
17066
56298
21914
17968
37217
42145
24353
9087
7372
27208
45896
20656
52722
37927
49136
52696
46815
46391
28172
22369
44190
37054
44190
47409
45450
39888
32629
11771
28395
44196
45686
45564
23388
14369
14256
45571
13354
50260
5864
45407
11051
36190
45192
19444
25356
41205
34227
22958
14144
18865
51640
18404
31480
29108
36120
19259
56069
53852
47074
57546
43108
16958
29740
31749
21965
44775
52671
14793
56087
29957
49063
