682
22919
8373
4011
41887
14872
59892
4187
46270
20930
8192
47285
11895
11906
33996
6987
38003
46438
5581
27978
9932
8452
47081
40742
23120
58265
43947
55416
24392
55587
8611
41781
58764
57831
36513
41425
37647
23840
23485
45588
18125
47189
27945
49221
38747
8720
30412
15674
36509
27222
49873
13765
7950
57881
51827
39206
52484
28709
53443
41653
9028
34550
59354
51698
43843
36365
44279
18408
17953
51620
32336
45385
32024
20977
26321
27829
45952
40524
39442
50261
32005
19843
57098
9203
36801
38875
34500
45913
7296
13787
47928
30073
5680
23299
49602
34070
48245
14271
12558
12972
41303
27671
55938
11397
55015
21380
16480
25728
55894
53821
30805
49123
16869
35800
22733
39961
59382
45256
11554
21692
15495
42581
30586
13473
37037
39666
7622
19719
47598
26222
16431
40976
5979
20776
14101
35678
60000
34257
8894
8706
10021
40544
36257
32350
40160
52808
25689
28236
14850
9243
22232
10314
39432
38228
10112
23598
32977
4825
22529
35198
19761
54599
43922
57719
33522
17073
52283
28569
9036
7910
4765
13268
56527
19211
10674
48092
59823
9173
34181
34600
23643
53315
54329
57006
39603
21302
45765
37930
34144
44361
50434
10815
4596
50735
40596
22452
35354
52611
52675
36249
25661
59426
12622
45608
55730
45058
11282
20285
51940
9070
12624
13632
38778
31421
42116
49134
50521
58094
3599
18023
41990
19950
10901
25982
18968
29021
20004
49771
30139
42420
58891
35770
47976
15464
9995
23420
49631
40457
6193
44777
22685
27036
35772
54976
36711
56390
12231
44667
19372
20077
31319
18333
40927
58349
55229
5885
18107
41919
39418
58097
36949
6720
44958
56095
58775
55276
5497
49001
31677
39781
34969
4207
56505
14898
20577
8655
14753
36958
56325
7739
52208
36448
31233
4338
36031
52250
4474
26951
30960
3303
18926
41481
5908
13273
15738
3975
37778
50176
35365
36806
22369
51042
37024
28508
44865
51319
13552
57405
3948
46336
5112
32043
57474
23029
11752
17419
10132
44810
9019
52433
51038
20995
47468
51000
48243
21385
13667
18648
43798
35555
12058
13629
58055
35307
39567
46488
52846
39751
34304
23584
38970
21830
3928
6550
17256
22461
42432
47659
43320
16143
23059
48207
19470
38961
9182
5618
16083
29421
21226
23568
28556
23106
13298
11340
32295
19405
54410
14855
36838
25965
11478
9491
57986
41200
9539
52367
4525
12276
35658
4786
42673
25348
46240
30330
36617
22445
14506
48837
9541
13403
53892
37731
37785
52326
57667
7038
26585
55633
5254
46276
10161
13172
43612
41278
35699
9499
21326
11177
44526
42831
46186
39666
22294
15044
15948
40123
50746
41566
44215
44785
33316
41664
34999
5398
18134
6533
11768
20340
53216
3561
23664
14420
7159
17399
35853
6008
32496
37978
40176
49192
17980
26014
22826
23247
22717
53820
6055
21141
46736
17311
34723
30366
13868
26271
36962
5356
16679
32234
44903
59334
51817
29169
35284
50004
56897
17121
32395
44206
34637
8413
40576
58969
32532
56455
9612
39337
46953
41377
34363
59285
30617
18280
17904
6246
38652
19964
6524
15838
14482
23153
16833
24733
52940
9664
52802
43985
56643
49087
3618
58077
11262
54196
15851
12995
51171
17453
29201
14676
50976
50445
47208
14724
10638
9642
37485
42245
43854
43460
25662
7877
39329
59286
12244
49208
15311
38778
16591
59056
40955
57301
55366
28784
37270
11672
53922
59527
30000
5121
53144
48271
30017
21640
37509
45659
53928
51038
42562
35341
20061
26193
42765
14217
37323
23555
26679
52305
38189
34398
19795
23331
34699
8382
10005
51182
32181
14637
45743
54372
13214
43575
40798
12053
54974
8891
5000
46812
13835
42232
44651
31542
15746
22440
45206
46705
22151
7115
45680
56843
24044
27576
28989
32149
36273
3634
17520
56761
8084
48746
29046
52545
11944
51561
49283
55670
51283
36308
15081
23623
14003
59539
30723
29348
31484
54201
58348
40608
52177
38221
31046
23688
50043
28141
18997
27749
18400
42751
15331
38668
6277
12736
47716
5370
19873
13973
23540
18641
33014
30218
39416
28655
8128
16553
6496
11819
34633
38586
55448
8422
10869
29214
43736
19379
37437
50930
52578
59154
25118
52327
9829
42715
24417
29982
44435
51275
56770
47450
53271
38888
35073
16644
3296
59118
9776
54292
53583
24657
28284
23067
12647
17452
13708
19124
55757
