1898
5332
17187
46835
52951
24786
13903
57227
3411
7885
5280
58614
8489
44738
25371
36785
3281
44835
9179
18052
11817
42397
51844
10652
48709
30999
54146
37502
9804
43316
11696
26972
52191
12654
12981
55477
50475
4739
22398
3970
58805
20999
3098
8598
20719
56082
54948
58839
4894
59749
33275
21443
47324
39601
19680
57206
11211
26191
34208
37894
32814
5163
4487
25923
32039
28115
47514
29865
34477
15570
34683
27372
36490
49112
50819
40723
3896
13993
14516
38372
8299
51151
31603
4067
10721
9166
8516
29507
37680
43485
18211
11793
56931
14128
42025
22186
41252
11403
53442
41590
58069
52278
17867
3971
24074
3287
27491
9760
16888
43493
27511
6061
27811
51953
51823
11560
22456
16218
28671
38453
47734
16375
29407
22049
39656
22787
26049
5989
28652
52548
30164
20173
16189
32574
7409
45955
38509
33592
28759
28763
45092
46608
15374
48190
28980
54661
4615
58247
11703
27519
16635
54632
22825
51096
55526
59224
35345
35653
21796
54541
34788
6425
31954
19385
25882
46676
48226
41254
58089
40106
48711
7641
18341
54499
41812
35388
41370
8993
42026
44202
44481
24168
31868
27414
16837
43312
31375
18884
42403
42681
16868
6356
7035
8758
31309
29937
53693
54995
40929
29177
37807
19811
9325
30703
58384
10812
46065
48815
35434
22812
31038
54900
40067
17912
21596
40353
12833
50003
30851
48460
52379
50904
30355
48614
12642
30048
6413
5173
5226
14022
22522
52257
45182
9286
40612
44011
39822
21640
11168
45268
10970
11126
58789
41235
7440
39829
48825
48746
27635
16119
46507
34384
23098
6138
27603
35110
16191
54318
28558
36072
4099
38547
48126
49625
37687
38289
6256
46982
56906
26736
29515
45022
26648
19570
14391
59622
55205
36031
11304
16797
21072
44113
29301
37608
49036
21563
18358
8674
38776
11283
42143
56591
48322
27167
25970
51225
6979
50457
58399
31631
31433
51050
45089
13697
38200
20283
33244
29424
53599
26778
40524
43424
6200
21462
38162
35186
44051
8619
59700
43877
33041
46322
39366
10735
16466
45137
49419
41287
29143
25226
23596
14754
33109
12899
17576
6416
43287
44989
36562
12520
56255
40481
22684
55273
25426
21337
37709
22171
40282
56358
16948
56855
15606
9671
40583
11275
44684
56481
38349
15452
45954
57638
16989
24967
44107
18234
50220
28604
36427
26421
58115
6840
18757
48504
31748
52265
40520
49203
21131
43184
12908
10861
14490
6071
14820
17389
7202
52854
42274
13838
59660
44572
5808
21180
46166
57195
35696
59666
4495
4570
46475
39621
13451
55742
59578
30575
31652
31035
53775
28554
44166
7841
30533
52670
45819
26152
24715
25857
15732
48495
39742
18636
54669
54455
17078
34952
11588
30729
10576
9649
28970
14282
19321
39161
47241
27437
51585
46767
14895
53354
22368
15240
17605
31556
40808
25229
28342
43055
3021
10254
4703
29886
41823
45747
45706
48976
10150
26348
54606
52488
43832
9814
28096
4031
20917
45169
25437
8337
10476
18567
49009
38022
27207
37908
59866
29949
39807
31947
26494
27270
53756
53234
26209
12751
51588
34568
55736
58398
48726
3297
15523
32695
47012
7253
8521
26029
59192
21386
9330
16577
20520
9942
12447
20802
47400
30778
13864
48645
57910
36170
55939
29222
48818
29901
8023
4818
15409
35631
32188
59724
28930
16082
56922
10453
23061
18011
18023
13608
12682
6383
22753
43534
49267
35508
16511
12034
22825
40992
15093
24040
11064
29197
57260
43152
10764
45054
40897
37018
53937
12007
36948
24935
47358
13024
38582
20399
5671
43881
38428
14406
27507
23364
17606
23828
25230
42718
55039
26911
9200
25471
53208
6583
54457
22564
54084
58606
50340
58102
55849
3807
30655
39868
33368
29583
44340
33062
8510
58827
39467
58142
46553
52992
55325
57808
13166
8945
58245
37180
15742
59232
24068
42578
43618
31076
5991
32404
40782
56030
51277
34513
6655
47555
32173
26012
32929
46358
45803
27318
4302
44942
13906
31748
58582
34509
12763
58407
22251
50076
57827
45151
30459
23327
28132
17020
59430
33683
27407
18184
49576
3437
43705
34436
53324
33095
46172
3393
55721
51792
33134
38931
17717
48807
27611
46845
57576
30926
27261
12970
59903
37948
11460
34366
47304
45570
30842
29439
30211
50237
49621
4801
44461
26392
30355
51729
54844
16968
43099
33502
17788
30237
19589
27271
59431
7704
52348
6702
47386
45666
23961
36545
51208
50199
7043
25122
34362
26788
21197
43055
29220
57534
15336
51929
39950
14819
58885
57681
42572
19734
8450
24340
6426
51833
35777
26940
30028
37116
29307
17176
32322
30094
8661
41388
56193
26057
30455
59319
50725
31582
48404
6450
8705
8830
30252
20878
45736
31310
59783
44654
24908
53966
18069
32876
30672
10554
43835
30395
48079
44530
3888
18313
21053
5757
38184
15734
47628
18484
20096
20412
9672
39269
21644
14082
59622
50226
19931
34886
41454
26240
23232
15364
4191
41059
15875
24037
34332
6840
16395
16994
29774
43037
26992
28659
30919
53378
20350
44987
5088
13926
3068
4406
9702
17650
16779
15137
19588
41332
39607
15162
26595
51613
50323
58073
14699
52631
4959
51632
12036
52615
26894
26037
49839
45687
10022
27140
38936
4467
35395
25713
47745
24987
9086
36808
37915
30501
20185
52627
8541
15060
25202
9196
52583
56884
6515
56003
51503
47131
49510
35830
24674
22181
41902
19550
10706
6178
42891
5164
56905
28164
23579
53883
49393
43649
16061
48418
28170
57874
34320
41286
19035
5719
32298
12586
7047
24885
58449
37612
30627
43604
48506
7641
24081
31673
47930
32303
53562
19526
43893
55773
35407
54385
41091
48059
7971
21604
51330
58446
47076
10386
6352
17722
40699
28140
51742
49239
49859
19851
47321
51576
49547
25968
23557
7429
51910
23941
32218
24987
41088
46364
30043
3357
13595
7723
30865
26427
43072
59766
14761
37744
29187
38972
31511
3224
39582
49763
7837
18848
16624
53836
6824
59766
52482
7195
20282
7310
45870
15811
14153
29902
24904
5926
52382
37547
49065
18627
24077
34290
52524
46030
35260
18145
26817
11560
35498
20283
23957
53334
19247
33627
16078
9107
44239
51041
27368
42794
54470
32652
28628
41535
33610
57784
44781
4085
52700
12891
12236
8751
19746
41056
22707
43126
26049
18879
27117
17801
42825
40797
12071
28432
34333
57121
11457
32767
47103
57040
40530
49718
8200
29780
14647
19239
5358
50473
32409
18477
50644
5270
45237
24278
41288
19636
15936
30659
23125
32477
48526
57825
30672
21499
23428
16205
6579
38197
52503
8409
16748
50347
6102
38161
34565
18879
6485
22786
46004
29572
46946
58965
58412
55374
18121
26030
29010
38009
6017
48952
14419
49633
44871
32138
47370
47349
15030
50063
58120
18795
56889
19386
4857
38340
21601
28259
55074
32385
15955
11946
3632
27776
13481
51943
35353
19719
7453
14849
11287
51300
38489
22337
58865
33362
51633
4299
37248
44121
11125
14622
48974
25794
58551
24335
13753
25929
57077
39960
55904
50855
18431
49271
42918
40713
21836
8859
59494
17657
18115
20164
33872
24976
41077
35871
54899
26147
41390
51842
45676
24078
32949
37984
3519
9275
47229
8625
28861
26147
21927
38487
55039
44633
28380
31491
14135
38788
59645
26215
19764
56631
14274
6260
34644
51387
28838
21428
12876
13356
23359
35341
49675
49239
5490
48187
26331
24797
33728
8784
21901
16917
5520
32288
50652
8817
29022
45784
6431
5783
26315
25054
21925
51260
19901
13804
34622
17003
47039
43232
53592
27923
18906
41135
8698
47454
18110
59634
27898
21237
52783
13287
53531
37768
47156
4053
10464
34708
25626
25706
11249
25267
33712
41863
15757
49797
7040
51984
45406
57669
21544
13610
58165
7650
18274
41836
11781
48590
13604
17245
14188
47232
53798
5129
56188
19136
35928
13564
53693
34712
36884
39707
47093
16382
52588
25825
51913
51574
50566
27835
6201
13049
11407
39863
13358
31998
16895
52740
47051
59411
49017
19918
8651
57450
3599
29325
58981
13339
6352
20846
49209
40171
24261
47661
23905
46654
43130
5085
17293
21619
41147
28886
9497
59039
7949
45127
40566
31352
45626
30285
35363
48230
10267
37191
44744
59157
17993
32452
10842
6238
6713
57382
9099
40201
47002
34494
14711
23032
37643
35108
57692
30153
43438
28311
37656
51565
33112
5804
30170
4081
32287
39678
10900
7320
47998
10261
8960
36007
19369
19928
51513
34225
36793
19166
49798
16287
17036
40369
20549
31510
13889
30128
37750
17020
13367
31779
26930
26023
57086
33616
58647
22132
37785
52184
44300
59692
57826
20111
7434
13767
29297
44953
51074
13202
58535
29586
18767
39397
52618
23302
33033
33078
30427
53398
51147
45698
59553
45008
58871
30821
45184
38875
28958
59696
35984
13208
35069
5354
4042
16860
34581
6901
50351
12824
37998
17891
20551
31825
38221
59142
55810
7579
13627
42247
33685
9429
39996
30141
33338
35771
27823
23103
44135
57667
40366
11651
23411
16705
50490
23651
11510
56263
51486
34749
56301
44138
11602
43413
29049
10976
42978
27751
54759
44197
55847
47941
10896
27894
49402
38989
43696
7525
28567
55018
40564
40033
26539
32972
33551
21309
12554
55455
34704
43291
31814
8790
19823
9442
29680
10585
50728
58900
7067
39064
16896
8373
56686
28759
34773
45296
4896
55795
3862
15971
39152
32482
50781
53014
25160
59716
8946
40921
28869
55030
34425
36147
33697
48804
28446
45856
30483
9204
3019
25921
33848
42081
17942
27355
6820
41801
46832
14454
53070
18438
8496
8292
54118
7439
18016
8953
25479
9591
49748
34806
31757
45510
46473
44558
20346
45903
37033
14838
21900
56448
12666
48635
6134
43167
33709
18611
3538
49348
12054
51893
45813
59813
56691
26969
24332
13954
38749
54631
7125
37184
10866
5207
29770
35400
47454
30823
59903
16027
29873
53900
11276
57784
11503
58066
15548
10861
18577
29177
49603
54825
23160
50879
58477
30585
13889
18070
57660
7182
16586
43409
37489
8290
30891
22898
9064
7198
37424
35216
38188
37879
31450
4719
35835
37777
59158
28574
43261
18456
13353
21780
56124
31572
33331
46498
11579
58763
36872
54080
38244
6634
37920
22721
27448
36191
43613
19441
16395
28229
33685
36581
19594
40631
30894
5711
30508
29296
13854
40006
39668
10190
45534
52066
36832
6321
44020
52033
31706
29608
36140
19669
20980
38563
52046
23063
41858
38766
37633
37290
48964
41597
10007
21110
13033
4342
58230
45083
12259
14866
21758
23969
56252
31756
6909
31778
30617
55142
18925
24784
36606
40603
16801
50426
33374
5407
51303
54446
17662
28815
17209
15515
4519
18197
44859
37335
7291
52126
40984
15627
17440
57975
15285
34651
11663
30597
36832
42960
25379
16631
12668
47721
24140
42816
53834
25146
22855
47702
53356
11657
39032
39267
46714
41080
4879
59088
47749
8897
59186
13613
12128
49557
39948
48619
13277
38505
12560
17035
19453
29891
21800
38965
17534
6125
52089
54903
32617
14133
29091
59857
22210
16099
25731
44359
16994
35707
8583
54271
12863
23304
5586
18815
30763
20047
57316
41786
32555
7774
16490
7423
52231
13282
30155
17323
7931
17772
19246
46158
49613
54728
22113
6622
24011
4607
32824
59734
52951
33890
37563
39722
12552
59548
23732
3835
22731
29513
36720
19163
47302
12320
29287
34722
22469
52326
53252
44791
9279
47187
24700
46459
31762
13044
8408
58869
54259
42509
10906
55506
49225
59363
19262
34058
9026
45166
30356
59535
5785
12026
35643
35130
34392
50491
12606
8191
28806
7446
43051
50219
27112
46890
44859
54467
14624
19394
23919
18781
21731
6773
19060
37471
30260
11808
51140
58176
40160
3145
59371
11459
16223
19553
36793
44925
4956
17787
36644
48102
34908
53283
4010
38373
3485
30680
33884
5728
56189
10326
13180
37396
31227
56210
33442
41147
35948
23185
41454
16657
39488
47809
38542
43800
59435
40701
37148
22704
3762
37472
37745
7167
27138
58415
40519
21101
44756
13294
44516
20437
58838
53505
31400
21709
6295
4140
54860
26834
6931
28883
12460
33119
53597
22828
3201
12737
43389
47298
3494
58190
13277
13877
27299
51880
50790
14496
58858
4124
14948
