1931
39604
59756
15300
21861
25870
36249
41784
22710
22377
51511
6481
51134
55866
36658
28946
57857
24244
16866
4386
32531
23506
15507
14832
22599
49922
57912
48810
40686
28583
36171
47632
37693
26123
36121
54668
23402
13908
26378
42141
37926
57790
41222
42117
48537
41600
24899
11467
42311
54015
46810
53697
20865
10617
59004
17728
6094
54779
58433
11405
19171
35413
39512
38914
11971
15028
37784
59376
28572
22377
9483
8119
5705
11025
53960
19279
39929
53870
26505
3258
45150
31782
10814
58907
14238
28208
10160
22010
44481
21139
30413
48123
3532
17667
28105
23049
11132
50551
48527
37634
28246
54364
3191
38664
11545
33976
31818
58943
45925
16761
16823
31471
13505
34521
25880
42265
3614
6305
13749
23870
33949
42848
8954
26563
20279
17570
44518
28016
24789
53611
40385
20062
6092
59332
45814
58567
49639
21886
49153
3031
12618
52175
14905
8727
38215
14656
45556
50090
38436
33924
54831
58653
33578
13340
24147
35221
58220
50510
7211
26432
30831
55246
25362
10693
12317
52110
26109
36750
42398
47124
13400
19416
20178
44516
14758
31685
51008
15158
45584
18460
11555
31012
20864
54275
48835
30577
38317
34921
5614
24577
36061
14269
53343
29022
27480
10079
17535
4440
36755
45759
34003
13021
21988
27622
4555
35208
41339
41408
19060
52331
46616
50169
53621
15343
39164
24518
18420
53338
27228
52305
38047
37404
50233
36434
8510
58345
29381
53806
44903
9684
31633
45871
38886
40944
14378
28901
47262
15365
18920
28662
11747
34009
17595
26824
56935
14955
18089
39590
49815
18554
53547
13218
3266
37432
50638
39976
34453
36742
15058
4748
32618
7978
50456
18668
27495
36891
25300
33820
19565
38663
59899
22383
21285
4026
53155
13923
43646
33007
32132
10473
45502
36849
30454
59629
12563
39339
29480
5382
25396
17869
50340
5297
55272
24843
45939
6788
7186
18815
35868
36506
9465
39771
19226
51495
18770
56830
38742
8236
14729
51031
36281
21908
35253
14013
53512
37253
53196
9355
41851
15117
58351
57577
57398
24454
37224
43658
15382
21562
17725
8046
33565
52227
57471
10998
28624
14867
14769
43173
57380
34201
32729
13857
58728
57187
36883
28168
33977
22124
58221
28212
41064
14259
9808
52218
55102
15011
19400
26746
48692
23841
25833
18579
8512
26847
4760
10026
40567
39404
59505
21882
32751
8846
6597
11812
27520
7217
8115
8403
24601
5974
14871
51841
32359
27918
24823
40460
36743
59245
15244
5649
55882
26717
14390
10996
56214
4165
38391
9579
37000
58254
53048
53854
18775
17851
19096
13282
33932
27781
36555
22947
5046
4806
37257
40816
42028
54835
45380
32311
50922
53571
7360
32314
52215
47444
3004
53197
52719
37618
39739
44884
47646
36167
3497
41839
27764
31056
11762
38074
53082
40141
22745
46958
8454
46542
44320
38845
21100
28137
49921
54457
16786
15075
51092
45845
48361
18354
51120
43664
53392
34995
37542
55487
17884
5455
28386
27722
40922
22509
17066
13530
16587
18083
28757
41553
17054
49572
31083
4378
39946
34420
14513
49369
27006
5511
45447
54639
44290
27196
4743
15559
51139
29991
19082
57923
12156
5719
22481
24637
3963
53334
32515
38396
33118
21383
36428
9026
15611
16897
39875
52644
26981
16224
50795
10570
5221
25604
59291
51354
50188
8830
33576
7196
58406
57757
43865
9652
21253
37884
30412
43074
41033
48786
12463
57092
55413
14594
3775
10345
36256
32014
51006
27615
3087
17540
32389
35441
44689
36723
27661
55560
56957
24425
20137
24512
54539
30048
37413
51217
46161
15936
26758
58827
3431
10414
58589
6519
27334
39098
16664
39237
36868
32772
14929
47022
37727
50302
52375
31783
14417
7733
57257
22695
8269
26883
41184
57672
8305
56720
26570
43084
48654
26440
20668
33626
38485
23201
22980
54670
28100
50064
41568
48244
25149
24280
42498
10649
38557
15860
48780
59033
58195
15987
22089
58054
30269
6699
42012
10710
15425
29385
57151
54349
51726
39147
28989
29596
56642
12496
46232
4319
28702
45085
6284
54991
15119
4766
5482
21973
58086
7900
16293
43585
41609
35464
21958
51028
7193
55019
37112
14434
8121
54187
56484
13153
7632
39521
45827
9332
14531
38113
5221
24433
16418
36719
34824
11998
10554
30076
11363
21638
9477
38308
50797
47866
15267
56582
58192
50015
54422
25831
7411
4128
20277
30747
44548
59964
15303
40774
13210
51767
39189
3397
57903
43247
41924
21301
32555
16367
35373
16099
56335
4679
36387
59855
55865
33776
18532
55799
18238
18133
30075
16010
27195
18351
23368
39140
25208
19995
12573
49934
59582
39903
13855
18002
20062
52572
4843
53690
4449
26370
45015
4440
6309
10865
19434
51714
54079
18419
19472
23226
35810
38565
48720
44421
7978
47170
3948
32153
37554
25886
17606
49924
4269
3536
57190
15900
57965
52589
27022
3222
42212
49605
4199
49217
52534
43421
32488
5103
27826
40204
8373
41260
41620
54444
15617
46848
42340
54104
33539
15343
17547
8068
13416
36988
59625
11229
13961
20068
46246
38597
43285
59954
17011
58432
39700
33842
5506
57478
40422
41350
29486
56481
26280
24576
7316
27165
56673
6380
47494
35954
52495
46040
15444
25745
36017
10985
59674
48285
21980
45497
45729
3693
56880
29190
46003
22166
19803
17793
16119
37261
28491
19761
16169
5091
40214
4966
17423
38992
6553
48880
45401
5383
13796
59146
51105
18455
34189
19396
13934
17164
57775
34970
9038
40188
18046
48780
46048
19090
32018
32610
30041
11846
13835
50046
32667
3821
36363
54928
46808
11515
10229
49161
18747
35556
46062
54874
8779
22269
44567
49024
4845
20311
23474
36320
7396
56108
30604
48180
22666
3693
24809
32963
46360
51898
41342
26905
23948
7872
26792
43118
49299
16830
26280
46774
16687
4510
51379
47500
8891
50617
54380
42460
54669
17474
49725
25512
31192
13585
6850
3669
45771
36426
13160
53751
31890
6281
11772
25220
14455
40411
21363
27801
20469
25048
18122
30993
47611
26982
6933
49323
4397
46413
22711
43352
45039
42975
6434
55839
5894
45119
48598
50898
51126
37593
33322
47687
21492
30140
20503
42670
48324
30512
8035
47666
22481
34608
35388
21142
16063
11156
4735
19013
58538
40467
10684
28775
21253
19226
40971
52780
44968
6506
17904
53420
17672
47933
59935
53888
56053
11632
58611
40793
14645
22268
57687
54200
37227
34490
15385
26248
44086
44128
58691
47772
33659
10097
13972
54702
55944
27682
7487
44860
44411
29319
32196
45594
5506
7703
16014
37866
33318
19098
54932
59780
8398
31662
45931
28073
28999
32620
43589
3083
46615
43935
17994
17473
42651
6795
34181
36054
11089
15803
47503
22642
40380
47363
40290
53488
47839
59077
43516
46789
10509
17299
15342
53060
54406
18530
19674
43148
17561
47737
42701
10638
57480
33961
38172
12706
12708
11193
27174
24460
46803
37434
59783
10604
55294
53946
46133
50150
41205
17917
40930
5509
16277
23718
20747
57861
36067
56352
52098
22362
55052
28021
7930
32083
3604
16158
52919
44693
32633
10869
54208
36639
19298
33390
13110
41451
56459
22506
12783
18057
14133
10937
44233
3744
37911
19454
20470
26476
27208
3297
20386
38568
9625
20126
22836
19403
41085
51360
55382
34831
14241
57779
59612
8657
56763
16377
29052
55464
57121
19409
19959
58729
52493
28317
44140
39884
54935
41776
43203
8560
59035
37568
11567
49180
8521
6640
11561
28005
54675
29503
13439
30776
31510
52389
58436
12664
20665
49632
30411
50363
42638
8838
54404
3555
58545
15665
12369
25831
48394
16750
29800
45094
48644
10507
41176
34560
25136
12782
53701
44280
49935
56864
26823
41605
52060
7292
49074
49248
14118
38121
19192
48196
25421
55727
13656
6440
49092
9565
42433
32471
9396
42577
8961
36935
49841
17160
44726
53784
7024
12797
32589
18088
23883
52599
41170
50151
38595
38275
11504
20813
50605
46111
57599
37138
14118
19867
29184
44244
24223
22534
3526
27240
24924
7201
15280
54952
38244
47073
16001
30646
4561
13596
10823
3100
27539
32006
29575
54873
35551
45850
33760
29335
53297
41863
40382
15287
5830
34603
7361
48814
47657
37614
9355
37512
4794
48392
3587
7723
48611
36007
3977
23053
48171
28722
16648
28596
13056
8040
19685
20177
44086
40830
57259
5999
22881
16514
43041
30356
58724
18512
45831
40375
21647
38320
37347
59285
51621
18919
50908
55048
30637
24955
52925
27323
52637
40125
47014
31106
44137
53712
36108
28066
6524
14762
32035
15968
54804
38865
28094
15025
30611
15975
20801
19328
28630
57050
34093
11698
54640
23428
12316
55314
19744
34082
21363
42560
34846
28667
53642
14182
18524
32230
37616
25225
26478
49837
33319
17885
42687
40047
44934
10186
18068
3801
51759
53871
41528
35717
33781
45456
45189
3698
51858
30554
15851
11996
55681
25455
45149
6050
58448
51346
47225
51434
51359
9326
17620
16209
3920
31766
14739
19872
6991
18884
44574
5224
24770
25852
39690
7798
11020
59574
56673
4324
19941
29318
44353
8554
43858
44442
28365
34812
44146
37598
17330
16748
54758
11535
4920
40840
45126
27621
23202
55545
31603
46433
21989
4132
13178
49401
24886
27930
4981
6664
27261
5158
44260
55317
43795
13107
20194
42281
15606
12471
55451
37107
26664
43903
49180
58701
36662
8198
16126
21765
30152
27903
21661
45424
38661
56649
34952
19702
31007
59817
30475
5597
58485
56644
56813
36853
3721
15702
29340
20690
12948
3407
35659
17199
27632
45161
20408
26448
25552
13102
28087
25181
41986
14721
18566
6749
19205
4894
26972
34026
35377
28828
15203
21497
55713
39486
41253
36594
49885
19282
22775
4669
16717
53449
19981
8117
36023
26107
22239
56192
48376
19843
43760
12764
59945
36845
34764
8553
50968
48430
31705
58223
31426
13529
23658
52667
43875
46847
42805
28455
27297
49520
50198
17302
51856
11720
23176
10678
59528
13018
9520
44873
16207
6940
43455
32812
7916
46682
19132
20925
46609
34614
31447
3764
46842
13461
51596
5011
35947
7091
30649
31483
34003
42724
19048
53720
30022
8675
22543
42731
8010
28653
4114
38800
9469
51981
9777
29185
34699
20787
24765
10016
31201
34051
11647
8068
53384
8429
26933
9890
28803
38079
29717
15380
29816
52494
15665
52619
32653
18975
13979
27891
40165
9666
38240
50213
27685
29498
13077
4065
56662
33261
28459
5208
32107
9626
18328
24811
50995
32371
56218
4105
24015
26983
28920
57855
10258
31791
58950
45813
15412
59767
54235
36555
28045
18530
19946
9813
17691
50615
45399
5110
54091
24220
20915
8807
7261
38349
58111
53883
59990
3942
47200
8415
45988
21630
22068
45700
17847
44583
32020
13950
6696
27470
30894
21072
13484
45712
52585
9743
36691
7287
32893
37553
44658
57906
26702
45525
40911
18558
47702
34387
31012
23709
52049
10080
11560
24081
16854
58665
13472
23355
16651
19311
43301
29350
57498
22157
21666
20376
20881
55058
36551
34324
51710
19504
14633
41576
43262
11989
30583
26799
55756
56149
12788
21156
29909
48059
6620
14947
42419
32105
38750
38455
16753
32812
56321
38794
56214
52541
3318
27864
21305
26957
57480
26460
3353
47457
24460
13377
57380
9764
32495
37627
41909
26841
16538
24398
21337
24691
32512
52100
23461
32042
58568
31351
27715
44893
14736
45168
23357
37535
50071
31177
11897
26304
47241
55269
58871
34148
4050
41867
13546
26327
56545
19434
12215
38192
22632
12245
46175
4832
36930
53086
57163
35929
21072
54633
18374
49915
35029
5913
10597
44232
49356
56021
3495
19493
35605
6710
32894
16596
10650
36187
8162
26704
46857
37166
20091
39175
33899
30958
6492
41196
59024
15978
55175
33825
36113
55203
17272
51483
26948
26694
13324
51910
15439
53619
39678
13617
29471
16279
22169
42495
52509
8489
9048
31996
18580
32209
3248
45441
27255
20603
26028
5430
57394
58832
6486
32811
44717
4665
39726
45080
8125
19579
54483
13396
18505
27233
48472
59025
12648
46533
20047
59744
13415
54046
22841
40598
55172
24925
33586
7906
24213
24484
37978
7018
29240
38009
56493
16856
25846
39807
6936
6624
18526
49323
24099
32325
24376
17445
20659
18238
26896
20460
9601
47918
55084
25682
8470
38527
54431
57977
3572
54399
30205
13680
34411
36055
49459
38198
25142
40552
38408
8489
28744
27585
31233
20732
45691
59635
10421
6573
53778
10211
