1740
30769
13640
19085
19118
34147
9142
53218
36274
23601
45507
15035
54994
58641
42991
45237
34527
53526
40937
40030
54919
22640
11210
14160
3317
42560
34879
12865
38285
51159
4708
43355
5022
32540
48082
29807
15506
12192
42828
12684
10681
18483
9887
47822
27498
51540
51297
24950
42946
5268
26256
32961
30812
14659
17774
45262
40255
53568
4471
34071
42198
33155
4690
30940
46044
25454
19998
10398
26551
29355
36156
32020
16736
21236
43390
22698
4952
50091
23134
58303
8254
35450
32745
37337
5319
59041
12521
20535
21502
27714
22559
46968
28128
18751
14553
26310
10738
21960
54189
41181
21595
16071
49885
34624
58291
13371
17076
52395
4874
26680
23070
9194
38653
59570
24471
42846
16913
3084
32459
16627
13396
14892
43771
36852
36606
26568
58069
55492
32399
48876
26437
11866
28674
48397
43338
55621
51732
9114
20837
39232
17094
13049
29866
7193
49771
38662
46423
21410
34804
47570
28381
40421
47597
13460
54784
35373
16265
26330
28369
21039
38907
6322
35223
44138
44286
4093
22499
28535
23630
52746
5160
15354
15572
31277
32828
38899
52690
13419
47353
48401
51151
8881
51380
4083
21370
34991
26277
10058
14719
48822
38994
10741
44083
3603
52450
56422
33010
57589
5045
52197
7106
50391
49251
4715
17408
55444
38854
33803
32929
18512
51742
26731
25988
34506
31530
30619
31908
5458
31525
9703
13309
46009
52338
43491
49762
50226
49331
39884
57622
51136
40697
9204
5579
50916
52305
4271
40082
33640
46728
55916
49836
8013
15211
49370
41355
41588
14308
32096
17836
54438
38726
43835
51904
53726
48820
3605
53564
15828
42851
45647
56655
57072
10300
25983
41706
29364
23362
37945
3912
15020
34403
15759
49029
51516
27456
7217
48302
30328
7438
56682
32682
28378
37538
42951
37162
48055
14705
12769
53372
40780
54071
36044
48481
56074
45677
9073
58402
56466
36237
39512
50462
17848
13728
26443
37423
21894
14723
22958
30382
16956
8569
31594
50536
24979
53562
26837
33369
15495
58927
21651
41685
53476
48248
35800
39971
15011
55352
19590
52992
12303
5951
45598
18580
11809
39105
58022
9263
33766
33201
54088
37508
21996
21973
8516
50434
46115
36005
29446
47659
34159
5184
38027
55819
17371
7247
30734
54035
17643
21763
20608
39872
18072
34740
13006
8723
24526
6154
30633
15380
30719
57963
38025
21205
14976
55362
51722
48245
21572
16146
12561
7203
15768
29906
31155
42846
44756
23442
45925
12760
3342
16438
11936
46329
49408
20308
32415
36099
52858
33014
22296
5172
57467
58652
59165
38868
54963
29186
55795
52342
9657
30039
17628
4525
5024
14152
18317
21855
27576
44368
16773
57595
42297
34036
19016
54240
9918
32332
15054
55962
50367
54254
40082
48731
15911
57904
25344
20515
3250
55911
49477
51502
34480
20848
10362
13129
57770
21864
17012
27214
29682
46184
16320
27459
20737
22982
29885
10011
58535
51231
52834
35740
39815
39356
23307
42021
20419
49924
8841
43483
31187
44210
6622
20187
22699
15833
27167
47678
44309
29498
40942
20876
46990
4415
29279
35016
49570
19753
59659
56516
44616
42070
14564
14217
41091
18713
35208
30313
28999
27837
31547
29891
13954
58855
7880
25100
23611
58186
12395
34808
17922
40685
56388
33596
44266
49489
29959
46927
53290
8019
9887
27929
10905
10150
48522
33916
28576
23680
57903
22647
4566
51424
24803
39616
47024
55334
29771
40124
6828
59146
50935
31384
42101
11105
16763
36911
57219
48903
58677
43303
35556
45711
51060
22137
36030
42799
22001
34016
13911
30092
7240
12802
15355
22071
38939
46485
53445
7301
33619
4994
24639
39913
37140
12832
28199
14814
23616
40632
8825
14973
40989
46488
32155
40988
10883
47002
38317
28697
23022
16984
4324
50045
30707
25429
47098
43525
39647
35442
20529
47158
29794
16532
17001
3353
29719
11894
26257
6452
24532
17703
36596
9520
5024
28228
29509
6225
3090
43669
35900
35104
13554
13303
54204
5150
10729
19075
28092
27881
16029
5573
53438
10264
14588
38286
46987
48329
3205
35760
21495
39995
5445
9737
9658
19307
3154
31006
56962
36279
19418
8687
11013
31798
41167
52506
7688
23415
37769
47851
44851
12366
14922
48418
3677
25972
28679
52096
34077
57810
56897
54129
31519
59447
17650
40665
41322
21909
59503
57409
41761
7557
57158
34707
25908
28019
57464
58572
16483
53849
21473
3798
29914
25224
43891
7990
20331
18579
52809
27132
47098
6178
3653
30577
53720
14807
56257
15996
8662
58689
16024
52424
38643
32747
31790
6146
44378
21470
55913
44294
55414
58418
52573
7083
3945
4516
21540
13913
46624
17081
28960
25784
22085
29467
50279
27214
33592
5373
47359
29256
55692
15315
49579
27571
32724
6097
43264
50482
49636
20189
9960
6899
24215
52458
29548
7095
42976
7049
7211
9433
4640
16843
38537
40740
33183
54818
15373
41170
7845
25421
40774
38539
52014
28742
18913
31785
44015
51916
25171
50426
40947
17362
12923
12078
11682
50472
14383
14261
7575
53798
9193
50060
43155
57973
18445
44824
55186
15771
12177
49948
46793
7631
8829
50934
23108
29633
8906
40565
4679
39100
51349
51578
42009
5359
41321
9534
10903
42307
6272
41191
56270
56062
36861
38857
26099
39212
6435
13770
36989
8676
50741
36324
8372
39089
21642
13418
44306
38882
49121
13645
36842
58870
13844
17411
5394
27856
41807
58800
45547
43861
35207
4149
32931
38589
44108
49439
35267
14000
27285
53229
53203
20334
51571
7703
45901
35872
54393
34816
54177
7288
21187
27043
19540
7562
48591
29128
12653
31028
50435
46595
58419
38976
41384
51746
52000
4751
53127
45463
4962
12182
23421
58436
28369
29495
57797
3635
26645
28849
9320
4065
7031
16959
17242
58083
5621
42355
45326
7940
47813
13165
53529
22699
51925
16408
3428
16185
21791
56673
31765
5574
55932
40210
10717
44289
44263
23724
7402
24822
40773
47657
59290
14391
26501
55362
8311
22820
6358
25305
22284
55543
40028
45937
34225
15925
9433
9181
34474
24303
4355
18543
18912
59059
11388
47407
40578
25297
17566
38406
50931
48152
23022
49290
8654
58499
25696
9265
44673
54534
13550
57584
52943
40780
11612
11049
27777
44927
39854
5311
40316
28913
42262
28445
4819
41758
41132
21643
52640
8374
7478
58255
11698
12418
9932
14258
12342
51587
27396
35833
20752
18930
43163
27746
17021
4424
36929
24581
15520
34847
57093
39971
13436
43422
16516
43815
37831
55584
23244
43288
9990
16108
18010
18045
46247
20715
17542
39710
58384
40947
46709
37513
37149
14729
41927
8264
10288
37031
14325
58572
28892
31869
46996
42993
14924
22002
30722
55189
38591
42179
51395
12823
34172
15053
42661
4938
48735
48671
46020
54135
40493
27771
24939
45277
56946
49157
22805
22123
37153
34092
49541
3514
30132
49152
30214
10000
8002
25940
10129
51233
17048
57938
44067
50725
7800
18437
59566
30370
23076
58866
28349
47672
41798
53452
24129
45696
50861
6566
54628
36361
43326
30752
15452
58396
26143
38295
49906
20610
8836
33229
13715
18847
7250
9614
57202
37974
20757
9554
37654
5150
18712
9950
17587
28848
26700
28764
47314
20591
17578
22642
32898
36598
9188
4376
7563
8175
39173
36331
13267
35381
37646
25130
46955
55612
6230
31188
20439
29782
28539
57976
49374
14346
14571
33426
13446
16226
17560
23899
23921
48359
25700
21535
18851
43271
44012
55926
28429
48248
17386
53038
19558
47935
59562
29534
46951
42289
56532
6324
39244
14649
40932
53863
11889
28814
39214
23193
21632
41098
36939
31891
7087
34190
57384
49827
13809
43271
51496
23003
37905
37935
49790
52832
44871
23639
31387
13090
31424
34391
16436
28862
19181
53818
47153
48792
53988
52978
59951
12395
23454
48654
4940
55664
26487
38429
17042
33309
30317
17044
33245
56906
46575
42842
8194
5921
39440
55796
27753
45297
24788
29666
44586
57724
5872
42026
51748
45243
40751
7849
19358
7442
28854
11729
53212
8892
35561
50881
3462
22250
58710
9739
13014
22433
5464
42506
42571
34816
4035
19382
28694
14430
12263
57611
58970
58126
53699
20778
12226
35250
32922
9178
34253
55620
53120
27360
28955
44786
44076
14617
30890
53966
34934
17102
34960
35019
24770
24247
42673
5125
33656
50059
14118
5304
36366
46523
18447
46024
25128
36049
26987
35642
33148
29374
51098
15336
22193
32342
4165
58418
17477
41594
52153
21813
18291
27148
45853
55133
44395
11965
26073
53198
59983
40482
19136
53473
20194
39526
14143
16290
44816
35528
56558
55356
48751
40156
39799
45722
11694
3573
45575
11311
35205
15693
36880
17135
10419
43940
22291
26672
4856
50487
8680
16466
54808
40185
33428
20252
34112
11610
58525
5519
54796
59787
33601
15648
38550
40724
50914
23549
15807
19389
58187
26180
51959
25999
41428
45012
14208
52967
59920
15917
58002
19089
51604
56783
55518
41413
23263
22753
28309
47801
23432
46037
26780
44709
45870
5547
7007
15162
53724
13196
4483
46789
53135
41568
34786
29974
31672
14861
37175
29293
16943
16487
18851
54129
29794
27584
59811
8712
43861
7253
13815
59688
37810
5969
34407
13829
54955
43909
45701
33692
11017
51052
42461
20917
51962
20338
39638
38494
34294
6421
31088
23125
24612
21395
5961
46052
37416
54315
33388
12850
50319
55808
39786
56841
50607
48879
21328
41427
15883
40846
40434
23910
5643
44433
56273
30741
57696
44483
23849
52176
55022
54913
7329
40714
13544
58535
56031
15089
13211
33909
4075
56451
46388
34773
38087
9150
26855
8609
38668
14663
59382
18071
41541
10953
51222
12710
22731
31006
38586
8855
25972
34626
7346
26895
41896
27876
41306
5976
26423
12260
11613
39395
37539
18998
21776
22931
59564
58748
11571
51984
6454
43988
16880
7595
52796
15659
36885
19667
12423
27144
9230
20135
34270
12038
39256
40618
35608
3297
34010
6480
51598
33656
21100
16337
26642
6589
20548
40571
50765
58633
24218
53628
8310
30128
36699
57070
11256
55641
52057
52780
10246
12696
15134
32552
33178
8887
29422
23861
54226
19861
19690
28653
7123
9531
17119
25605
37671
32664
46041
34233
52147
33634
12859
18399
19567
4400
48033
45081
5111
54896
18635
34151
54427
40651
51898
18662
24844
23531
52539
4565
33769
38583
10599
19616
5115
54075
29654
26019
32662
15909
4359
11945
40011
8795
15685
21958
12180
8794
5270
33074
42802
23991
21332
9929
56883
25134
11575
40346
32618
44048
48542
51769
54110
45967
41654
46224
53582
58292
7474
28058
53505
38781
41626
46850
58934
5663
25063
55030
8027
31808
3552
42763
48813
36064
6214
35977
41745
39491
47751
22445
32561
17632
32191
3733
22918
23737
58882
56350
52018
22510
41940
48094
40370
49922
19373
29207
14585
45194
56605
8385
42228
56689
39870
53723
59214
22417
36999
7259
57208
8966
12996
42074
12994
36002
14747
22200
4318
27592
9271
39726
10259
18322
49938
52657
29078
36368
54490
3756
10179
57188
56904
34707
11956
25459
36282
22956
23178
50091
47962
7509
45624
28058
52505
57436
58558
53954
58736
22967
19243
20210
54940
37263
31320
26640
49685
8748
