697
32435
36647
14489
52002
47918
55075
12526
21537
46402
9816
12280
43868
8982
24734
39904
53762
54634
20077
16522
53237
33373
4668
40551
39042
29901
8226
41540
48421
39406
50350
56148
20413
34469
36487
31446
41536
5231
16399
17795
8186
25332
25315
40969
57593
4854
49379
31742
45598
32560
12357
23880
4238
38837
58067
53612
11801
24084
13506
45235
38978
49780
31208
50524
28551
10793
49228
27675
47202
21181
27250
6902
52992
38679
17953
27174
26071
49509
33883
38117
19081
17972
51252
23652
41550
32564
29312
41227
23227
31838
14939
43242
25765
35132
12732
4207
33979
57401
29127
18970
21396
6521
50147
23395
12173
35691
38531
24971
9299
32688
42038
17723
50344
27915
16445
54874
20445
40710
39201
4570
21311
54460
15630
7790
6119
27834
10843
6455
4487
28368
23620
51336
11184
6657
43108
42548
10180
13073
10737
3252
24293
44803
54189
32348
56500
30129
9422
38813
37287
14150
42828
10671
34432
52724
31857
52311
52271
55550
49510
49662
58274
59682
22813
22983
50681
22110
58557
30513
32963
26867
10074
8941
18300
27952
51231
28502
41438
33005
39914
47329
32681
48923
38190
13600
46979
20883
4302
9164
9808
24644
30945
33675
43742
46231
9846
39197
57879
41498
53644
26154
50426
46131
20171
58928
34207
27192
27912
53757
6598
13237
59128
19116
36626
23930
40219
37054
5312
9423
3500
38081
51384
5617
16212
23255
49605
58263
36260
50124
59548
59640
11566
11962
55913
10490
9249
8618
29091
53580
28377
12409
9276
33796
56187
51421
53531
16578
35283
48424
29041
47775
58609
14415
38681
34178
44319
55572
26711
44780
59965
59167
42009
41708
57417
25442
18930
46366
34371
41630
13531
40903
40214
47010
54875
11302
42641
40593
59550
41781
13227
3954
49147
29945
45026
47110
47995
18373
46395
22564
32743
49982
50611
30037
39168
31690
59580
9379
9533
5163
27030
60000
27719
15510
12935
23185
50773
20504
56637
30868
27766
40975
57222
26882
29197
37062
19807
58192
23880
53270
43099
47164
51250
33998
25094
3795
32909
26543
41834
14218
56281
58921
40398
27176
16078
54281
39765
16189
29574
28413
18276
13991
15102
41919
16770
11638
26588
6997
57144
20245
40292
28400
13574
21361
22275
56260
31786
13153
22463
3016
33307
18836
22467
46410
29673
39240
12510
22252
26254
34387
57316
5345
31398
39390
7017
50658
19548
7001
9400
31707
16204
38493
48802
56457
58187
45226
12314
46184
30094
23929
9149
22446
25390
56614
32857
36827
22605
7146
23344
42342
28231
26175
58473
34451
16515
42184
54475
54890
33989
49139
11682
55679
19443
44260
16321
19076
58899
22078
47308
45668
54715
27608
57968
44333
21316
26071
28479
19661
5477
3135
28510
30080
20122
47371
6806
17997
3198
56416
56379
25744
49162
14557
10875
36860
32135
42163
48852
30918
33911
41888
29617
59325
16878
9606
13979
19126
28863
37980
34932
42616
33917
5687
17910
7279
54394
34413
39302
35038
48130
32580
28114
37945
41624
54807
10425
36320
16049
31014
54168
59479
32513
22175
5596
34484
33910
31705
20380
12039
15987
19762
28229
54284
9890
45923
21050
54443
15039
4883
15179
46232
20547
36299
27484
12831
22017
58871
43581
35279
14586
58743
48110
13442
28012
7184
7358
26902
15209
3204
26773
33587
34408
7399
40667
42938
48676
42090
46132
42725
5244
54918
20101
12549
20022
44671
33733
35064
29258
57022
20979
10603
44865
44004
31806
33106
57700
32434
11864
28566
36463
54801
46812
15311
51513
26719
20574
3660
59039
45049
31970
23033
19475
7617
45070
27020
43831
41165
37317
54824
3701
7633
27367
47322
14071
45283
42579
58760
27806
31313
55784
25293
23578
15689
8774
25067
11305
37954
59078
14862
16906
42748
20781
24135
6539
23358
26722
54394
11206
35067
42354
40304
24245
10702
14090
33484
52338
56696
50932
56559
42987
34167
24389
44513
27704
19687
31958
26811
13907
37469
54846
47064
17606
37495
52900
54955
25631
58059
44463
30588
46500
13809
26470
15608
53011
15279
25307
8844
39054
31826
43724
14214
40603
14120
44248
7248
29868
45148
24665
24025
49066
41872
9144
28102
46376
10536
56913
45684
54572
59459
28862
59485
7864
40196
18487
31353
35882
24094
38802
39139
17820
15163
24458
30374
32288
54361
14961
28777
21362
24142
53501
10950
41328
29553
55474
10016
24054
17940
22369
16288
24131
35216
37114
20216
13394
23227
10117
49202
33720
42816
39460
58851
