707
57458
15737
13077
49367
39362
10434
16336
59295
56861
14012
26120
15088
4986
23750
45513
8563
49946
19010
31481
16213
21744
9604
20237
32474
39089
59708
55626
8861
43071
5933
12974
59167
33905
35467
19575
40247
9650
58317
54548
40841
42400
10176
19396
44563
35269
14269
54657
15543
48388
34971
42467
19688
40591
15082
35210
8041
6351
53084
55190
13444
47726
11048
26407
39263
29914
30781
56108
53878
22998
4618
16688
59400
18558
16397
28065
40682
20665
53847
57845
59631
55939
17478
42806
50611
11455
27377
22823
34208
24485
16167
44841
18044
9615
32835
53795
43702
25406
52657
33300
28953
32973
29537
40185
29081
50506
3630
57594
9225
25916
14435
48386
46266
34149
24963
38755
46688
13504
58611
12385
13258
19544
22674
9423
16319
21011
32262
43886
47288
15486
52470
51504
34645
5217
22650
50620
41173
33555
46276
7723
10690
33245
31303
28979
38772
32966
29065
33977
13557
19979
25764
44711
27357
50566
27607
57248
7512
29738
12268
29123
41010
29722
59541
57561
19657
10896
7821
45411
8819
25589
12801
44622
19972
46611
13383
28105
8420
59387
56753
25977
14568
27354
8700
41558
13746
8961
21118
11109
16924
29049
41014
50538
59076
56957
28370
33993
28511
37623
37838
50786
59195
9501
50571
31167
55733
11822
12475
53461
13537
45876
57448
59097
54225
10233
5309
37483
4522
35622
45131
13965
36049
40110
54650
29952
52262
7600
23816
54019
52262
19181
43467
13945
24024
22215
41830
44602
24793
20394
32086
47549
53897
23371
41475
33350
59135
4247
42572
47807
21240
59277
56954
29107
33674
14351
48375
12468
45331
42060
27177
7466
14699
38225
53251
41668
6892
45042
8647
35522
10386
23040
50817
11958
25539
53275
12715
52825
26524
4887
15829
21109
6205
59508
50378
5348
23697
19339
35195
23810
38185
36083
17380
8582
47180
22130
11150
12865
18792
12232
19475
6515
36706
18943
49760
31838
44705
30947
49011
21918
4015
24804
29652
55054
15466
25818
31629
19409
31233
6935
50567
46027
9534
59555
59525
6369
26689
14189
30387
7627
55967
40469
56357
26551
51479
18441
24413
44003
50184
41272
57646
9632
30023
16226
29359
28297
37742
40763
6881
4878
55702
56000
3787
58500
44135
29086
42179
28846
3964
3871
28582
24926
38707
58547
30395
18248
54417
24827
5140
41085
38614
16832
10649
4101
40840
41505
42611
39668
18642
6414
42964
58030
32506
42490
29296
16325
25242
27232
45499
18042
12047
27438
11702
6078
18835
52304
42878
37765
31794
42664
37359
30606
29650
7571
25052
38249
45520
13469
34546
27483
59614
25946
40281
16252
26680
22479
13913
40480
33862
27712
15449
25537
44171
52175
25663
40040
39930
52335
23836
39330
30042
42599
48988
46749
43787
40447
43812
15484
33497
53741
36532
43616
28154
21749
50883
20812
57258
28127
20958
5200
23381
20589
47782
59724
4626
5998
52613
52075
35177
11910
32087
45085
55558
38237
59103
56710
25430
55748
34702
21283
18256
7708
50326
38465
52395
43124
37368
37316
10857
12907
44047
45033
37727
9156
49215
34783
59000
43183
14463
37727
7724
55690
11199
55625
44071
11380
42976
42717
18988
20887
10488
34266
25901
25274
12565
37720
24950
12127
30891
27918
42209
37459
40902
50047
41334
42748
12728
14237
39357
23871
56080
6780
44499
27240
3904
48121
7488
24870
55785
8356
52425
37414
15473
3004
4178
19595
19729
40142
11657
58172
36102
46442
24255
5966
53247
19702
47145
6748
11560
54230
34110
6755
45685
16010
13383
50892
24490
14694
23052
39047
34411
19083
40395
20630
34853
20464
20143
13688
41847
8553
55349
46255
52348
28112
57586
18926
12615
6324
51653
50592
55046
32140
49529
57525
14933
33382
19895
5786
54946
6817
31211
29385
59106
11088
3743
24100
27512
42213
35813
31114
45660
29542
37522
53185
53233
58707
31096
44061
16711
23334
15015
15925
19781
13681
34646
4400
34045
26925
10975
30919
16810
44528
39525
38077
20587
56644
40331
34341
50190
8710
34428
18176
26792
22972
52328
14101
38093
40977
33320
4716
9264
19323
15229
17566
21968
46341
28619
38671
28491
28432
39708
36283
36580
29961
17557
37802
41651
37726
36271
16900
51516
16418
57717
38181
56037
58877
37314
15435
46627
32960
14205
7034
7928
42335
41777
35233
22383
43328
9922
15766
26636
32096
47316
55270
6142
35158
15139
12312
5482
18991
3309
56419
39367
3314
18928
35951
29898
31847
59710
12845
5591
29654
59027
22395
19064
39850
55773
19423
23678
45294
