422
45097
21145
55638
29610
45489
35546
58184
6766
57110
7392
50455
13053
46665
5699
54581
7324
20925
19552
57704
24679
57865
34169
39051
19167
51315
16698
24812
51421
23387
53083
35746
9079
15081
12180
39019
26158
33744
24321
21795
50857
4837
29397
9080
59912
27348
7246
58503
13069
9811
9608
59903
54512
39561
17358
9140
13191
58543
9698
42747
31718
29991
43354
6014
39686
42865
52849
14671
46346
41328
49241
42256
17442
41584
37663
32492
22611
43251
59191
28605
35158
37613
50326
40190
9042
58323
24898
18326
16995
22729
37365
25552
14664
30697
5534
51177
4037
5101
35486
48038
44207
22108
34170
22255
14382
43156
9687
58458
59907
35806
25612
54080
53300
15682
25737
13977
47936
12367
31745
36739
13584
17909
51233
29078
45462
7375
58414
19288
8240
25759
4275
28469
19251
7210
5718
5777
13702
49502
58639
11585
54504
12399
17108
18959
40531
52053
48929
8281
53839
6758
49373
55517
57024
3655
23880
38093
13039
18367
26623
43535
49392
16266
45290
32965
51654
13128
30384
52394
24559
34859
32943
45665
42697
55237
30630
55653
40127
42375
28249
56556
50225
29449
39776
44675
23966
53344
17824
22415
50337
47437
9739
5128
6191
19243
48605
17814
36625
19637
58358
52061
18959
27681
34859
37511
18601
15255
44420
38777
35457
22449
58333
10383
11689
17144
13600
41628
50848
56451
20712
52841
3024
7086
50951
25795
18066
23961
22550
46779
15561
53675
31488
20970
52902
56306
41740
24461
13380
6539
25492
16445
26181
59879
36068
5040
50372
44161
54530
3443
20932
34981
46903
15419
3413
12511
39639
18857
4393
44986
56683
12541
30847
14820
6495
41980
18979
58990
36106
20605
32757
5536
58315
20888
43381
6666
36549
15335
27271
12696
26106
55837
38383
8640
22815
56036
22528
28635
57843
36084
18508
5475
18731
56170
34377
10282
24044
45789
10024
21987
30637
27255
49206
58921
37324
17310
57222
40494
40058
35242
19429
16212
9665
43261
5675
51245
39470
15764
42091
38814
17915
51281
53761
15875
34767
38370
53659
27941
9766
36413
50462
21770
12209
5685
49825
7342
34382
14475
6003
24910
25938
54518
36532
17910
43101
30382
39340
19019
28387
31619
46739
27707
32666
58491
47512
30099
54857
3998
15593
19298
23303
3475
27576
42406
59850
57506
25077
34937
19364
33324
25868
40365
34677
10188
33488
19567
48881
14016
50056
6288
8726
54390
45300
28639
18366
36431
36101
30304
18581
38246
58942
23729
27691
59575
17830
50164
40572
15816
12474
14534
52952
36120
7249
14845
53072
44397
16765
4525
43297
39001
35706
6828
39880
25711
21190
55612
53039
25026
45420
56573
10782
50751
20355
49188
38989
