1953
29815
35176
49016
29703
37652
26288
6739
50282
38928
10612
15346
13659
45285
32597
31047
46094
59064
51277
5518
25973
11627
41091
42519
35999
8779
49640
6687
52193
41765
27888
46948
30259
18742
39274
22648
31795
36850
12409
6823
59426
13977
7616
16204
55564
13768
50570
26899
22586
20287
43885
6244
31006
36832
13015
50380
31521
14930
9108
20780
31010
9678
49718
6640
17980
33410
50729
4054
17060
55243
43898
57794
44436
10137
53184
8069
11013
5210
41297
13364
16936
27520
10333
10422
6026
31934
57741
27953
11339
48899
9825
33079
35853
59708
29872
47639
56497
9682
32214
6081
53109
46192
23524
38782
4139
25987
19265
58839
26696
51404
25970
18735
37612
54629
11931
58764
17319
25738
41193
43103
16178
17345
28244
10306
14200
41493
50225
27752
37227
16747
48569
48843
44709
52925
43469
15289
26873
32741
31214
48542
45344
51830
12749
53524
48140
43830
5867
22973
31978
40080
13548
16942
48193
56320
58038
44407
7578
23037
40265
28128
52796
24588
7657
26059
31171
14120
38890
4676
22926
23806
15232
10146
41527
29879
38334
18081
35055
8759
27920
42608
21447
34774
30586
18925
21025
15765
20302
31394
53697
57013
26615
10400
16732
26781
23696
33233
34110
8695
42138
35940
48717
4161
41944
13654
37307
25299
45516
49780
30104
42847
17398
29648
54902
18311
53811
20782
13874
4258
48555
5903
37071
50898
8955
42096
47453
17344
20961
40639
5833
25125
46354
52086
6657
38857
6403
24357
53761
20299
20533
47926
23542
35923
59850
5889
42859
38560
29652
40222
35618
45319
24288
8340
24368
24015
50175
44636
57553
43415
29931
3892
41670
27214
22683
31029
6819
56866
16603
42465
37751
35423
27474
59884
58713
38602
14186
45697
44991
41945
58277
20392
53351
33277
4637
46054
9440
27030
22690
45925
3500
55081
21822
46153
39604
18085
3602
13708
41838
36519
58619
47112
50171
31446
53487
11769
25327
55821
30747
32501
49519
12175
51727
32559
29290
21928
9189
21637
58386
3033
18768
40590
7947
59626
42926
25592
19685
56901
35501
51963
21282
15285
28239
21227
31767
28820
31676
22611
22323
13361
39577
37373
7308
33590
21939
45796
3927
34693
31770
44671
7377
22718
50529
21595
49580
19582
19319
58221
13947
21767
12229
46348
45190
43047
54830
7178
40912
36858
22600
6771
43604
43612
29526
22957
41019
41989
6328
7363
31544
49914
12111
48706
24272
30319
6541
50629
51110
38926
42834
28207
52653
45340
41210
10943
50411
57891
51261
12459
41043
6236
47440
8335
57463
5672
20628
10284
37255
11812
54372
3861
40800
30655
31831
21994
18076
28227
27567
36829
18833
40582
32685
50839
45634
23887
14680
24217
12057
13855
44220
19274
38028
25860
9714
8873
34494
17481
42202
31659
52153
25816
38862
13902
30640
4099
31152
20792
19876
25650
17349
35262
51588
10150
16659
33116
26716
15151
4040
56461
22620
23322
18670
45909
14983
12513
34796
55940
34392
38255
23712
40211
48982
23586
31504
31140
27437
55359
23547
54012
45575
7007
13177
11632
57191
11659
59784
22649
24413
49453
3843
24584
50449
3878
57192
27242
29519
29437
37989
46794
49318
42118
50029
35155
37514
14824
53349
24475
7109
53297
21837
27211
7230
15555
6871
48679
45354
55166
41066
9747
40195
58211
35157
14983
53220
16828
41116
40585
27065
35880
47619
4968
15359
16701
43589
43489
32411
31541
42409
59932
32439
38951
39141
12012
32876
5933
26603
32137
11227
51466
37016
3569
9598
45381
6634
54862
44594
57684
4824
33667
35367
50128
18213
55247
7844
21082
27795
14092
57997
59172
24925
10964
29297
43651
13960
27507
40446
18302
19095
11323
57778
38574
18665
55828
18830
18980
38853
30130
58560
18368
17501
22342
11452
7333
34779
19246
34269
24728
21950
37826
4141
17616
48961
27175
28493
14015
58262
17845
53064
17236
40932
18255
28764
20803
10155
31680
9312
55008
7440
44645
11446
47432
31009
58524
20674
52241
23883
27147
24195
17828
7787
28374
4409
5149
57779
26820
50212
21778
33065
54546
16323
7391
38937
24453
4697
38042
35712
40018
17704
47062
48536
43784
6411
31751
37737
34317
30217
29412
3349
22485
23436
33915
42188
7329
52685
47203
18592
16953
45558
57483
29876
26380
15832
10396
4803
19835
11515
24214
38348
8051
38737
4732
59258
22380
35177
48320
10246
47494
10016
5285
21517
29796
58263
25318
20830
24748
32696
19181
58045
45418
25953
56852
47705
10575
59861
20709
49798
4310
18557
35108
44014
12136
45022
42677
57095
53298
55155
55855
3479
14648
48163
10895
7262
44705
31755
29269
6720
9142
32626
57612
11912
57742
13427
42256
50933
13087
21298
37762
26323
6369
37785
7434
49526
54795
33905
6879
48915
27055
37043
16975
58420
20569
49382
31379
22987
12854
48721
17487
6024
43688
36231
22559
56034
23367
48257
45946
40404
28858
26293
41018
49098
32320
50800
18516
23281
18703
37750
37858
9116
10531
47275
17445
42417
11967
58121
7868
43600
18234
55459
19468
29091
14508
11494
40705
14406
10874
9558
36815
11488
57035
16204
45667
12718
16295
4996
58118
59248
16659
54473
34949
16211
51351
48482
28495
17265
50221
13432
8923
8869
28972
59126
14778
19129
59698
6758
48549
58950
40936
26034
47365
3771
25960
5197
37066
31149
58014
44605
3563
16473
11869
43080
13165
31937
33737
12156
11076
39987
45370
21917
25933
30966
41564
55895
42065
49719
4823
4567
5834
26427
31968
58067
39052
9234
11684
35977
33744
11476
41712
37037
20626
13414
26727
10069
5859
56184
24368
7703
11733
55332
11362
10978
58252
48496
49435
45633
39629
12013
13400
27747
13172
18419
37126
52431
3381
15314
24551
22220
31111
9108
22928
5053
46808
52577
5228
31862
21350
28178
37518
19257
49335
24301
26974
35022
53207
31317
18883
17197
54470
45761
45657
16410
59902
19010
11517
53266
52106
35640
9003
45640
24092
31119
47424
8596
39108
19977
55125
56756
20861
37188
12959
20092
17585
25181
44411
6525
46860
19262
18421
42139
17519
12795
27681
54450
27696
17009
43921
59864
56211
23728
59679
18572
29217
52878
17373
27146
46227
57866
25634
37065
32567
42226
13142
42060
42316
41608
26063
22937
10093
19411
11499
11525
50515
33133
4699
19647
44960
51567
50177
32947
34826
46472
41626
15814
47321
42280
13590
58744
6058
34953
30909
16281
50464
48918
30647
57486
45382
34252
32961
18735
31453
5399
58375
16162
5704
28327
25269
45215
26385
29624
43544
46317
10317
31982
46637
17730
39773
10134
13064
35696
50460
21651
49403
51557
37411
5573
39083
52590
17226
33841
11043
23204
13272
54568
16890
7666
42558
15105
26771
17534
32959
52856
59674
3075
11387
15963
55023
17177
53490
33100
36451
34741
13604
37180
12658
22833
8129
49743
3541
32421
10984
25166
10953
43322
6071
36127
38195
38484
59840
18321
56361
54918
37317
32273
18337
52729
12416
27864
54688
6173
53429
54258
26818
11331
59623
8662
42531
48936
8373
6579
37650
34655
15949
5757
30015
56296
50801
52027
47054
59682
56183
21102
9854
16942
16727
38706
56031
14576
10577
12100
58885
33163
49272
39399
17812
45100
4635
42192
46107
57300
36036
53274
25776
17401
56683
45066
32560
53270
49381
30046
20209
16084
25446
47060
41031
21183
56694
37240
18913
29598
33558
39050
12158
48225
24362
49874
21064
24808
26568
11819
21620
3438
35721
33667
48419
48624
15179
44558
50512
21979
3695
6716
37190
7792
48868
54564
13515
19831
8716
57350
20437
29181
6946
25915
42796
10101
11947
35042
28830
6921
56152
10275
55666
43982
33555
59362
46010
23019
44527
39282
44363
28043
8592
50218
40618
42358
22319
28684
14634
45349
53641
17948
28344
37276
54965
40061
14328
50575
24599
3494
44486
7873
19849
38293
35265
13405
49048
46885
10164
49719
41756
5978
47928
7133
41937
56843
20177
16357
31015
31778
28417
7726
4931
4339
7405
8630
47016
20704
5349
5237
40521
32368
51789
50009
36130
44504
30123
9436
4364
44268
26664
51507
8432
17357
5535
50849
28198
48191
28240
17161
31947
54018
33649
7893
20194
30821
7154
51128
20488
9314
33349
39735
7684
17185
14881
48287
12647
49050
11929
48342
47431
4608
30474
51290
34730
13916
51295
38832
43951
56006
11152
19836
42442
35705
35988
35400
26450
22877
49235
22221
34079
43142
59742
10993
38853
49050
42087
45611
16391
37574
51953
57265
43342
31990
46397
11745
48894
17269
4602
19779
49005
10954
56169
43308
19402
43293
45234
15558
46706
38967
32677
30463
53083
57457
49205
4602
36473
40488
7049
33656
53085
53978
23354
17725
44218
57930
27801
42641
27766
8251
4851
51134
8275
38439
17172
9593
12031
57897
14855
59946
58181
38287
54678
10981
35341
18927
16052
18527
48983
45232
37238
55868
39255
39046
37500
44857
37722
35848
10021
59063
39456
24524
36242
25239
44730
3316
50415
14452
49280
40430
33229
55890
29443
51438
21747
50829
10604
23685
33107
4678
25530
39819
26821
12503
49340
55656
49294
9932
57873
43968
41602
23844
24200
58164
52591
3167
3843
32392
50023
39370
44628
46373
17996
42918
49215
43933
12652
23627
48618
45360
32397
30677
58267
14197
55105
55589
29287
51609
59559
16558
46831
57427
41989
39970
6981
22218
15622
54524
14998
50837
20115
45490
21868
18464
26349
58272
56579
14866
30423
9403
44217
50333
11493
26173
31823
24413
4595
32677
58719
57707
50866
30696
16965
19930
58887
10292
52880
11411
41899
22574
56968
7496
22465
43119
38871
58930
54137
24119
55426
9930
11393
17983
33524
17448
38451
28815
46513
13679
32185
48949
55753
9441
22596
22063
40731
57301
41099
39956
9671
24327
10281
48054
22419
21585
3081
45863
12237
51597
57323
43757
30669
12466
29629
11604
40839
42862
31965
12051
51739
54257
37285
34321
27220
15409
22453
53898
46463
31060
7519
45760
45604
29765
33862
49656
11672
59925
12446
57396
18987
33281
33146
44890
9010
19166
5445
3650
39117
33968
52173
23128
42503
38947
22526
7178
9639
58860
17898
47943
21547
33093
33964
43953
35765
23772
57221
53150
16736
29251
25669
33588
4206
53270
44680
27844
39248
21535
21664
32891
5873
58187
50358
24126
15260
44713
42171
37151
11254
18663
56982
18754
47457
45384
8672
50818
31484
49119
34575
37445
31727
11163
50749
6712
43076
30967
12353
30362
57091
59502
43748
38010
46620
3222
50015
5390
50824
42024
50308
13722
20580
24548
42222
45560
34571
17321
15397
24072
45107
11057
40135
16243
44485
30191
20398
36905
40197
14214
7793
21792
57869
26320
23684
49793
55337
5124
34666
36874
58774
16205
13656
26417
48810
45634
30125
19652
51465
7018
52278
19214
35696
10840
7547
24381
48408
21164
4817
36544
18558
24348
50805
15345
15706
35741
54658
33675
38451
33118
28044
18833
11038
40198
42972
40302
47659
48177
29491
20375
14174
29432
9953
13865
5894
49162
8635
49325
21933
28104
50588
28516
46729
21231
11682
18677
20978
11797
3996
38043
25335
7258
12420
22110
33443
11022
22004
34302
27503
38318
40927
24508
15980
20263
37548
52013
9087
53770
33286
23460
53658
28118
6514
10939
53025
47227
31141
23006
25357
37619
36468
55614
22392
37751
24753
40818
50982
42354
11112
13700
7145
11735
55721
40512
56693
47463
37544
57803
16810
36771
36912
56042
15982
10255
44572
59744
55918
41351
54350
29135
10648
5628
30382
50385
46386
12154
45466
54313
40869
12435
9760
14619
28804
4070
9866
20437
19176
40158
48942
45156
17471
55697
3493
5948
48882
57316
3220
39652
31821
24983
33675
54444
49854
33419
54177
18453
55236
15141
33252
39809
24709
52386
19786
29445
30475
9789
57747
26556
12756
25591
20132
30429
40652
19922
25011
38813
33290
19283
47073
59196
16474
33252
55134
48368
49417
50361
39335
32811
14916
34168
45214
29465
53442
49172
51837
46136
35430
28642
59367
35276
53095
21460
39965
42160
35090
7068
50889
7762
35143
55376
21006
7593
39023
29466
30180
44361
5152
11467
9915
35003
46923
54969
24054
53518
37946
32150
51500
16084
6525
7577
28394
7711
41297
50878
38121
39054
16513
47068
36903
44077
36642
35541
42219
53872
55041
23307
59008
39241
18581
42013
19770
6369
22328
19968
4616
13261
11161
50198
14006
38551
7328
49571
20217
41383
53248
25009
55663
35690
50146
16795
43473
8959
15708
38981
28494
28292
57723
31935
6779
32811
39406
53503
28262
23648
44165
44933
59093
33748
49101
39063
8737
46982
48943
