746
24614
23586
49264
34342
52163
22396
24469
20400
55715
45924
38334
31418
13975
55290
26198
26660
42848
18894
43389
21304
52119
42048
45618
33297
25175
4141
34114
19860
41885
46486
21730
41755
15304
21521
58730
54378
25923
48267
55171
27697
10987
7519
25295
37015
34133
25487
36489
16693
56273
38508
20764
51288
51276
42541
43999
8640
14474
16228
52072
50625
15469
50617
36625
50214
19473
29390
31905
17187
33877
3338
27238
3941
13753
23957
3494
27226
3210
40229
40848
54760
21746
32195
12224
18681
25016
10545
12067
19681
29561
5083
11165
19030
30022
7544
57587
55232
56286
52214
11276
27593
25675
24514
28502
23314
10372
43062
43682
28193
13084
41012
10753
30984
22449
59016
47566
9016
38753
52894
56300
44416
31151
30328
54165
5363
8050
49977
28564
7870
34123
44297
56365
16632
28919
32672
44832
24557
56554
32897
7738
3769
18861
3703
22968
59391
53245
9790
17131
3536
29729
19662
11200
54648
4650
50050
20942
16275
44926
5224
51554
45644
21647
20242
50087
52930
28306
16489
43886
32979
44028
46724
18688
34825
58634
13558
7522
21960
52260
57915
56930
33519
23873
46719
58105
42186
54096
38532
29888
41172
42400
19414
12176
50692
25292
16709
53295
56247
4002
3317
40272
5984
26249
40643
48702
9567
6202
13638
48228
16186
40830
8858
11965
57603
36514
23960
38264
3661
44482
13925
10243
49439
16138
45179
37490
34287
29683
49658
5733
22377
54317
46119
38383
51046
29046
7472
27378
6110
9069
25936
45711
44682
24108
40699
44478
42815
13548
38222
34642
4277
46322
29756
24660
48089
43289
43559
50543
48715
35294
11745
31977
24124
34056
32960
28894
23541
44409
45271
46130
56765
16265
37467
8273
44665
54813
3164
47315
30390
7364
35752
30571
15951
55083
51916
7302
27199
38801
18073
58295
47426
12051
19963
57339
39457
52036
39301
5591
46650
19841
59668
32094
54438
46443
5806
41831
4871
6854
4131
22240
12719
18333
14441
43880
40254
10064
40367
41715
55059
37137
30580
55180
17268
35256
58768
27503
8639
44944
4749
57839
6453
6689
59798
4601
12620
10568
9654
30688
30956
20898
28105
35192
33969
30845
38960
16632
42988
31022
27530
47720
51083
32515
21677
42565
7489
57523
29923
30760
19772
4492
23548
31044
33330
17060
49177
17394
46578
38609
25677
25520
56092
20447
7570
57187
20063
19986
4001
42401
22017
13185
47525
52406
31229
42448
42941
14860
59693
44407
38294
26682
7840
21560
47030
22693
5760
3474
35938
47140
48293
51563
29618
55715
3588
39935
12509
37286
45970
35443
35547
47542
47293
24176
53105
28600
26495
29567
6281
35189
24596
14175
16809
59769
12255
44285
52810
10199
10907
31239
37529
39367
3975
42866
37828
21125
10096
46977
39999
59351
18681
25983
40718
31293
7724
34262
5552
34189
38496
33300
57361
39469
56316
53349
12109
54857
59661
7042
12830
8365
41037
44936
20461
38008
56753
12425
54890
44808
50202
54426
19632
44423
3914
35778
22810
14471
51291
55826
32277
21088
46806
40671
34139
59602
53595
7617
36182
13633
29704
9636
52697
29182
18688
47174
6797
55582
16541
9272
54643
37598
41628
25711
53682
47338
39814
37308
22097
6780
36669
24293
36831
48270
46316
58660
10078
39641
14934
8323
20913
43753
28011
30101
27715
47139
3329
33981
58516
52631
21771
57880
3679
10772
40508
25082
26203
57295
49724
49431
46540
45479
50527
3158
53958
57754
40961
22156
37481
21330
53907
45143
14824
42336
48444
49163
28546
27867
14903
42730
54760
44184
3580
14598
17969
49251
9504
32145
46389
41701
52386
18525
54691
29012
33305
13465
5994
39590
38135
14675
14456
41094
43591
39450
7829
14943
53545
13094
16172
24890
22219
42173
9125
48006
50583
46653
38153
41549
42624
5537
48794
57484
40103
31679
13603
4093
21534
50294
21910
56425
3159
10533
29649
57661
57811
45660
50651
5160
22283
33007
49165
40275
21908
20377
48301
28062
57686
11516
54941
3127
28320
6160
19516
40280
42056
24219
5613
4268
20184
47570
22073
7946
6966
17235
40918
21902
3421
31538
53070
27314
50893
9224
31476
24249
3856
52719
35759
43229
56300
19748
21089
4440
17594
19985
8497
4034
45477
40706
50844
16841
35667
41269
34501
35769
43090
33268
6122
40165
55493
20142
12028
36899
14598
33227
51895
52452
26657
9313
9466
5655
30244
58047
29783
22637
46906
56833
26960
45286
16456
4083
14280
46984
22575
14092
59852
11974
13323
35595
54374
31643
15046
3392
14743
31963
3444
22574
23090
9550
11147
52438
56684
55617
51391
27201
59718
7897
27696
29412
26321
32327
17207
36610
4208
45265
33896
12846
20365
38890
40042
56574
9388
26396
31882
31681
30705
53013
51715
8991
56202
45159
10556
19589
45261
