1516
17992
7615
59603
37972
31687
19221
32432
30120
45431
4331
49805
58296
51712
21303
19263
6102
37038
57062
49932
38619
15441
8748
29733
46504
17274
44077
18939
17344
17419
41564
57257
7887
41953
48033
32977
8268
13489
8991
6381
4341
47162
10714
44770
35936
23588
22998
3547
50905
20077
14533
16781
36182
10932
27875
26282
58348
50529
3239
58693
11813
12672
27881
19084
23043
51728
17828
7519
26789
14916
30332
24084
3834
48931
27661
32158
53870
33271
55467
41814
54441
21203
22423
38389
18035
44537
3464
35498
23621
36611
8156
14258
27050
6733
52948
52657
34089
16274
11318
9045
40117
12316
13343
36246
56436
43418
46995
22538
16049
38969
32547
50425
17363
41905
12040
10076
30555
11449
38232
14605
40781
14299
44863
39611
13933
10822
26362
39113
59252
52605
17435
16720
17629
26331
13015
11362
53048
35706
10747
52950
27794
57556
43859
12623
58694
9777
10518
25062
21764
4971
4911
30961
48652
39863
28668
12721
12666
16283
51564
3258
51927
17250
50400
51970
3086
36142
56309
36648
14116
45898
30708
42928
21769
45926
19615
25387
29968
9863
14501
54928
6126
8762
34218
27210
31777
29790
42766
7401
5836
35433
25719
59044
51319
26051
52797
53524
26446
4756
33517
37497
20859
38632
11265
4350
48247
12626
58225
12524
45116
54434
24514
16676
8651
56371
50637
35917
34821
42131
10790
39913
28869
9418
33128
23386
9679
18763
30093
13283
5926
47530
39626
23290
22697
19384
59379
34324
16551
51714
33008
57479
31099
30098
18784
14627
16538
57211
39824
14540
51126
37407
9616
18393
12751
16900
11494
43217
14949
8973
5243
7460
21844
8013
46592
12949
18695
9228
28305
15044
47466
51097
34933
11351
40328
8146
53011
52925
42018
59009
44611
48328
34685
5423
7077
59723
34288
59609
29945
9646
49160
36227
20679
16217
14533
52768
28352
17935
33430
8943
53143
30832
49071
36676
52209
21883
35784
31380
15902
38418
58752
25269
8938
58033
11442
28781
22373
26162
32193
42346
49485
25648
8267
23152
48093
16816
55692
28070
40654
13878
22990
25509
58120
47925
58174
29892
59176
6804
37584
9838
8137
47948
49211
16968
24030
27440
23483
49874
35890
8943
9625
54889
39800
39725
13847
26986
32903
54877
7180
40451
36352
27250
12251
29019
44071
57100
32808
6953
49198
21085
22681
11047
10866
19208
48439
55237
45324
38683
16986
24243
33021
54561
3927
8806
34769
32053
54724
36034
55517
3225
35979
40247
38982
42986
49302
28043
38830
34699
50962
26845
26492
16032
34803
47326
32310
28843
25274
37160
33305
55607
45259
44818
10301
57075
32144
57997
41215
40514
27350
13810
45249
23365
43819
58379
17954
48417
41520
26656
35502
31335
11871
35867
53479
53058
52384
7274
9091
17418
59528
6427
39985
33017
21183
26964
7563
27959
23395
33384
47467
41578
13669
37298
28646
37456
53944
8254
14117
17087
24924
9030
7680
10576
57717
30524
22461
37325
16558
45692
48088
18340
25672
30076
47592
41649
23498
59907
56291
55005
40693
37590
58033
56789
10722
26531
57554
10014
22365
44246
13884
29763
32726
28011
45857
39782
21122
19358
16405
36724
48082
39067
28258
5171
52145
51910
53617
11798
54056
24530
58064
41747
34993
7994
50798
15988
12684
7208
16530
15532
34865
38935
8840
12108
47855
4614
14051
16824
36508
55668
11029
24031
19939
37005
33307
3034
39355
57104
23382
23777
59690
14595
35891
14846
26255
30743
3977
34006
38942
20191
8424
52848
11590
10924
23805
15639
24359
34440
13145
32676
50178
46734
9501
18636
45509
56664
52025
31220
27276
44587
30188
36472
48933
28149
23371
5508
39657
31724
44024
57894
38000
18416
20944
26444
6090
46779
45316
21337
22132
13334
58681
50732
34747
35702
7169
30343
57517
4885
50956
39413
47454
49715
20413
14901
34189
28409
44387
59794
35786
53931
56462
21955
35931
10831
52834
39647
35680
15499
8797
57412
18005
29763
13680
48222
39619
26498
40953
23847
59323
59836
22507
40445
18689
34430
17740
9172
49625
16628
21202
13277
5359
51779
21033
34234
44262
32697
32228
50004
20970
20011
6338
16194
41320
28256
39242
6034
42125
8241
58654
7074
46216
22239
20246
13607
46084
53717
51222
26791
54575
3193
49745
35986
55397
12843
39410
4189
59876
38184
22318
13903
38531
48759
55944
4010
48794
53439
14944
19499
6869
12970
57215
30005
4832
16674
39298
7893
12777
31564
31466
19287
37925
5985
26445
44820
26034
4516
44164
35064
26315
59930
44325
33848
55202
36517
46988
48994
56346
49094
50165
3659
52591
26524
51439
10042
43275
56374
34286
26224
55366
6116
37477
32693
19594
14459
58956
45171
25592
59709
16406
25708
41024
18123
26990
33702
53307
7032
52621
52415
32854
53304
51666
15040
45223
42724
28992
26906
55302
16922
54960
10971
7235
28085
30264
44636
11693
51587
36937
42853
24930
17820
17443
51066
51801
8378
19243
40916
58800
26551
43870
52309
17532
34888
34053
51157
33099
52936
12881
51571
59507
39404
27720
48176
3628
15046
36365
5807
56964
50801
24883
55334
5137
48934
38884
16954
47502
22301
30813
29724
14471
13305
16032
53481
12773
32132
30015
55102
15035
6226
18021
56891
27162
13725
24052
43171
8054
58676
47941
15985
28981
44425
43114
11901
27681
9022
38936
13114
45036
45452
27502
54166
14007
38005
47490
50174
35904
23632
13218
14668
48755
53074
52118
58215
42869
27635
38932
41534
58805
38336
34588
39501
23076
37320
4205
53906
17053
49717
45739
4620
44618
12049
6605
18736
37547
12907
28226
19827
36346
25673
59393
29830
23533
12616
52976
42208
57295
21481
28011
35484
15208
5039
17074
52244
19321
4036
42585
56793
32439
46638
11720
24613
30923
12853
29120
11427
26144
55162
17196
51998
12527
58129
39361
23941
22466
48216
38157
32849
57095
12670
11679
43404
19390
24579
59613
3692
29542
3485
32864
58522
44419
51482
53876
59275
11161
8017
33585
51613
11529
50891
41106
50352
35640
37554
49193
48891
10533
59060
26635
40270
33738
48084
12081
52051
21764
26506
51323
24840
22623
30949
31465
19198
33432
56929
52840
33503
14458
59758
42141
59370
51997
10631
27543
14599
26032
33509
43623
12172
28109
52320
3265
30104
27501
46029
5383
27773
39539
27453
52512
43107
32774
52815
13180
43079
26298
41627
33556
47765
29917
8210
20081
46438
33159
47112
57746
4489
8466
28405
48706
18583
47985
44476
39028
52032
47795
48407
36876
30534
39705
33705
17580
18754
37791
57226
11996
4685
43213
27073
9389
53173
29858
40033
35928
21855
23936
45175
34861
57540
50888
4207
35102
33534
31335
46641
37975
44804
20224
38111
4090
37966
25877
51123
54290
28376
45380
12667
34610
22155
27885
33676
50066
31969
47275
16020
32328
58316
59227
32163
13418
41672
58022
36272
20405
48494
10866
56436
41564
4553
30826
26448
30125
23157
41550
55597
31209
29670
20662
14976
7713
31461
51452
9211
43781
45669
22072
31876
24688
18103
29168
11582
55660
39141
25294
18241
33716
11476
48168
17463
32573
29438
21471
42051
51675
42447
37473
38764
55127
18366
41569
9536
5890
43421
23688
15452
22001
4137
34928
16051
7752
23479
54534
15436
21115
19722
14085
57316
7082
42745
12736
12742
54764
6636
9312
11753
57204
52105
30883
19289
46864
20309
49358
55422
16167
33429
15717
25525
17209
20385
39124
57901
46492
34807
49134
7294
28177
42084
8404
3585
35596
56859
16677
29942
53680
48023
55880
40727
51925
59669
33046
27111
17311
25828
17600
24090
9245
13023
32245
27996
6522
25513
44338
23340
33080
21699
31917
42798
48132
30957
6049
57979
26827
28747
31137
32358
37164
33886
57398
55298
14721
26820
27145
22294
29923
56675
14737
37689
17781
10739
30968
50846
33534
40049
11304
19053
55343
6514
28173
5403
48579
9722
55213
58316
59221
41216
51067
50657
45403
47157
59051
22139
16394
41092
12059
38567
15019
26932
13290
46819
31860
42905
30883
4133
24353
22029
43197
12414
20700
10598
43721
53705
28892
30831
50408
42849
22430
15999
31691
27141
35261
36221
7849
42921
18857
39965
7105
41781
18662
47593
30371
16020
45827
45788
23043
20026
7326
53984
11507
48520
10479
19354
52681
16829
28273
20403
12784
10673
20384
41206
46396
58460
57656
49900
10009
28259
37050
5444
19887
49688
29115
21132
52313
54434
17186
18632
25844
33658
6387
35807
57011
33063
40551
54495
33572
50045
54737
24764
37166
51267
38189
38545
10670
23105
4310
50301
52193
59883
58721
38351
10814
8732
36479
32482
15190
54165
32899
26648
25306
50557
19557
24741
32618
59356
29666
13217
31242
15327
11172
48521
15043
4840
21127
48009
49527
26373
50986
33935
20946
20469
9078
33123
24199
9135
17103
33175
44572
24463
5783
43860
28438
30420
10236
49227
35283
10241
35042
46518
25463
56330
12728
34797
47640
43965
26148
25833
49432
50665
44966
48789
15469
47955
38742
3938
4564
8746
53562
46968
8981
54732
37310
12795
9971
18732
4208
7450
16024
12994
44572
18961
20201
59630
46875
44590
9867
39193
41754
19565
54106
4454
21390
3493
46022
37151
59414
36448
55216
35021
37507
42360
17169
57955
57770
53101
37742
58045
15966
4164
46418
19008
41056
21212
56853
27308
57290
45030
9067
33279
35860
46832
28371
40967
38858
24023
58806
18033
31477
18903
15845
31966
55593
51139
6437
35276
18538
6704
23237
19929
17970
41351
49233
48277
54627
33026
45227
31936
29909
11590
33018
40910
6641
14071
40007
12543
56035
51374
25506
46669
20941
49552
42300
39240
57810
32508
39610
38367
42300
51193
35298
43790
58235
34363
49492
40277
37138
9099
27826
3629
59680
5514
48034
43259
42608
12722
52974
