1549
21733
33821
48814
24660
14148
48959
52099
5106
52485
55110
20775
48727
48500
13987
21782
9548
28406
51084
25052
13490
8784
58940
20765
19967
23643
3523
44992
28748
56365
32968
49068
43512
35138
48614
24534
31374
30853
21137
37961
6875
12338
44497
9757
35876
52536
32718
20761
16639
40528
58538
42772
21303
24148
17883
13833
10797
49479
43418
33536
36548
11972
15190
18749
3847
48115
25821
43920
28151
31162
55984
33366
45623
3081
54988
21359
48302
43097
42676
19047
17732
39632
11332
13134
8053
4062
13041
16599
7009
9172
31654
34564
38535
42562
58284
54858
30765
23798
57486
39390
40913
3647
8996
30933
18635
17379
58102
6590
41281
34304
47760
37006
58697
29283
31578
4541
3145
8846
56732
37906
54387
17229
33884
21401
11085
8532
26794
27609
40065
40539
4964
37201
18179
6548
50366
8255
46823
41535
52186
9308
37554
12863
11501
23815
43837
58826
6434
29456
36584
24335
33679
36192
15997
34732
46947
47823
32033
59088
21257
20019
6069
3779
22858
52149
42621
33949
21605
12949
19442
51776
44795
8713
39336
44974
13572
11425
5400
9183
14310
37534
53351
27086
47707
45806
12682
30031
33219
32932
32781
11901
46043
46926
59128
42617
15465
21773
55280
3846
17366
48894
58154
23506
51028
18430
40433
46650
20687
23043
43673
10590
58097
7064
50615
6640
28105
38038
3690
47203
26559
46013
4421
41799
47652
28843
51900
13200
59635
59804
12556
26272
12511
27357
53445
51494
30540
25845
18170
59935
26674
7173
17124
4590
15156
31224
57090
58785
42794
9373
49069
13468
8167
10046
7257
3627
32494
33748
38535
53165
34485
4611
18784
18223
30817
24102
43150
21300
11416
48653
7189
5614
22369
4501
42639
22742
27328
8150
6090
35766
59561
59192
37569
18014
56017
22559
31041
41353
31566
12969
56741
45165
32789
5529
54283
39435
7624
30185
48333
43630
29192
21966
9529
7819
25532
56214
28698
18229
43023
11099
13609
6561
7202
49016
24368
17144
44508
58503
9111
45544
4436
56129
3418
42430
28075
40262
27730
28296
9224
20332
33902
11993
22043
56377
34793
47284
10603
42288
56074
11272
57314
54919
3446
49232
12499
30634
58704
5418
8023
44339
37959
52259
38983
15846
25066
4445
28797
30126
55501
53191
31646
19494
5978
22495
47999
46903
22180
17523
53603
6795
22949
33319
30594
53147
41515
53505
18012
4287
16028
8889
27181
54759
22500
18535
51017
25460
14690
32157
10722
55664
58036
35992
52906
41671
4744
19749
50308
18044
26257
24511
20811
29377
16288
23806
25080
38733
10804
15964
23614
16415
22144
52091
35446
26313
8018
16468
50224
37230
33131
28569
28314
48374
8176
14101
38307
8732
34971
42529
51569
27335
29949
26521
12080
12835
35372
22428
48717
26835
22849
28835
7271
7668
10650
58827
47527
16809
36854
52788
28427
57269
29448
40037
34545
21605
59429
49958
45775
38074
33991
44055
28680
28898
33504
57314
47448
8737
56341
55960
50452
52079
20041
25597
50263
34542
36970
11223
4325
38199
36677
48445
34205
27095
25687
25748
57044
29105
44185
39523
12401
42380
35143
27172
35422
52491
23606
43820
35254
48234
30551
5568
38263
28006
51950
53822
4341
13431
56296
44363
42711
46915
3012
48428
50440
41832
3937
39192
20529
20467
57394
28632
22341
51837
12539
51936
57725
5678
47639
23181
13500
34862
35952
57903
52303
24210
58837
40222
58462
56791
30519
14474
34509
41071
34279
48873
48622
13061
48352
35330
3007
41271
52064
56886
52488
35870
14599
22693
26925
26800
41046
41860
22793
44516
39442
57255
41486
50783
9365
50727
16538
36764
46593
50891
47965
53310
29140
31963
34625
7857
45184
58194
32956
46536
38841
16327
51136
9362
49136
21151
50540
58692
48463
6284
22111
8738
43856
17944
7494
41547
44559
12702
59818
3070
41954
38474
8485
33915
25077
49311
31108
54093
37239
35609
21822
30037
8145
11980
6511
29380
4706
9747
28885
20582
31808
28261
58089
7806
8506
36835
56374
26954
34829
59617
17096
13292
8661
55166
37036
36089
27028
51521
42245
20541
17058
46426
41696
50763
23619
59545
13736
30206
17143
3994
12648
55628
35606
9037
24271
41952
51851
20164
39399
38199
4306
23865
50367
45006
9438
50438
27219
6523
13670
24995
59961
41884
26423
14159
4547
46551
22452
8104
18062
47596
42966
58657
5145
16886
28866
23175
15290
37379
3247
28454
20431
17846
45995
35346
53379
59898
41133
58497
24903
34140
30313
57187
11801
38496
35030
38754
17868
13023
53238
37595
9585
19201
6911
43863
19804
18868
9820
17639
23184
15269
7975
58341
19203
8240
58530
7971
36002
26577
32082
34842
28255
4723
31636
52630
57131
20479
5014
38385
5753
4028
29416
56749
53761
52156
24247
5126
59000
59834
28089
29971
45215
7944
3241
39492
36739
28996
57792
7265
41911
7738
4880
33851
16068
44305
21533
52594
33399
44891
34567
10858
17866
19349
59899
28350
57459
41609
10002
11230
13872
30572
58275
5026
43469
56992
39904
30401
55435
32381
29636
51368
29957
13202
4186
40216
14963
55182
24827
33173
18906
45436
31369
29157
21196
57101
32603
56403
5257
8607
58932
8100
29645
34245
20324
25294
52479
15210
18633
40665
17233
48161
50786
44111
41880
12323
47091
14512
59611
57156
29788
36911
7886
51080
23597
14254
19907
34615
58936
43998
13774
44212
47961
21814
50819
30979
57839
37517
12583
6415
59677
44889
55889
53742
23864
19718
39405
45861
49695
13828
27025
32843
54063
51067
56167
6449
47081
26346
19319
15565
16669
35622
51401
30472
17337
17938
25846
11021
36155
41114
19222
47111
37782
25396
13089
10084
55511
26966
24489
36553
48820
47109
27476
32691
44972
32483
54922
48838
5231
8180
28797
9855
3770
51997
19758
39705
4548
14398
53802
26782
23430
52609
18585
28825
5761
29161
23279
37595
28753
17117
29259
44850
19532
16943
5059
30215
44212
4532
43874
18568
12719
42500
21200
15139
31631
56823
37089
7996
58994
28498
53499
35827
6666
3084
5688
6614
59071
50059
4844
53790
36476
12413
22837
50423
41430
8967
56769
14392
53446
8834
51904
9034
6092
39729
43618
16693
29401
55125
46879
16088
3416
47513
34374
3949
51706
25275
51350
27608
11560
11796
39600
53975
47115
21204
31334
17034
55442
43059
34416
5916
50314
56040
38187
26015
42073
41199
31097
56047
22858
54609
49752
15576
51786
43419
54202
4302
37110
30695
47870
15416
22635
41474
54602
23398
44538
36133
39529
37488
46004
13347
52720
7013
20157
38378
43035
28951
14073
58883
50784
41746
23456
23361
30915
27695
13103
11306
47985
58361
5801
6290
34023
31877
5353
57307
41336
33689
48180
22220
29714
32762
43007
17935
7265
43788
27894
58244
49618
37295
53119
49321
18352
32939
57782
57860
33121
14278
46136
58097
19715
27120
5431
47819
13494
12805
37264
6022
48667
15077
16531
37180
39663
11624
30568
38113
40272
59722
26996
16057
37760
34979
18102
15477
38273
20097
53795
29026
3720
13815
15607
50952
26501
37386
42627
35393
21299
18961
48278
57623
8971
43896
7585
57483
39836
57767
53398
15705
54108
38388
48492
8630
15482
30543
37512
14698
38347
28231
12393
27499
36822
18430
25336
20210
40364
34486
33957
54223
20974
11624
43863
50804
50609
13025
52549
28941
51454
37821
36083
12278
52616
8359
54144
38173
16399
58086
18784
15114
41872
49970
50271
6195
57611
57207
22215
59882
10639
5626
4161
36874
14730
34657
8953
27840
17758
20801
21862
28401
38496
52617
43269
33425
44695
18107
56838
38809
17540
8832
14071
26740
53785
33011
12485
52449
3385
9780
43470
3240
40129
48730
36695
38179
4449
19910
26977
25521
46588
8333
33713
54854
22113
7535
25500
12204
50616
18171
38053
15846
9184
48177
48340
46984
47421
24990
28574
11503
13897
27804
49260
24976
13520
35746
33019
49421
5370
39619
51982
20555
43805
56641
20035
40014
24756
23387
56414
38612
58708
59269
20350
53918
44034
47070
11740
41212
13151
10444
23083
38385
33780
43890
12819
57844
31746
8542
5104
13876
24022
13617
11642
39035
20223
15588
40959
50352
45046
43579
59277
31877
13873
9341
33892
19192
19465
48090
29932
46191
18495
45489
41468
37977
37671
56912
58137
15974
5206
10583
49216
31458
38392
13108
54523
54967
28142
27062
31705
41313
57613
20511
32112
49471
47095
43759
3088
48822
11298
13711
21433
42703
33046
38107
38401
4934
20592
12345
55033
41347
28687
57101
45078
47075
29131
17557
44835
5025
51434
15369
55593
59513
19324
47215
17452
41831
17898
27881
34670
40379
39613
22676
19500
27504
30208
39116
30484
21480
36424
51226
41749
58582
3467
17169
40076
27480
12728
53032
5565
17828
48779
42628
9445
43643
57511
42564
43621
10805
32384
51390
22410
25044
43414
42054
30266
39287
13457
51570
44707
41873
24669
48779
37529
58022
29472
28892
4549
35706
34648
55512
52757
23049
52928
51773
24417
33345
45604
58436
6885
49571
28334
42010
8551
58317
35334
12511
3183
17187
12375
9142
10678
22457
42650
13191
11488
13519
7438
6997
55253
15108
56794
3838
10147
52942
9583
40618
25672
59729
45606
10351
51022
26061
53604
43444
13540
41078
57838
42070
38852
19655
39699
7142
53164
10582
37767
52195
9631
53961
50662
31676
58321
54704
3669
25912
20516
50334
54482
16292
38535
11267
3992
13964
27581
56441
7329
35654
54172
20546
42695
15943
22689
43155
27764
5135
42624
29314
7496
13212
19939
55345
56319
18535
33279
18866
30034
3597
46787
9591
9414
10426
26019
10768
23830
5794
20757
40818
29218
39505
35895
19412
46934
22355
35872
39893
19942
39727
48414
12821
43573
48763
13057
30682
33672
49379
43429
47658
23051
37886
23535
58407
55021
22602
34353
54510
29327
28739
13967
58013
24684
41520
48502
39661
8249
30419
53692
29307
36897
49433
37976
32969
12580
29856
44751
48115
22296
52563
44350
27359
