215
47154
3684
32531
8835
51828
22606
43325
30726
31673
50768
3708
11189
55494
44027
53451
32286
59128
41557
58687
7061
14763
27550
24526
35038
38949
43733
28266
25595
22319
42219
10119
17107
37710
35050
43603
40793
34119
3677
52699
4270
39824
13293
48741
53290
4279
45463
49777
37704
43886
15621
37388
8169
55454
37410
26327
41638
52377
7241
31062
59626
59887
16678
50820
31677
7243
39910
6163
15474
16021
52317
22513
50237
5044
38414
3552
43075
38889
26133
38533
40902
12112
11798
52818
27754
23405
39906
44612
49347
13581
3753
38171
50127
59161
5702
40271
33581
33007
49125
43112
58157
8875
51181
43392
41355
3810
5177
22319
39200
52864
41621
36564
11920
11396
35693
19633
44567
41453
11874
24468
32509
54321
28801
43598
36148
9069
13455
24033
14840
49247
45482
17042
21577
39331
17358
42085
35826
9197
18489
30261
39900
10019
51906
38262
52420
31633
39531
59242
18878
29644
48067
38756
19869
34411
52224
6542
7354
59390
49983
8425
7370
27509
21517
14281
33095
21990
36939
23610
34965
46638
5409
28278
20306
15368
45374
12997
11105
49087
15686
9426
57935
50664
20059
29507
53038
23998
53269
29886
33163
16141
32277
27595
57086
35909
15112
38286
32170
29259
54239
54797
36837
23729
45677
9927
57241
42642
40592
6646
33217
12046
25574
46445
51374
40959
40739
58574
