1146
7866
34735
38450
20020
27099
59494
55837
15789
34635
53255
24529
51463
12575
11915
26780
34154
21025
27624
22007
48579
39937
5057
17995
40336
58732
38102
39895
50125
39491
25051
27094
4691
51071
56085
8404
9688
11697
41179
42223
46497
28020
48075
12110
11810
29146
48049
5522
16027
27163
26516
30719
56083
18474
40466
9340
13646
7931
24799
10729
15124
30342
23905
13160
31007
44076
13340
6672
29312
31915
42648
10639
41881
32265
15649
27517
27439
8595
55446
43940
9072
57663
23729
35027
15043
13753
3017
28275
13926
13734
57908
5567
19851
13373
49148
23233
41758
25107
26874
49170
11313
54767
5546
25245
14117
54880
19039
22378
39297
24515
37540
31641
56939
14048
23653
49640
50093
38962
5994
20767
4514
41703
30049
38805
37813
5080
47698
41546
22219
44799
18262
30797
21295
55270
24395
40373
40482
15706
4811
5559
32811
3879
15672
24945
52340
26591
37422
46988
20983
37987
15431
53196
21001
36605
16461
9639
22344
10213
32732
16912
25263
59899
7253
43840
38141
32612
45337
58819
24961
12338
38920
28679
53102
32027
3746
30996
22693
37813
25921
41252
17013
4995
30723
30785
29037
20224
52367
48285
37913
11972
26858
8146
14440
22129
7989
56134
57508
43095
11613
48625
40543
30839
43492
15633
30776
45751
36844
28455
16950
16334
42144
14645
19536
52569
40916
55971
20039
13870
49132
31373
21483
51853
22187
41079
30684
39582
8285
17022
12075
27589
55756
5709
40102
31009
43859
37432
46670
42155
12869
37952
56419
21719
10046
51675
30305
14341
5541
30679
30909
15496
57798
51819
19511
42504
24151
29747
22377
38754
49881
45394
58696
51918
10162
6562
28680
46086
6932
43461
16336
59280
43791
47403
59941
25792
18763
23074
33279
36953
17722
14432
37997
51340
6424
42252
43194
42254
34440
45079
4562
50989
4273
52705
17050
29602
23112
51543
13475
3366
8977
40491
34309
48121
28155
46073
28300
25437
37124
50909
46026
53223
7353
46656
20253
37399
37946
36202
19589
13555
18648
24089
48612
45486
38135
42327
57910
29540
21337
55122
41904
51250
4324
21714
47574
46971
27894
11019
23067
15796
54838
14060
30874
18754
59827
28913
49734
46815
30056
37993
11921
49175
57919
38412
22919
16592
55680
34041
36560
55387
25774
36966
14477
5922
29973
9429
8887
56870
23954
53296
49045
20556
51672
50883
48744
37982
12289
27470
22586
29984
26500
22707
11120
11609
25719
19691
27473
7520
48310
57781
13359
39734
50245
43177
7734
34734
49434
15904
33135
53151
52252
48670
6259
31649
7710
54898
30053
27510
39188
26922
56586
24724
6612
51836
12832
55054
53737
52272
24873
29996
40759
15912
11931
28175
56043
11043
46981
45676
57747
55748
13530
27348
15581
40867
54752
48290
46369
32978
45089
18109
44441
44494
15965
49101
53947
51970
58714
5343
29279
26336
47259
23422
22257
5921
35008
51924
14218
30293
13793
19731
40000
25951
38249
8032
11288
51593
26035
15326
39225
36435
28656
16129
5347
18007
39218
57309
24953
48825
46193
21464
39876
40931
53678
24053
36606
28125
37223
50359
8729
22841
17549
40957
21558
48134
57582
53655
52680
27236
8816
27780
38339
37435
43519
13655
20613
16193
55963
9769
5675
45387
44645
38819
46992
10598
17759
8977
41792
25282
18788
23191
6928
53505
41569
10444
48497
41627
46303
8185
35931
55755
10517
4466
12278
36842
28675
17884
9218
7623
13033
53210
20726
36007
17608
45383
27549
30427
47320
20081
32509
53948
49765
29352
19784
38245
54741
29114
39574
3951
12677
3052
20157
57254
3870
11302
22284
44116
36262
34840
26158
55388
58361
50181
10402
52289
10949
18818
27351
36149
50760
4353
43096
41302
50781
51018
28588
21589
26721
13350
48198
23800
22699
17607
20046
16278
22054
22123
16294
39124
52579
36832
32365
29082
15404
6801
27317
50895
36149
14709
33906
49789
35572
23824
12065
8966
58399
36069
59857
11037
37556
54354
29128
27544
12452
28341
25404
31565
18714
13425
31700
36171
29641
3751
46658
24780
28850
45752
15576
32529
27361
25885
5192
47312
36800
46807
32448
30428
21130
51768
29605
34006
41032
43389
27964
57709
14496
42459
57128
50888
52072
52042
5785
6134
54032
42870
31516
30214
3286
48980
25370
20059
35829
17074
26746
37751
31314
38944
55104
48957
18282
32177
51049
22544
35504
26995
32616
41618
7291
5313
42170
50880
11382
44473
23741
29858
26534
29458
13771
24376
7832
48491
20138
45994
12335
16441
50911
49143
23319
57443
13000
4566
30021
55372
52867
10453
54584
35363
58307
22800
6953
56529
38065
24138
14362
6777
27523
40159
57632
5781
25163
47526
7533
52419
42178
21901
36227
13724
25407
46300
13587
27074
58468
20051
10256
17973
52827
58301
7658
9467
20060
21970
15154
20455
52261
44376
26233
23118
47308
41390
16602
45986
16545
19820
37321
46361
52251
27384
7983
15069
53765
44632
58387
12325
54588
42220
55630
43802
50263
11841
18434
19974
52251
21398
21881
26263
46785
36812
41403
18322
52062
22451
30881
15926
16626
12949
21461
9455
57865
3447
34371
48172
37535
53724
59696
5802
34302
45500
52986
21477
41973
13207
46192
16397
34466
46425
7839
42120
52432
46259
27206
27031
7021
56480
19632
49694
11078
56419
20755
25042
11163
45851
22232
13790
48491
24523
44367
52869
39082
58051
29399
50282
50290
26569
50931
7905
56157
31696
37922
31605
4049
9890
18077
15555
26427
10657
24998
57242
38820
52579
11885
54300
14261
33280
22248
29499
16416
22939
26636
48394
53232
49879
48072
24922
11250
8682
15088
53817
20965
3997
49194
7895
3066
3432
17883
25909
15190
17539
32452
26331
55447
41543
56514
8025
56531
56772
33000
30620
39153
54126
8134
53411
41824
16726
32346
15948
54168
27443
32855
27944
18127
27650
26754
23552
18108
39431
7808
31110
37721
13627
51730
28291
3012
12976
37743
22017
59299
40355
7764
9440
40416
55014
33317
50119
18954
17182
19113
12641
14273
58850
56826
45398
45857
9093
57775
19492
59012
34176
18580
20219
17939
40051
34663
5139
49363
41970
26185
26761
36278
16765
57617
37887
23713
21196
22397
18782
10199
14560
42450
29099
6872
25081
7265
55814
5836
32552
18495
13840
59994
42845
29878
42060
21359
21139
13877
50969
24966
55964
30241
46699
40609
24407
17521
34800
31202
5657
33302
7247
47622
35021
54742
22946
17174
6481
57305
46257
6541
55339
12586
55558
29657
29322
29451
4774
6558
48948
13802
25932
38167
4478
27682
45757
32852
55024
57708
58792
45856
35678
24610
27288
16792
59956
31411
9474
38545
17466
31625
50878
32121
34891
50206
58152
33653
50445
10778
5315
23951
10487
31877
16769
9914
44867
40485
54037
31661
12049
53065
49807
52399
12520
11633
49991
58479
29102
52792
46498
28631
18663
13304
55119
11941
43332
5467
41863
8967
55126
35147
49379
47903
32369
45874
24637
38633
58686
3678
16723
37996
13170
23526
11723
45806
41023
17452
54722
47004
59517
25156
25839
47479
9897
23818
4726
19570
20290
8057
15197
33628
45456
38514
25235
32064
33684
35917
25651
26523
4973
25890
8738
37714
8171
37188
49976
49487
18861
44312
49866
58171
13197
38798
30561
49119
46935
36276
44585
6796
25960
36077
18243
36546
31070
28994
36636
39192
12872
48427
36912
13873
37151
16567
5827
27008
