656
34670
34857
45988
59010
36656
44276
32945
11054
22051
32094
56646
45165
33549
56173
33850
22294
54434
18121
18328
46238
46478
21007
12882
35520
34820
12456
48809
38350
5273
36593
8096
10532
18552
11722
7465
9113
43595
12921
22632
46417
35438
49140
5705
32185
48636
31633
34934
31495
48803
35833
43126
9536
17723
5693
55798
43134
15303
39425
47411
23981
13813
8143
21679
29764
58523
44241
16985
44954
58873
50390
44741
6711
47448
51556
34665
31625
38763
19093
49215
59452
43957
24049
21332
39227
6425
27493
13725
12439
21806
26334
14505
35842
7697
25677
25120
14070
27759
3771
53816
40821
8218
5539
22709
57818
26713
53736
6212
7626
49331
34070
15691
38817
20815
44569
11490
5467
31038
42755
6376
40449
48650
25966
17619
37008
58012
35684
54467
3019
34545
7357
27050
9447
11440
50199
15329
42970
52732
22327
20532
30089
9704
46444
4705
11677
24848
36354
14087
57544
32536
5594
30267
37605
5100
19847
49721
52058
27804
30943
53193
24986
10688
8657
59900
34054
28017
13679
58882
21679
57763
17683
54955
4448
57816
45863
58649
27472
30645
4715
14723
43447
20806
28476
54510
23966
9810
17556
29309
19585
10480
9411
30992
18498
17066
7202
6492
56964
23434
6599
27344
16597
39468
47714
58455
33167
47035
3031
20976
50450
57060
53247
11672
19051
40838
21121
21349
36872
36799
3381
36844
17460
37490
24576
5668
9754
43225
19369
17226
44149
6396
14280
3125
18804
42770
20643
31209
58789
32758
56805
17494
33135
46852
26220
38874
26649
51073
37700
5299
38530
3802
52371
15114
33021
5146
18830
52769
44902
9540
35568
44625
7878
38476
10890
18464
32615
14716
35809
19337
29554
29692
46468
29981
54638
57604
28494
41032
27716
38717
44389
35184
41867
30123
28768
45646
8879
57941
53531
48855
21534
22317
17459
59469
14551
48448
25570
18597
33882
35536
10368
15120
36807
46042
14376
39690
13378
10442
55778
7223
31096
59931
26718
25858
26400
43014
57469
31719
29925
32756
45323
29724
25379
24196
16596
10079
49429
39055
47760
42798
6029
17009
42038
28620
10417
6283
19004
25251
40103
26896
13616
52177
25269
28987
27719
36341
34639
40511
36454
25713
55908
28706
44162
23028
12091
37905
53804
45867
5257
59149
40902
25937
28211
28951
25718
11442
34454
15025
56371
15300
38839
48962
19707
46169
46499
14589
49017
59718
24676
18103
39476
58009
26422
6173
17802
10709
53157
9040
18306
49443
26948
55623
57769
55799
42151
37554
13012
19836
32540
45718
17207
56606
25360
54683
49371
35110
37164
7809
6135
19269
56132
3658
30949
16534
3696
29427
24341
9000
49582
29875
57057
54776
30928
6790
41060
14452
50671
57083
8510
57741
41139
9891
24661
46433
58792
24297
17631
40970
28854
16919
33508
11479
17735
28442
38618
54878
43518
36235
40443
17847
40095
23256
44824
6248
16390
40615
16782
44516
10536
48258
54085
29638
40444
44118
59789
59274
14419
33285
45558
17482
47190
5447
18930
18998
42017
23488
19577
41241
19537
4957
40240
57352
38963
28035
26718
5892
56559
46188
28396
40065
53487
57714
31567
25884
19072
48991
38906
40789
34042
25719
10202
46421
5118
40445
46178
8914
36653
26975
59593
28119
12263
32330
28468
59816
32509
54685
20520
11448
44719
37692
19562
49362
40139
43556
19293
56909
43622
50646
54724
50377
44194
28207
42618
33755
50228
15182
34462
10685
59293
31696
57760
38501
28246
35128
58385
41426
18325
48799
42108
15965
35589
19039
20358
47681
11229
12644
39810
28874
54710
17505
50249
37184
14620
54609
3055
44488
54949
22574
58590
38277
50559
30543
36333
33289
25693
11560
46570
39622
21829
23627
8287
4183
12981
17725
36549
29777
37508
53404
37826
17233
35110
50791
47777
16126
53995
52415
43066
18498
48626
54904
31089
59522
38426
14389
52222
39342
34102
59200
57021
9986
29504
23165
7772
18705
37311
21519
7972
20369
50594
59445
42125
19569
41514
18293
35092
38257
49980
16489
16702
35170
49221
9233
25208
5362
9473
11009
51892
40806
40306
27158
51728
9875
11120
55437
11121
48207
21361
24102
35935
10635
30392
13346
17292
57869
55719
11044
38958
11365
32499
