924
19972
56470
59306
59436
38070
34055
38843
10585
9719
32520
43928
52485
19971
19845
28434
43610
46979
10519
38599
27199
17121
21044
16567
29602
53827
53526
33757
22009
28088
5778
13327
38674
16887
11292
21722
15964
19177
47393
41313
56708
23070
11174
26042
4456
32398
19681
41725
13363
47772
10797
48246
20229
17115
46958
59686
6815
30155
30154
46232
58784
56966
24091
12850
56848
19100
4748
51215
14732
25388
44714
45852
14333
10159
58738
52247
8203
14571
24110
28655
59929
34694
25337
5162
41706
4799
52347
44893
43602
24762
37037
10671
55711
12899
54181
23143
22063
34122
5671
25983
9413
43911
59569
35173
23610
33551
14799
24488
19691
43567
5683
52357
5128
6392
59178
11421
59179
30745
46147
51400
10992
48075
46642
33350
20754
32487
45410
41463
31881
37616
57125
18781
28915
28724
19587
21419
47261
50689
36922
31501
40460
56550
35866
51403
39349
52268
45644
4224
53129
31660
49483
27340
37479
3809
11588
28810
8008
15606
41237
23256
23828
16644
6996
33819
47726
38053
55495
18977
19200
14095
51369
7222
22463
54720
41929
56566
34953
5983
39413
56082
33239
7256
14562
42524
54872
47504
35548
57621
5205
33042
13710
28938
52393
15170
28458
55151
59759
29141
56230
5776
55296
13871
19796
50462
16708
44642
16266
22126
32604
45478
46097
5864
25351
54479
31319
22240
12687
45697
34611
20774
58955
42177
38713
31070
35026
25095
35697
6853
16356
35721
59448
29647
46732
45202
56205
57082
29793
41107
31900
13357
24272
52958
37580
29868
54586
35079
36662
35986
29649
47896
19431
46881
3855
20445
8051
19700
48409
36378
37810
42743
8103
8383
29491
56844
44564
19337
7791
25836
26668
26293
10525
17152
7178
4436
33405
35690
57449
16958
48190
6143
8445
21072
30675
58551
11747
31864
10170
14462
16282
21088
28359
16791
24906
40034
29268
55793
9460
48109
13250
7901
53094
22956
8002
21858
20393
30493
37673
57521
26528
33153
13891
12799
11993
6914
6225
35862
55262
33499
15255
58960
49893
6823
58853
26356
15749
15698
43043
50881
6563
44299
6822
31972
12095
3989
36681
14883
29971
46093
27757
47142
52495
49976
39674
35502
58623
54902
56667
45406
43775
32940
44340
26272
20477
18054
18132
38776
32131
29790
29364
16609
16008
16467
40619
52593
29042
43689
11598
39305
30877
5806
22344
31481
36983
38687
26321
12339
55819
18238
18340
20600
11340
54169
45218
15319
46204
20692
55418
34819
5703
59413
8472
37180
11023
31448
17429
17239
30284
28474
57743
56945
23231
58920
27268
6813
25178
19915
57274
7140
16581
37497
22552
50462
52522
15627
23743
22371
55485
56553
59390
36822
53155
8506
40501
52767
20273
15155
58050
25233
51033
47184
5420
17002
53880
55415
29894
22718
57488
47094
46086
26677
9464
13250
32201
26173
14623
48398
47554
41456
57871
57540
55971
13799
59871
55348
52929
31647
27757
46137
30830
36350
6155
44388
10241
16932
6551
7425
57595
52550
8843
45084
21956
51666
4687
41208
48749
11002
3018
26606
59034
27380
18753
5806
14344
51445
52680
55762
18858
43628
14267
29073
42291
31385
7873
55671
40204
56394
44989
21425
52451
9391
26224
34681
5510
49504
25190
57831
17508
15903
46740
49789
51030
19199
20800
17781
45217
26872
17664
59958
59070
46894
8578
17662
56557
20449
7375
26833
14588
43958
57395
42527
53647
12992
47436
12600
11371
28750
26074
9878
29829
40720
50761
3943
34080
59760
36123
9554
30673
21083
16363
33506
53850
20493
56015
3975
11744
27410
4281
48684
58178
33997
41078
31847
5712
56776
11472
58656
52877
33543
18301
39449
18702
8119
53411
58759
55738
15424
6026
26036
30640
12112
46799
53104
45574
31829
42769
9152
54729
49024
17016
50360
34497
58669
8864
26157
48617
26384
30075
22339
16660
30861
45064
22034
50890
41936
31153
54468
9994
53073
35731
12555
36117
55712
45815
7051
58383
16881
27671
14640
20168
6268
17503
19273
11015
35714
10595
10273
44233
12804
23265
36380
43250
7159
43791
55809
23389
51151
57253
57136
15571
8504
44588
27356
54484
56575
54987
51510
10658
41607
54418
30350
51704
49648
18063
52225
54563
14369
12935
30095
36826
9767
34875
21334
33309
21114
54583
26461
5235
47905
33579
29470
7620
43861
48445
55604
33020
11692
51071
32859
8875
55902
27684
19510
29145
51260
4642
35677
46678
54901
30006
30828
6973
44114
20569
16397
7664
47424
48934
43467
16054
26263
39746
47684
59022
43333
21271
49609
45024
30738
55429
42927
54592
48942
23219
51310
58386
49904
40220
4702
51038
17901
35350
22093
15926
14160
40720
50772
37208
44278
48887
26344
40286
32085
46730
30695
33217
30653
19450
19597
47969
13845
45522
42785
27915
54041
32000
46555
11538
33906
24748
49590
17932
15086
18072
49968
7071
48270
19784
49345
44857
11208
23995
14856
10782
5758
4044
11915
54054
20090
9787
13940
8431
7439
35945
5220
45412
14964
46023
34409
21689
3983
3833
5630
52040
19434
51516
31063
55082
13795
3715
18735
9608
13430
23901
41995
12188
31946
12877
25828
18745
49496
26295
5474
42234
4388
8924
39439
17363
41245
49780
3283
37251
6893
8461
38271
25038
26775
54870
29549
12848
50808
7768
27976
11765
46079
55088
58284
40508
4740
28548
38257
37644
25778
57121
16118
44402
54540
56725
29040
48155
42445
33626
29333
17731
44302
7319
31978
45813
46755
4274
17167
18506
5393
26304
26649
51464
37025
11175
12741
41598
58384
18667
30277
30526
58273
35343
35742
22146
18990
38077
55657
38458
40249
6674
38401
27394
20158
50463
39614
31409
49520
45699
50634
32441
47302
59146
6109
32464
46687
57753
42015
39853
53503
39433
25995
40101
27096
59184
37332
27643
23012
35326
31688
48800
49351
25650
26363
59466
8157
51379
15232
48643
53423
23486
43650
45281
20188
43589
40498
23883
57120
31045
56178
43664
31916
30276
