673
32317
50857
41338
19846
33877
30651
27106
4030
56289
59909
44619
33328
47995
7689
46603
30411
52496
55695
23363
27696
34128
47104
16414
15000
26391
52267
47478
41410
6449
36682
24954
20285
42500
14587
52161
9801
7486
51092
44276
11638
38237
7192
46007
24521
7463
40204
34428
45219
32738
41894
15638
23146
35211
38289
38349
21690
8261
48044
39721
44715
49579
35969
55240
37737
55833
51287
54612
59434
20620
44937
18986
5107
29764
22339
32931
44264
57476
24872
39668
14258
27453
23594
11047
30781
40457
4980
35247
38216
8406
46690
5063
28053
48145
5160
26144
16381
31312
30269
36120
21672
39032
13878
11543
24846
51554
28709
13786
46468
43711
38781
30702
41173
34066
13658
57566
21959
49953
5702
5971
38840
42340
31720
23144
39401
31590
8057
42784
10172
9340
47535
12544
58446
18447
21496
48443
51922
46317
4922
23858
22939
52820
19626
15386
57060
33501
38383
10695
32371
7276
29724
17155
15066
13236
19494
8453
55570
46262
55386
40212
20752
35424
39213
17988
55582
29167
26761
57728
42088
40754
28702
20531
7024
31135
44843
26762
18088
45389
37718
41824
50682
41935
57455
43652
47620
12689
6703
3251
16419
49411
27549
12022
43566
42722
59932
33614
39981
22199
57992
38737
22451
21377
25668
5642
11036
57503
5194
36046
42958
48208
33164
11018
27252
27658
8682
53519
17737
4233
17005
3898
40371
51509
57280
11563
6453
36703
44270
55785
10628
25635
58262
52175
36275
28832
39401
34016
33619
23407
47863
18210
32352
34583
8663
34221
15556
34815
52496
13660
18878
44054
22960
29664
6573
6924
14296
14949
14841
41234
26247
39389
38048
58628
9113
48400
33613
43707
35997
20461
44251
13892
51240
56401
26244
4937
17118
24128
29027
15558
46576
12069
36108
27011
44781
16524
5580
30668
25607
11479
49722
37990
35069
38008
32295
53561
22189
43530
39877
19544
58463
43399
49638
5354
8311
47290
7048
12639
30205
46418
15540
47265
4064
26532
35321
54719
36134
19384
28492
25201
41642
29545
46322
55876
59456
56869
42965
58832
10364
46025
32477
58271
46173
36498
20303
14483
5786
47517
58153
24500
44915
49834
41948
42823
4096
4276
22423
37007
10305
49286
8240
36205
15980
14394
14887
23679
15159
45867
36604
20613
12001
55306
6797
27110
20342
36185
29723
48560
25109
12649
42565
28050
32634
39053
9096
20911
8259
34253
59960
39770
8472
39702
52314
8759
23588
59003
5629
5442
31457
40907
11567
40565
34267
4176
54127
40297
33834
5491
49552
44823
5145
36543
38157
6164
19786
57750
19774
5993
15599
18787
7537
36117
55606
8690
35485
37642
59704
35374
28139
40626
16127
49882
35929
47211
8924
9559
45088
43486
4257
48627
49152
18951
42757
18736
59808
33703
49638
56071
39227
43318
22474
35788
4756
57379
12656
35808
54927
10078
24613
19448
27011
24333
11059
12632
46247
24452
41329
47677
19873
44643
54154
17509
55471
58448
25924
24894
17761
35079
21007
44703
7373
49341
57518
54359
54391
8973
51310
41385
57107
10569
10943
31207
17738
42099
28750
19746
50499
5154
36848
8541
4393
11567
21450
19458
21816
33938
12305
11492
23105
40504
43677
26560
36687
12941
7988
36916
3533
42726
9106
22625
39096
48152
56030
8583
10791
30849
35798
20805
35236
21271
28926
10659
18646
41633
9059
15993
15840
8870
9273
49946
12963
4184
12888
14499
52984
36202
51829
8072
41247
18930
21579
32715
32867
19547
34793
16119
59741
39424
54035
35507
5349
42829
53226
9709
27987
13350
29394
19041
34652
25455
40208
12137
10209
38289
50374
37629
43353
38827
11284
12446
46666
32070
17869
45615
9685
11802
48919
46299
42756
30694
58200
34018
17299
55998
8064
27133
59368
5413
14857
48174
7242
33829
27092
32611
29302
6108
14419
29279
29319
48869
42007
24323
41499
4087
48021
30134
22364
46079
20551
29470
27612
44696
43278
5254
7425
51700
31834
54854
24393
16627
38479
18188
44606
8380
52092
23773
28099
51260
55302
48146
8586
16092
24986
55122
34274
31216
45094
42537
37893
54111
3466
49208
47363
23274
34413
45767
33280
57615
14722
28621
23042
40470
5314
3997
5625
45530
57753
36655
3432
59945
8718
36043
31436
36719
46787
18054
8804
48956
45022
28285
3627
43651
13644
43387
33825
59692
