690
47935
47752
37671
22694
50880
37459
30669
17792
39201
35976
3212
15513
56762
58385
49295
47659
57942
37290
3609
21262
43524
45946
56734
41761
12444
13665
36713
16212
45931
55684
41920
5028
51052
30958
3443
9460
49693
47230
12144
49381
47308
41838
23746
37727
14573
28917
7472
9534
9136
46477
20420
36209
9435
42438
7030
28202
17296
47991
46969
49992
18722
56593
32882
49552
32739
42568
46082
16032
43370
4702
11476
14855
35313
5205
36867
44802
4339
35665
25263
47474
47986
13599
6603
24379
36882
48329
30352
50171
4334
40158
55477
13095
18269
49859
25265
59704
14269
41129
27418
53741
56013
46855
50043
18398
39126
36798
15778
11956
55912
36711
19977
43887
39527
32263
5477
51683
30264
56409
17658
24825
6309
6610
54930
38663
43643
54944
41500
21308
31522
19877
17984
57867
17599
20144
16183
8639
44374
42665
48599
45669
4320
31479
47195
15853
28348
40560
35483
17353
38657
6018
11980
27038
39007
47245
47180
33528
47267
28886
28875
50253
14476
50377
32194
45675
22515
57708
24843
37240
16792
8251
12179
51141
58813
30070
36861
27226
31468
41058
41809
13368
5553
39307
21438
48977
44554
49228
59418
10631
26581
14203
7307
25425
28557
36632
3866
31640
57394
9822
36473
25955
11525
55977
48561
19539
22527
4785
23760
4492
19590
42367
46185
6509
34366
59973
27477
50497
20433
45196
15358
50152
13901
40196
33998
52697
28612
26978
7703
32322
8864
34428
32256
46213
16369
16293
24945
40920
14009
21130
10234
50314
41670
29411
27016
24634
47448
55526
32530
49257
15808
34434
11781
46449
33768
7712
34716
53104
6969
17812
22598
30122
30968
16025
14977
46408
28299
14320
31360
11806
29829
25770
26523
36797
15521
23325
33001
39279
35124
33483
44603
5822
36434
16380
58455
58573
50446
36045
22102
11826
9627
43351
35291
29054
13529
15795
42413
35282
50710
55166
38032
43373
23011
53623
36328
9314
29341
19527
42968
6773
11393
41053
34540
50207
39470
40138
30722
13579
11048
47144
56796
59584
59865
32446
20897
13240
59331
15236
33925
56188
34598
32179
24632
25586
3305
13702
18185
52192
50538
28655
35095
59384
29303
10510
48090
20180
40846
15938
43874
12128
33637
6713
34801
16637
47804
32363
40507
4549
21983
56659
45651
30040
57874
56438
31057
50447
29663
48912
22146
46125
45107
5743
13711
18247
17559
14020
18418
41242
36495
45031
8339
10855
10731
24068
24777
29892
23943
14930
38956
47867
7028
6079
39228
15342
26883
33966
11727
43177
40099
9529
26627
32102
38691
50888
48143
6093
29061
22790
40227
37659
6541
9353
17392
46076
28272
7909
46778
59652
28613
50927
52453
56223
44533
46769
14713
27195
8889
51133
19708
58696
24769
44924
54309
28297
47221
48079
39950
5097
47101
50745
17096
49299
46971
45906
42084
7314
54987
22109
40882
44680
47817
33573
46529
15219
34511
35973
53344
41536
58771
22924
49171
57746
4681
35142
36005
37842
36481
18408
32078
11522
47288
9121
29847
3129
26977
23901
19328
30395
17857
14879
49065
16029
53062
24425
30690
48465
16669
21140
24032
53941
59177
21495
45766
36352
4479
25108
23826
30420
13794
42614
49719
8139
29467
12654
48326
33444
7287
5185
9335
49833
27620
3519
19938
12401
46460
5276
31299
9128
40090
26909
55705
36586
45034
10579
45690
55651
6982
45768
10464
58223
4137
36608
17022
29224
8754
57812
16874
7628
39974
31285
24663
57528
7641
14401
26110
41377
47783
36398
30657
33332
53534
6015
42956
33316
14608
56762
21456
41636
34926
25721
27416
56874
5052
44307
39565
49756
47282
33654
7009
7928
13680
48959
41956
41092
29998
31714
37959
53159
55544
46422
31311
46463
30479
42139
45920
22859
50133
18479
21397
57875
23310
59168
27647
43408
56776
12120
54665
22093
41741
57454
33632
55223
31786
55064
53940
4133
11983
3998
52731
41179
15118
26952
44869
41074
3816
21147
11818
43754
42626
23943
3047
42406
55555
41077
43542
18236
22805
5562
31255
59813
21046
15363
53943
31369
50820
36842
21436
35625
39080
18767
7672
16471
7353
6998
39533
40930
20007
16547
24135
39498
18580
36308
59806
29616
18891
36924
46374
38162
44170
36372
31684
13495
35778
41117
38134
17662
26895
9373
36060
8676
57649
46642
9968
34217
38274
4357
29391
47489
36731
40410
51511
53477
45146
11570
23350
44407
39427
5955
35906
28884
52627
37554
