1503
33135
35596
24884
37267
24525
14001
36272
4981
48944
14938
28431
55834
50598
20755
57178
35894
13997
15926
9584
58844
3435
21600
11236
37414
4045
4798
37675
32958
13758
49824
52224
42149
21553
44252
18792
10385
32197
46972
11539
49304
23762
56563
33590
45652
27299
22210
24972
4586
58300
42503
31361
44412
43979
11793
9600
3082
39739
8663
44843
36298
31500
34343
23883
51252
5381
26993
18188
14165
17458
26579
30888
11550
34703
35414
59355
19427
57653
19953
21741
49791
55085
25207
47530
26757
32869
23672
51857
11119
10528
46460
16201
13819
12201
5478
43714
3344
28262
27022
39337
41398
34908
49950
19786
9590
24763
22986
46215
56807
10364
55208
28372
43261
11732
49508
22705
14292
11546
4657
55316
13130
23853
11303
7217
11998
22339
16292
15865
22127
18496
55742
47057
12028
34743
22845
48814
44937
44584
15338
40146
47659
53974
25365
30724
6182
29264
7092
30533
59537
29520
21625
5368
16540
58909
12307
24000
21385
34277
10849
46019
35497
40910
17297
45071
34937
18607
59719
21166
32340
52664
46409
37904
57062
10241
48729
3119
12109
57905
40737
12479
45234
40397
8396
49496
48516
57811
6715
32079
11261
36917
43606
29178
29040
42373
45019
18316
19018
29087
41320
53534
34401
40954
14217
26840
10111
40141
13302
32861
55717
43702
36237
12213
53664
18724
9241
23739
9027
53284
29389
31711
48113
29427
10249
29977
41438
29871
20131
23975
54145
13509
52375
22271
34031
39717
28727
21968
26355
54131
49409
39610
59431
59256
51284
55846
43287
18676
33640
6975
30840
20301
12470
53290
19430
16088
10832
19361
20264
58463
25752
10160
55273
57491
14234
51406
42662
42870
45176
36916
7744
59084
51583
25226
5273
59182
27391
13683
4080
43264
56943
50439
57224
21885
35953
16731
54553
12214
29593
48724
44551
10163
7982
24288
59651
59019
9875
26109
19858
10241
41525
12296
30422
55030
55103
31500
31886
53993
5478
20009
49270
23448
6835
30378
38326
36396
9107
41220
48645
27901
36395
52486
28311
13569
46863
51500
14187
13703
31762
11925
9369
37832
24094
15825
7726
7996
44361
52619
10286
58769
10697
8329
4134
29715
13714
21700
8919
44641
35709
10899
11693
31540
38414
19841
21086
17881
56410
31847
16425
22613
20096
49770
45787
22218
33818
13038
22489
30474
45668
25206
34444
21675
33045
8205
7865
13517
14656
9719
54227
56404
5431
33711
59490
43481
3908
58629
30034
7408
30251
36386
26106
32665
58956
15091
44058
51311
14490
47876
12279
40111
55545
18113
39240
34856
24275
40768
49287
22575
9588
51601
39131
27381
5088
52737
24037
45918
56413
45250
37732
19107
8287
13602
36284
46734
35226
11126
59131
47369
20967
22997
49389
18647
56216
19718
44585
17740
56228
21308
57114
42378
30891
34337
26710
20879
30563
7159
57348
3608
24260
48467
40732
22485
45366
53804
34194
54550
25301
33394
42355
35775
39405
9942
56424
58650
59718
52098
48017
43774
26711
45624
51152
9057
50130
10243
48098
5600
46316
31550
9424
44382
11064
37711
34875
19367
38100
17267
19291
23892
20539
40503
14721
57751
32645
32744
54898
44837
36415
45943
29930
19836
7437
33114
40173
55142
11681
21636
13254
28466
58016
32438
45421
38846
51860
18681
49565
21816
32217
50264
36257
7391
5853
28371
13798
53294
33680
8084
29270
14690
41780
19737
10837
40903
12399
58087
16593
12161
31612
5197
6623
5721
4265
49277
52426
43526
37549
59299
22704
26431
59536
14425
32381
45063
5678
48264
50478
58982
36615
14461
48105
45278
34097
54643
14459
6761
42905
19852
39194
43612
22206
22883
35192
48898
32188
28179
18241
45666
39380
28314
8752
40793
4912
9418
22588
59426
52823
45473
44595
15123
48502
14332
41254
23765
58618
21500
13061
15429
23678
12710
11215
28189
11386
16053
7012
28635
13236
39966
8978
11327
26673
54607
15033
14805
9481
46886
47403
9132
29002
58356
22936
26668
25070
24522
25363
21459
51354
43617
12428
42218
4883
52230
58506
9551
25908
14518
23311
15871
41284
5643
53370
55936
33834
58868
33039
10863
27899
27651
4633
43803
6691
4950
44786
41122
41332
15633
30505
40640
4992
7087
35294
17610
52981
40942
24747
21755
52333
31918
37920
13646
34959
44066
3628
10263
11165
4791
33363
53356
28239
53796
52753
23832
18210
53725
13635
40260
55791
27669
29948
46920
10694
41622
45106
47143
59518
37037
50005
34855
18767
37207
56952
17496
27439
32748
11481
10414
4434
37875
16397
52755
13288
21426
46522
3429
8008
53075
35725
33360
27651
17796
11594
3129
39366
49175
46264
27535
24200
28781
38711
13996
36160
53632
26440
51753
16449
41413
5087
31481
48895
17592
56425
55216
26164
18934
11876
43357
10632
27001
4193
15339
36385
59405
32756
9082
43834
50964
33361
26500
42945
57070
47421
43132
19682
3557
15391
55092
35980
31632
20598
10616
38379
11694
3953
22840
11442
3912
13859
47996
47395
25761
49716
8129
47384
21207
37389
59123
13047
25353
19613
10891
5924
35832
46553
37024
23575
15684
8112
41164
20421
44856
52479
21931
30205
19252
5425
25478
20161
46876
42646
20153
41434
38790
7213
13419
14020
25196
13275
42933
22518
26157
11112
45646
46511
15694
40905
45922
30318
56168
55673
13970
52861
40099
50796
55186
6309
12266
48246
21429
57695
21159
17925
42812
11275
15655
40886
15560
4467
36823
25037
59531
28605
57572
31815
12877
35308
46707
51332
31134
58482
5344
53468
21537
18781
33032
6294
15167
10366
51011
19388
47474
24115
59900
4241
4181
9957
21034
4173
16794
21272
14194
11825
13106
18624
43950
52070
48210
40516
14603
18379
37517
12471
32419
50311
26464
16983
39611
8459
34402
7802
29327
55594
5098
55409
36937
15398
39235
47525
10165
25769
9016
41733
11893
49449
10752
47915
5885
33719
33797
20467
4302
8416
6152
31664
19625
48057
34636
44165
56440
43600
48110
37532
49662
31787
30566
32703
49904
5002
17015
29979
10374
19990
26052
31426
10617
44996
15291
27635
19762
20588
26987
23866
25547
37156
5691
7785
37702
36270
49254
59439
26731
20349
44494
53972
7774
14486
38914
5686
28934
19225
45569
25375
34620
53056
58586
55192
51713
28362
18797
24535
17865
46349
44349
22475
31888
23797
11568
38033
30269
49133
48775
31929
47244
12097
24257
14121
48102
47508
24347
23969
26943
36465
14871
27285
5651
42506
49204
55951
34735
49869
57475
57760
10802
30449
31678
30661
35176
33522
18546
38975
37907
47155
55040
33467
47327
42037
35320
36296
54293
58356
32766
56110
17530
37454
57288
50712
10731
41338
43841
35312
26210
9685
21385
59698
11767
29071
16874
12928
21483
29593
15570
29667
27218
32248
57718
18256
47276
30326
25270
52464
50943
57009
47219
9177
40414
25501
27237
22682
50349
14992
27785
38170
31128
18660
4165
18613
22686
28509
24597
14035
12114
9959
18794
14329
34222
24963
18948
31195
18953
28738
54665
39864
11930
38471
7512
28483
34745
39598
42794
34285
51134
50930
6635
32657
57370
9837
18544
44793
26065
51644
57633
49995
9201
47588
30934
55034
59006
21680
36020
13908
54965
51797
22701
23180
8628
31244
57293
40301
22666
10728
44963
56825
53815
6130
44054
42658
16289
47375
5553
41690
56652
14010
13330
11039
11954
34405
41702
38244
46808
40299
50409
25031
58359
33767
10642
10996
53719
52216
19292
8246
14014
4741
22946
37006
7360
25745
32408
43362
10655
23775
9099
3336
8641
19475
34135
59446
40658
7156
41275
44219
49924
23733
19964
29181
36117
56436
33553
56138
58996
35307
50791
38226
34714
20114
37377
8481
32706
27171
8768
34022
6943
5664
44946
34681
7744
47390
31327
27261
16743
46055
52338
28767
54999
41337
9911
49974
46031
52006
32338
43936
51061
28327
9198
39775
27627
58460
40121
30609
20349
51227
57067
31124
18345
53275
26374
4687
18752
36506
41085
52511
25860
59657
29431
56497
19369
28357
56350
29891
33089
27620
13604
8380
20276
13244
12153
19759
51850
4761
51204
53675
24734
16180
25005
32566
24808
55637
43663
34359
25410
51340
41183
13533
35810
50702
12460
57179
18175
21103
51175
19030
28819
50265
48378
41109
47678
59146
42042
21095
17226
30304
14995
3563
54800
10002
10483
15595
10425
52743
47344
9972
27556
32539
45161
19481
55577
37466
7789
59492
49979
9472
30542
53510
14937
7720
36450
48984
17211
5432
58173
55229
39386
59170
57024
9560
55242
6469
30418
29073
59179
39518
34449
6966
15674
10087
49065
56912
5188
3042
50214
51821
22579
52196
3676
29174
24352
30417
20982
46511
5988
7714
57452
17423
45642
11180
28379
18900
57428
9601
6454
3671
22623
16213
17771
48139
19802
36890
50567
39215
53231
59282
41142
13108
24661
36286
3336
28170
10880
46271
3371
42683
28351
5083
30232
11842
22336
3061
4999
54832
17578
20944
44744
58878
56390
43368
10848
3647
59113
33207
13083
43492
53414
27411
32148
16718
35237
21733
4781
24156
56363
11873
54844
7358
14504
32001
45466
59004
23053
35079
3273
47372
21792
37158
9599
32145
43237
16700
5604
21321
30187
5683
22774
20793
6344
27075
32728
21499
5786
31954
15360
30592
35803
13058
27909
24043
11537
15559
48749
58874
31202
37071
6826
57597
4318
8121
7937
11112
58892
5106
8807
13698
16839
52603
7125
3450
56378
17918
31321
52966
44531
20172
34142
16762
28932
37905
22777
6267
17351
8892
47458
15697
32587
26005
16968
22250
10950
42211
51049
21159
12936
6916
20160
19424
34823
5619
15893
36956
42332
19355
35750
42361
46572
49032
46229
15742
36618
28976
4368
29615
56606
