874
19915
50762
40322
23872
19043
11121
8532
56192
19668
36639
44045
13208
51355
33142
13350
14487
46159
46628
46145
26243
19802
23075
12497
23464
48593
49940
17135
5751
38705
42877
46979
3976
7268
43883
59318
38644
8269
52849
29917
56407
57940
52190
56950
26300
7292
23144
27827
39265
59289
51867
11739
25156
43134
34324
31983
34840
37209
55610
44864
33267
19407
35650
19748
28054
20854
50117
22946
28058
18607
42685
47140
16997
25451
17168
24045
48204
26871
53454
45464
52401
58391
19030
54026
32831
48444
53393
43775
12202
26566
21153
9116
35157
17242
24556
16011
10470
26376
52759
46756
48683
30301
46153
58351
59301
33263
25680
24769
59607
39535
4044
45094
55194
39919
51909
45352
36127
31173
24039
4079
19960
59305
37250
12918
20457
6988
45922
9984
27297
29226
13829
29358
52518
17326
51197
21427
9361
23325
30284
28887
23199
5862
54370
40931
53399
11561
4712
21368
38238
18899
35240
6938
53184
23722
49203
32129
37523
23973
31996
13592
38908
17378
48355
43795
20796
10916
44569
55329
52126
53207
32898
40662
29759
37307
18859
27325
32242
24379
51874
9375
46464
8769
50358
48588
16649
38206
36741
26804
42452
58343
22717
11668
15253
24890
9263
12239
9289
53851
40331
19677
56967
11934
49001
13293
57266
45269
7655
26903
57030
39587
13228
15467
14477
15864
40505
20607
16788
51671
42022
24027
56360
23035
36229
42640
9913
19367
21352
37632
22098
7288
34308
35244
15206
18340
46417
31344
44855
42495
10328
9050
10004
47468
20534
17658
10118
25877
36355
20714
40748
5360
22149
46955
13025
41119
37595
37245
59804
50158
50828
5075
59532
6963
29533
16405
58905
12462
11290
40079
13311
53371
29525
34090
56034
49579
35479
40319
59170
44847
33486
14753
24204
17588
50967
3704
22704
9388
45331
30281
6395
40064
24809
59273
45817
55901
27369
24742
51770
34116
36515
17485
43105
55689
42279
15924
36992
48923
34341
7938
23312
19618
28923
3174
3395
28387
8629
53537
49160
20936
28654
53671
46941
5757
30879
29798
35456
59112
14219
33035
37968
11180
14669
7743
44727
20207
7003
12140
37833
23644
47516
48662
44753
57537
42605
6219
56952
26874
25633
46851
10212
48716
24150
42273
31901
40857
20853
20563
27866
38869
46692
44725
55925
27901
3884
44643
36245
48307
17648
3899
11064
59151
21574
25101
12936
31752
47107
14062
39147
56495
41757
39098
39059
33221
20015
48962
18568
22399
16926
36317
32697
10251
19289
3234
54915
31136
32189
51822
27712
24637
41003
34912
14493
6853
55327
50457
4671
13559
21572
44711
17069
7544
18006
33402
22169
52635
15650
27951
37262
8399
24943
3858
22086
55723
58646
35885
10219
55605
6890
18708
19691
18102
16412
37884
56197
13457
31239
32489
49724
57041
3849
39021
18039
13258
3186
13862
37650
44473
35795
39777
29488
25089
18234
8498
4249
33438
37934
24056
32990
37067
31499
32440
16722
33149
5435
58456
23990
21274
54592
33048
8823
51701
11310
52074
47311
53843
55821
55031
6286
36298
37797
37795
33073
60000
7521
39333
5574
13547
6805
5785
52463
41969
40442
11274
16013
28221
47742
54740
38961
46829
47826
57523
41786
57253
46599
24299
38738
44241
28025
37229
22551
37977
50869
25243
54126
10307
21964
10166
13340
22353
33087
51252
6117
15235
59182
42148
20041
19988
23235
13539
57511
35872
24318
8597
48126
16207
19621
57673
19383
10261
29878
33333
45147
54804
20333
24575
6872
13136
39439
23981
37666
57993
6496
4375
36527
21367
59176
22601
46771
30898
14436
53624
50554
43424
16046
20214
30449
29842
25403
3195
31099
50633
47717
48946
27458
12265
30119
3330
54657
27143
8633
37269
23788
40313
38957
52911
3908
54823
41735
11641
30966
11512
35842
4422
23142
31481
58740
46945
34526
59822
10216
51004
24153
23305
56199
16432
35545
35070
52527
46103
44002
39601
42885
14101
43238
24179
52378
42102
12127
39728
57481
24379
23740
33908
18149
27491
6069
7023
52170
3743
54144
56580
50561
20928
34212
34549
25636
41670
24492
39784
8063
50716
38233
42158
30860
19410
52666
32846
51145
12657
43187
53781
22126
5975
6345
36242
3939
31903
24307
30883
41120
43327
11398
50712
18285
39444
19419
42043
26155
28348
9834
28153
26316
52773
30351
47516
18972
24038
16519
52597
50585
13462
17615
38754
55872
58497
33132
30042
18567
15929
4019
32394
41197
22030
37399
22752
23108
43484
3476
54759
26244
13718
52063
32625
43690
17172
41006
32631
58477
19068
10800
25058
12157
32615
31771
47201
54463
12637
20305
33068
17463
25549
58101
52217
12870
46936
11273
4110
32427
46514
9009
6723
9161
16252
14213
5974
24572
8819
26469
48183
20902
5432
53278
4296
43904
40204
4444
52466
29814
56068
57875
27950
25606
17724
58225
56561
41711
59224
50791
17625
48478
57750
5007
7437
53728
24865
35650
14882
25062
26192
10871
54622
11097
55874
8581
21961
30289
41986
13624
5015
49286
32351
42563
51621
15928
51399
14620
28306
19071
37002
50634
31661
9670
44233
23284
45244
13079
50366
7342
45327
25652
43865
49832
52185
45127
11019
17886
20313
55521
13276
5969
47023
29863
53144
40315
51254
40016
27716
43056
45268
27668
51733
52490
17928
55600
49185
4655
51419
55044
39016
44648
39043
56363
16913
47146
22205
41267
52938
6770
53850
8154
49174
42280
40659
31110
18257
45692
48747
19337
54312
39994
52538
9390
20550
56136
46179
19798
15083
5065
5225
12664
40822
52755
15595
56794
56389
7496
54184
49320
14053
58520
8506
25573
10250
42323
48160
3333
