1186
49229
55214
48887
40487
39000
13666
50746
19625
51331
3102
17606
45997
43363
45761
26355
38093
46939
22201
21868
37949
10155
10547
20311
6596
49492
31380
12533
21086
29261
15327
11838
45011
6018
11686
57450
17546
40600
16141
3254
52015
3980
44665
43266
46711
47070
3516
54897
24301
39837
54772
31424
23922
31421
15923
40354
48375
4582
38474
34255
42094
16705
13125
37644
3164
53392
10127
32213
51986
20648
11482
47546
7371
4561
21152
18791
33489
3188
21210
21335
56670
44587
49486
39203
57893
14306
10876
37083
43572
25542
13655
53683
31805
47474
14123
13636
58670
26384
28394
22400
47116
46174
7491
8910
22964
30188
35967
52935
47708
27914
57560
25218
45515
8672
38497
57516
19277
18597
49022
19213
11799
19894
4340
52593
16616
3234
34362
13692
37590
33733
31426
35423
47777
22497
50330
47508
42573
54898
46459
19021
9238
41182
33812
53602
6282
49991
25697
52928
13648
39083
55880
20656
17459
38518
25902
12622
3531
22452
58465
32380
43871
56009
24411
27880
18237
37126
47293
18424
8729
11199
48021
50973
40319
57486
16689
34364
39665
42744
16259
20675
22952
39153
8307
7489
55772
52617
21417
51318
45221
40274
33003
8651
38278
11495
33051
52313
59624
20676
24129
59905
10469
54965
21382
31284
45046
23236
56531
48913
57160
23245
48447
15713
47111
45999
45050
36671
12879
13533
5955
31001
36926
38992
18359
32246
59743
42627
23388
40932
7857
35622
34555
57249
7948
47177
58028
42730
12506
19875
7409
35360
44367
51193
54965
7811
21551
39490
40271
58432
24646
54837
39799
8277
34488
18383
10056
43555
25757
14249
38709
27374
51276
33299
7531
51477
37254
18425
48257
22504
49371
14110
12111
6638
45816
49133
6985
49370
48563
48080
40039
53359
49737
31468
8888
44584
9890
50500
25383
43844
37569
59299
52792
7752
31778
59791
27509
46871
56579
20091
50620
54394
5574
54435
42796
20914
42077
23335
37400
16009
28797
32554
56909
14629
21905
53511
27657
8473
45070
38607
57731
32576
3083
22129
12028
17692
44652
57773
32188
8339
18173
49865
44429
52165
35547
19608
22457
14602
45817
33207
13952
6754
42880
29616
20182
25593
25157
3450
19340
50001
29988
59246
54692
8367
47250
28760
45418
40104
47395
33102
35592
14138
29354
57053
29339
20711
48597
7740
25870
24379
23155
34318
12812
13539
18590
59782
23154
29799
17734
58986
47573
59350
36848
18930
20843
11339
38682
33320
23132
55915
42467
26354
34730
10317
32865
19106
39304
9016
52688
50914
22005
40539
29272
44350
31939
44627
31250
4787
18766
54019
11332
41462
3288
13022
26350
36301
20995
10533
36854
16568
37031
41412
40754
41909
11549
58146
25121
23491
20574
25578
56603
39614
21370
14528
9705
36663
53920
33981
30948
33019
9710
38240
51633
41732
8224
59383
51883
29935
41307
46412
29551
53231
30871
6611
50200
50092
25868
23074
43198
32233
28658
43952
53304
3479
46194
18532
15512
39158
43089
26277
45536
49122
44561
33854
48990
22700
9597
5729
52744
15829
30637
49788
25887
30656
29715
18986
7358
12960
30092
12093
19974
41211
35892
33930
17520
27054
45003
4214
31596
57459
29805
36807
36151
38821
9666
20097
47507
11503
19393
41884
13246
19191
40796
17002
25645
34125
37628
21296
24577
31889
40557
53307
40429
3640
5086
3636
3577
59074
54662
58663
5874
34566
38603
53329
42398
6276
3260
39247
32919
37531
35273
42256
36807
44689
51201
4709
57818
24896
43607
26613
17576
7463
42298
11079
41601
29180
55189
29252
59946
35576
52540
48357
40882
47796
22622
39071
12590
59877
16804
46607
27297
35043
35821
18864
40599
12771
29617
41113
27391
59430
16701
58281
14282
24099
47088
9461
35282
49527
48978
46682
52567
15969
40497
21855
39741
14120
55515
20370
34606
36576
9578
42191
8795
15754
17628
17589
7744
13365
48171
14491
33653
46173
50645
13176
45457
57988
5619
29491
48866
20452
26270
54726
14531
15557
17122
10535
22561
51319
10877
5135
15187
19330
49163
31290
52243
42023
24513
51552
23684
51050
58077
41321
22923
33111
12255
56903
18355
15105
46548
38050
54928
37438
21020
21497
49002
7746
5772
36449
5560
12464
11528
17217
5964
4060
36942
43395
47038
36536
57300
9003
50499
13854
26840
12848
41669
47670
17913
27686
40549
53578
39704
10253
46939
35059
9174
50618
4534
49646
55655
14310
42050
6192
43655
38718
14113
3501
14397
5697
21252
31601
30172
17848
41136
13996
36614
44541
6816
24911
19151
27938
57509
21888
23540
4777
3370
39744
46568
18589
3311
47631
36878
46584
30874
24606
54438
58503
52279
9319
47295
29404
47681
28117
56805
32211
25634
22965
32186
38492
43609
30004
34225
11783
37881
21158
4341
19512
21431
36864
51749
43813
34670
35940
6054
45444
43652
42835
9727
22418
10157
17530
31429
56212
8757
25327
45295
29937
33382
41429
16485
53594
13082
29002
33569
16042
21176
44769
26894
57810
28372
41945
27616
25169
32477
56824
41434
23385
9566
44300
30745
59543
23566
15461
46631
12530
23915
30975
41114
5855
14309
42353
47656
41416
20055
44344
19211
27806
51347
55227
25110
18394
44613
8209
23951
30325
20704
8453
48304
9264
31949
31787
29741
51978
24333
25542
46022
25482
53421
10750
55719
39798
42747
37874
16799
18075
50610
14501
11719
58980
58372
35733
51275
47534
35853
15814
51215
13532
20971
7799
44802
44875
36435
31848
6901
10566
43751
46385
47476
33727
42144
4162
28477
55402
50155
46880
56357
16989
48932
30003
43565
18871
54617
20273
42051
48682
25042
4517
21972
41069
47665
33866
52910
39197
37283
43737
10334
22586
20652
26897
26690
52355
31443
55472
6725
28258
51815
38633
50248
55520
40794
5279
7389
10077
24761
10750
17815
13176
50404
10133
12715
41084
9084
14902
37852
50774
42445
28444
4307
7234
24788
51782
24936
44230
19297
40987
21375
4099
55801
6875
22600
26003
11478
4314
47052
59916
35457
25367
55063
36211
24999
39965
38600
21276
51246
24057
36406
58023
26776
47060
33551
3717
21591
27301
43276
20692
44507
24292
12159
54496
47494
58352
53705
26986
9265
55986
8745
42743
56131
38029
4439
24197
25675
5309
36883
56033
14761
24815
28468
4299
38906
30919
46026
16955
31228
13123
56610
42419
46821
50277
23446
7233
13483
38436
12797
59517
58771
35269
26110
41608
24201
19411
5522
9587
47726
32672
39041
16104
46068
47551
15033
4973
46268
16354
5943
38280
54817
53532
19843
21196
22246
7239
16824
27966
59460
12687
7233
12909
17675
28211
15833
23649
24734
28984
32856
31126
3434
23518
4571
52618
54786
25340
23267
22380
34063
39219
17160
5468
4208
55349
40359
35212
55969
48356
11227
39607
6301
32231
25562
5589
20095
8215
13691
36869
23682
47206
24583
10991
16595
5931
6340
25544
46914
55544
28867
37380
14656
44308
41116
15478
29445
26431
4123
11352
12727
15618
46227
31993
38602
19730
38993
6804
10238
17554
49053
4833
18839
59875
36315
47194
53568
12769
23937
56989
22675
11253
34877
13067
55021
25481
51926
38361
45336
35929
35343
46986
14274
37180
56227
4970
14266
15113
44978
40668
58899
15071
9713
39303
24369
34559
43090
12811
14307
18638
48173
24914
53138
13376
35084
38259
28338
3790
32878
38162
19555
30921
43012
24789
45376
52463
15084
41322
26477
19806
19606
27470
13337
34917
9940
12940
5087
6865
23885
5183
55478
5275
26829
32470
49668
7989
19359
45117
24048
40749
41631
51269
24578
31388
34950
50291
24158
10424
46473
35552
28799
20080
53257
40278
55243
28022
16316
