171
40283
25628
55389
10701
27936
56995
56803
40228
13759
19502
26653
6763
41496
32808
21794
48877
3774
4888
49739
27140
50787
9807
56700
44411
14672
52157
33119
28188
51780
59855
3777
3210
18181
22634
13162
11353
24407
54897
31485
29257
43883
48651
43265
46723
34407
30962
10870
43612
52381
19900
14933
10265
48779
30188
23600
14868
25515
20145
6910
50770
52426
38243
57165
54463
4791
52037
8770
28169
57116
18204
44819
24802
49037
44858
36542
30855
25279
13468
24397
4484
39252
10303
12543
32598
23166
20622
24729
12898
22597
37972
10173
39366
48016
35283
29800
17783
47062
49353
55500
10374
37631
51252
57936
41584
19572
32560
58507
36112
22676
45899
21314
32065
57742
10933
42793
27192
58779
18946
46784
36557
58336
50812
27009
24038
28834
24686
48233
7242
54471
7893
7216
32727
24064
27885
30037
40130
16984
58000
41805
39468
24009
56628
35608
57014
15624
21913
17533
38075
33190
4237
59248
8624
19350
26049
16857
19122
54881
53872
28149
13780
32835
8891
24427
19713
43008
41464
44151
42501
14682
48322
18719
