134
14635
9561
11320
26116
3943
34084
51991
10329
21220
18576
15244
38785
11971
3815
55382
20841
14138
7542
50794
59139
39821
12335
20738
15588
48294
21185
6550
19346
34997
49146
17947
27850
31244
11628
28193
53127
32582
49749
44808
26209
21265
21606
20710
17659
29552
26949
31226
18746
10794
28333
35496
35486
56956
21996
58558
52682
51138
17748
13487
35287
37390
47520
22545
43770
47068
54735
27928
30119
55158
4399
52939
21347
8659
28930
51348
22747
28769
32714
43072
4379
25529
39093
5204
44179
48035
49694
59718
27472
6771
8006
8673
49586
47693
38433
17923
20360
35532
13592
54745
42736
32468
27274
44025
13627
48957
3740
25335
12007
9905
30404
42865
36094
18806
14830
12568
48642
43630
11532
44654
28515
25650
46637
25165
48729
37366
36490
54003
48001
5197
31814
13244
16089
37859
53059
