1014
57868
13110
17896
48415
43348
17427
37938
6772
33871
17296
56835
52723
6846
26011
38020
24200
24508
57558
6233
17497
10527
47054
20900
3014
18339
3731
46385
37690
41279
43803
3859
29336
20408
30831
7274
28459
47840
24387
12281
46869
11976
22029
21144
27183
29391
39198
54207
28822
24070
10943
16784
37631
15964
58564
38201
59321
34140
49741
30030
48029
15733
31878
49827
40534
28818
44671
23173
38575
40393
25989
53957
7430
46393
16606
51701
18985
42316
28165
28045
52232
7829
18153
32932
17227
20305
51476
49212
33436
15394
40123
10296
22673
5121
43225
24501
10018
48741
25225
51123
31166
31569
8321
46147
59762
6511
18607
15158
17116
38740
24680
58325
8703
46207
16759
38799
28408
52469
26867
26429
32564
48640
55081
30837
15298
9948
52193
47644
3879
8456
48733
17917
46290
12609
54648
22052
47062
49557
41178
7065
34261
40065
22780
58720
41981
3089
41115
50877
38211
20385
27464
44398
17128
53393
30790
27713
22632
59229
43075
54314
48994
43377
52853
35556
36237
58118
57598
46151
21981
16817
55412
44856
20442
11325
12083
10581
10604
5308
17151
58832
24152
57701
47697
48715
39133
55453
23041
8428
40695
29164
24842
40306
52081
12722
53712
48466
30168
53747
19118
38318
37534
42416
38997
37012
11532
42107
16812
45919
15457
36892
13822
42741
59111
36257
27867
34505
47366
43329
29148
9803
49978
51482
41122
12388
27887
55403
20514
48160
23498
54784
26104
42758
48089
28099
54106
28979
50557
59743
55197
29444
6112
38876
31070
22405
58363
59101
54103
58474
39815
21501
4525
12093
46539
44131
15537
22432
19193
18484
34136
18238
16445
33753
43246
48646
25918
28079
39827
38927
35317
41122
55332
45276
55155
25205
21571
9257
21331
30407
12118
36300
6522
38521
55319
21666
41243
45797
10592
56875
52396
28382
57977
51367
7486
23321
23599
3129
18491
34765
24726
52209
25287
55053
46323
33841
48819
44611
37699
45571
51089
59137
18619
46272
4857
3105
23406
11487
11470
20333
43481
34221
5776
32563
50303
45141
18233
13939
51540
29514
11295
33516
27848
9023
15662
29458
51106
32805
25166
52225
36771
37757
46269
35367
51914
11226
55325
56269
51242
23297
15125
30793
39778
34812
55283
33726
29084
4390
54519
28431
34928
26479
35582
56341
59051
36541
55876
5101
23032
31445
28094
12107
5862
31745
23180
4043
29029
11581
24538
44389
41998
42082
40217
51684
34533
45417
14279
37097
32185
5739
53657
49620
12707
20858
27536
15605
57156
23786
19856
3381
39299
53650
3445
29978
27232
48009
6567
52996
13985
17822
10989
23790
49241
17001
57837
46058
40532
24907
3745
51185
28575
23506
49897
40208
15524
38427
41815
3427
45845
6008
34725
7910
4553
51124
58190
56283
24199
7867
49814
23564
58668
20210
36394
32647
35086
49153
46520
3531
13788
22752
24735
18581
43279
45956
6599
29867
23604
6860
34131
3847
3298
39298
43815
25704
48772
34889
41772
8311
20775
35831
59533
20388
7461
4036
14795
5896
10950
23178
30211
5965
34359
24573
35782
26118
13335
53563
31707
21979
41182
33664
59758
49673
23671
7715
59955
9621
52483
7337
33299
16119
48797
30751
47500
10211
16309
55140
6860
34061
41376
27481
45772
27807
5337
35281
12378
33694
13481
4866
57717
35717
8752
30839
3921
11970
41230
42819
13429
6004
18346
4265
57518
7419
25179
16683
12896
42181
49214
7991
40006
35768
51047
33354
8726
48198
44237
40851
17511
26294
17799
49148
12938
28314
4458
29028
16475
27194
20259
58117
52728
26766
29222
21942
16915
37569
8752
43504
3199
17944
4632
7077
40869
31620
23554
9237
28821
7804
25815
53840
38964
6007
54621
34427
36423
41023
14917
50517
53155
29061
23730
36324
53914
33210
25833
39576
5733
13948
43826
22588
6518
33506
32065
14332
27440
24418
9384
43814
8113
30030
45777
59507
28320
59791
39648
42834
6889
56118
18542
17145
9925
3595
14334
31452
40055
47458
42654
38989
45538
49988
33978
12176
38474
7987
48917
6860
35909
40374
58759
4943
5720
33152
55968
30699
30468
15932
15015
6176
15660
41246
54425
32148
57829
34517
15143
15007
27342
24983
45601
37513
45758
25043
10363
42770
16905
52676
41159
7003
3342
25055
36660
29454
17251
44897
3859
33268
28567
18290
21145
17611
25232
21348
46444
35936
54486
30163
13894
38617
34899
30061
9971
20679
55571
41400
45469
12543
39889
12173
19684
42198
28936
12520
31041
35866
46501
3260
45230
19750
59780
14318
59350
31623
4927
47519
23987
54221
51913
14311
19777
23276
43296
6144
14641
7472
50995
19076
38026
20231
4404
45326
38304
18070
38084
6021
56905
20915
40484
46504
52205
27791
4951
56948
45257
22394
4033
42320
14209
52207
29741
44041
21710
10356
57593
24856
8637
21778
56947
51109
27295
37934
54770
5783
21715
15059
53195
7335
15156
43130
12974
20736
27345
37738
51082
58294
6273
57371
16813
44546
49524
21781
19229
16031
34055
55384
11724
47669
37215
30188
48092
32037
57677
43961
39778
5131
30642
32001
39551
27017
35663
39615
51614
19292
42910
12395
25873
29762
28727
14484
55709
18563
14064
42841
27855
32103
5711
35811
8387
41958
4612
26836
16807
9416
43935
44983
33677
42554
8820
47015
37518
48189
13679
28575
5564
46843
10087
5763
37075
6096
17042
19859
15006
21700
46697
43473
37359
31249
57530
44865
19727
11409
10811
20327
48893
9584
35637
52418
36958
5700
23676
9834
49937
22194
59423
44856
55630
26154
42436
21109
47665
55870
18510
29280
46870
57364
56532
24435
4097
20386
40011
20068
9316
29616
35000
36360
48297
19199
11473
35822
46584
45349
33038
6238
18734
52039
36126
4267
53110
6683
24300
28970
4007
31191
30495
13159
40273
44091
48032
42631
24585
23790
18430
39050
17345
14823
39102
39550
8865
11442
15608
50642
34393
35860
52408
4092
45068
9947
29590
24225
21722
52488
24896
42497
23433
36657
58854
23946
49340
11061
16104
32548
56381
48435
10690
31079
38356
20293
37070
50216
20931
20502
23799
55753
8383
48029
28915
44087
21482
5237
11330
35571
7629
8464
50141
20543
51715
27147
56243
28917
25856
5102
54088
3486
23271
18107
53828
59389
25252
17084
58043
24079
43024
39620
29215
39935
30842
4810
21180
44639
12829
29171
34185
10620
53258
45340
32536
42662
25401
33815
20427
20071
59011
32169
22009
13107
52845
41471
32584
36547
40226
36100
32402
51950
12399
35950
32307
37024
18967
17580
55961
