1347
34933
36716
50334
47047
56346
15085
59415
25744
6795
57195
11337
33803
10158
21356
11794
46810
12445
44529
5304
53360
58611
34446
51561
29461
57761
56783
23596
54720
41185
53119
10951
3236
36828
30817
57170
35832
14100
56913
57657
24500
39025
27669
48784
59106
49802
51776
19004
30928
22513
34776
16086
11382
28824
44807
26296
23288
18409
39521
15996
58492
41865
38230
37351
40074
22981
8322
51436
49835
7176
36382
32781
46873
3596
14218
26163
4642
32885
14668
12811
6623
26083
13805
10700
32854
35037
57472
31162
58568
19363
42166
44544
4962
7801
8305
11204
35609
13485
53134
47271
5502
34817
54216
42785
15882
38767
46707
4368
28407
34481
56754
33755
15159
3357
37823
16093
53323
52503
36669
18361
22672
8946
6868
52448
8710
15038
56942
29603
56510
40232
40535
14024
43847
42591
48853
47789
51567
48968
27011
22223
25283
11689
4850
8820
22869
41934
15218
59625
27967
53012
14565
43263
8838
6948
6314
23655
54241
13749
18214
30939
10754
11848
5940
41997
11300
44566
51304
32262
16242
9514
29729
16142
22900
58975
40849
56808
36472
24958
49260
58932
21351
53955
24771
43663
23285
56785
14809
16460
32349
13115
33312
30518
39394
16178
50343
47209
50205
55995
16573
8901
38788
19919
19524
24549
34097
21170
45554
55197
12027
23194
14184
39889
57975
12685
42072
13051
15309
59399
38802
6861
32637
14444
54306
57329
49767
8115
52143
15418
42796
59107
19810
19703
20254
30094
5084
40636
40361
41451
57877
3830
10826
40212
35209
14882
51569
47489
24527
31846
12284
58676
49820
25524
23280
59976
39278
13680
51470
22872
16749
33165
7417
22192
17740
49274
38736
4477
15454
47010
53168
55023
40471
13390
10398
18297
34232
43604
39514
14971
29082
35995
13768
16395
47910
30797
11036
53076
54005
16765
15461
17192
23489
15025
23221
56542
29351
3350
31656
5211
50166
59086
41969
42320
18718
40235
12362
4448
22592
43426
32869
50537
27783
47475
13186
21583
19439
8257
26696
35247
15832
39630
12141
5006
45009
14167
27353
46720
45789
12525
25467
17947
55450
47447
4667
30279
23648
38202
52764
42929
32231
39528
35776
16948
42566
23271
33851
3395
41028
39835
7893
18649
47358
13847
31270
42442
11317
13753
20396
49590
42333
23924
51012
40371
13380
8044
39670
17274
8733
40973
32757
59034
10412
6352
58591
48855
37102
38802
49913
31341
59174
44967
8060
52279
47186
57120
55848
53067
41920
34317
26118
33444
47316
35456
52927
30623
32514
24518
40220
16004
19540
23515
20755
5112
21075
23033
22202
51657
6699
22614
41037
3594
20309
38436
12831
53999
9300
28258
4699
19996
38873
17040
38402
20976
45724
30085
17105
27087
51610
27830
16783
46948
52960
25494
44831
25330
45421
53741
56620
42622
19558
4913
20239
37210
8463
20915
59779
3634
58052
46648
31448
33284
15008
5033
53211
42387
38610
51482
57775
20223
26181
43659
17733
7128
33400
25521
5161
31054
54280
47813
36388
35695
23400
22572
19039
46499
15143
12620
28722
4968
11096
7438
27464
41294
21875
47430
5939
58962
19528
33073
54469
44576
57724
19953
26702
41244
11976
51947
41323
21688
12312
54828
27906
38831
46027
5915
42701
23949
41138
44707
33285
39323
53881
42661
39591
10663
28090
8723
50565
17017
54720
40311
27957
32918
34367
41361
44673
38113
31528
53538
3203
29076
43636
28406
14806
43467
19939
45357
50334
35436
34528
36983
19433
55375
19237
7712
7592
26534
43476
14791
53613
4956
24340
15239
50423
51886
32399
48707
54603
51489
52067
30745
12705
22635
40300
33062
36192
3336
49776
12370
26496
23539
42172
22389
9443
12693
50143
58483
25206
26358
39039
52902
42464
15466
52027
35401
57691
53388
46400
44763
36215
53087
59244
47097
41484
53750
16573
35222
27082
22441
15378
58451
38002
26211
5113
22685
58375
56454
7219
15012
40179
31052
56395
58972
50905
42653
41832
11418
17634
13777
34110
26452
15159
14348
7803
8330
8368
29080
25286
30266
22957
21789
6435
23138
29332
25301
53456
53784
44552
42110
56118
5490
22697
27602
19938
8263
59676
27489
57668
8529
41517
44228
5738
34542
39819
25153
56109
22160
49689
20888
57343
29796
38817
56400
17932
27671
23597
35068
51694
19788
9437
53424
39919
27879
47037
15581
4178
56747
17202
17419
36467
10398
45785
34073
31987
57833
21440
21840
16382
37629
50574
19711
4045
14950
45969
3103
23285
56292
44925
49801
30581
54124
18330
24495
12301
39477
34366
7211
50337
32325
15374
38160
24931
12760
22993
15471
39888
53004
58945
23045
12547
29306
43227
18143
21837
10419
48796
45282
26740
29042
53822
4108
44648
44362
51791
28201
3158
3218
4832
5164
53521
7699
15300
11379
54374
36364
38899
5429
6142
23597
29829
8220
56220
10521
32186
48860
42635
12239
21062
46814
25583
21039
4040
5698
41635
8867
25842
33270
34112
53387
31934
22426
26054
25957
15939
27366
9969
48627
14300
30756
34524
20843
13714
6825
57102
53094
25529
50970
10760
12883
30251
23142
12572
5277
59211
16740
50552
54547
30197
49197
49103
32393
16481
57970
5516
45753
59178
25173
13456
10272
16222
38676
21382
56611
59681
19246
25175
19749
10122
37524
7697
5908
36010
25443
20687
35044
16813
38916
4236
17495
5839
11104
52811
41413
54285
14698
35636
25533
37333
9913
19295
13138
31271
4362
45761
28015
58949
24792
4979
53025
23146
37850
10323
44390
38776
16240
47623
57693
58215
24096
25960
52882
46193
24043
19662
13824
50778
15518
50202
54750
7141
29369
21833
44001
6576
42450
14554
40368
37827
57855
46286
42871
10556
9512
38604
14268
22853
7283
5451
13613
49270
31313
14972
4506
39520
5276
59824
35695
33643
15145
37834
53857
9293
33584
54426
24576
48053
23387
48745
58619
16639
59207
55072
45196
23966
53017
25585
11113
32954
28660
24755
32936
6994
30744
28022
45985
44904
26138
40518
24217
38528
29253
37849
32255
55063
33624
39771
55940
40028
21318
57479
11336
41748
20102
40293
16143
37702
52789
34852
10866
59671
41162
57360
34369
17437
57486
27048
33678
5211
22530
34017
19354
50343
44263
20684
18174
9743
49765
56578
3378
36325
31270
9015
36340
24312
29038
10566
12514
23035
17482
46827
28509
42992
9383
26339
44951
45189
18989
15689
42023
9747
12510
31439
53117
8364
23945
21059
52798
18304
24452
24120
47908
12192
11339
52100
6103
59980
37035
58326
9884
4652
27979
53583
17492
24159
51450
4446
16605
51790
29277
38103
3814
39554
42750
36238
26664
9747
13726
47645
47989
31872
47574
29402
17945
26399
51351
54241
59230
57032
43781
44338
22750
35817
5164
48166
45457
43387
13192
7579
41248
44773
29256
19588
19842
35035
14746
38885
12886
6760
19150
57639
51018
25566
39947
55027
24987
6971
31727
58680
32912
44436
42661
19374
21552
45086
38227
33418
53807
43438
27457
23030
11181
24808
21652
46159
8255
20963
6920
18091
41230
12123
30749
23079
42379
39722
27414
58234
59695
52667
46223
41608
39132
11130
25203
32845
47092
11739
44023
49491
40819
45644
57827
58261
39061
44220
22500
25098
52347
7589
28275
39865
6529
3684
36547
31889
30160
25864
20314
5829
25264
15842
12410
5155
38496
20328
28895
56941
41659
47491
21901
24923
25860
10264
45429
25324
18983
59234
3207
49278
24440
37213
24426
57581
25367
25353
53363
36442
16971
17498
53803
27146
9453
38057
8521
59217
26150
45033
47887
54045
49931
7219
45400
23520
25408
38939
38504
4755
21084
16842
14500
56610
43793
53945
48219
30399
51768
37304
3445
40303
25689
34240
48650
15888
21946
46495
54288
7876
55294
42017
16723
52414
53579
4062
34812
19565
10704
47651
26156
38875
36478
34980
7956
33761
23182
26077
31349
16193
50450
30724
36119
8442
56017
54654
16970
56711
26207
14189
55657
45978
10367
30366
59316
6868
36039
19178
19184
42207
10106
20682
50146
28662
48343
23664
19909
38301
41891
29229
16124
50328
52198
16696
37614
23653
54085
38198
53972
36810
29885
39507
34120
12039
54968
50588
3525
6479
33419
8295
9584
14922
22410
5674
28059
43531
52632
30334
8911
29556
31536
38335
47164
34670
42684
44562
46376
55222
28545
35915
55189
21126
57620
27884
34116
39461
50748
27975
35486
55814
54533
18648
43320
56803
23443
55652
59764
21167
22587
13453
56534
27971
26046
11858
27486
53011
42197
14523
53058
4292
37726
35497
35418
12348
38203
51199
30222
28343
37254
41510
3398
36001
54427
54135
54922
59933
34355
52387
52728
5337
40016
40231
16172
54501
48900
41180
54975
44879
48001
5037
52077
18922
46332
