1932
40713
19314
40401
12528
9324
35754
16997
39235
35114
53012
19857
31387
5230
35435
58737
15874
52187
46592
3184
19206
44272
35483
41371
14787
58518
13389
52773
50598
34210
29376
41408
27970
30999
10176
42935
29451
16721
16401
46503
45126
19214
8044
34476
40598
38769
55233
21390
18051
6930
23110
50790
12980
56742
10459
26295
24401
23178
47343
41280
57713
6116
5615
58690
25581
17947
30913
17426
30312
53825
45449
34752
38640
6566
59456
32731
14969
12107
13498
28709
50421
29045
40371
32651
4440
52902
42467
23511
33922
17202
27653
17547
12524
43983
15644
33905
43385
14297
29537
34994
45681
40298
57403
50293
50313
25206
21757
50573
35035
28581
28391
41445
31169
25495
30748
25654
47444
46382
19934
23713
3043
44245
40471
32786
47921
43357
35447
6502
41009
18486
7245
32473
45920
55667
21776
36445
41352
23636
10292
37849
42615
31888
8119
44321
25121
53722
57877
44239
41821
59072
47245
38798
59347
42355
50143
18935
6960
16747
54342
39883
39541
8986
36949
59106
36605
51798
44177
19552
32079
54360
51172
37620
56536
28539
16234
35843
54699
34135
22744
19389
6882
37044
40639
14906
11221
20271
58146
43737
59761
51000
26332
9013
16409
15213
17356
47539
48453
42212
45567
25508
29527
59714
53233
21564
16153
20026
15952
24288
58248
11464
4686
18269
52892
8440
5013
18296
56087
45129
59731
22384
19832
52595
59552
7728
38926
36664
35690
3995
8403
52230
47850
58076
23358
53091
58227
45023
32244
15950
43280
31364
29412
32829
57506
56191
46733
30416
20209
15937
42736
3058
56706
16082
36830
58825
56891
34466
19140
47969
50422
32346
6619
3446
25297
37493
33432
33671
24486
20729
11415
11180
45975
47764
27885
15768
19319
29258
55905
12657
20278
20914
35981
12604
20860
25145
54799
46806
41599
45039
20515
44923
18083
48660
26371
8984
16150
33508
23304
11221
41045
27812
35670
9956
10792
57154
23211
36360
49445
12331
58374
15564
29326
35969
4164
35827
51375
21954
10542
15655
18872
32652
11748
4601
7476
56226
44546
7012
29781
38660
54272
11785
58982
51045
31664
47075
7561
28289
55309
20486
8077
45488
16909
7268
59360
8781
22733
11302
51840
48463
55879
15730
5655
28023
49900
48990
18871
4655
50377
30145
15154
32126
34084
10838
54942
10768
39319
58814
50508
4761
50103
30515
53198
39426
47134
27909
35448
11541
49576
16296
30359
4358
53426
40519
43648
43377
25964
46077
24784
15193
55151
4167
9055
19567
21306
10871
20836
15464
50675
10700
14383
54281
5657
47510
31263
13256
32452
3598
43585
23769
9057
19329
12208
36234
27228
16764
8667
19557
59276
6339
57623
44663
41294
57953
22035
13298
52725
30052
28454
48728
44429
45798
21429
44847
14200
47429
36251
11265
18929
24067
59182
27656
50335
35823
10517
50448
5989
38065
36724
32806
53714
10401
18669
5840
13788
57841
41330
8853
55225
51840
54139
20344
30892
3426
43879
35803
15383
11649
37984
48746
5618
14441
12369
59109
53982
44863
23691
46834
26346
31170
35967
21928
29004
32491
6905
40473
37037
48813
49378
42756
18298
17181
54901
55494
34115
49075
50351
38727
37383
43685
40775
43546
42799
9739
32154
56610
26921
47448
46620
14700
16350
39573
9301
16831
27341
42804
48863
48758
9396
36672
31877
19283
19567
46498
8489
50792
27586
15987
3513
34400
11407
10501
48150
14753
8473
39351
3229
4293
29670
15084
5778
8723
33628
54095
52723
24802
15752
50189
4540
21531
8870
53519
25059
23611
35015
46841
33624
7015
22934
33167
43266
59023
24846
39405
13142
10024
54386
25494
7551
6995
35700
11943
5527
45480
22433
35687
30353
50203
43016
48565
23954
29988
34566
48088
13013
59330
41007
41716
59422
15045
29768
36355
28433
50164
21112
39072
28093
35462
22771
16346
51722
21076
34654
55404
19335
53936
44252
45321
55606
40424
54866
7889
16337
57878
29040
57899
37475
9285
40913
46110
7765
37315
30180
52882
20055
12657
7492
31690
33520
30159
25859
13266
27408
36675
41407
4146
7699
6838
18060
43294
22681
8005
52797
21884
16097
41567
3707
51167
48231
21755
37035
11090
35249
46206
8478
54338
29686
47121
3356
50106
23179
51949
58311
56479
23370
38586
9083
9164
7605
17965
25591
46241
20378
54051
58160
32035
43679
31361
10814
41178
48628
16461
29825
27135
43402
44580
32201
37226
23615
27724
16538
11533
59151
47403
34518
25983
38940
32761
17774
18028
15997
32948
25270
5044
54547
50220
34812
54268
15607
20907
37139
28986
37576
55917
44005
22283
48345
41779
22522
29196
19874
34983
38126
23222
26855
56847
16749
3154
12295
36572
18210
43451
30347
12863
14584
43294
29280
38560
58207
27870
7873
57349
31434
20931
22616
30593
33188
30225
9013
54943
32577
42408
3758
35121
42664
32167
39943
39243
12567
36634
18256
28357
53187
19341
21081
48810
39991
48862
22319
53204
42207
33731
53790
6132
16693
44903
21032
11817
20666
18945
35065
10488
49712
9722
16191
56634
32122
44104
35734
16954
52790
16805
29710
20077
46028
56002
30703
20622
44769
55290
34968
58060
24040
6293
58968
32310
32920
55758
58244
48869
5791
29835
30180
25117
31776
54969
48844
3969
39729
20650
48625
13546
50233
52569
55774
52983
41413
16056
10307
19995
25309
41018
46778
39413
13690
20805
28957
47497
16239
20772
47183
38117
33553
56764
44776
35965
3213
47378
16836
36952
31785
36636
38020
42749
12593
43893
3000
29227
20934
45313
50973
10514
35507
26480
41389
17805
6260
48409
55995
38746
59496
28743
5192
29267
20402
6273
45381
17877
5137
51782
8553
17664
30968
5086
26224
16973
42269
6329
45090
29793
57413
7411
23624
33389
51791
58533
9950
52011
4501
37963
22689
24305
51806
9186
43301
3042
38305
55464
17772
33133
50120
13083
10367
11013
52555
27411
7270
46408
3163
42267
42086
22891
37269
42164
20689
59209
26616
56900
24107
9246
24214
27782
14066
22984
23672
29314
23295
15391
4961
12974
3871
14970
29480
30444
32519
23042
12707
58078
27357
49410
24297
23282
59953
8286
6403
32516
22356
10708
9771
56481
26780
31399
34554
54613
20208
15196
24663
41990
22434
55690
10259
54552
40070
13454
52175
11616
9243
12920
6064
52095
50750
11673
33243
26220
47937
52677
6485
16804
7480
44204
37874
28929
31684
30982
19377
12841
45703
17649
17975
53063
41224
22452
7098
20705
57284
32923
3511
35712
43649
46023
14853
16743
33785
10388
16741
58772
53467
4678
3688
17215
12792
54392
18068
28160
14128
29599
50386
12461
16492
23764
36130
32214
37675
46153
55338
8095
51318
14235
40535
9262
6931
58947
52665
28685
26584
37126
11331
53854
49107
48964
47655
12213
40550
28992
13482
24252
5010
29639
17011
21018
7089
50777
48387
15539
53546
22668
55408
24202
14466
49433
26490
24072
59238
36271
57150
21941
28361
11363
7438
5309
3348
52809
31976
32579
22892
33133
30854
24261
23313
25771
15866
15737
25241
48779
40946
11936
38847
56370
36963
10473
47242
7084
14717
57001
9436
31306
12780
12964
32007
5950
36923
24638
18983
41159
17414
54975
16116
24373
7917
13350
33466
19686
16089
55061
48780
27194
10041
10042
33124
7375
53525
18656
33621
3849
54789
47016
52155
10515
4558
42685
44740
41348
56055
18347
53458
9969
59234
40529
29196
20453
16765
30055
47533
13377
41947
18145
37823
44491
6481
19114
46720
30299
42329
56352
5701
55513
45403
7907
30837
16474
11263
4399
6509
28174
35585
4378
54104
20382
45341
43528
44814
42775
23464
21278
59322
44025
18836
36560
18207
55118
40118
45573
37320
5524
12162
43385
55480
41283
32333
36322
16032
49731
14079
41712
50949
19523
51065
3527
25697
10425
57472
51207
58872
58419
7064
50595
57786
14825
51843
9099
57934
17981
32295
21713
34256
58838
19132
53470
47385
50608
26502
55845
54984
42340
7576
19631
10706
11136
5305
44971
18584
55123
48526
28218
34990
31330
3251
11694
43220
22683
12176
54384
50608
31147
37343
13329
47960
15741
20389
41686
27654
54476
24153
18311
27197
29091
42538
47516
12262
13527
48978
34478
25107
37989
32416
20645
36795
28323
15407
7878
11187
43416
21737
40016
10146
30278
52469
42185
39204
18104
30247
4465
3700
52584
6748
20844
23006
5915
31220
34266
49995
18633
40594
34659
5301
44106
49626
23446
19357
11884
25601
30204
45494
48820
58193
11329
59234
20241
49179
20594
10976
54839
48011
23562
19697
27996
47830
5464
47331
12811
7068
3408
57786
28662
46782
58954
47165
4421
34979
35658
58592
32055
5800
31617
31086
12158
20745
3267
36208
46307
3862
16039
40871
45372
31346
58662
17230
32224
32553
6954
44305
17371
36923
41460
9945
32815
33533
56256
39630
31032
54714
46338
55566
30178
49063
42204
39284
59735
34662
49826
25980
50229
13542
54999
48017
52537
24319
4615
19392
51696
19843
50616
22698
25421
51801
25701
31288
37090
39666
45848
8165
24841
25043
9689
33897
14587
21423
37878
3938
27999
53174
34505
5586
41287
22540
59562
16242
39867
3050
45684
14943
31561
15751
43938
12072
8494
3145
31942
42094
37923
58136
43590
53397
38042
15249
28888
20227
36679
8209
20023
34966
53860
33740
19144
36380
8085
9196
54671
8193
55795
39326
7126
28992
48826
6378
25884
5321
39910
54518
55965
7700
56564
57745
39533
23607
46296
18473
21760
8047
49566
21608
39880
3965
6653
8765
9501
49423
42509
3951
48749
14282
41252
20908
10662
58695
27053
23183
3343
48249
54873
16295
59926
28170
19093
47944
39422
23277
27071
40872
17372
26347
4287
3765
28288
6339
19942
7112
53004
57369
12860
28147
5611
10461
45050
48188
12107
16116
20052
16220
49230
32553
22217
25254
45790
37630
13422
53338
6629
30962
20721
26620
47870
30143
8837
28237
28040
46244
47746
5123
26569
18980
39907
11896
7268
22869
7567
31649
37193
38398
29019
6705
51150
31159
28670
7537
23191
8829
12404
56840
33004
18108
37893
57958
55874
48740
21770
3360
4637
25883
23475
16038
8975
23108
42972
45069
57072
55803
52719
17907
26614
6521
27843
23791
17698
45170
56157
24064
28368
9925
59403
14008
55763
17622
19867
51627
42299
10845
52611
28954
3876
33543
30481
39097
35713
43549
41416
57300
54412
29311
52627
25531
31722
7073
51289
52929
42000
23817
42004
31556
49727
40594
50749
46894
56014
18243
57721
40890
14479
5901
29430
36749
5333
35716
57383
49766
22238
36180
37434
57288
21009
46734
40953
10452
54901
51797
18600
10208
12924
29238
32923
42778
37467
57593
51811
52601
21616
32702
30463
10877
51004
6102
31789
33150
29564
48448
20495
41339
29885
23359
23790
19405
10199
24478
29729
49459
11099
37338
20495
46473
45712
3473
54039
39059
10887
50195
44070
17136
10345
26187
7153
8835
9229
4009
46041
51624
24578
15946
29581
45163
4286
7812
42742
21114
3002
43981
35310
28713
16171
8507
59255
24325
15752
21796
53820
6732
42114
7766
24505
12160
4621
11814
16718
26021
41997
16417
29963
41577
27196
28823
49854
49721
22771
53187
5561
59504
11110
10392
13750
49519
3714
51830
33002
43149
43960
48018
6331
52688
51562
58314
15116
16119
18700
15856
53960
40447
59556
8398
48819
43046
23831
48693
32841
53232
59753
53255
45702
28771
6649
13206
17597
16624
11643
56721
26023
18349
47038
51462
10681
32246
47633
58945
14609
39814
20366
34276
42097
4786
23021
57269
5262
21382
33947
15032
15501
24108
50923
27801
27715
14508
38987
7394
37872
13543
33339
20070
10391
57404
10221
16534
47430
57593
15440
53854
3300
33093
47950
15991
30819
3317
20743
47020
4710
30977
21728
48450
29163
44887
40603
49161
35775
55118
4374
8037
27820
44097
51887
15448
3182
20747
24536
36114
20277
55477
8510
39952
24102
17105
10483
28015
24844
21576
4550
26048
47622
25900
55481
48475
43185
41781
19260
26266
59807
23632
15461
38903
20090
21258
52109
41015
31565
20559
48505
38009
7494
46984
34791
28191
44807
39768
34798
28920
43923
28224
56827
36722
39585
59473
31710
47307
37388
56913
24874
43744
11773
58568
31201
4142
22585
7976
36940
16205
8874
18488
55441
8826
37559
20444
31647
51567
53443
8473
13338
55463
40946
6914
18774
46701
38151
35799
29216
34884
24004
16875
51159
9983
12404
59544
14736
36494
30719
31897
49787
48581
11259
44910
