817
12621
18384
29399
55623
33134
41804
10829
38119
31600
13415
52649
57657
41076
37976
45621
19046
37203
45214
56996
44520
23070
14673
44951
41488
19731
36908
3616
37517
22038
34731
5428
46808
29534
57261
22690
6394
36197
43402
55125
21910
27863
35280
20470
52317
16871
46808
6238
33950
28786
46425
24425
53890
34561
41827
29485
30294
20305
59581
7681
54622
33123
40417
30360
53623
19852
3166
15923
58056
6024
40682
9485
26164
25330
56770
41114
15266
48852
6599
9518
22219
37374
36432
28108
12286
26326
10210
7462
55458
3280
39580
8023
40788
21976
44467
58153
7680
43607
18614
41684
24817
10078
43085
8903
43313
40270
27354
44112
23088
26432
9005
29655
15580
58438
24918
26979
52584
45320
50414
8012
31469
59124
13883
47720
54982
20088
47906
43301
8685
39512
31280
45301
24505
16592
4906
22177
14575
6195
50981
16653
57954
14755
59123
15922
27962
51437
8807
9414
45614
37194
5798
34820
53767
53000
59724
33928
39791
37646
7407
6295
54321
59975
42197
44952
55107
13699
29802
28748
24819
15343
19180
34156
33298
41546
38770
48835
20215
7588
19389
50203
50957
29097
30610
12568
3996
25862
37037
3089
37325
12723
34325
11327
7008
22809
19111
32618
58883
19360
34860
59384
23287
47459
39328
14441
31006
17883
36061
8356
18042
56443
28350
47634
49383
4778
16701
11981
57796
14392
36831
17021
30703
55269
33776
50188
38612
26544
23169
48222
20477
29253
38615
9723
13839
3383
23915
5618
38867
49775
30513
34292
31249
35671
19267
47640
12191
41445
8254
46556
59164
45035
32978
27898
22521
50550
42887
26422
16710
56577
25639
55351
59313
18145
16430
35642
13562
13102
21738
30641
41967
38640
12130
20352
15568
32811
49796
29624
30551
59643
23588
6497
22441
58737
58764
22701
47133
7242
57001
53569
14677
58639
15362
48827
16545
19268
34672
42102
43019
44435
25626
12044
23422
20078
6816
18043
20501
20794
17003
41186
14154
41928
39770
37132
35228
20524
59792
7499
22293
7773
42215
45925
22878
16521
47055
46368
28782
37248
41770
25364
56470
6152
58105
45640
11985
27726
13256
43181
48568
57691
10972
24662
30648
21797
34141
8923
46628
27696
7763
13243
44967
51760
31345
30403
11225
40063
7754
49038
17187
42825
14148
52304
23538
37342
9040
18081
16660
11980
47583
22698
14290
56621
51549
46819
29152
37602
40173
42353
15259
52661
41128
22661
15416
8813
15875
39822
12018
15101
59720
46237
45409
17867
4054
27740
6070
53735
14041
16031
33211
12659
23004
54374
33577
58909
9793
38202
33063
8473
32102
18120
19763
43616
56478
17378
59472
4721
57292
18497
39098
20418
32926
58892
51403
49421
30098
57855
5297
42124
22499
11322
26964
24583
10639
30230
49917
44580
26746
29752
36656
26212
36649
25115
55391
5835
30946
54692
6787
22989
16064
33757
17494
36235
21010
19315
53268
42424
18597
48372
48906
45437
40678
47586
15999
19516
24967
20672
45558
23878
10601
38726
53658
49634
41963
32068
31624
58260
31334
3168
50867
35885
4799
46259
24240
32246
27963
55678
54976
19748
24870
59592
46582
12797
44605
33941
57909
4006
27666
6918
19020
47453
30693
31515
27617
39540
33770
59014
59374
42749
4447
11518
38837
13988
45756
51474
48352
23107
6038
54620
47511
17634
33678
4676
35031
33513
24550
41535
47389
58394
58695
9996
24190
11654
28934
22653
58333
46640
48168
55798
22556
33803
12492
53090
22774
39220
38633
46140
51163
48016
21092
51195
45285
18072
28607
28149
35477
36336
11843
49233
43918
4585
35289
12473
7839
45552
15166
6033
46124
40212
47969
48116
20445
24557
41442
45985
30275
41923
32783
55899
16947
8596
32638
32823
15840
31068
32904
19260
46006
27691
32790
41888
29723
23712
17648
4439
4470
58614
35281
20333
15776
37785
59981
37029
17313
33708
27158
58256
3815
4439
41510
40482
36818
49877
22363
58735
5590
56271
20312
20678
46593
8976
32814
11476
4726
25804
51278
19474
56160
27892
46398
38704
34460
57139
35165
46152
30979
18853
52408
10646
56354
4875
53190
33334
26092
45441
24219
36993
15784
31187
50162
33393
35568
48715
42521
43220
17353
42063
12551
34296
52655
4996
54746
51070
19695
22647
4243
42602
30571
44813
16256
27373
56741
26034
23151
16286
44069
53941
14302
22308
11357
15267
49631
37171
23936
53614
24662
34850
42275
32951
15770
48744
8139
31330
54157
33003
30957
49424
33870
41856
22542
45037
20979
43934
28780
40901
12872
25861
27514
32045
57629
16428
56231
36392
54252
38900
50105
31696
6938
48007
23886
39884
19942
6049
28004
45899
34403
9879
55760
32896
8379
28186
38140
3070
43566
54329
13702
15726
53951
53929
14192
34203
8318
33418
6882
22530
41647
3283
27617
25386
57617
46051
55049
51750
15483
13985
16418
9949
50350
28410
18686
17272
50952
23378
39086
27919
14710
28567
33889
9113
38909
28363
36461
59366
8961
31511
52837
8626
54711
39132
20973
11072
57142
25690
20698
26586
43942
38590
7862
13789
58578
32970
55827
12416
29994
41603
32806
28957
46371
58539
16670
24125
20547
27811
36644
32995
34435
19792
26829
7265
44446
28186
8271
26787
55715
39081
16033
59774
14195
6660
55378
9841
