1571
59105
11008
58378
45985
38936
24669
5429
39158
27912
56962
26082
21096
6771
35229
19315
26942
39779
38511
38506
39996
5469
53404
23223
45001
52757
36096
13360
32704
58444
49051
58182
37803
8951
59751
23834
12746
54545
57995
54073
45421
51665
33200
7007
26823
5443
43229
18465
23994
50574
4026
14309
4977
14733
13355
38413
55087
20183
44472
19210
38138
20781
17001
23956
49749
14290
54170
31183
37035
28550
40482
30399
58204
54035
51889
48529
17895
10587
44374
10694
37863
58488
58693
58333
22445
37613
57880
28407
4609
33502
28169
56099
27702
20439
39385
36707
51287
25371
29298
46342
22969
35422
12365
42865
48106
30162
24545
53446
58886
29877
23251
43577
8462
31524
12655
59526
42359
53886
14031
15863
55232
47102
38359
58600
10086
13326
45184
14039
50363
5006
59028
37658
33387
29314
58739
16519
31132
32491
26746
17535
51458
47500
13436
4688
6506
9431
22501
40308
51823
26953
36816
54544
32638
48464
29335
58730
50871
44177
17006
52139
36411
3845
33296
38000
17488
49734
15980
56125
53980
20664
36065
9849
4632
37896
41818
5414
27690
47810
10374
39291
3881
52161
13235
56338
24451
43227
45639
4870
23163
11377
20493
40903
10757
50960
20803
29077
13527
14028
43633
4161
7801
29831
50543
58318
12293
55948
32278
23577
40833
24404
45853
5324
49846
33395
31409
4238
55346
4522
33899
45527
59762
42687
13635
39321
56272
51547
16548
38096
34396
38938
29578
18611
53649
8203
56117
26229
6920
51134
35055
57662
55040
34088
37022
45986
53149
32125
56473
38020
28118
26044
4802
49483
34732
12585
45870
5197
11717
35281
33435
42935
39134
43686
55808
12220
30797
9086
14141
6341
34437
33457
13434
28973
34879
40319
35066
50989
38785
23379
28049
24972
16402
55084
20384
46179
47025
30289
55006
7070
49780
26090
58475
59256
48031
8377
13612
58014
15339
23074
22683
17199
41112
33086
15314
57353
42085
33430
30421
40464
30370
4484
38376
28589
8318
17329
32631
25535
32617
30238
5527
5205
36055
50042
45058
12397
6681
55302
19921
38600
16788
12229
24098
57102
52960
15921
40827
53691
52996
41737
56866
26785
4519
12753
20078
27451
46891
23605
37588
56874
28930
39554
19059
23929
22785
48376
36703
51369
26378
42859
51766
19434
41564
17550
30798
21049
47544
41546
24202
24392
22018
18151
50094
25574
23339
50523
46548
6992
19414
35868
9844
14563
58541
7615
31613
17542
26663
54409
27909
45570
43424
8180
49543
4867
27117
21747
23700
23499
54284
56968
45261
49272
39808
27762
17294
43446
46186
41876
4014
58001
24746
51059
35462
29405
53204
24400
55642
18439
59242
38957
53005
17231
48141
3520
4880
21167
30977
26864
58334
32073
26499
56703
32518
16928
52520
52131
8684
9584
51289
54897
22517
4235
35526
56620
34859
9893
28050
43442
44168
56911
36815
28540
30194
38760
5839
10267
20272
19575
51991
13568
24309
3373
11061
34852
10506
22843
50045
56752
55737
53578
52851
37143
33817
20421
6467
33295
45394
44146
49187
57073
8227
32678
20542
7358
21885
30696
26875
40314
7474
20939
16719
35223
13479
37128
59322
10935
54186
50486
4462
53190
37590
49466
36315
39357
52084
25275
8665
22407
24203
59154
5336
5522
59521
48488
50786
43006
53995
54906
39645
6915
41977
55595
55266
9588
53072
57447
12866
13341
3521
21308
38159
26544
49804
19057
27522
12048
56172
22696
11858
4077
21035
43167
24183
16956
26988
18309
34274
48817
57042
43122
18950
3047
6313
13247
29746
42799
46338
38856
32774
54192
44725
34154
5510
30194
30037
34912
8997
37026
46477
5993
4317
13327
40078
28317
4615
36323
35218
10366
29069
34514
39248
51436
9220
39562
3866
39302
22295
40978
8024
45935
17496
48665
25831
43303
52238
15111
28322
24137
17684
56478
14799
39384
37571
57263
8082
8877
21059
21894
41172
56170
57162
56626
19801
56117
28909
20052
56146
22932
13866
35382
55481
3747
31722
41184
47323
27965
54304
5203
19954
32524
25338
53782
33080
55139
56702
19794
56433
54915
56394
56994
53343
37217
6261
20826
36138
16628
30693
27795
14826
16094
48270
17043
18174
32404
38649
29616
37851
5236
9895
20418
33755
20511
31937
50709
9178
25048
53768
48060
49249
25957
46823
31851
28726
58499
34958
46488
8501
48102
5114
47750
37097
32483
34615
28708
10393
51571
20070
34273
27656
7538
4417
31010
34560
49176
52513
44101
28762
29126
39562
27726
4073
5473
50141
26367
37930
43234
26370
46386
59340
40663
30757
11103
48221
44958
23031
49336
57776
57170
26004
56303
9707
40714
47511
39792
30323
10864
25310
31003
41521
29389
45227
30034
32711
48467
32796
27032
42811
57239
35184
45761
40592
5188
39722
56655
49367
37803
50083
7037
5978
40297
26214
4019
7835
46832
14145
20815
52415
54135
43819
34784
53766
27146
20900
24086
36700
16801
49146
48814
20286
46443
17855
5737
11965
36752
37086
38538
58753
31012
49508
42966
55810
35865
16110
49862
44408
15888
21364
3400
37373
56733
57975
48821
3946
29269
56544
21170
3243
49695
49710
9565
33340
33339
33215
10228
49687
32916
12756
32575
49199
19426
58018
48258
47073
8980
59583
26557
17139
44551
40673
56276
5804
42511
45671
24297
54337
46052
33438
11690
46753
51976
7803
48621
9063
23552
17300
31229
31512
56380
33227
3549
13690
59710
11891
40237
53733
57865
58183
14359
38150
31513
11939
11690
22947
9771
22096
16283
45019
45473
14883
46136
6487
25586
8561
9216
42319
35464
51741
28690
8586
40114
16897
28748
56797
42284
17675
30465
48660
35762
10027
4890
16769
18419
14648
43570
43866
48708
19025
15183
52202
27669
42357
11395
7405
53774
27420
45304
46592
27402
11931
29730
23128
31530
50756
33678
30955
37240
57696
12341
59792
18213
38107
44109
15145
36886
35274
30467
33048
22470
47666
55861
33155
46567
3708
11829
16532
13517
19600
14666
59963
34907
49919
23022
25411
45398
47291
18045
53902
20545
14428
17553
31397
49250
13072
9034
12657
58345
22279
49643
22322
28610
12075
7293
34732
22888
22417
25136
11387
46156
8508
9022
36768
12620
14650
33330
8044
24642
5617
35300
32050
59152
49120
21449
31078
22119
36045
46102
33906
51845
24324
7282
44278
43345
24435
31063
44997
51785
15955
26651
18952
4006
45702
26317
39443
59983
8336
16893
8604
16057
52028
48532
18298
35544
37615
15968
16730
53317
31408
8139
29633
28172
34706
16172
6757
52276
47084
41833
59845
41420
9857
9185
3906
15378
20784
53195
5307
49964
17535
59388
19517
27834
15526
40378
51610
46753
27734
4259
51001
53474
29141
50112
8002
24849
19050
35671
56865
39322
17014
11729
21607
13102
57660
35681
5734
56364
47300
40279
3277
42523
20700
27646
54240
49206
30261
14131
40459
9685
50673
52281
46550
36959
5547
53882
4480
45333
17364
19231
21464
27985
52792
8758
27843
11648
56718
52640
32086
59653
22813
48344
28398
12201
23305
10033
28940
56362
5975
28052
3535
50902
43403
5395
23148
34413
43606
39545
25328
8367
18031
38616
10644
25026
57752
42826
18927
51036
45375
36853
45789
21043
37037
21625
20517
23465
46589
27406
40293
59041
47639
13810
34172
40043
54503
51297
8305
36753
43127
14866
43168
43447
59159
9505
22101
47957
35377
10512
28795
27837
7287
40010
20546
55446
54858
14454
39986
29440
56445
51968
10012
28572
59760
34424
24599
52182
39754
7524
54114
15164
54931
3956
17152
28052
37991
40519
43063
16085
6454
50685
35626
52223
56031
31596
38796
35102
34138
8811
41005
28953
6168
59819
19677
55415
15814
13393
7148
22698
44020
39080
58446
3403
33482
6884
57182
47994
16525
58484
9132
40425
29392
21328
46048
13933
50795
55686
24083
39809
23825
39671
24002
3179
16820
40396
51197
48139
51224
52098
53922
58360
52146
15408
21343
15483
40746
41801
53051
58823
54427
56014
26456
42270
49433
55944
19995
36040
37969
43423
22372
33354
4541
55525
33744
37670
15687
32704
23762
4452
13112
30049
12420
5459
9977
47294
42823
17618
16870
17554
30430
35457
4504
55055
19978
30283
57559
35644
35738
54952
12628
47403
40732
26568
26785
25648
46405
48597
15399
51898
16330
47493
7480
32158
10930
25928
51600
22968
55863
41643
13629
55393
35518
32332
28026
20542
31658
51556
52767
38610
9804
3069
18233
14301
19466
6915
17188
55802
52410
34455
6920
18404
10783
53282
31024
43738
45718
31046
41082
40119
19713
53973
13747
28264
44936
18060
5708
27816
44340
30809
4250
17849
25770
45360
24636
11417
3396
23896
10577
39636
42270
10694
43321
44913
21461
22771
56325
36529
16048
27983
20822
23742
23413
29388
11785
8851
10664
6077
45896
5245
25548
44018
26334
15436
49365
29929
48630
19060
35786
21045
17216
27391
10259
34372
19204
22784
19292
37991
33783
6657
17617
15874
12279
33973
18443
28713
26916
9281
47559
56200
8602
55004
4780
30463
16753
56396
45202
21148
4515
39221
59669
30569
17005
30761
51025
10375
38389
6044
35959
45286
58466
41966
31984
33857
45078
39449
37815
5617
27557
37944
47926
38732
48553
5978
33603
54129
28381
35694
8805
8284
53354
21867
17521
46954
34750
53939
28290
23004
17210
30362
34520
8045
58432
24628
31100
17134
53427
20899
36616
24763
12659
8962
58486
15044
50091
41286
58907
25869
42712
11989
37270
36779
8107
39322
14515
46830
46730
32119
32399
51344
31268
42220
12375
52185
59411
58788
57093
51237
15825
5814
5095
38328
22868
44546
45442
7935
8534
5571
22257
49058
55482
48499
46169
38647
27274
9224
13994
20858
38732
56938
25209
59229
30642
9774
37903
31686
16117
11165
21725
53643
25811
45320
18961
31087
49064
27973
14279
23528
40442
23539
37147
27631
57206
53221
10025
18847
38072
42277
42456
39874
26294
50989
27016
48085
18552
29599
9929
41215
12123
41745
6760
18992
42007
37526
37022
31079
30603
25573
50058
43854
33711
56205
11337
41354
4832
29547
27425
16392
13752
32677
58757
31757
23829
10260
43624
14825
56972
33552
48012
18745
