464
48143
46544
9780
8948
24491
45077
41729
55058
47038
27488
56577
4491
41365
21999
23093
4300
20301
5260
27556
48612
17541
50795
5537
14988
52605
8711
17240
35457
52012
15467
12347
23152
57345
21079
9755
31330
3438
36432
26237
47108
45207
11482
43603
26270
10389
23787
26254
33493
55994
38416
5520
56997
26365
13579
21623
44113
47194
44989
15457
19827
9797
54987
55815
40378
24326
52593
53186
3757
10348
52179
6361
12297
48190
44559
8837
35732
28926
9566
24958
36318
42650
6629
42383
22678
40431
36251
20124
39847
56715
44493
10381
3374
3170
27042
33342
19744
30668
55502
31497
3528
40901
44609
17855
45263
59502
33039
28063
31792
32416
31032
36748
39965
50656
47561
10915
39652
14730
33027
57372
55313
21439
26164
53751
45239
20091
44292
29043
47748
46291
40393
11667
29946
9136
52867
55160
49006
23351
49739
56016
8345
13070
15155
3174
7023
42317
17217
3479
19908
16307
47602
40298
57896
48628
30249
23174
27252
54406
10887
16066
47157
28806
50787
56932
52183
37115
32326
38542
32752
22910
55818
56003
52210
13250
43973
54962
30418
5229
11669
28911
34753
26497
8705
51672
11689
56674
20520
36956
25943
17197
54780
40477
29244
34725
34793
12907
39303
16674
42248
55027
18047
30408
42514
57234
57153
48762
25400
38382
59080
40638
14742
43758
31065
6708
34751
5669
59110
37719
42305
36451
54473
17495
14225
43448
46812
7426
11995
21034
56932
24638
17773
24810
13121
11424
40458
12902
16637
24021
38399
55818
9636
35800
34727
16766
25546
57825
5963
30270
50402
4961
52560
7748
4053
13465
44959
42102
42558
4733
33244
33174
11086
24802
6450
39487
32532
34356
32057
43199
17667
13889
18480
33157
54089
51954
21491
29143
39598
40195
40240
45210
52023
46868
33262
21585
10656
55246
42967
9272
42833
4633
44573
9707
21646
14854
39912
35167
15440
14363
58170
19344
32044
8832
44998
10590
45909
21302
41471
28410
30212
18649
30023
45490
58761
15931
7807
49216
49498
8578
47435
44041
11879
18428
29572
45208
3465
46704
11545
10638
36636
11260
4255
52456
49425
18393
25581
59211
27522
20545
38659
3044
41500
47467
10272
7607
17856
15459
26410
25554
24942
43506
14071
38672
13552
27647
52213
54159
53434
57496
14128
8486
18135
10827
20160
16749
38746
37836
13284
50124
49122
29232
18170
38588
21958
29149
12202
28726
57586
48207
36250
22507
17571
38071
17086
4214
7811
43829
15228
33712
42338
12193
24165
31330
45026
11240
37037
39432
10887
36009
43042
20873
14269
27496
6412
29883
52519
19543
16829
33654
12265
51866
34128
37837
11028
16425
9327
59111
15654
41017
38024
32078
48260
47086
40798
57358
48974
46061
42618
10997
36907
37337
54239
15080
35942
56324
58604
30596
57517
32317
43037
18461
23577
4005
35734
58004
36025
5514
46068
40585
12711
11873
56647
45067
14198
47527
21241
32129
31319
23964
20350
23163
41975
46787
37842
8542
30346
