1477
59891
16906
18747
8939
11969
46281
42754
45609
45142
30736
14053
50158
8820
16191
50821
24309
5324
30906
40643
11107
16049
59532
43255
13056
53450
46651
53509
50464
6374
40388
33219
5618
20650
27293
47590
10159
35650
27245
29075
58349
15061
47174
17006
49250
26560
55852
23585
3761
43011
4479
34906
29589
6937
44246
9963
39585
38430
14092
10480
51736
56268
58095
39884
16705
25719
58055
44302
22091
47209
34541
5847
16390
19023
59930
31137
30810
34438
43723
18949
14734
41366
41883
4673
39952
57506
22557
18920
34045
17575
18018
38214
33154
57295
6552
15309
33402
21111
35730
54656
56348
49223
31088
4792
28757
14905
52686
4236
57085
36260
25858
10098
47937
50147
57736
25492
14573
49262
32689
52156
57507
21981
48165
38991
19124
30819
21299
26884
13517
30644
51284
20119
43844
33091
33884
12703
6825
43703
16651
27712
15867
8956
20364
29201
56777
51895
43749
20495
43776
52562
3452
47710
5642
22303
49110
17962
24735
50881
22277
28175
20278
49691
44714
57225
53373
32631
7569
21390
44207
17059
29974
5249
49987
40316
51614
46120
29444
14299
56666
54750
41259
35057
38504
28131
23839
48531
18449
28573
33882
47888
18615
20203
55546
13341
43786
59486
17834
50603
36919
8051
8375
52324
52450
45592
38626
25401
34647
13798
43215
51726
45698
45137
39188
11799
27418
54696
39917
35677
4568
57454
41246
17898
55532
23480
23041
17980
7084
26624
32603
35645
14303
14674
4778
42440
5857
50453
57662
14914
43584
33583
9283
22218
41722
3063
24780
32363
50889
43314
32793
50938
43551
47383
53905
22336
32265
51788
19856
43598
13928
53633
43371
25181
37895
15900
4507
50572
47565
3973
57213
19535
36231
34994
58925
16436
8955
11542
35769
45216
37920
49815
30827
36776
11232
55019
56081
42081
11482
57323
58846
12905
44836
44792
29932
38226
31037
52943
57401
21529
44644
57456
41758
49265
26650
9737
11382
53563
18839
15097
45691
17550
15716
54965
25052
53002
37240
20347
33230
56809
48898
28997
22548
24026
22923
6569
31912
16831
58271
17582
18649
39987
30443
23961
46244
9581
37500
5974
53473
47740
24048
12970
49383
47963
9819
34063
27811
50808
23312
11786
17404
38645
57228
45961
26085
12672
59903
28334
16367
5752
43434
47105
55948
12059
8351
29076
23112
38841
16121
56938
49649
54087
10062
42615
46546
43605
55382
36532
56230
28809
48878
31399
11715
55195
40612
25028
59525
18041
19094
19361
32859
23439
28906
11138
14844
42576
7558
38894
30106
45713
15766
37374
14998
13313
34171
22959
12181
25125
32676
21781
56731
20555
47500
29108
41242
9517
19628
31689
14701
3967
5358
23903
41502
22479
43439
23666
45147
35952
7805
14987
55801
4796
14377
59993
21185
57522
12206
7653
5019
35209
11040
39633
46637
26030
45571
9967
29842
28192
18551
15750
59760
32694
27370
33042
30219
33664
31471
30755
44944
42336
28679
51711
35687
24716
43674
23217
23357
16314
57963
43556
18552
34406
53396
54405
24656
4966
21793
29835
26010
32452
8255
56809
45084
8043
20174
11008
11540
7826
54391
11281
30143
44642
30883
16689
21383
30899
24899
36515
52205
11841
38544
20167
33826
59554
39249
50268
23928
46377
4090
54243
20097
50908
42721
44955
47309
3559
17876
8155
8254
40993
29939
55061
4428
29620
3860
49718
53722
34444
22133
26710
45695
42844
39631
49241
46947
23693
43795
8151
36645
21907
36409
33833
17469
16291
14138
15176
48119
57356
10060
54456
42288
25005
30434
18621
39094
47118
50238
44990
37711
30861
35790
48266
33025
3156
44581
11350
5075
35081
49637
25356
14474
36399
24869
6130
44184
24870
3342
18638
28782
7990
48368
57322
37677
18156
22459
8023
46813
29015
35123
30339
34494
51868
11682
41467
11754
27532
24182
15454
34710
53041
56626
30426
54644
33885
31106
36816
47351
7539
34000
39961
25604
45302
30096
44935
10230
22615
43062
49801
15893
14911
13403
30534
14563
51424
56758
30730
19034
29634
16704
7375
16376
3551
23651
50931
20231
8748
20180
45895
9157
59879
44525
20648
59349
15595
41684
12809
17281
16850
37269
5972
8613
43162
20475
10009
39339
29531
37559
57126
59133
21458
43169
13416
54191
26108
38072
25595
29359
49406
52717
52052
22895
59418
4793
10076
20421
21577
7549
9645
40385
59515
44369
42327
29389
11300
24193
51294
44215
25545
21203
22747
24094
8172
47002
55535
43427
25875
45827
59748
20413
10664
33699
36263
8393
13338
5428
46526
38684
56720
44550
57989
32854
10162
51227
40963
9938
53500
49690
9960
57216
26911
57921
14259
52766
25337
40990
28205
6366
17027
19101
25423
58118
40598
36699
19285
5576
20606
7460
47189
6111
34442
39418
24646
59694
24076
50100
32054
53602
6266
58057
31043
52537
31055
45353
38263
13386
7042
41290
12098
27022
48631
31090
45804
22026
38275
40461
37684
35536
37363
33210
14113
26715
4409
54365
22987
32174
36251
44848
6918
56664
40066
31880
9398
7901
38014
37794
29506
40015
10685
35174
17918
8225
42337
38472
46077
8713
48800
34869
6311
19322
26642
52917
58783
36234
50433
3618
46483
22934
39840
20013
36219
7369
7101
44399
7278
41306
37124
13199
31076
49246
18934
26049
15739
35596
30041
49390
40488
59305
31963
42044
47738
54707
26330
51021
52236
11159
53351
22084
23645
5981
17977
40925
55545
54550
4747
52577
28881
42438
51235
41058
54274
22733
8093
34902
14727
59293
25992
11473
53856
52507
16975
32038
58195
58156
36842
3921
40936
5390
51934
39221
36840
35553
16083
3969
27497
56867
51409
39315
11150
42979
53727
50050
52767
30879
14891
51825
59264
14380
44751
34411
59356
40996
33809
39531
36559
23962
44948
15341
29697
36165
25347
59253
24232
46286
7693
7828
17109
58578
45374
10205
14416
19354
6827
41871
53081
56647
29102
4266
28354
31448
42117
5077
20677
51954
39076
22137
32990
13583
8121
46359
31529
31990
10668
7164
17613
24597
5114
42686
16831
3037
8282
42799
35513
34791
54658
3629
22792
27476
17031
25173
12571
42695
47291
55849
7946
13411
33306
46733
27913
11911
14459
48805
34924
10788
14801
6284
57376
16776
41587
56960
5619
38735
49502
17048
9771
41949
37123
7863
57134
50970
5228
38310
40709
8014
18504
56240
19221
52705
46244
33500
4175
23320
10682
52123
41438
45736
45461
51393
46102
8055
22820
5519
20396
14277
55786
5781
46873
34407
24913
11057
29086
40642
30964
25495
44417
31336
25689
48031
3057
22707
30119
30740
14570
46449
41371
20683
51519
44760
36772
13632
22054
23126
31690
24545
37504
6611
11384
52391
55436
20807
56069
12052
29719
42125
29935
47769
54315
25006
6080
35263
49701
24820
5846
6778
4755
49822
14258
55694
18877
43508
33922
30208
49888
38440
40084
28009
3084
49678
11049
54463
45930
25895
32215
39312
6958
30590
55051
26682
47150
13271
40469
27644
45992
22809
18686
58448
56415
36533
42073
25062
29020
24700
10140
45050
37301
51507
47980
15421
19015
45029
34158
50446
56806
25594
59818
20452
16607
45513
17596
24935
36254
39212
30809
22276
49232
19005
9566
25925
13364
13024
17612
6995
14777
28676
58909
12458
34264
26337
15861
28116
17757
49311
54491
4655
44908
20154
52063
42288
35157
32489
23226
10719
20461
5575
7741
36736
43743
21194
54398
19292
49456
55908
25203
24058
29186
34446
45909
22708
31525
26662
13802
7666
17081
58010
13319
57833
17111
36751
29606
12041
3744
34608
58085
48777
32270
38251
12954
41673
20342
22547
16897
53451
38002
3164
39398
36619
12094
13332
56260
51416
33446
53828
24634
33410
39234
29288
47229
10015
19013
6176
21729
10057
26642
12522
54220
11388
47140
6398
29850
58691
36536
45298
36278
17234
27610
29033
52161
49960
21266
14678
30236
45555
32902
13302
28872
33166
20912
13656
17813
41455
39909
26218
36378
59911
30319
3046
19062
57310
16100
39936
49147
51668
19343
30961
56898
31766
23165
12685
49666
24276
54461
52359
45267
59155
32316
51865
17881
21638
25093
45498
25135
11511
14734
57605
29027
18803
42656
5173
20989
3979
52652
39560
25469
30397
6572
3269
57936
3328
27768
12442
14056
35626
25146
32168
15261
51244
19344
19094
14065
35291
10103
54620
50071
43777
39785
18726
53394
31881
15661
28580
3798
23814
50347
9436
11774
52297
29388
3817
22048
43699
44203
41064
52042
7783
38208
20588
11976
11264
47856
20560
40148
9289
12328
9839
28791
18727
23998
43152
37723
59319
22900
59140
55302
44912
37106
18860
49212
52704
15182
17037
9595
39515
29732
45524
40078
20426
42339
47469
23292
28212
10890
25120
37929
23574
11647
54206
42899
35600
58682
8347
26926
37441
54599
42752
44534
37595
19058
45784
58247
10227
14216
3084
23163
59263
20231
10509
50361
26359
47947
49573
43848
5423
8296
59655
55604
19798
24634
12771
7040
59632
36275
53743
43991
39157
10571
44291
42861
9785
34607
19123
8322
39655
27479
4885
51331
20257
49331
30051
51118
31385
13478
49916
19803
44283
40912
52065
47991
36441
3822
43055
28928
58951
59081
26877
6094
14492
42946
36208
49290
49545
19773
58464
8884
25894
8421
4255
35508
18721
36990
24239
48836
17369
16028
44468
24692
30068
45106
24074
58200
53763
39387
29106
12649
21060
15172
23929
17127
48207
17909
36183
18324
56501
35919
4774
38520
24265
34376
24564
32017
7580
16280
13744
20884
23990
13126
51615
42324
24364
38345
54598
20299
