1012
49995
43646
40881
23424
41767
22935
43777
37324
40293
5756
24225
42051
37661
21251
3506
37915
55878
41247
51641
23782
50489
18502
35253
43659
7470
33425
12682
16117
42058
8808
23805
19148
24721
8215
40346
14765
15495
36416
56021
26700
9846
41731
23081
9990
28688
52921
23728
34821
9617
37255
16738
16561
47331
11204
25047
56642
4322
17699
9493
39784
4273
23338
29532
52990
51717
8806
3718
5849
20311
9697
53406
43900
40691
7630
56144
30500
18769
46159
41354
54704
52543
55360
30931
40221
46208
36240
58239
20677
31481
27868
56377
12947
33655
36603
43648
40510
16324
26748
48333
9604
15217
21823
8860
28179
25863
7983
56846
59315
54548
7754
32839
58610
6412
15470
51914
58792
15204
8705
24703
59340
5761
19819
24027
52576
32925
37295
56644
44877
31216
25270
12837
20423
21781
53367
49563
21243
4737
59584
21780
40812
33200
45371
26526
40939
40218
36375
7777
28151
33944
3689
37476
43979
23339
14251
25569
13448
47646
20744
34696
30045
32312
40542
31157
11489
48890
3818
59499
59611
50252
36193
29754
47540
24607
13119
24461
16833
39735
51707
5050
32616
30214
54861
46422
7777
17455
51191
47481
5975
45849
28781
39768
6973
57611
21108
57039
50179
53785
54316
16950
25651
33732
16048
48717
21183
26571
19291
59929
45456
21585
16767
13123
23611
23960
20439
17042
55110
59976
32388
58621
23135
36081
53891
21566
17792
31025
39934
7041
38564
31919
33836
26863
18524
50728
47082
37385
47558
59458
31573
20554
32699
20588
53288
35214
48140
24825
53219
24811
38290
31393
5972
37359
58092
42734
26595
27544
39328
20664
56031
45770
6339
19695
34129
51193
46142
59789
7777
57989
51189
23473
35144
20492
50808
48463
59973
11414
21655
52371
5300
13118
52393
7689
48526
41181
59531
57188
30728
46344
47204
51004
7529
46882
25658
42142
8278
45378
54844
14893
44166
43383
35819
46381
49380
21565
3878
38602
18225
52941
11222
13700
39556
41848
14499
18618
50696
5407
7582
8322
27302
51690
4295
52649
48411
36942
24902
37747
39354
22294
46523
19045
21639
56815
38627
25776
7322
18980
34259
5972
11456
54822
58190
38360
42109
48519
58866
19449
23620
30510
51008
56637
36116
21175
54728
58293
58278
50113
9254
33167
3781
48979
39165
44147
17510
19581
8089
46622
41348
22705
41195
23070
53734
47121
37031
11022
41591
29856
22099
23956
29724
38591
56008
26611
54843
7665
47918
9671
18459
5810
55839
38192
21582
17456
57752
13298
29423
9122
4986
10181
18183
24683
49387
36041
7382
49592
4967
18829
18406
33060
33866
22308
37220
26081
30641
14708
28384
33467
52241
9689
43695
56282
16631
50230
41284
47968
28469
30000
16461
36411
31727
59765
29691
56651
45861
48657
44701
28951
45370
19953
51443
45922
22298
10628
27978
19613
22208
12048
28652
46261
55239
55484
13890
21187
34976
50822
32387
26099
54279
24142
15006
51284
16606
9723
55777
24556
11332
52178
5162
16330
8158
20915
59040
49276
50464
25903
17766
57454
19541
24885
16101
55869
36629
54401
16781
54841
46106
56826
9067
21408
52389
42279
9369
37077
31828
41817
51798
36161
34400
48073
24191
41521
38221
53916
23350
50715
50272
23477
32921
18200
30500
38956
58198
23888
41763
40727
7840
19028
40013
30603
51570
58299
11133
53681
27500
57387
31360
6213
29535
38094
59179
7078
38078
7975
56118
41451
58875
26084
39768
56789
43004
5517
34411
34655
58595
32218
55951
57658
30552
29014
22621
57629
9373
22718
45037
8126
27282
17257
35433
54821
12620
41411
51738
26489
40650
25289
55942
8315
47493
14297
38003
42436
15566
9161
35200
36058
4276
45200
53739
7390
49092
5258
52885
58901
13257
21699
27537
59394
20613
54043
48121
6360
41810
23247
16532
45259
23775
14704
57260
24451
33082
18937
4242
7465
21386
46835
39063
56866
7530
40521
22281
41469
5319
19415
40831
48094
45475
4252
58070
51202
40187
10932
12468
46197
20407
49826
19094
20784
42426
18253
5190
4217
18656
37621
35152
41232
53472
12309
26610
29912
55910
40502
12560
33070
46164
17925
48693
9207
36978
7301
38786
40421
41411
53103
17467
19476
27872
59580
57648
38912
45301
8008
16477
31519
27964
21622
46921
34791
58704
48382
58680
22984
26715
29992
16063
52306
14263
20612
23121
4927
51715
29646
9617
19090
44912
37158
16607
3458
42956
34252
6480
40700
22364
22251
31258
30588
29218
29598
32112
56947
32162
7070
12701
41607
21454
51886
33505
52676
42962
39851
46183
54010
40993
8299
51771
55252
4708
23936
38093
40055
12538
9191
23287
8935
40944
20330
39292
13510
34739
27495
39196
24202
21898
31104
57830
22771
23973
9388
39809
28783
56677
22746
40656
51600
10458
42151
50036
17450
6182
11151
46357
41151
28463
18405
58361
33561
7220
50836
34264
49826
9694
54643
54657
32641
50351
11326
21240
16880
19262
34885
43202
4235
21308
3467
56058
42183
13746
49227
25611
9728
9659
52228
32180
28324
49899
5012
30786
18995
8086
19069
50325
41197
18272
16266
13781
54483
7904
13205
15296
43127
39689
48283
7115
18115
48811
5891
34915
43383
9804
57866
51127
20666
38710
44430
19545
21052
31111
3106
53135
35490
21889
57199
40741
13893
43619
17915
54263
20370
40292
26033
51191
34445
58988
55873
37346
30061
34878
42187
31729
55783
37575
8331
25659
17858
13925
25345
19120
29107
51280
41309
27359
59214
50903
4949
22211
43127
42067
18640
19964
31246
34252
27162
31106
26546
3604
46370
28839
18959
38789
16974
20576
52006
51608
48087
14906
7520
41652
22909
50326
50961
32271
43752
35295
16344
24456
58405
15674
16848
10338
50583
16939
38564
45253
15051
47308
49719
51906
47351
40171
5873
56030
17450
33473
14669
17399
44647
18511
18363
19474
14474
44701
50653
24830
48790
7392
13004
39257
26666
39769
3533
47434
33252
36093
20448
41652
53209
46290
18374
43026
55780
25642
19468
38301
43134
26796
16139
24683
32317
54687
51355
54480
56779
37933
38993
48623
36271
44268
54362
5151
30809
11365
4755
4610
31107
3947
50907
52157
3219
36143
27705
6457
25084
4086
56429
57600
10846
47365
15324
48551
50766
25086
5467
17188
5838
23296
58732
9005
7023
22860
57616
58103
12530
23080
32532
24745
19324
45600
49268
5885
31329
56365
16371
23505
20573
11265
47022
4821
58873
51828
45014
49576
10608
4762
38871
11360
39637
48632
10722
58465
52452
22440
39156
51446
59378
16598
