2152
7114
23478
36578
15743
18461
18867
5071
22575
4077
50291
29269
53642
14805
18286
17209
49397
39583
47731
48442
30636
45542
34659
46583
51661
20035
14018
43628
18218
57761
30076
53052
35487
38852
53124
39466
53475
44651
11237
33121
37628
23272
28292
29222
32846
13856
23044
27621
26196
24522
47923
49028
33794
36678
45434
54016
49686
38027
21985
47751
16380
16103
55702
18706
23234
57935
35175
12774
52078
9378
21267
30679
9993
33196
57888
40817
10329
17740
42505
57623
38020
59619
28117
44287
28901
47031
55672
27032
14936
24188
26770
23876
18175
22619
57704
40230
45067
10237
45866
47039
23685
25419
42026
50777
37918
41851
30071
15196
42485
50029
21123
36834
32961
49577
13610
4664
37721
7371
24122
16330
18640
27913
32830
10078
39605
42418
16374
48880
16203
24697
30585
22670
7845
15287
45772
44732
32562
21296
50018
14693
13856
59618
43539
12671
29956
53971
9749
55546
35677
37267
24986
36320
14178
36229
35522
56773
57004
49716
32541
50657
58841
31302
7399
38536
11550
55560
53045
23742
47671
54107
54209
17036
7896
4119
47006
9074
38804
15261
36614
27752
12754
30443
56596
29663
20622
16302
22600
13304
7815
56006
30083
18780
41002
29080
39460
31502
36885
36260
7328
49531
10965
3124
49637
42427
21026
38558
46665
54175
53806
9703
50077
15986
51551
14714
42515
53794
41733
4304
33952
43432
13724
4036
49129
47792
43883
29384
20880
13744
8018
38520
51181
7981
53755
13641
23104
36552
26715
54358
53200
57965
22410
53705
31740
53954
43075
39197
46912
15875
20637
29541
34016
55820
28102
34092
58283
55276
48379
51016
51643
42218
13446
14024
17921
32056
5305
17474
23847
40281
21656
48716
7115
27458
21486
14258
56096
17986
39470
52255
4037
38888
44609
58899
15404
31526
4128
50531
57111
32309
15138
20359
44658
46081
25658
46070
13097
15110
46890
38504
21057
34816
3012
41771
21326
30792
35545
7337
11795
47811
51168
13529
23398
18838
22414
47003
39569
40510
29282
42980
38132
27432
29982
8002
54773
10275
48530
4476
14445
9716
3915
39191
49703
35096
49366
25124
50581
20899
4658
50993
24915
55453
46243
33830
24032
44505
13451
11096
54456
6272
15874
26853
15398
25625
25106
22714
25449
44132
9094
33876
38282
14341
59575
27172
41280
56534
14137
41221
34595
40728
58275
35237
24376
49805
37062
44791
34594
9133
49260
56748
52345
28363
26249
31710
21172
4170
13344
22275
10300
56162
26436
38649
54878
58598
52527
21532
35085
23961
29029
9259
14158
26351
32411
22858
9404
36989
34899
41961
29506
14519
58158
42373
46939
19792
8020
9495
49882
35985
18282
7495
12757
32708
32275
8695
54475
32326
32178
39037
29035
6197
9174
5471
36961
14302
52292
42768
57515
44060
31241
44526
20549
35276
3509
38534
33566
18953
9339
35633
12299
30519
33799
44612
20768
48878
12650
58583
34454
29519
35710
52703
3138
20102
36627
44613
37225
7847
54523
30621
59225
15179
15811
48298
14164
52987
20292
58420
6363
17605
38322
40519
49984
23098
11272
4911
4602
18014
3136
51862
30144
44167
22543
5891
18017
48266
53125
23402
37685
39011
22267
10740
22067
53403
27336
58513
31981
47872
8265
28924
56492
19318
59536
57251
33800
49933
24025
27747
5072
52857
10745
39552
23365
54632
52532
13650
24922
7852
41865
28653
55043
9599
34654
21760
9426
36826
7948
32848
9894
22287
32909
34637
22930
32438
36541
34526
51295
52898
34401
10744
23086
15663
57135
24902
18918
11871
45437
37192
51326
40245
54126
17135
59266
31155
24818
3039
3470
11966
23170
49927
8683
34148
4082
34165
53440
41985
24229
29532
41264
27818
20526
6802
55591
30255
37214
59673
34163
16841
54968
41041
7354
42562
50636
39751
53364
27086
58333
20385
19223
57018
18041
15593
33752
22875
36154
56157
9425
28165
38895
51853
54420
13016
50560
41435
44080
45176
18265
18650
59756
21264
40824
20868
22086
48355
54141
59202
4808
26777
9426
52832
20168
26555
34028
59385
27836
39771
49219
48955
18510
54047
4415
45927
42393
37295
18438
30022
53529
13240
58877
54625
50339
43247
33758
30708
19392
32554
33753
46216
56852
50684
3834
18849
41928
25078
58113
13002
11875
52720
44185
11988
4320
9303
29784
6043
26486
21719
50460
23844
4460
11943
45205
26685
26086
39395
48455
18740
41600
6980
44370
45806
40147
44562
5649
42223
46896
11115
10388
7129
34425
29824
13834
53566
49938
14004
18268
4552
10681
3999
31782
31531
3093
36323
18129
23637
51580
47330
36243
48102
10052
38255
15852
38541
28655
5862
40082
31450
40262
23700
14282
25227
54173
23387
21500
43370
53845
15049
34705
36073
39107
50819
57276
20863
42825
14795
33944
39098
55592
12933
33573
44779
29742
32037
32191
21544
59125
15273
15901
46775
26322
16064
8644
29618
15902
33146
44423
18054
11696
51946
36160
28283
43299
24037
58543
34022
50067
14903
42053
47585
53641
27107
21577
7536
39730
21697
59419
33109
45931
19865
3057
40457
40366
55162
21688
21596
38417
45405
39687
11886
53951
36136
24486
36707
5732
22536
12830
7283
35393
39108
4310
52497
34770
23258
54574
18394
53539
24396
8959
36224
9604
7448
49853
35403
38023
56168
24501
45458
14340
11118
30584
46013
45660
23543
7690
6845
40916
46933
47084
30120
32351
12941
4454
41397
59753
51260
14726
49919
5962
27429
39705
52178
19017
30287
41608
50594
3311
52721
6002
52856
58098
32616
45983
6030
39239
6345
6642
54924
12643
39384
43932
38537
18869
41891
45511
50615
23082
30167
43962
24375
25497
23118
6598
22594
8262
21456
35078
23848
52214
27981
32414
36347
35865
38042
11702
11603
24824
59998
47904
41183
6938
42072
51049
31565
39135
15399
50809
35913
50411
58425
13350
27546
33625
55489
7742
36885
12925
48835
8468
54858
45139
59236
51246
38186
7058
53510
50049
24191
24069
57408
18438
13618
14428
38302
42230
53740
40559
31701
48113
39381
17143
28897
25969
47389
34014
29499
24930
51160
20906
27830
24733
47405
16900
22017
13147
7004
56124
13890
21395
47435
30835
40229
43571
21021
10093
24125
32387
56243
22426
18218
44921
38111
55547
23482
42935
42957
12820
49141
5140
21199
40937
54081
8558
41346
47765
53468
17727
27447
21663
16050
15803
23963
42134
58623
33995
9071
17185
37465
11604
7423
32032
31153
27404
22869
14778
57400
17970
37292
30171
52395
24090
56839
26320
33173
3676
45714
32443
50035
56789
31190
58756
54188
47082
27812
35649
16630
38303
50893
13805
51514
28541
17066
41697
54056
4371
22598
52888
18646
11860
27494
23931
28046
43892
57378
13373
27187
38625
5859
38436
45416
8274
5093
44744
16356
52959
26117
9284
47473
58778
44874
15493
5591
48558
41614
41445
44566
32371
22770
38951
5057
15888
17076
23477
50165
40186
17761
36102
54347
17953
40212
14489
46619
51947
24012
18693
29691
11495
54723
38654
29542
28198
5699
44803
33387
51690
32706
5302
56452
58958
49721
15476
5586
37708
29501
44399
39592
27165
14125
32560
42412
31984
18466
58522
29701
37787
44518
16408
16545
54274
9253
48338
47044
22803
53513
13487
37000
40765
32376
52086
38149
58423
20276
4156
34563
47961
22412
28303
55642
20870
14285
56015
28985
49244
59710
53970
8980
7933
7253
23760
13214
41957
20305
56239
6085
59155
38084
53654
44879
47959
30136
50582
54502
22294
23072
4450
54389
6625
36872
45208
56852
7120
30252
23321
59743
11242
22928
8555
50328
6599
39994
48938
47560
39479
9161
11494
46404
45198
53731
51980
17291
34306
24550
54882
59774
31955
37594
45781
59212
27195
16303
38385
24137
38460
18153
4256
5988
30314
45327
59700
38445
25148
56048
12137
37488
18594
59426
50413
38834
16685
37205
8819
43192
52274
12169
44862
19595
58199
20143
37867
56122
25605
35498
40542
37416
10245
18811
39892
58479
15842
24739
32315
3408
33032
55086
5204
16018
5421
25480
28145
51088
12909
51646
3697
33942
37265
43924
37685
5003
12531
44240
58333
34342
46094
14948
57494
5972
29120
22876
57276
45887
54795
30813
32857
14970
24320
19012
57186
40578
11334
32976
25137
26499
59332
3640
14564
22950
16499
32528
43370
37848
38720
19467
45297
27936
11047
3845
38447
16865
35444
50692
11366
20474
4392
32372
56935
17036
13141
56714
31842
50201
48090
23991
53001
18466
39690
19301
15154
7516
36826
3977
17153
4580
47379
17368
31342
34602
42579
58783
36603
58018
28016
42843
50522
12057
23080
52424
32111
14586
31351
48032
37033
27636
59033
17671
25506
25568
3155
55248
38081
19127
7039
56251
37940
25430
42124
49923
11590
38109
18519
32045
58593
18746
36268
47460
48434
52702
46537
48851
49874
27607
12533
12756
50003
52536
5162
3559
13432
19216
28330
37531
15325
37516
53063
19543
32816
18236
46193
18109
56436
51252
42017
43860
50632
18053
57399
6695
3580
30043
35820
39692
32848
58353
56970
27320
25643
37633
37560
10454
33376
39520
28218
11566
33650
45219
32803
40906
39868
39272
49702
46856
29649
55045
13378
5654
36711
58506
4441
46360
13963
54311
56698
34513
52788
9828
19615
29050
15899
28441
17959
41667
46752
44259
25288
34453
8162
28542
40883
31246
45149
14800
4501
18414
43837
3161
39083
18766
43538
32263
24716
43652
40355
44511
6840
54633
58622
5102
20185
55203
23197
25303
57953
33235
19344
20954
19224
23990
42622
26053
5013
50349
28324
36685
35746
9231
32655
48890
5561
14536
58549
32751
28445
30757
43506
32538
18199
56611
19453
28282
50793
33056
6623
4921
37390
28009
12906
22900
52429
15054
50838
29588
39145
29633
30062
52086
23358
53466
19928
47235
51973
5440
56808
55770
51466
20322
23726
12439
52391
6451
52974
26670
51396
52631
32697
37827
59209
44964
19073
7002
59798
18922
28250
15184
8397
23767
52076
23327
32521
47860
36863
47940
20569
23957
31534
20165
19008
11076
13959
23973
51568
36895
39893
19114
40366
57839
44327
30438
58512
10941
24408
32725
3717
40301
8546
48730
4326
15294
20710
45806
38926
56738
33497
45465
6305
15995
59862
23333
21360
3696
43852
51698
49624
40138
56609
16322
28533
45645
53661
47470
11862
44445
32702
52656
8043
54105
36763
23711
5881
41395
31954
58661
22100
8772
47306
55656
7960
53921
15927
43861
39109
16069
42006
47483
58521
58979
7335
42565
49086
31125
50636
24194
19518
16952
45459
50011
10738
12875
37610
39214
40298
20691
30816
38453
17550
19028
30315
4808
38596
36507
59946
13055
27885
15708
54362
13151
48648
20846
21949
20321
25836
5417
30660
40892
41353
11402
12092
47125
15071
38287
37699
25626
53388
29992
46188
53729
7640
58327
51017
27950
10900
19311
46270
36900
33151
37752
15080
9794
18703
25481
31982
39437
14001
7726
11202
31265
53713
3019
12397
47185
42579
42114
29146
13568
26238
21101
11056
8617
18656
9361
6303
54124
18174
38168
3975
35738
37969
20987
59888
47775
18807
32621
29786
38625
21358
32969
59121
33767
26529
4507
12281
5920
43250
25739
39506
33002
52896
58681
43612
55070
46889
14387
59945
33107
18034
4915
5751
14037
37812
38977
58698
32180
11571
17724
33896
38100
29131
22559
34250
44710
4043
46452
11977
25730
42217
5585
38140
22342
44925
8281
36654
18761
49599
56884
53770
53678
14918
15094
15418
9364
31939
53533
46910
52550
6779
52191
17707
19639
26216
25120
41330
45285
13573
5763
43728
39361
26167
42314
6936
19602
34043
6868
16783
46735
3240
51273
33826
32554
40733
56850
12566
17982
50355
31873
43305
41877
23415
52901
9447
9154
29834
41027
44812
52798
3991
3688
21574
52511
32162
28854
41877
52869
4976
28101
52943
33189
27539
44054
42442
42740
6517
38667
52771
42281
33986
20722
29170
12918
37038
33830
13700
40652
44212
5955
33591
3311
49502
11495
17761
53266
53140
18163
19430
48777
33752
7089
39847
54451
39636
51951
46307
38576
53314
58696
36320
14753
57300
36853
45825
31758
55932
54043
25458
17244
13109
25412
58720
32782
54033
54349
19001
21231
52106
16986
8451
7217
59456
39447
6591
18452
34336
54057
17682
37472
19684
19731
8841
48936
27312
30955
31133
57654
59656
50180
19051
48779
16713
18233
34441
31893
59599
48170
36519
20166
41814
43802
45836
58783
21121
58834
30623
56901
46696
21159
5884
49797
21621
24292
29664
22234
51033
28716
7958
33720
39101
7425
12702
31985
37078
39996
55284
59054
28035
28462
9937
50537
20718
31373
12590
55094
52351
11002
50239
43183
53322
6238
53795
5877
35761
29427
29797
31548
27497
30866
44707
24993
14690
5000
53304
18651
50948
41883
45448
33854
50353
48652
48296
45961
47895
22850
57481
9661
29010
9396
18835
18109
23904
42801
16695
59163
54159
37677
39614
32557
31928
14040
8118
54222
44054
5118
26482
3313
24903
49009
35088
15576
37117
20273
41394
24189
39424
56564
31708
41850
19218
30721
29876
50680
3936
32038
18463
4762
47027
47159
56168
14078
11870
48934
31797
16441
40002
30171
51859
57283
3855
8435
33663
16920
5814
57428
14856
4000
33500
25596
11879
38183
44744
38632
12007
52097
25293
18867
49404
30105
19408
16017
7800
52454
23090
27946
59068
55435
15136
42120
31792
56838
56689
6977
39075
51627
52089
28008
33357
32738
43366
16307
22295
8657
33703
14484
13270
44186
21103
44846
52160
50441
38845
37307
37805
49819
48370
27660
56700
11491
53260
23369
56354
38660
25604
11963
5381
52313
23458
52989
30622
35684
46011
34138
33906
57255
12188
8621
17325
33558
55435
56949
7968
6524
28297
10934
10210
30301
46808
59455
45201
34934
32768
17861
22704
7237
56550
53151
35902
46459
39618
15680
38158
29279
20363
27319
43181
37894
51869
29822
34128
26964
46049
22570
51586
52571
20398
