288
7804
54980
38889
34014
21234
12834
27537
5635
18572
54306
11230
9261
54442
27357
32816
10851
10484
5211
35724
12671
48002
19866
32064
33736
39903
21446
43031
11809
19393
15464
13926
18195
49100
6196
27965
11752
32591
51662
10242
48742
26600
48392
25238
42018
40550
9219
17602
24279
6740
54754
37978
44461
41216
7450
48210
18425
11562
27877
24760
42765
49348
55308
22966
36735
53423
48565
22173
26606
56823
36211
43491
5818
22599
37464
27884
19328
29958
7991
32083
36932
58574
6765
19487
57380
12528
8815
5628
8007
36484
49994
51059
23842
38329
42404
29938
39784
3771
49144
31408
30254
30959
10877
15393
8342
13450
39318
57385
50154
51565
44572
31751
27429
30567
9556
47413
22524
9960
13477
54270
47682
35251
26644
22767
45659
58732
46389
33545
13691
13194
47190
33790
10754
32506
35407
50272
46935
41426
6717
28600
15812
4309
53858
47344
48550
33488
25046
13445
14982
34660
30472
37031
4081
9464
59088
39414
22371
54653
57620
59686
4032
16714
34456
39318
46916
4030
30308
41068
40931
29678
49306
38311
28288
36850
7024
14774
56992
39002
25728
54761
55093
18091
16027
18617
51470
12697
39810
8983
4507
58619
27941
16059
9199
31176
52559
12318
50702
10771
18795
36446
52466
45533
37428
11923
33924
4456
14246
20861
57610
48511
18859
7395
53944
54664
13257
14001
15730
10468
26500
14984
16715
27890
20648
56301
43408
6750
33806
47892
34565
47030
17426
57637
5044
31272
53017
24510
3279
15509
43161
15289
40749
47302
46222
52648
34543
55609
27715
40425
8328
8719
9035
5754
53911
53537
15579
42754
10774
15080
32509
14137
59091
29499
15753
33990
43834
18554
12224
19999
19511
40709
27792
29585
38190
40407
37900
7053
32554
42193
37642
37835
18613
23281
45348
38598
52807
36221
25708
35405
31043
