747
46636
20852
11593
34410
37714
58023
11264
28401
40815
13833
7714
28919
32901
54342
51663
12666
43439
8378
46235
57174
56098
16382
15128
58938
25548
45551
59242
19466
20897
59073
8836
45379
45439
31224
53063
26698
17859
33400
53476
29992
47264
35587
28775
19816
34414
33924
21495
56301
57821
42402
13472
32377
39507
20155
17812
8131
16193
35096
16795
53527
37719
43437
45204
17318
30414
56872
22905
25287
28439
48644
36048
15124
18796
55806
3115
10329
3959
20117
42700
13863
50045
14274
6204
48051
10816
14832
56764
43576
13314
17854
50667
9515
47639
46755
29111
50666
7228
38555
24060
38567
48284
37901
52639
8498
34969
48149
38239
34868
58260
44021
26457
43366
14914
40488
47947
16181
49892
4993
57270
42029
15257
44652
23507
24618
3767
32842
6950
32176
44505
4742
51246
48831
14314
32855
4071
16542
48032
40571
34625
4188
59829
3359
18320
21496
28298
22681
4251
52378
54981
9774
13777
24091
3698
54611
7755
49472
46944
11066
14987
24787
21509
43278
43596
46201
20910
54288
33381
42565
59791
55880
59736
37851
44104
51039
3053
57122
29336
40422
35684
40468
16306
7757
25337
52275
9763
27268
47802
24728
41989
45025
29691
57946
59967
54012
30189
10600
14256
15816
54335
56704
58096
20209
16855
57955
49557
44394
26186
56827
54630
49100
4121
30102
32442
19401
49499
19020
44059
47744
38924
56474
27608
29095
17836
56429
8094
59441
38171
35041
27038
50976
5629
58649
30924
58265
46055
25220
57930
55014
30022
7666
59206
37098
39584
49467
41835
49158
50738
19407
5248
28731
9624
54798
28947
4195
33559
57240
14684
38308
37952
19838
26164
42927
32493
44492
42313
3328
40821
39932
42622
11283
38886
19524
57713
27192
13139
59210
59009
22126
42324
40028
45405
12489
33247
58720
17075
9155
7527
52055
15099
44360
36513
46037
43254
27153
12314
44932
39120
39718
19701
22020
34563
40658
16222
51918
37739
57967
41938
35661
58782
59532
19099
10429
16040
30274
8536
28765
57722
51855
31013
42678
36899
28815
46325
50950
12367
4477
50993
50793
29865
16328
23976
34400
27378
55586
22891
15736
47728
21390
10723
13429
13799
3261
19441
20277
44032
58089
7696
29835
26228
51906
33308
6626
52226
5077
54524
14352
9547
42921
15046
49035
23370
35314
54694
9002
36623
54260
5267
55778
58883
20904
54640
9923
55903
43369
24109
6631
9952
32096
27581
10357
42734
12607
32373
34708
16833
35949
15444
25161
46793
35940
31528
37247
49121
34130
50776
56574
50758
16432
46506
45763
19747
22755
31272
41916
39725
7371
16931
34385
12516
50253
12510
22115
49198
28613
53299
47846
9190
51923
43639
21418
32877
43014
12621
16859
27372
30639
55461
34628
36831
33239
37335
39686
16011
38189
30227
21602
15866
5763
11412
6667
39200
44689
41786
28809
6199
23588
30765
23395
38715
34041
26643
14638
31093
21427
21167
44043
30706
55880
28017
17803
10591
37427
51927
55078
43982
50800
14388
34519
47162
37821
24975
6438
3034
12896
48019
24934
38585
3939
49648
47784
42792
27470
39047
31043
6320
9330
19859
15442
29305
33996
55849
17085
57230
32253
58473
47825
21359
39458
25734
35868
13712
17086
46660
51272
42139
8839
33402
31812
52746
17691
21774
43550
17481
19258
3035
41845
40359
27311
29585
23467
34678
58696
4083
25754
21802
42063
57998
29096
5395
15037
33970
23300
11815
3083
4862
29658
47615
35268
16743
48026
39441
7129
53607
51081
28132
22141
58275
36809
22387
3903
41242
14984
24450
18677
56880
23859
55634
28457
42965
24356
13350
30890
53649
25638
46680
39895
56139
32538
52050
44876
44196
48896
8204
13981
59295
20520
4174
28627
44996
56367
17917
28754
41316
7065
23846
58556
20829
50154
29234
6003
5526
57931
50896
28647
44758
54490
21766
8678
46994
19574
23895
52625
48649
45836
4882
56590
40209
12612
14580
38822
17156
27907
10896
22336
52555
15094
59754
14092
20664
22525
25856
4123
51785
16048
54701
50322
58458
49812
57762
48311
53318
27004
13423
18266
55157
37488
52259
3400
20255
38543
22628
20795
21466
57445
51997
44237
33661
39237
32732
15457
41018
37557
6784
57454
32751
19172
46812
42472
21864
28208
50046
39279
6042
40117
49206
52229
23431
13335
51759
48799
23835
23200
5831
30466
53087
16403
56762
25786
47837
59044
30329
58731
56898
31050
15559
10778
28389
56104
14795
10124
25066
57469
21570
49764
57684
24846
37947
5130
37361
44553
28301
33983
6719
12671
45838
26479
54775
5741
5121
40907
42281
17753
54504
28713
15000
56241
50900
9919
33912
31289
7861
7805
30363
24683
5223
13278
30073
31363
50117
26340
23223
30949
38516
54162
6685
31930
46287
36973
58636
5221
29262
17100
36204
5934
14881
4257
11149
