692
8365
49314
25007
31248
3434
32375
30784
26559
38620
19349
42315
50098
53204
55136
42859
41010
6035
10040
20982
32591
34615
30402
48014
13158
48175
4776
54320
12262
54649
46347
10263
22456
37463
20218
59627
7498
55990
43644
15210
5227
8099
24824
12417
10654
18358
15360
30443
35782
35377
47831
54314
8961
30251
42383
57416
57058
24110
23510
22442
39304
16776
54537
10209
36543
31124
20127
6255
20821
41793
18896
41257
15763
24548
51059
48601
58095
44689
6538
43090
12484
45293
48270
17848
13501
41308
37339
43985
34463
21156
21231
35091
33906
13670
21831
12644
33137
59373
8827
33642
22104
43482
35696
10401
13766
46153
26103
36640
46108
56539
15313
6891
25310
50060
51004
28035
38408
31178
32465
45694
27284
50242
45783
15167
17862
31200
38400
42684
42782
44958
8142
57267
58885
26275
15903
56114
58695
10888
56818
30259
57734
45008
45837
5772
7879
27957
5305
24374
32944
28158
47459
30107
31829
11362
59607
43632
44998
44299
45098
56126
13110
53528
33495
52617
15899
6527
17829
28394
35164
27771
5899
48213
37127
26945
52808
18404
27683
27902
15998
38886
27768
18760
29189
51403
6117
46519
10984
32677
29586
51350
11531
47460
45108
37180
49054
38666
52926
23333
11322
12214
23845
7942
55999
39807
8079
24380
49813
29843
30752
11783
9041
5953
51911
7731
43299
34790
16138
47165
8861
16103
19938
32457
30961
51268
40577
39055
52759
58639
3407
33388
30706
23877
38004
38009
40421
36433
16677
46924
43372
25782
18694
45268
29350
28238
12781
48052
11755
56895
17985
15573
54845
58854
3509
46549
46502
42467
38547
27164
44272
20576
13868
24632
18419
16082
47626
5246
56138
6478
50235
59699
49847
52320
27805
29036
50897
37496
40060
42163
30969
22894
14914
27710
41595
9059
17059
43027
48820
13451
26342
38573
44048
9917
25202
53745
43319
36512
24820
13851
12955
28935
12592
36413
53589
20050
22318
40081
30952
51330
16795
39263
59914
12542
49190
15029
47415
20928
44745
36424
3190
26598
13838
10392
6162
25914
41326
49126
34500
54026
7257
41124
24259
46083
6504
16445
10078
29869
7143
58577
31525
11112
8810
46815
58303
54955
37363
36658
24547
40655
34817
4935
9582
41294
27600
5502
59882
47409
41062
6888
33950
9304
32831
12807
54527
14591
20763
14436
17176
36506
9962
4256
34144
21028
3047
21207
54795
23995
12625
8096
47261
31441
33657
4566
17040
34020
36157
18989
20177
45043
9027
12968
27185
26490
39419
48865
15173
32493
26855
25964
43503
53532
43891
41360
11786
37683
43923
44380
17443
59864
56917
37396
53831
3756
9871
18052
31248
3095
42361
57491
19186
31902
51978
16067
38438
19397
51813
8913
12468
52621
58366
43486
8470
48901
50756
45011
42652
41746
10931
36805
35415
53327
4418
28621
48085
30000
33632
21294
30860
46650
7236
16005
57201
47979
47675
41394
52596
17179
30558
11213
8003
12175
17113
50222
14303
25184
35472
51452
18416
24368
4197
46113
40163
16573
14819
14330
50766
19295
56915
43497
30324
24878
32522
55944
52290
8139
9336
58037
8369
35416
57786
54997
22782
32926
52602
25916
28713
58610
30714
41323
59152
22269
38704
23362
21012
38469
37198
25358
6500
33264
50998
48680
42676
46146
36143
50203
11856
48907
33196
48312
36874
44265
44208
49373
29511
16604
32579
12160
11720
51530
27820
32195
54509
10312
27446
25222
52150
51050
31024
38286
39980
7362
35164
58289
38325
20154
9623
3859
26310
40547
50865
7857
29074
3235
10637
19128
23073
17739
9467
36888
59021
6281
12426
31054
44942
33906
42119
57567
9426
45784
48480
32084
56063
57797
34314
17405
16487
33873
24143
17302
24964
20851
41895
39174
37341
10661
46731
30773
42480
35560
34753
4305
9318
24933
55796
19893
21651
10923
22877
59606
49632
25450
57497
31944
20597
37347
15922
42640
43940
59619
53939
45840
28780
36576
9732
9414
47127
4302
3794
38400
16126
30641
48151
37715
52718
32170
40717
31141
25074
58972
28402
55335
16566
19958
27445
56382
21660
6430
24599
29642
58714
4072
43050
4978
9530
33472
30356
47490
19457
21163
15128
40156
3849
18855
37259
12522
51098
4001
46745
17286
36395
45858
18375
45244
57346
31015
29751
48638
19081
46726
23647
29479
29601
47002
7487
14552
29000
42115
33994
4600
39464
37805
47335
43058
34584
46735
25578
6355
15424
27767
49358
52778
12876
31549
51517
