1363
41578
49900
6198
33641
23552
41168
27069
50316
8274
30103
40201
27187
4101
57869
52663
33239
57073
23793
27491
54265
43786
9155
22809
47096
29659
29015
59354
56563
24539
27301
43821
39389
59908
32799
14741
38429
19698
52194
39136
52254
7332
8712
35314
42927
50295
21599
57678
12200
15610
33808
31505
42000
25914
7280
54324
38316
42801
11480
23726
55440
56166
22753
19919
41297
8519
40855
33506
9154
52814
16562
4444
14544
44672
10800
45870
23590
9741
7859
28439
46991
28533
10113
40422
48285
26862
42079
41360
26781
25808
7258
38176
27352
48651
24542
15258
55700
9744
40493
29074
27003
34389
36193
18102
58423
17926
56656
41746
27352
12006
7554
19832
29211
3369
54811
26085
15884
36467
10130
18534
28658
19721
39340
31384
39456
27494
23866
35080
20549
28115
25227
55275
6354
27866
38346
46347
21502
17169
48440
37471
45072
24018
57852
32555
30382
18205
57700
6896
9377
37931
48945
5847
54636
23095
26371
40399
35657
4271
21192
25774
42037
20589
58723
42508
14719
35712
17982
9272
23863
46311
17419
43125
56834
19908
4554
34156
19593
55050
46934
25313
53982
52746
14525
59064
14241
47442
50595
27092
52793
14414
44226
58796
40267
52418
11002
46782
14400
4010
29877
51967
14149
11591
53020
36157
22811
33129
24473
35574
28431
14714
29124
53033
43444
10686
39590
8828
20389
40437
29202
16926
3675
40738
46765
22918
40539
7479
53034
50137
40286
54236
12458
50198
26980
23704
28368
33045
25448
12023
26592
52834
57400
8208
23817
51842
13856
26176
9689
35584
56260
22073
13702
23190
38501
41416
17283
33733
54117
14667
35577
19555
33057
27540
31853
21240
35445
9221
39268
31469
49585
11986
19782
37514
24302
40992
36167
17334
16725
39462
11717
50204
39368
35678
6145
10976
55181
48173
8946
35346
28179
55871
14698
17549
33625
34968
31448
44590
56388
46113
59324
48946
9510
46375
28133
42813
14036
52219
23149
17712
16197
4868
32431
5494
17310
55912
31992
14138
55487
24017
53494
38299
10380
48221
58571
21783
54195
7963
26371
44482
12075
34953
44121
26469
30777
26797
32063
9505
15834
38778
48304
21291
33385
59314
9698
26783
40107
18090
30664
9848
46022
49247
37883
13555
53168
24419
57594
32772
28124
18946
26379
24551
7683
20569
34398
31222
58150
55553
34344
42279
12539
28568
47038
3627
18702
58325
58166
40309
9939
40089
34433
17142
48821
3488
10779
10167
15584
38788
17033
37413
11680
13545
16461
45716
46262
6146
23677
23306
35399
10416
44403
9697
15581
35858
35538
22161
55830
19954
18399
43314
25842
41262
57470
38198
5501
59003
37375
30327
46887
48481
29158
18498
7673
46127
47459
41711
39997
13072
51285
31823
3432
52964
48499
57984
13625
40144
34906
49956
45913
23343
59357
55406
10708
18479
57643
22343
53178
14544
36985
36753
39116
13464
12044
11852
21525
31110
20450
45310
15218
32092
10315
39977
57489
7456
34529
50545
54404
38223
56926
21715
29168
42713
39538
34429
48096
31921
56109
26654
38673
6591
20721
32924
43461
23371
23035
35386
22338
50894
16941
40533
30731
11375
20453
30994
10696
4478
59630
24999
44487
40580
52865
5631
15516
50290
25152
48663
16097
13234
54058
34573
51363
48630
20781
21688
59802
14279
41268
47541
31804
6918
34455
46028
46040
46893
45658
48704
41035
28341
52016
30863
55963
21835
29805
9065
41273
16437
3788
54194
7858
52751
54270
21975
56250
57044
8725
59231
35489
4242
18288
32729
31802
9011
10833
10185
40236
52044
27106
51862
33030
31979
53052
47798
3943
17002
21143
30378
52115
49956
34039
37241
21439
37520
5543
24399
42520
16854
23905
59735
8844
22765
52400
20555
19684
46744
42396
18969
46648
21663
45357
53502
49948
51045
42843
34609
19824
41179
12011
44503
14684
18057
46428
18479
41506
57822
42610
53318
58985
18925
46370
41017
37114
38223
53688
23201
45846
34685
33998
21197
50047
19023
3114
58457
46309
24867
38043
45939
7359
3279
51102
44357
24442
12292
59249
21612
44718
36273
51577
13760
21861
9934
49270
25228
17818
55294
9282
34264
20501
53980
23676
45803
36788
16844
31164
9937
9458
18855
27376
24287
9193
16910
37761
8629
12196
10492
37105
43992
12230
4017
48995
13894
41956
20239
24687
52848
8637
23509
24991
28077
41203
10529
9965
19058
6593
31283
49837
16793
50885
8384
50837
19177
20564
33094
19008
41947
35131
51405
17437
35008
27688
14283
14819
33965
52292
53073
47564
17199
29179
57141
49131
6837
43045
27725
38550
13043
51634
54975
17616
10750
58198
50017
8379
11257
33931
6800
39512
33485
15883
59275
5293
4096
43884
54262
18007
39491
50805
26380
17546
55529
6416
9267
14401
4864
6075
35578
9514
29723
4571
34157
45610
41844
4903
12014
6602
49340
48126
47221
4377
46837
16450
10016
43133
45167
25442
41673
8462
17921
31391
53010
32955
17069
55443
46705
33293
16832
15053
46371
21422
52494
9570
17627
55836
31821
45798
39646
50659
35656
9213
30397
6874
25412
21580
7499
55861
26248
19335
45355
45431
25245
20697
11876
25288
10264
23270
32337
47571
36222
40301
27668
56411
51771
9865
22826
3367
4704
24002
21159
15517
46238
58740
35110
51738
15873
39743
47254
36764
37053
15996
52738
39603
38560
36133
6784
48703
15768
29992
57823
58217
27291
59464
25299
5309
36148
55598
7861
42396
9337
27200
41226
48916
6653
32436
55252
55210
33910
35619
33073
46875
24116
21032
56682
53852
22928
32325
53762
9792
48408
11057
58543
53372
23453
11667
7393
29130
14474
39095
56620
54558
9169
58164
27592
14572
14410
43765
58339
26231
29244
56928
58573
38264
54467
58763
3194
56890
52484
56690
54799
8916
4515
40367
49217
25150
36803
3809
36958
46499
18914
44897
56121
20893
24314
57020
12243
21366
27904
48488
55014
27948
16624
40784
6272
18690
5255
33151
44849
39908
23049
23494
39826
28207
8395
20745
55850
31379
52232
11848
40760
29222
24274
11982
14451
7669
3472
29861
9031
51998
58895
25207
10776
40093
3832
46112
19119
24444
22067
38417
14031
14370
51727
24752
12671
54694
32195
45859
47156
14671
48226
32563
45806
30412
17753
20838
19465
55390
29494
40047
29944
40998
12592
24590
29589
8899
33921
49879
59751
32380
49772
17873
10276
24245
41839
15409
48355
8630
49476
51961
43863
9126
22387
48165
47758
36799
16443
7678
57165
51543
38929
45307
50835
47994
40308
22076
14255
33150
32741
46276
30549
16040
28219
41213
3261
11483
40376
37984
44362
59039
12277
56904
47854
38427
39198
14396
54426
6905
32749
14676
7391
22810
56400
57612
48574
46746
37005
3538
15864
30665
30116
15033
11034
47577
36142
8260
32399
52736
52070
50643
14168
58456
57087
50316
23333
37283
36863
5577
41051
26023
5553
6902
17457
3808
16474
23204
33879
55740
37512
59114
59345
56159
54052
37016
33897
28022
33825
43533
6477
24314
9179
52617
40810
11948
14278
45609
25538
12841
36051
32644
54669
20246
52931
31828
23627
56117
29433
43588
52297
24484
21962
50282
58615
39869
30722
3325
26386
50346
4063
17812
7498
53024
30146
50732
7621
52006
15872
12752
23469
12742
59719
9885
15733
57156
25610
16885
48524
16478
51374
59184
44370
39961
15593
24272
30908
56816
19357
30008
14692
53445
47955
20202
57923
52262
46004
29175
45061
45232
40389
55620
8736
36797
53316
22215
23407
50774
6756
15184
42427
41038
39125
44877
54128
24810
57040
49761
13962
7413
30267
22399
46651
59057
38027
26980
38758
5324
53002
14259
47534
50575
33638
39115
28390
16427
13241
14808
51328
37295
54186
52154
9855
14272
32492
35840
7591
12825
20683
26065
40842
33018
44432
32479
47726
7644
29860
28223
52082
35701
41780
30872
44558
9387
4018
7520
53235
32764
41582
39855
19083
25054
9928
3956
20898
35607
18747
15675
52463
20551
57944
4748
39042
26728
56940
9588
54242
3953
10196
29232
16413
46517
18573
26234
52756
10918
16260
49871
49999
17296
57481
53960
51316
51684
48109
11532
39825
21424
21259
50148
21812
54722
17059
30590
46494
36960
16399
4504
47274
40537
39619
12960
27310
12406
10882
59103
30041
21760
48584
18201
59692
43818
3873
44238
11843
7532
14417
34370
34734
48287
31474
22761
17049
44258
5805
58875
42241
51572
42515
35585
15663
24870
8304
46655
37095
21138
15565
41635
27700
48908
43772
59364
29739
59404
35195
28813
3812
54165
31685
37059
45086
54229
42902
17629
30501
6020
54717
8610
56356
14643
28058
7972
16497
51262
32654
17721
33938
32317
26344
22904
30423
27767
22190
56885
19443
7015
38155
38077
45658
44981
15361
7320
12900
5718
37931
45147
38190
47596
29802
53115
26362
37756
18781
