2006
23172
36961
43902
39139
52320
4514
29201
39620
52932
20999
28158
49823
14049
5371
43540
10190
9585
13303
53160
37584
16835
23609
59409
56912
59712
46490
43768
8717
56948
33591
45235
24432
24616
15271
54833
14608
22388
46325
6784
4063
57890
48653
26207
47676
39205
18187
50288
34398
7982
32508
49742
41125
6306
21051
4442
16276
8078
13966
23642
11742
43163
6273
56586
34173
7658
43216
57001
55618
38418
27967
40282
12462
45793
20891
12722
49617
23638
25154
51789
35302
7438
29403
36173
5799
48804
27051
10844
53123
26731
6963
54421
24662
35645
27379
16427
35929
33241
59664
38812
56443
23534
40341
23253
31096
26600
34295
4972
6971
31206
16477
28926
32430
34825
11012
46449
50704
7163
9151
36029
59970
12809
22578
53200
34268
47708
39619
47445
31986
16709
12193
43603
40052
41956
12307
57278
52428
12930
45093
15054
10954
5126
55004
17303
26752
21825
8913
3283
45813
43257
16217
33686
26218
39587
6618
10223
24471
43508
28738
44061
59957
33935
37864
14114
59044
52948
17225
50473
40093
9888
24098
50681
10037
30045
9354
51585
8124
55478
45267
18893
20715
17057
12768
12894
32093
27401
30862
45927
31395
49330
46655
31679
31432
19062
38373
20621
55280
34408
18039
24377
29159
33109
49644
3357
32270
48479
26265
57315
42885
27394
56794
54633
24705
29223
57579
3574
50395
7080
20404
21560
32057
3041
14102
4580
33059
37635
12250
37785
21901
8821
12205
36890
33515
15035
28473
9853
33529
55292
3690
28867
7005
44939
58376
14546
43055
21127
48560
31248
30909
53093
45387
31336
50067
18934
50553
19119
18792
59215
15833
9894
41330
32001
39684
7599
44924
24721
13321
31077
49697
6561
20543
5287
5339
48732
31691
50349
30203
44961
15424
21150
25525
35313
23429
48035
11726
14286
36148
47072
11617
43753
22310
37695
4955
11987
16364
44276
56402
6582
19492
45493
33830
40004
32436
58603
40569
33524
36486
8980
45502
44622
53052
5611
52879
10537
20588
22645
56776
33038
26908
21422
30114
54816
43005
18056
46446
39735
57526
46394
55703
47985
24332
22481
22081
37961
17093
14131
28043
37131
40141
25084
7161
21034
37273
11526
23596
7138
40209
49144
41719
4838
38833
38610
20537
4087
36776
55596
15174
9993
37049
15310
41504
16205
12195
8561
22109
40786
31697
31058
36647
19132
35150
49522
57854
37622
9815
25078
17924
40163
8064
31919
31548
22565
46360
46108
41641
7045
32751
44407
46252
8313
34239
18901
48669
38917
59849
11875
57750
16444
53813
55567
6471
3598
19435
40542
52039
32179
54012
26095
47316
28468
35333
27376
29743
33866
44457
48219
54017
26548
4896
25802
5713
19080
59384
42690
4109
33010
34920
42320
5042
33610
23007
3307
26985
3407
5279
34643
53227
12145
48397
26427
24328
44860
24967
10427
51932
39095
48661
7422
6719
25196
54731
35732
58340
27291
30497
43905
54912
53463
20333
5547
18286
57601
12994
55884
41195
5826
22024
20708
26221
58722
19768
18171
10847
29944
10347
47186
52780
28441
36341
18262
8266
32040
24590
46375
37040
9666
24220
22930
54864
56858
15962
36578
19908
57308
12006
42691
35777
17508
46872
7029
29404
44303
6973
21221
38241
37709
52786
27252
21905
42885
50745
32109
16077
43257
14720
48578
52627
54551
58335
19656
34586
31352
25192
21763
16136
18442
37592
19868
19572
4543
54140
53526
49909
29730
30101
56629
17938
46866
16761
47253
17329
10955
42156
38597
33178
54519
39528
57303
34404
37080
34396
54442
40584
5451
37105
37087
44543
4828
59333
16658
5679
11659
20635
35439
34753
14860
50837
31648
20252
35529
53706
17638
52712
49689
23209
9445
8349
23355
4353
39239
29191
45845
31517
39468
20308
21692
48160
47474
25259
21774
5136
17436
58101
32522
58614
59081
27171
3557
47004
29759
54713
38010
29377
27552
56850
46962
57660
46101
19645
10579
49844
27726
24108
43111
39606
15431
13192
21598
11439
14141
48006
57408
50184
17057
50034
28683
20971
33546
28613
36362
52702
7926
59597
16255
49905
50092
5835
50730
3575
3826
36173
8832
4661
36648
40481
31235
27420
8462
15601
3249
22292
9784
45530
29228
10333
12631
38084
42932
41346
3112
24380
50327
27153
12170
34826
54434
30310
27524
6541
35108
52991
17695
42129
51457
41166
44838
36130
38868
54817
34063
30455
48947
42160
31609
28408
8466
53459
17136
20797
43734
57269
29750
21939
59994
10077
5379
13475
44822
8277
8089
58814
23880
17381
5526
36987
28363
9573
35872
5037
52714
4594
25238
37650
13157
27045
24356
46538
47880
18640
41489
27334
47175
18366
5183
33087
28134
33270
44841
32149
55174
43980
50012
5635
58678
41320
19068
49673
5219
47784
19057
55219
20380
17885
28633
31139
47748
3847
6691
54855
43441
27989
47316
47827
7608
3977
30781
35367
44107
35502
16165
55906
4826
27937
14146
42087
44793
23005
6308
21320
11573
40833
31133
47850
39159
6250
51610
13603
55165
50450
28693
4090
18211
42417
17539
17201
10421
47664
55699
33689
11511
32874
30527
4389
54905
14955
34972
20748
4343
48567
8934
16201
30909
35160
55703
10340
7639
32216
27421
24789
25523
46180
13650
38169
12536
37641
49351
55716
34887
18567
21230
47749
36602
42422
17350
45074
43910
43474
48313
50381
24663
9762
16645
48216
44560
57478
20828
56551
43717
20701
35221
46560
29528
51709
25672
39198
55018
32695
55472
37000
30497
22643
49208
23199
51273
48434
42451
36149
12636
29879
7674
5612
12459
54015
47511
7843
10802
24605
38666
54460
3123
53454
24120
50144
52018
47582
50136
44173
46456
40810
43484
12300
21416
25878
27497
9347
24441
42859
38141
40101
6999
11837
49682
42037
45947
19343
18775
40110
53644
38017
48448
24341
4072
53848
8994
47722
9583
47787
41665
37607
16593
35753
34677
46561
11518
16858
27980
7982
44145
16476
50032
21794
14051
39160
31480
36840
28787
28230
45571
10118
34264
37822
31937
23561
56480
24346
19143
52930
50454
37132
57044
18846
35372
58265
10938
19391
58113
12028
14452
39837
39134
30735
40371
7963
23037
10952
45986
59316
54152
8299
51581
9216
13511
31297
4137
28518
46611
26231
26932
32943
12405
21238
8365
22463
30836
27843
5189
42767
58036
57326
9112
38065
11588
51719
15183
37120
37774
50931
26597
41180
54734
23057
38271
40552
46608
38844
27993
33711
42364
25876
5043
39624
57193
41171
38314
4116
32853
26715
18449
3987
4867
59491
23282
40259
19261
54964
49557
57516
6645
17375
19546
29148
30804
12509
14480
17402
27544
57562
47334
26997
19434
37238
44367
31419
5180
41167
55347
42454
42803
17098
26137
25118
49342
46241
23389
6543
10576
21103
52777
25229
27433
42407
53348
11059
16079
12334
38990
11186
40299
30093
19841
25700
9714
23499
20482
39768
14209
6289
7978
45465
18896
48792
31568
14829
3812
58248
17994
32752
44545
46607
12193
38303
58257
9242
11608
30089
18088
19612
57980
43177
52574
33626
7669
19829
50570
10808
12931
59838
30081
43929
32341
51524
3489
4945
46732
46615
15548
10459
51128
59436
19409
30447
5638
5578
58802
20813
30704
52777
6791
11094
47266
45365
57775
15263
16810
54733
15633
51924
27391
27311
33741
50617
38774
10796
15459
22170
37329
33519
5226
3401
20876
14619
42457
32143
31664
26577
26150
47766
49609
22013
10895
50942
12757
6797
15056
16234
41224
28191
28865
43135
37921
8707
21188
24639
29007
32039
25630
29846
50167
18472
53851
22483
48667
10631
26748
47026
49899
19575
13022
36826
3933
5755
7102
9012
46396
55943
51449
22377
43267
51208
12094
3242
44690
45885
33336
42326
57128
35928
55339
16514
47360
12507
37841
25357
35880
53265
15263
30367
15891
15954
58621
47452
8295
8939
26351
32830
3126
7383
3616
49704
3817
7340
8667
51680
26697
58284
23183
44012
49272
57462
45577
43180
20664
17115
36945
20236
14858
11961
32262
51326
9734
49643
3620
18923
5098
10920
13986
44605
19329
40699
51486
55102
30947
45191
24608
49063
11279
18426
39175
8807
11950
46908
4863
54532
29557
5884
35238
16255
20577
9571
9764
4153
20914
52031
57042
29307
47706
18615
33561
35953
36317
56989
35596
45313
25699
48585
58213
25171
31893
33521
20136
48983
6303
56246
11497
59663
44913
31386
52325
50071
29806
11266
56807
11711
49336
12798
13203
54517
29769
3397
41736
13497
45186
22476
14314
44912
56663
52044
12278
34043
38355
27891
50926
20895
4023
5818
34058
42520
57482
59456
43253
59190
17265
41164
49425
16012
35920
3565
56916
7771
51743
17975
50235
32669
21140
55635
55112
59096
17971
44975
41622
24039
29773
17744
33315
55100
50010
59861
5158
41586
7647
18924
26646
30800
41140
43743
34827
27958
25160
4603
48213
19127
14595
24270
17718
51754
17260
45671
55121
31553
15827
37771
42758
15376
43215
3651
6505
45173
54601
39525
49250
36516
44917
19927
35366
25133
21855
31938
12266
18708
40982
25019
28500
14290
37592
8859
36978
30928
38204
47153
6102
19770
58113
9469
9162
26104
52476
13699
42046
25682
11473
13677
37171
49110
15090
45832
10921
35894
43031
4871
26859
15775
8025
50997
23244
54867
6509
14513
54150
23096
4369
53880
48295
10424
31665
21537
56921
43628
29591
22001
59661
57820
58644
35585
33766
45364
22905
51097
15446
22359
4024
18806
51568
12732
50472
58694
47823
45062
5077
29310
3377
23470
9791
15393
46644
32239
12812
22328
10427
34131
32382
42905
56211
37407
56529
9902
35637
8586
29493
36242
52997
41133
21168
14574
56411
19535
50914
50553
46732
16391
6556
40531
27490
23843
6288
12303
23823
57085
33919
23924
36205
57744
6975
13543
41223
54196
8915
6942
5533
19506
36551
31632
23680
24038
43185
10838
56429
55511
51002
10907
24879
9650
43962
33360
31200
19362
7218
53427
5363
5538
20739
41842
25507
51488
26481
3699
54533
46374
14408
31550
6825
49198
25258
44701
31608
41430
46595
24945
25193
19340
13048
32308
4950
11928
49411
4385
7515
22628
29901
7159
36024
59836
10394
21567
27089
43958
37386
11706
27295
52929
35594
56573
46135
57278
43222
29889
15606
17842
32261
34181
43485
33973
28727
38990
13083
27440
57513
9566
6430
32771
52046
14165
9039
33402
29058
8293
52958
22393
54631
38017
6443
39913
19908
3032
43685
4803
33866
39261
6492
53034
51696
19865
45852
59721
24788
30129
46949
5135
54683
41412
17002
30098
57395
12248
53113
8409
57102
23344
41424
16728
38655
30005
54993
42051
37436
31978
13158
25882
4103
58110
43785
36416
31457
33219
51028
44997
59545
28963
12461
21592
36088
8866
42323
40124
11797
28711
33948
5645
37144
42006
46309
46860
3019
23980
16050
48651
17788
57227
59909
17965
53550
42313
23603
30158
37055
14517
49404
51682
11984
13493
28855
9735
9166
54973
18710
39327
49808
28369
50397
10430
15547
38389
25917
29109
47907
40194
59119
44262
50465
54340
41985
36771
23847
38082
58185
10908
5413
8649
42365
35800
10956
28371
18487
49281
15626
31824
7761
22161
35003
53298
13998
29296
53564
54812
5988
30388
26091
20546
6863
41469
33732
40937
30631
32815
57990
14925
50317
36186
17150
41648
8667
25404
56064
22664
38758
56428
10938
46559
21807
3873
26490
29790
57577
40027
53631
40237
35284
9094
44273
17930
43268
14005
51105
45128
11337
45967
43090
44592
3902
49103
16231
7808
39843
21004
3680
39590
20872
26618
25093
12762
57312
30314
30769
48935
34511
54192
41852
31230
15932
45453
10351
48403
47467
58630
35828
34824
34514
21791
18469
20698
39337
57536
18947
33336
12647
13306
18851
29447
7882
22493
45332
34996
11733
49649
50687
10894
57665
22543
48503
18212
32038
47685
47767
55593
37914
30521
45817
51674
45655
59295
44646
45354
59668
41125
34941
35867
14828
53254
24148
16371
7675
21699
59550
24960
34464
38483
32031
35092
38436
50063
58632
36030
46783
50365
39385
16797
41376
11821
13610
30648
28257
43864
58671
21389
24202
16838
45972
14974
26049
46220
58636
56946
36792
34073
50616
4355
15425
48392
28882
8809
16123
59209
5211
30068
31171
50749
54366
9889
24927
57305
24768
46381
25052
17329
4035
6166
24142
32043
37788
10468
44029
16217
27192
26006
7720
29734
26155
27904
13297
14982
35778
54337
41749
44379
50180
40530
39591
37099
17442
52281
13980
15752
44481
32214
12888
4099
37349
47931
51450
16907
14018
50093
51773
5359
10301
8823
21475
13325
17848
6376
20390
18963
11713
14297
54775
23330
21913
56368
13877
31363
41223
39665
24310
42741
24143
7022
6332
47866
39115
5585
26159
18867
35527
5238
57360
10401
25036
18169
53758
48528
14049
21566
25922
8542
41179
40214
32066
45061
56262
40255
8059
22900
44996
45145
30208
56730
26116
24235
24899
32938
23749
10474
52081
12660
58683
47931
24180
44742
