1935
19320
23323
25149
43154
21700
43042
38367
42948
30397
10414
40156
5881
59149
55252
53529
8357
55347
27172
19247
3446
49516
16277
23430
34017
21585
21391
42711
7906
46625
36264
40838
46268
57931
42344
15673
42957
15407
59909
15167
55785
35119
47934
17122
34568
26494
46509
31256
42324
12838
12289
51546
9783
59405
24678
58167
12620
8643
41425
11326
49311
24899
11331
10457
10895
27837
37036
9120
23608
25393
24299
21909
21864
24757
28747
49318
50441
59941
33864
15375
38512
3999
20170
4505
23173
45571
59473
31221
41585
13234
22723
32074
20925
45692
40471
13836
17130
44224
46462
50341
50975
9479
20068
53815
37544
45148
42537
23879
25671
32056
16625
29425
36032
33138
11205
57427
25091
52018
10168
25499
18392
56523
53833
25250
58922
58605
21472
38469
28580
6697
9634
43705
28672
3668
27806
45481
26710
14991
31777
34490
42288
10485
35636
11477
5882
36306
57476
50841
29906
58324
15195
19412
8191
58414
40932
13329
34619
15609
40598
54054
57118
23309
24949
40739
4219
56266
14637
21884
27872
31856
33820
47096
39464
16377
55605
57445
36110
40318
41386
5311
57180
31266
50033
14748
22557
48216
23623
30628
25915
35959
8949
39067
29687
50939
23917
28013
6282
20622
41252
14609
50795
24727
45742
26345
59047
51274
23666
17401
58118
37582
20457
33626
35071
24321
53337
28050
31161
56423
49903
16438
6545
5283
28594
12787
42973
26950
4186
17477
49853
39308
43186
18460
25160
8769
25846
41918
6086
43866
45601
14473
49872
48635
46878
9239
56992
47986
5657
15091
51895
23764
54279
9755
57441
30309
23762
48565
40000
17349
49930
9038
13930
10089
33771
18763
3604
8417
11546
9704
37569
3493
21301
18482
58583
34286
49224
12418
40476
25612
37629
27465
33507
28991
46531
50265
54075
6390
55747
8262
11070
57521
29060
12752
12655
42297
45379
32341
59579
4546
11851
26441
52431
45441
6229
27969
9421
48493
29063
15291
51307
4923
34407
19793
14655
28654
19384
27176
21086
22595
17168
54867
6053
52824
8104
48086
7021
59883
21364
8037
45126
26372
27667
7688
8904
26926
51771
3158
34687
37666
7861
54896
22815
23547
29663
52193
50606
3865
29618
43206
58285
44660
6712
28498
50768
53940
25016
9522
45151
7285
50729
31419
15989
27774
52750
6529
31651
17091
43495
27522
49668
22776
25288
14300
24970
39849
36478
25448
46701
35758
28740
29939
20426
9881
14007
57755
4025
4725
5796
3262
41872
32338
8386
6254
22111
47427
26423
18614
5546
50709
47584
10899
56101
9532
21342
11452
58624
20648
26268
25112
58624
46937
38003
52125
6057
13134
26106
47502
23014
55502
26505
35536
21890
45227
6213
22781
16715
41331
28837
15766
49132
41895
7925
37918
21201
23988
44328
36045
25252
52282
3077
5398
59702
14614
53451
51407
48020
6878
35164
3927
51092
11917
56618
44235
14575
43530
50584
39849
25585
58427
11866
29599
33765
47977
14320
24601
23574
29666
5585
20707
18126
55275
14199
24643
42174
7099
52577
39606
56874
33436
44494
41651
45463
34831
41957
53185
47949
12136
3040
8549
52981
48249
50250
30748
44072
23614
49335
34449
6904
33256
56585
48479
54933
31750
30877
59720
18837
59667
31368
55293
9008
25146
45423
36537
48948
44473
14044
59024
28341
5403
55465
40018
43366
38488
35499
39167
41648
18303
43592
35316
6298
22224
24753
33723
8602
59404
50599
12453
10231
53794
56123
20823
19682
18741
25010
54267
31681
22191
17444
31051
47922
24182
16641
35978
13518
33789
55512
33936
11326
40466
37251
40810
21602
59712
29176
55069
57813
58399
35072
50658
35045
44199
25057
56582
42242
40635
26615
33406
32888
15130
4891
19444
34509
38792
18989
12261
4554
4167
28305
39731
56426
24834
34161
37950
21372
45583
22140
27010
13317
50326
42035
17121
24316
4864
43318
13845
24896
43166
4631
8082
34390
35713
15070
36257
16761
28899
55412
25582
9741
5479
9590
12595
37786
35489
8171
40688
39172
52165
15383
33974
59289
10916
23540
12866
48247
36769
47735
8999
21352
14677
47717
44846
57505
17645
31867
13967
45521
14840
46182
58279
45442
19115
28264
58543
26111
27804
5848
38081
6268
53609
18755
59446
57362
9676
47033
40133
33686
31098
26379
47584
52292
32682
27921
34701
11105
19932
19931
52102
38342
4309
54080
26296
43860
5799
5744
56784
20348
50298
16108
44227
7138
54008
44289
8902
33297
8811
43215
44519
57667
46913
35996
10798
3448
36130
8874
28509
35689
12587
24264
8469
31749
31391
53223
11145
25684
36428
47995
16194
21937
47997
11362
47915
47046
16156
53631
10311
15907
10371
25012
23560
56903
17356
11860
11878
40599
28571
14376
55202
52958
34125
18846
16353
49224
52652
27798
36743
22072
46395
37266
24309
18996
59213
43109
34137
30406
59801
38389
56449
30140
35780
58425
32491
37622
41399
51390
50084
26049
38504
33314
43323
21411
26353
58158
16296
47222
47794
31958
14748
29279
8842
42033
20799
55490
52255
7015
28791
16653
54853
58880
15737
33934
30265
32705
11553
41820
23670
7632
8272
36354
4893
57691
44203
30454
20576
38819
59803
21343
7678
21482
5738
30339
54147
44010
55404
6688
25352
53391
55106
48437
54314
16986
54764
9407
24840
15107
4539
22868
54373
6230
35242
50829
16569
41278
25467
47421
11988
9957
50178
41151
47966
34828
3060
47049
12391
36730
50001
25416
51798
34242
29381
54798
19637
39702
48870
41247
51798
33526
42761
55220
14350
24783
8440
56547
13080
4124
45453
39123
20446
12597
50608
48585
43068
26618
28801
29766
16028
33650
19970
30478
21880
10426
26722
56497
25716
18146
20127
41441
44523
56292
25189
42546
21830
10888
54180
15505
7949
43972
10299
21997
50592
38080
26415
16062
48809
23337
48914
50847
25395
35008
53734
13525
26162
35414
28386
42371
45893
4650
43309
44752
40675
17052
8918
47737
55187
18991
6437
9817
59673
15160
43508
40131
54821
16355
32318
18212
5180
53412
7512
37264
50796
58199
48745
45868
44268
44062
59333
51246
9052
3755
36169
59554
41373
46022
55821
56540
57071
58080
38240
14108
4018
27745
12838
14787
6015
36986
57768
34198
42470
22281
14977
11133
44933
26415
48933
14502
26180
5930
18838
30028
49120
53689
14691
17062
20659
48262
48469
31944
35581
34886
31684
45167
10119
43864
39657
18351
51532
51018
15752
4591
21156
39055
57912
14418
54286
15453
30428
49576
29417
3180
58902
28645
6306
49086
41511
56198
16703
49551
56229
41439
32794
18376
35023
42582
58547
38565
13650
20520
6299
29590
47450
7944
14125
25474
17769
28006
54318
22799
17195
46703
17329
7109
7244
42709
59487
39943
54620
33720
54754
31600
7578
49550
53535
41280
3226
23170
44309
31300
4669
45839
26514
10061
23330
14432
17694
27535
48520
4112
55845
54955
20986
26547
55354
57166
44812
48038
46498
59527
53830
27796
15499
41658
50510
51661
37102
32048
19625
47105
6874
41864
16808
41403
24330
8008
42720
18109
40863
45000
5177
32865
47256
33986
50937
4007
14145
55131
39216
42943
4933
8429
50895
44359
38093
6946
53147
50128
57864
19625
56838
31291
16417
44019
47368
28273
43510
32931
48570
50010
27350
30698
17719
6041
22531
36029
46822
10342
8269
52277
28863
28463
26788
16591
52915
41546
18513
39945
30812
28675
47671
59354
28353
9130
38684
38694
3672
44810
40961
6771
23130
29439
8786
32801
6659
20089
33481
40948
12033
20685
22531
16531
22579
50463
57950
11787
23839
12089
15798
42853
40595
24263
58427
23523
4607
15857
12395
39761
46607
3961
29014
58649
51125
52825
40427
17524
42061
41252
5854
5787
47061
36310
52205
49912
51867
19261
46171
55393
58177
50862
56596
9184
48344
31786
51976
34335
33383
22238
23246
10788
30961
24686
42581
27183
15450
31999
29440
22721
20383
8089
28262
29322
8822
36671
22140
18798
28778
39426
44135
24336
40319
28939
37541
14157
53405
40023
56089
35531
47789
10238
54836
36393
10080
56632
19411
56893
23939
6287
31247
35227
38929
13305
52826
21230
6712
35791
37278
26052
25006
35434
54066
55285
35504
16868
34762
53528
18229
56543
45177
17521
49634
25977
57197
47309
49340
24214
58260
30674
6093
14919
32996
35529
55424
51914
46899
12458
4776
32611
54539
45942
12006
56502
39515
58835
35481
37528
25305
55245
14978
31557
35864
5122
3051
45862
36939
29136
3940
57429
56675
22863
55023
33451
9335
24184
11674
30553
50075
23493
16641
26414
43963
49057
41383
17290
11840
54343
16817
36242
18619
21769
39966
4721
56920
31195
27993
37281
57986
57028
17011
4600
42639
55120
23489
35117
25865
58793
42046
28916
58521
47088
6950
3825
7834
10261
46845
5938
20879
55329
50346
10279
57861
18186
33362
8366
43189
41527
32466
53202
12365
18252
50974
10992
18424
27000
51230
9632
55259
11826
37076
4713
46597
40565
4072
56704
46974
30553
49434
40316
5220
6686
57768
5816
54675
17893
24444
30870
50934
37939
37317
5263
59901
41265
45191
30412
6983
19003
58897
36966
24771
19594
57094
59786
29797
39515
27461
10044
42046
17386
37407
58828
15216
31033
37868
19292
53305
59475
12238
46791
31563
19419
15611
36457
50549
35677
37966
23899
39319
18891
39206
5457
40475
40986
10676
34248
30534
17285
36518
11593
18774
28193
6465
45871
37052
18272
22445
11887
12341
50976
5724
21406
57982
45978
24624
55683
21959
29545
22838
8245
30034
53956
59672
25851
33684
39291
19815
45300
8327
12424
56120
35280
56704
36952
51491
24015
29882
36184
16803
9644
38171
50039
55620
6412
4363
46193
56215
44201
35297
15282
35315
19057
12993
58081
33946
42542
48723
54278
4775
22288
17015
40507
13015
21804
4619
16148
30173
12063
36687
35126
5111
37207
37847
32611
39524
16829
47828
24858
7202
22336
3983
6657
45455
9820
18735
28538
37680
37597
22032
53511
22693
53047
11648
22219
17810
26541
24234
43781
51044
50118
52994
35930
56073
22208
46236
38721
9706
22907
7013
20859
24850
9834
58670
20381
28705
13946
51575
18843
24493
53510
57135
26652
36500
15963
57094
49099
21339
32040
7352
25527
27667
24385
45942
34520
42927
9778
41851
57643
31049
34338
13788
4635
23995
28211
38984
4279
32873
32207
24132
39196
48958
52081
52450
20712
12337
42452
12628
52131
30116
22203
25978
44696
40467
52813
28040
27897
4471
55419
14022
11328
57965
38724
13821
39356
47758
29701
20875
19909
34583
19206
37762
5838
43510
9634
34972
10859
17879
20390
50976
29314
41380
12722
31741
5951
52923
5634
43908
26972
28319
19915
10601
55035
53680
43461
21877
10652
12702
48676
35568
24598
51248
36652
51641
8021
17284
8927
52848
8034
53492
38529
3414
41523
12556
44206
45211
37040
37451
45911
41644
44185
45389
28505
32789
29765
6237
33799
44217
34877
5931
41638
13096
50725
17296
40969
55528
23191
4462
56144
36189
31152
24652
12531
50315
8276
43980
41934
51199
56986
25869
47452
32459
31624
46658
48700
39002
35153
51964
45092
4620
54253
27754
5030
39844
39187
39422
54432
42537
9265
19260
23571
12791
46985
40985
14317
50459
15740
10952
19074
55938
57572
15322
50292
49069
43352
6187
45334
38429
23837
47480
37178
18614
39342
49445
7136
18572
6040
49442
58510
26335
26740
46323
33574
53896
54391
45459
57202
13666
30241
30873
35969
42662
37519
30727
20914
14742
37257
3386
13231
28558
58009
54373
9826
47547
22770
20399
55956
56738
46442
30776
37714
29682
40813
47409
39688
39266
38493
26969
37227
47318
25552
22561
47217
42490
36411
9553
10628
53033
10851
56959
51791
57682
16130
56893
51055
12003
19203
38869
16799
33950
57203
42349
41731
40334
13199
27510
51189
46246
4172
51820
55513
17963
18906
5467
57211
51575
15244
50005
28351
10700
15280
3043
41090
53620
35098
39587
30314
46241
15892
25240
33723
5832
10264
57158
50229
23374
18828
52444
23029
25112
25402
25140
12488
37866
36096
3543
13590
44694
35572
40312
32013
28087
54478
40652
48013
41697
37740
21435
33289
30030
36297
27698
27372
4981
16333
49030
7385
44414
11107
30518
34399
15165
24301
28378
44219
47585
50761
15066
56085
47581
16522
45056
48349
41416
9869
6394
23054
32767
18733
7157
38203
5120
21212
36044
43140
55563
25058
26273
59902
40113
43696
37315
17115
45132
39053
20459
35373
42607
18401
33059
19092
36723
29541
26204
