599
25817
35702
12446
20644
44864
52391
44609
7346
53495
43837
46915
50166
8759
20285
37417
53346
9831
58150
32954
21779
44771
18912
7321
24445
26722
28946
40292
57123
16834
19298
9355
56565
45353
17556
13958
21392
8309
24981
29691
4390
9027
27988
25534
12196
40962
52348
37004
20564
36652
26002
26833
14052
58592
28495
12607
9992
37620
52650
5661
24357
26460
26010
17926
6517
14162
27919
14944
8105
10219
36435
28991
30565
58553
34854
43589
58062
12154
25825
30180
49759
36043
53173
45259
34974
36738
24188
56671
39775
21823
47006
29512
32277
30475
23196
14481
39499
12814
58242
23070
40325
58207
3472
44371
51629
11332
37306
48511
36797
57784
51875
14307
39294
11324
31083
39835
45507
53035
16103
36462
58111
30791
6498
7057
32947
40690
37904
26828
20027
23323
10258
56354
59549
19514
14631
47386
22832
32661
50720
5114
27097
33075
55555
43521
35267
17936
30032
34306
45919
36315
11811
20022
5832
21623
17636
17293
49021
15484
32957
30485
25089
58855
38683
28491
41268
40796
21869
5529
29075
27334
14347
23738
32100
26972
58334
27712
45495
12369
5593
43408
39378
19857
11395
56532
52842
46092
55913
41227
50434
17977
54623
46599
38046
42857
40244
54595
52738
35792
41510
15852
17920
14239
30650
34967
46217
39625
27438
32252
40464
19311
26317
5828
42160
13967
27534
33164
33483
30305
45492
29430
38273
31410
26270
27339
45328
18806
43991
16370
3382
48058
48980
45913
50549
7785
14740
31638
9808
46760
14669
58510
27497
13705
22844
6871
27359
5729
32650
42277
44964
58717
14961
9151
31094
40830
21570
18151
40605
50718
13739
9674
21782
28965
44150
13621
27638
45184
13856
5742
15481
34762
58486
38339
46082
24427
9583
32308
54814
57495
37440
19316
57462
24475
56101
19494
22333
45167
39576
32154
57798
36898
13749
37257
50453
54815
5255
51441
6184
8963
44653
31256
41149
32291
23213
37922
24540
53036
34034
25822
50206
36461
29682
53326
5740
58386
44375
32191
16871
49240
46428
50144
24886
57298
41290
34216
10011
23944
18635
11504
44184
38352
17924
54036
43123
41555
15782
28859
39530
15542
40791
18025
47698
26854
4035
44391
44151
36001
24124
6231
17698
25658
8320
46102
24690
55214
34957
39245
45451
44819
16842
43705
38140
41276
47320
10950
55099
58546
17488
53794
6295
14901
12506
58100
59063
36725
40663
52235
32322
50190
27514
29564
20422
15290
23535
8563
50141
46463
19196
42052
12642
11903
36178
16392
42146
4843
25277
35786
18145
32660
30387
10751
29539
36982
29197
10813
59725
22409
35936
10759
41592
53172
49104
57704
20915
58188
36501
47255
50285
8210
56729
18762
9109
6244
44921
13397
14676
5546
19150
46896
46941
35515
37547
55595
18106
45731
54669
57118
12866
29938
25127
27483
23502
3271
15375
35131
21820
58403
41640
4542
37703
10634
10322
11251
5114
13458
55948
22711
57137
29378
24280
31886
56385
57779
3911
4169
48386
30004
25115
30642
47728
36019
16640
43589
21594
44008
15456
46426
48536
48509
30500
24525
27769
17037
10315
14962
11922
58924
16976
32673
32735
37658
30784
41644
40222
36644
50992
48936
32871
52309
34065
33999
41441
22344
47392
27900
17152
47238
36426
34994
51405
51711
34272
26209
24029
50488
45491
12416
16705
48101
29982
7077
41381
44910
32884
40969
51434
29314
35894
15696
58092
34074
52368
36755
50074
6661
52914
27072
14944
43876
57288
20545
55915
20026
27532
32759
13592
28374
33764
22189
4189
3098
50230
37934
6946
34189
35062
40528
28856
51471
36262
44018
25235
54645
44172
21774
25539
30195
22698
47251
28859
13688
10374
34536
10460
56523
30371
21882
12978
33449
9244
36538
48849
4156
44838
4495
26328
42399
30738
55585
29024
25303
54038
41128
3346
4020
51594
16379
50747
22277
37387
54543
