351
22966
54843
59417
54678
10254
41872
7509
33801
4790
32962
30482
16320
4424
45637
57141
48041
48331
23764
29662
11475
27644
10692
21907
45067
16103
50360
59162
24166
7148
17483
49801
25930
39961
42546
56307
10829
6905
8538
11568
22091
43136
30160
39320
6557
23846
41032
36510
5955
5390
8038
29212
38959
25945
35189
21382
11422
10599
33813
11325
46892
29452
36691
19912
13159
4333
59664
34130
45631
31888
37395
56235
55696
55134
21758
54037
25147
24806
7177
10961
28195
54674
32237
47268
18993
59542
19136
11467
4820
32156
33496
57942
11613
4301
3835
8688
17597
12021
34479
19205
20156
25966
3309
19697
10423
36817
14866
30981
38440
4751
57909
55427
52769
49802
39871
6994
8565
30679
11471
48028
26745
27057
33474
41011
11971
13688
37870
14469
7315
40023
56533
17477
53503
33224
49746
52152
16981
26135
45382
46972
12508
4426
51366
47437
13928
50575
22837
10397
13181
23525
33317
18077
10676
22210
33974
54392
50169
5840
39856
59971
27094
25244
46516
19600
47607
32496
25165
15889
31482
32539
11967
3163
33965
33566
38119
14498
19627
41319
36022
7782
34642
27225
7873
41936
25397
50488
35441
19961
27318
6745
55274
23157
10248
45864
51963
30354
45243
6664
23095
9325
48278
41528
57195
43528
36137
30922
49774
5808
45288
15888
14692
27235
34850
37169
13590
20364
5274
57650
29781
52577
50958
12280
3126
55393
11566
32821
6815
8321
50178
51446
44355
38932
31204
39280
24461
58290
26464
52677
32912
12082
49835
46081
26904
15804
55012
43168
22982
55014
50023
36451
15089
4591
33012
36856
18676
6849
30742
20097
15611
9500
19442
39360
17279
46660
38064
52981
4452
57148
22679
36023
9683
5893
37500
3794
13196
42310
7815
29452
48518
27862
52453
10662
8844
4613
55310
13232
10755
49019
51224
6339
38862
58191
29294
59320
52490
55721
47232
11851
25666
14577
40327
46287
34134
53800
8587
22281
8564
8899
3112
24915
54532
54529
3578
47517
8862
36053
20651
23216
42940
58679
59469
22024
48628
46485
29763
5408
23417
29746
42714
38664
9970
58907
10831
54098
31018
21612
42365
32794
56060
53714
13295
47873
42698
40715
30183
30128
15906
28164
12872
7517
31597
35543
