1499
6759
53412
26967
58898
9498
13858
7803
58050
26525
8748
7810
45468
40337
20498
27468
12950
33004
39465
58319
27693
41944
37186
20387
16940
47730
20231
11267
9550
36484
27456
41426
16460
23923
46263
57284
34796
56382
4993
23682
37577
47820
21059
59442
42007
25510
8180
27828
38164
23880
39123
45564
37621
24848
30783
6243
42727
48219
22380
36853
9223
34427
4266
40426
21327
44734
23887
41259
34304
41727
31729
42269
4101
19299
51659
22670
20067
46855
48431
56858
38480
23169
31105
40149
19449
9306
59167
5884
41522
41352
56631
10067
41637
25203
47730
16220
14157
21421
37346
56004
27362
36036
41970
51815
13780
21418
43504
55885
10176
17787
32928
48783
59491
45021
44097
36206
30668
32660
38840
14355
16132
12054
58502
23626
17645
22897
59066
47451
29845
16326
18756
40011
35958
11374
25353
49008
10805
12967
7925
36010
5970
22766
42810
54019
48498
40341
6851
18323
36963
53455
50527
33545
29411
37375
19566
47676
56577
13010
14657
48961
33464
47484
16224
40444
22912
5114
45599
48669
7137
20152
22410
50587
7114
21836
48623
50125
55635
29691
40537
8332
53184
15119
57767
48395
51663
53808
55517
32761
36857
48934
23563
28140
10815
49898
18348
26908
47871
32255
56716
58370
20459
50009
19985
49797
16876
5391
4998
52689
3187
32597
20470
40236
38541
45772
50616
20618
26510
18296
57140
4651
37557
48788
43930
16893
30960
35403
21377
32485
24275
14910
28840
8840
21642
33137
48691
41550
47451
21695
50880
51843
57993
52527
52614
51055
31179
40857
35042
33022
20694
11642
39465
45254
11922
12426
30652
45501
40310
40567
28321
44378
27877
7595
26347
57834
14202
39308
22131
3599
33269
17476
32064
40013
47593
36878
40580
15908
12779
9623
3459
9594
54286
18050
34434
22892
16237
57999
10548
16528
7912
50669
30859
44694
57421
58099
53231
30379
33444
47968
44569
40552
39466
27959
6781
26832
35599
16617
20646
27961
37541
22301
29558
39358
54436
29115
30174
9532
33036
25037
42360
36199
32765
18643
22710
47888
47460
15951
8200
9564
34736
44717
9406
17163
29758
15573
8603
39262
39288
39562
31798
17494
22188
30240
22493
25219
34514
49131
15434
21406
39020
25040
14053
45266
38072
22630
48705
5398
37150
14006
58405
34372
17081
37655
58521
7169
10385
7647
22901
36865
53202
36576
11272
55598
15115
12080
24178
22916
30999
21069
15194
55901
14112
20706
12877
12419
43438
9485
18759
30673
3674
54025
29358
55297
37834
6414
23762
16996
58448
28801
47123
4960
45200
8876
49097
21054
8571
19323
22706
8314
6396
58630
21696
36744
44199
17464
5989
22577
44741
12962
33877
18226
38072
56535
23126
31001
45766
19599
33599
53723
21501
5150
4315
31706
57566
34309
43939
25742
8468
34211
18857
40202
6536
23457
28481
59167
48498
56310
34731
59311
19244
57297
40176
6805
10564
55784
5252
34712
8419
21331
28538
36418
8541
58959
17307
57072
55854
32450
32418
10179
17474
46584
48570
20019
38551
41100
46499
21690
43090
28938
51505
3019
42471
37738
25303
48776
54273
16474
47134
46943
58882
34482
56284
35218
8333
20470
30622
22961
59059
50157
36539
30510
39258
19026
16254
39274
50736
46919
57176
53616
18453
11128
4872
12613
43961
3182
49305
57040
9434
56850
8109
10259
31028
13592
5465
51084
48248
38218
54195
18845
52482
21021
56413
31449
37793
28255
49102
38280
35712
47281
20660
20969
48005
55893
20888
41188
8196
7404
3853
12885
3472
27560
13814
5746
29469
50009
24802
16242
33860
50685
23972
19972
40229
49829
13264
14741
32738
43728
39584
50695
47400
31230
31936
59744
11147
9213
8071
5754
4181
15741
36410
19030
18074
16822
10852
55502
33039
43326
42279
22488
54150
46646
19863
52613
26312
12514
3912
51504
21374
9182
44343
54004
21060
52082
17671
28765
52438
40458
59550
19997
3275
46235
35044
35436
30360
5989
38313
15293
7443
38268
11633
59884
16486
50234
52684
37782
58856
32270
23623
7404
4421
37604
56865
18457
59546
43584
31721
49076
8007
11938
5889
42857
31392
58034
22196
21648
17578
21478
21929
57091
37099
56025
28000
55861
42944
15435
13646
15485
43815
34872
3850
42304
53889
49372
4426
19620
13853
42141
8230
42562
33752
22039
42210
35709
3074
32127
34833
49172
39188
30367
3615
36253
4895
30872
38244
6555
45231
29863
57877
53714
22931
16805
14605
6825
45433
53512
24340
31540
26792
59359
52206
48595
52752
21176
56996
44254
31676
53530
56525
5604
11416
51611
27118
5504
32867
29526
33673
33881
33175
18308
28531
45677
15557
32870
18090
41603
56882
41959
24501
11444
8917
53925
10347
9533
21559
37487
12780
6090
24643
43528
4227
4531
22951
46779
35057
30145
26068
25502
11926
53609
16713
22714
26111
59989
35386
9774
43539
51514
28169
17094
34487
14212
31612
59922
53754
12547
25798
8763
22030
29585
40183
42292
42293
51205
14741
36295
3061
40884
27223
53599
34829
39583
31229
11739
9732
53214
44267
40829
13118
5913
52431
11100
44717
31206
55950
19962
42865
23316
27999
20097
13184
54393
52999
12236
16971
17715
15507
17299
38155
46966
23051
22160
15900
56472
13866
9612
3219
20686
14467
10611
14090
32563
48891
6179
47341
10216
23941
22954
35615
17443
32796
54032
36782
38783
53598
7240
31427
48902
4535
18521
46816
30164
6532
30334
51492
14263
41657
36462
9265
17944
21594
57401
54836
39119
30001
35924
8408
25809
35631
59644
15909
14713
26690
5518
31494
37495
49435
53872
28499
12076
19096
52759
6233
38220
22134
47011
30390
11053
20490
38887
10960
54265
36094
36638
59220
34232
21410
48206
51051
55060
48073
28883
29711
53476
17674
20463
38234
17708
33284
42505
57048
59164
10676
32440
57547
36589
15055
56632
11068
41992
19947
45242
49805
21163
11126
48561
4134
48016
3160
19958
30900
28984
37299
8755
13992
23791
29282
45385
45921
15324
44446
6651
6070
18659
13371
16015
9721
7424
51006
48746
37073
16444
24210
49996
58081
21231
32094
34267
42368
33928
51446
19720
6082
3909
26541
22923
44931
40101
7701
16621
35018
40618
11983
31888
16523
57083
38022
10175
6785
9242
46020
43571
5571
53094
14878
39508
17128
7237
6627
41493
45000
18603
47303
19055
31844
41162
11438
46170
31460
49913
28993
57525
35465
43572
51983
24937
26571
41563
7770
58595
10998
34403
54584
20085
3328
43320
47543
11667
23464
4711
39452
21903
12633
29330
49019
16990
39191
41225
35514
5977
19557
23762
16321
46330
29579
15739
23356
27863
36913
58186
18442
42099
45793
50287
6226
41114
24791
46641
39078
26041
15595
45523
37018
34625
49116
57758
55202
36815
46987
51414
4546
45804
42550
50761
17674
31093
11976
41403
7168
59167
14183
28338
25752
18291
3260
42374
7202
47856
16298
29112
4549
26663
36820
25984
9725
52990
22032
45183
34445
20654
59647
12111
16202
26281
5839
5010
32018
38144
41468
3409
10875
3394
53367
10670
58972
41764
10786
3861
47092
17907
49719
12246
55152
57657
19450
14654
57592
25933
16891
35111
58558
27422
37324
32636
10577
16423
13791
20820
40218
52187
15941
5727
46193
3087
43750
23444
5205
31951
55171
50078
48472
33036
39948
39358
20353
29416
23594
34534
20973
55169
56139
12253
26372
10202
32691
42773
17094
20425
17471
34131
5827
56099
40814
26481
46260
54745
26421
6317
36614
25802
45808
8765
25738
25059
40834
28463
40565
44680
41707
21595
47158
6017
58516
40282
8607
55961
45735
58103
56738
23598
36291
31638
36473
41312
31173
26992
31301
32539
9498
56031
13204
27494
31426
10001
28898
45249
57254
20863
34510
57346
41173
4945
10808
8983
36836
39886
28027
25364
5355
59767
18835
8414
31266
21811
57279
13438
7021
16807
30739
17448
15134
16197
56053
28417
35480
52842
39002
54821
30867
44816
39980
49998
23452
10463
13746
14875
20952
59299
5522
24257
16135
39499
14908
59203
28537
44363
47221
55054
39392
30396
26493
35443
22390
57806
21850
15818
8667
23468
49229
35320
24559
59468
52396
37199
53924
59889
5410
10939
34197
40891
9146
4970
47765
3610
38284
12641
35072
6142
14748
28198
39881
10513
3021
15447
14545
49515
22769
50666
19893
57288
15293
18402
39035
6179
35558
57671
49017
21358
32225
15977
7520
28844
57409
9752
23052
32779
45619
29904
8286
45622
44892
13779
8379
5961
16293
9609
46656
23103
30661
10524
51250
26349
24398
54754
26344
24368
28583
51188
23247
35060
25204
29697
16182
58340
5787
43371
9091
8163
46600
33221
12259
36940
37636
20677
22230
49879
6242
30675
16546
55816
18787
7721
27884
5182
56167
51990
17016
43393
54375
21078
44727
45095
5018
56720
15890
3020
41794
22856
7042
56947
26404
46571
38460
37467
43674
49757
54885
45330
31118
55823
13399
47542
17475
34491
47777
30614
34624
42816
5988
33030
34831
58597
56305
48136
19498
7453
33120
45446
17540
12735
56749
3898
45764
22485
38260
10055
20790
27638
47685
20709
24513
39813
9143
17032
36103
48928
24985
12226
38474
11587
58924
32920
25886
13348
50731
9101
36161
9037
48582
8976
55912
4953
55181
16810
43883
53367
45111
23221
52648
44044
47238
3651
55814
23955
47658
35673
29012
23253
12627
5201
28317
52918
20914
34882
41780
19624
44392
37951
46239
36035
37819
10070
32767
47307
57182
53007
13080
14478
41449
19429
13415
50525
9502
11244
41130
19205
42058
3655
49476
28489
24881
48084
51569
9244
27955
28308
37347
32411
33641
50611
42559
10266
37564
39234
7816
28533
31938
36359
13633
8466
33310
59835
