1288
36019
43383
45986
54736
15167
12938
59896
57863
50006
47632
30585
9316
27642
23518
50742
56641
6869
13634
57095
32246
47035
9187
41273
19937
19772
52042
46086
36410
33410
49181
56968
37222
18769
43848
54733
49730
44225
55542
35417
34271
25858
53474
53868
3207
56584
18717
16028
53224
17301
22479
56142
26522
39636
51007
56410
12700
18237
57019
28672
28646
29111
16355
19732
37937
46751
44045
10404
56761
56698
31695
29305
43580
37146
37294
48535
6537
4519
35662
22189
39389
37635
24610
24700
12441
34992
31186
50820
6617
38353
14557
17919
15600
28578
51547
6995
22276
35515
11638
30842
34425
39972
21779
30921
8858
17139
23877
54488
34589
53579
21299
22226
44924
38425
46724
16070
51988
4430
44455
33902
40654
22383
35412
9464
54078
22652
6862
17253
15758
14573
33820
53971
20948
3935
56997
27479
18906
58022
23043
10394
53549
27279
49028
19787
38378
44154
23645
8174
28688
20920
44413
58645
44346
16701
12576
9192
45593
30275
18885
24211
34010
54433
17587
25988
48889
24277
47173
22961
6726
37965
30319
36147
18728
32519
39082
55137
58552
9269
52689
58509
23326
24617
23166
52973
45325
36672
18400
44971
23643
20967
44716
59570
25826
38002
31115
50432
40421
6367
9802
15852
35031
44026
27838
19094
16094
30180
57179
48898
50626
39763
18180
40895
32144
53023
35676
24123
7150
6102
16639
16485
23371
13673
55219
47419
46606
46896
48617
16034
9855
34860
55331
53883
44391
22778
21412
35649
27539
58575
48599
59457
40770
59619
35412
59828
11414
30050
23592
28456
30563
47454
56037
51665
35190
17906
48761
9251
36895
47170
36194
55280
11719
23617
16318
35598
58690
19235
3546
46524
20489
49295
40091
37104
55350
38788
4597
52794
53832
37607
24675
49080
29979
36273
33913
46144
8206
41113
24511
46394
45125
12432
18303
51271
9708
13925
5324
38611
31010
21244
31148
31808
3683
37771
27071
6080
22650
47401
38034
8464
20385
45953
59465
37291
59991
6594
33485
29769
39679
30199
44679
29042
43555
55111
31042
50709
18598
6515
29142
34381
14052
39054
28860
29586
42067
39881
9962
44651
47445
28336
28210
6837
51171
42156
29379
5802
10457
11261
42931
22230
39707
54883
42328
20894
8987
8409
36255
10468
49515
24398
42108
42234
40670
45635
15736
28511
8989
37718
9775
28514
46351
4093
22169
16693
50184
26806
15944
23089
3300
20419
4016
42749
27809
58616
31413
18437
50177
11541
35835
31010
20484
14715
3009
46916
7263
47588
50954
9085
4188
57282
15335
52854
33528
57272
34084
59590
13188
51659
9854
32710
59345
23292
33105
48424
9775
19373
23957
26665
19571
36814
59026
48368
23351
57458
25226
15762
7291
53395
30620
5506
48465
39342
28112
52005
3647
33291
6878
35552
54585
56267
9956
15354
35779
15123
20197
8922
34795
48925
11912
21670
47326
13374
44797
12474
26012
49421
57697
52145
36633
48156
13899
25645
54447
40939
43640
17361
58497
20511
46108
57282
5380
31191
50583
59682
35192
41508
52634
36659
30323
52076
26885
6524
18634
39096
24086
28939
12041
7127
49884
10634
16008
48067
15083
49793
10226
4062
23832
48321
30525
35578
9710
41602
6674
50720
37865
58557
47049
21124
42142
44595
41967
5725
14337
17010
50396
38806
52567
26550
5422
52880
58564
31529
32854
48247
7270
51389
13893
58760
5659
26515
6165
19858
37622
20501
49415
48298
52458
37664
50865
29126
19069
41126
53011
56885
51572
53411
48055
19590
9364
41884
12525
53340
50172
40252
13872
19931
48558
33422
21342
4498
28644
38441
7833
41595
48549
32976
46430
7508
50664
13089
57044
41922
43857
13057
54028
34726
20147
34482
37004
20396
11435
17226
45878
34389
15842
4099
36333
15515
49425
49408
5383
12325
45087
56909
5810
6007
18725
38233
5290
18543
58954
30747
9071
19944
20731
42937
48365
15074
53468
24332
50217
52049
44535
41044
37665
49605
54329
12952
57171
56757
18389
56587
51077
12186
30162
36094
42288
25812
27547
36668
49198
25413
32211
26604
14051
40427
14518
9142
51907
47781
39898
18593
24545
22154
15041
48842
43586
36788
51443
6236
28544
29669
44744
56447
53453
10721
58823
32990
5436
3041
48194
48782
51174
50069
12936
55892
56194
35017
40486
40285
39732
58767
50428
47021
42078
48714
22862
53690
42346
33680
22922
58774
25524
13953
14634
14827
3760
18869
33736
53986
9446
11773
25454
14795
42735
11119
25974
5913
55039
5653
12987
27325
35707
51207
30550
6866
53045
28559
39699
21422
50179
31110
21388
38432
33014
28973
35330
53150
52425
55395
30548
40640
29067
19880
4088
15466
23768
58436
18393
55974
52586
42228
50055
23542
28101
48078
16519
34315
19718
54591
30646
43106
59870
45687
56997
59396
26068
50935
56087
49492
25877
55748
13967
49789
12611
35147
56452
50364
57374
23153
6105
41277
14238
53956
56982
17775
39189
25402
44991
26642
41588
52447
7266
32654
6649
36684
27643
52393
14988
29253
55633
59960
9792
16276
29742
35396
3919
48296
19247
11100
3152
52004
40999
44659
52082
3794
15429
13350
48743
30082
26361
49039
10734
51023
5728
36544
37727
4317
41360
20795
58543
26705
24057
57617
16678
30096
49038
6624
19727
15049
5415
28452
18792
32435
42419
55640
34895
8767
19331
28654
29068
42405
58036
37778
46317
53740
53490
19516
24710
21115
55903
5610
9792
57203
48990
17438
46612
17487
13449
50694
13940
46628
41960
51838
19351
7990
16509
49394
49576
28975
53629
29147
29654
42014
24252
58697
26560
4888
38692
27439
47012
6866
19858
15703
15376
33375
50890
19658
16121
17746
3059
25528
10225
27294
12990
36235
54613
4710
39868
26211
30461
10536
24099
41132
24285
6960
14585
9662
57326
17918
54231
19457
25017
18136
44076
37229
37838
10632
16135
33724
33890
32462
28230
27965
55934
10066
30470
27105
36875
18539
50216
27547
42529
11855
54276
21283
9506
54192
46293
5678
37348
15946
15305
41852
11138
59242
32117
58159
53766
34109
30769
3150
38349
10689
19158
48580
41565
41551
37245
33509
17367
38081
53297
44072
31960
52400
7481
51577
43733
33854
34969
42239
8272
37425
56726
34110
51559
5114
51688
55135
10434
37005
7184
24633
42564
8672
44174
59611
49735
57383
22102
19178
46530
49362
32879
12136
27861
37022
40410
58542
19259
16572
34218
34469
38856
57300
31845
11580
57311
54665
37753
57162
14277
10974
21669
28252
5642
22439
46210
44686
9539
52184
37463
16361
18220
57240
53498
56329
6024
38217
20839
9707
6441
53825
48715
48501
11911
48320
28206
27681
4756
30006
12331
12041
38225
45361
52338
12998
31172
12898
33230
8540
6229
7842
3374
5179
29761
20299
30929
42929
27421
34289
55055
38725
48728
28767
22844
38153
14781
31366
36119
29375
26686
57039
29618
10264
38027
54703
39780
26995
26879
43847
57020
47432
33953
52629
42479
40658
24572
15683
23168
38000
17442
32850
6404
59421
25480
49650
15387
51857
39577
11862
34362
43106
46515
19534
48486
5954
27757
6395
28048
34732
56635
24177
23505
58382
34697
21111
9991
45498
13776
33942
3483
53112
30909
27581
37175
11584
30082
28121
20515
26749
36980
28345
27981
51414
54940
42181
41033
17614
21219
27392
42071
41433
57118
16242
57634
21420
26190
30302
30161
14694
53633
13342
32004
22273
50986
33446
33200
30056
14902
23863
19825
39923
47887
50529
42811
23158
50503
39992
36983
54683
37944
52407
3566
6876
3393
47939
25760
28077
46835
16681
19608
35144
44847
48971
7803
43758
47355
9392
22224
35395
15816
17767
54498
14756
42806
8131
13685
4702
50004
40493
51674
46968
13071
3002
25762
24076
39489
59247
24694
38987
32870
56740
11393
51066
49604
52206
30191
27057
15353
29484
37702
53622
41267
26719
53222
35789
29635
35927
3061
55657
19730
42446
21281
46103
13069
48009
48326
13276
50319
27876
10906
29716
26233
35507
11988
58346
49243
58955
32199
13150
7692
53149
32721
20189
13452
42746
53145
17342
17369
5992
58003
47814
53277
8917
4152
35726
34436
3731
3245
16461
57287
22879
4917
22345
30112
27447
7723
53262
6765
13763
8618
50613
48349
36991
26453
8066
28323
14278
13295
57029
40593
12815
27088
25079
14339
55864
47814
20046
18742
