1748
49289
19606
16457
44016
7171
17799
36040
12143
12405
47017
36740
42625
6341
51436
21346
6982
21026
20497
16483
47869
46079
23714
36229
38444
19041
18889
17936
32275
55942
22281
38225
4531
53925
16052
48736
58814
38948
34438
47126
48471
49908
8926
10207
56750
41407
48740
50302
52058
49252
36169
37936
25422
59820
23903
25172
16347
7424
4024
30255
45114
35363
5937
32554
22960
14674
18934
27533
42370
37108
39301
39151
57304
59658
9286
42061
27103
45218
54518
27371
45652
11940
7253
44343
54361
14340
5310
46347
56803
5049
57519
30923
25251
54036
48976
55940
38444
15765
17476
27413
35370
8758
57936
53584
35714
24071
30910
38175
6615
7411
8122
30439
44172
27065
52155
26573
38249
10974
23083
37260
48967
13303
8569
59239
7412
33236
18469
51761
24946
3281
49534
14752
6801
40729
51207
55658
12569
30863
55367
22296
28131
25082
19457
37612
27450
16465
22886
11241
20250
18628
36354
5283
22823
28030
22130
29362
18888
49391
30157
23958
50488
59072
37849
54282
21218
46490
19379
32706
53421
53066
8247
17845
45840
37007
39375
9866
3716
8537
54135
41493
44070
37846
19432
8244
40678
47501
32799
32304
25974
52837
26228
50866
22889
7342
42188
40505
8477
37752
30921
25892
48359
19505
50805
14091
46933
21935
15470
29301
24105
42408
30348
5566
59232
50019
49784
48382
22373
16135
36982
26111
14315
45402
17400
22601
21586
58544
53230
25673
7454
23037
52787
36454
4333
31346
20518
11341
46348
45602
46935
22652
10411
54012
26877
49406
19203
58700
22433
15009
51695
50797
42241
34150
55281
20327
23565
56217
57706
19649
22121
40354
49409
12035
59704
54797
39375
13301
19389
27958
55899
12695
58103
53712
38226
51916
24495
23836
56629
34482
39995
22597
28008
46931
50227
46725
47743
58917
12304
34092
23992
18321
30208
40094
53117
8926
23704
6882
8796
45633
35068
11948
39494
59621
12739
27891
42573
50886
54629
57300
25705
33888
22649
24961
25200
33608
29332
44264
10575
58291
38479
48833
4013
28777
9642
10595
14038
36722
13173
47383
31684
35297
6812
29788
38261
42767
31344
42743
59733
23037
40319
54091
48159
18958
47178
12449
14737
40540
17799
46546
42404
23393
59988
57228
42006
59825
27546
43706
39158
37772
46732
16135
50538
33161
39792
29626
15296
22587
37478
47666
14668
58196
8033
29745
53135
4400
40754
48172
30156
49204
42214
33684
12983
5503
8813
54299
13184
57264
12396
54926
39099
7674
47375
39158
52861
43671
21116
3182
28285
30143
39544
28840
39306
4166
56017
56565
5843
50233
18417
57130
39270
56832
43126
5730
28024
52159
39300
4207
29892
49308
26223
11322
52537
44469
5662
56363
11945
15240
33092
50885
48570
59195
46249
27779
8885
44711
32464
50504
35620
32870
8177
37888
11506
35562
33507
46611
17787
20047
29572
36504
58870
35576
31287
10435
31163
53875
22074
48914
33109
4653
16599
43370
43628
32875
23462
37472
13500
24489
4724
47011
30114
30812
46161
44751
31706
11861
48565
57859
55251
12200
41822
53184
41712
15800
14210
15271
55671
32582
10428
58992
21808
30885
37141
55025
10357
18587
24477
5583
39204
39537
12419
53769
19796
48194
54661
22670
32126
44778
50952
40592
18584
41604
4724
58872
58542
58814
6207
24193
30547
43829
6929
5217
39478
9495
54710
55425
57540
29130
42708
16616
54951
21742
26223
34888
36813
33586
36773
17611
56139
18366
20698
37183
59867
18984
22264
17365
32477
46085
5925
33667
54594
33951
30217
5163
57352
30088
21416
19241
6198
28750
7918
25626
37664
34021
26701
15893
39841
42253
15501
58083
47696
12597
43895
31806
18582
52764
53221
52764
41538
53790
26733
15397
27849
35964
41563
14883
35043
20314
5127
53998
44706
17089
54814
55746
29940
19715
23112
57716
56342
39895
4221
4959
16940
4229
12060
4200
42417
44665
48985
15615
12793
14924
26301
30890
54594
13035
50633
51091
17737
59385
24745
26565
57564
47398
56623
21344
29873
39972
28874
54287
23469
15085
3870
18961
14994
43571
14753
13502
10570
12414
29451
48224
37263
43347
50544
30473
18812
20451
20519
54903
48533
6706
46658
44581
13863
48880
14295
13555
48094
27336
37915
58650
36615
21454
36626
54979
26550
17264
49313
15968
35764
22746
14495
26848
7956
56153
57640
42169
20482
49233
31707
36169
12984
45866
59817
51102
54087
59116
26979
38773
48079
40900
39668
56427
16366
14113
13572
31588
11941
57620
14325
13518
23208
35360
35274
59400
37029
57357
52210
58739
5651
56342
18501
31697
30927
49919
52344
59882
56801
37981
18167
15584
25130
19943
13046
25012
16693
46708
42605
56502
59656
44060
6529
23412
44840
6650
38937
51423
25293
51526
57175
19837
13153
20276
57200
19996
6420
38818
4871
32608
11599
17279
24474
57655
35693
23527
18528
15608
29598
44813
11394
39577
12193
7195
11280
48944
11654
51653
26187
17339
38080
19538
29660
22642
16586
34908
56146
29908
6659
34366
34142
19178
51152
21549
42382
35525
45700
12558
14308
6610
35507
25127
3535
12012
15699
58606
3027
21332
39589
50239
59988
41816
35798
27835
42176
22061
5082
36667
57213
58716
53042
46033
43687
39120
20044
16612
23949
34663
54053
14033
19767
21267
37663
12951
57293
39025
49292
6001
32595
34442
41253
6339
16141
47106
16675
57605
26767
7670
10242
45716
18077
58890
9011
32881
13356
23978
8451
43973
57426
35613
15309
53535
24750
50192
4594
55413
28550
58406
32574
40773
50036
28922
55484
41141
33162
40708
54387
50461
48399
32716
8211
43093
43354
21566
58550
37423
31180
37652
36748
38961
36424
38230
17398
48492
14396
32008
54276
13301
26097
23222
56172
8148
45783
43549
32998
48966
35994
17862
39811
41789
32976
35239
19312
30038
53445
18047
4883
10195
4153
27959
17309
53912
39241
41879
51051
26854
31636
30254
9112
24892
22513
32520
5280
34572
38320
8078
37401
12832
32154
6556
42103
36087
27771
43532
56543
16657
6975
45755
59142
56735
42507
54492
22243
50895
13460
43841
42779
19393
48165
35359
37797
24186
50917
51594
52111
24213
53772
52866
34314
49094
18310
55423
44111
16569
59188
13562
3487
50858
28098
52989
5572
22173
4895
29625
29631
16674
30877
27447
24974
12318
16255
34175
14561
20521
12978
13424
53363
42185
34986
41318
24479
22155
40442
42751
31216
43633
55203
8311
8389
23283
13272
56424
36892
41448
34821
36433
8764
46809
37192
6100
15742
21828
24476
4355
7152
30937
35871
27967
12714
38002
26491
32396
8679
51070
25638
4346
45826
48822
6401
22319
12596
56032
6664
11270
28175
37655
52054
34388
6503
22004
45645
48904
30046
15029
31141
17097
52975
3836
29384
31180
57407
53495
5777
44127
19217
49485
31867
49570
30697
29643
15214
55258
34462
42788
37804
4890
34607
10514
25243
51752
46336
5489
34034
5629
13011
30343
49012
12301
45627
41519
9918
32310
14050
56290
12313
38641
58474
49762
20054
48346
17056
36618
5289
40075
40920
28130
28232
46306
30494
14050
28495
55080
3681
55608
58189
11816
51124
48752
56127
20093
49825
5177
39796
34856
30546
44710
24331
43631
9338
6453
37709
46083
33972
47474
53006
29657
36760
54346
26139
49673
13133
48597
27229
47906
46069
48826
40418
56079
23955
31590
6903
14739
56694
35115
53920
10186
53588
54201
13890
59869
58070
9406
17879
54260
50402
54710
47333
6211
43457
59502
58952
58045
13205
40368
44884
3567
31354
34623
10613
16897
25622
51503
34052
40091
41351
47660
7655
28791
12617
6605
21521
10459
25642
28095
9942
28803
30822
25654
22474
43493
49774
39491
54514
54648
17463
30925
32029
33294
44600
5681
33011
5220
6390
30190
55039
49624
19094
36557
28576
40209
9908
20143
35021
31219
38187
29357
28048
6224
16438
39921
46174
18810
8052
39781
59797
17275
16446
35106
7477
30090
20397
38118
13554
53242
6628
14749
57238
11352
54267
21236
35708
52036
54373
59650
59860
6523
59890
59856
51935
10278
39043
3340
9645
22800
56202
24149
48004
25987
46786
11780
32349
16114
26580
44549
16708
14375
4585
57902
27032
30233
21011
39831
32572
25611
4670
38824
31591
56536
17346
53171
3398
56725
10720
32019
18669
6948
30644
48009
39244
5219
38433
42394
56321
52299
29470
5285
12662
24108
36681
15102
59996
12690
32805
58128
52930
37397
34254
17889
51067
43635
16671
29101
42276
12165
19476
21347
27809
34811
4947
21055
16371
57532
31023
4613
9653
18802
39717
24187
30382
7347
21587
49598
59392
27425
3522
43692
3277
50409
28524
37421
42389
59115
33119
34883
48358
46519
11105
24073
31393
57339
10013
43384
38401
27725
44100
20550
35116
33373
24272
43691
28655
20436
26730
40169
48701
13693
43920
9009
55722
42954
28341
6221
43560
48507
9618
4070
54338
32691
57226
43890
32706
51424
28932
31098
48776
18507
8976
25671
39157
59649
42192
17663
30134
33394
47002
51803
25125
35906
47644
32599
30227
11568
16296
22163
59358
46182
24356
37724
8077
23848
34607
59898
27700
43587
17869
22406
49620
18004
50022
58842
44765
24320
19534
14382
43566
11135
35558
50600
11104
17474
36231
20554
27729
45390
34527
24910
8702
44833
44657
7757
48862
3169
50496
24116
3566
30061
24339
59468
46878
46876
45908
12428
28369
18473
46453
8488
5170
49047
55941
45755
42741
40120
57903
39525
48241
32367
46060
33806
20115
9628
10080
23497
5936
12603
48041
55593
43211
45565
17532
34964
52144
7276
20306
54712
49793
21543
35079
29820
11970
7793
59867
17268
54410
21587
8495
23950
32583
5245
28682
3698
19748
36687
26962
17305
20708
16430
56576
14387
28436
58126
34746
51976
33388
9478
4938
7973
17585
37551
40521
16264
54245
4486
37223
12167
46598
54830
56161
10998
56903
23704
48647
26548
59872
43739
20526
41040
5457
42706
12129
59134
38949
37150
31278
28651
47940
42127
52290
36453
7642
27017
42338
36310
44143
10609
13455
40661
24108
34324
33811
19051
41061
23251
41095
55970
17197
53335
5770
52094
5238
3565
37677
6970
4365
40807
45454
16126
44772
55760
44794
52586
58543
36859
37440
32495
34038
21942
6185
53842
16103
33697
50890
31438
7348
31084
38836
26488
43238
17023
43531
11843
24479
36308
48272
46393
28938
10094
50232
29328
40102
43243
14763
31375
23516
49152
29102
36187
32523
22324
9590
27121
52710
13933
30588
37790
32450
57107
46964
34828
15088
51263
52606
38165
5483
54010
56436
46874
47642
13892
42216
19773
57848
49590
31695
37270
33231
39893
16446
9705
28455
34456
58330
29498
37833
21155
35720
5304
59690
48536
39856
13559
44411
11627
33799
42762
54063
37214
16776
27683
6849
16835
43599
44226
47816
48241
28754
29901
33640
20615
5478
20191
54382
58832
54927
7288
47937
13349
18974
46377
34128
48666
58459
29399
33610
8414
23310
46071
7833
32537
52227
38200
30695
58065
43834
47086
45788
12416
51013
3781
21306
15191
27318
50162
44843
30588
3708
21616
49976
37359
3834
4979
22853
51968
52688
40939
19047
7666
14349
34979
13774
7177
21655
31071
53722
8503
57225
47463
11675
48818
9992
16278
31541
41573
40214
52247
17024
52389
33275
28122
42034
47278
7737
