548
29042
38166
57367
13917
45022
33381
50979
46555
31510
30530
40445
32776
31119
49400
35183
49954
20733
41155
38322
54703
17881
27672
56392
41604
16740
33649
9989
8392
9857
52099
43152
12383
5110
48930
27006
15136
14301
5052
17022
19501
50822
47525
17822
39961
7982
23966
38944
36839
16210
3067
34437
19883
27297
28927
8344
47838
3749
51945
50325
37062
5705
34073
13264
45830
45826
51781
35750
35161
30823
59621
29093
24209
31447
36536
34166
18066
24017
16417
14668
54853
46135
5827
37181
35685
41647
54381
55429
5832
46745
56462
19580
16644
53424
13275
37884
10301
47610
17755
22627
37787
54488
19021
20380
36719
7828
37671
4179
8581
28220
7765
28193
57456
36570
12596
7299
26009
24724
27657
37291
49421
44673
28789
35605
27884
19182
37340
23467
48035
42246
27943
32834
43746
35406
57172
27354
5409
18300
15005
34385
10230
10562
35770
16020
8963
7189
18642
23919
42450
55663
45280
28819
41163
28063
40452
7173
16119
7390
33325
29974
22723
54744
22722
46225
28956
57146
41396
20668
50396
15098
29834
59893
18865
38125
5490
38580
42371
19366
13930
50967
19534
28041
29964
43828
11714
25751
36272
6050
22238
4854
34580
24411
15378
21884
36640
8015
59762
17687
45570
56140
12323
31846
40901
52125
56227
11456
21840
26337
26650
50532
52937
43674
16594
45868
31277
8991
17599
45705
44250
57352
51555
43829
10511
53315
58282
5452
15455
10959
49070
54698
22303
58276
37321
8802
51351
7502
46531
40451
8101
5887
44312
11106
19147
8495
57379
37997
55041
57571
18367
58277
59479
11899
41829
45023
33320
11043
22790
27911
54558
48648
23005
15700
21676
30937
19994
51438
56377
49025
9541
34302
50603
37636
19672
24021
46706
57584
29075
23337
11778
52028
26136
44057
4635
9464
51693
50241
38004
5133
6817
15373
19391
50663
48458
11494
36039
7091
38292
13206
6420
6556
14778
20451
29327
20756
40590
45775
7937
21778
50515
18991
39243
58385
50193
59062
24785
21654
22319
32116
39704
21905
7072
23767
8294
34972
41474
28855
49846
37571
5156
8317
41037
11964
55969
13344
7664
16693
34250
25407
11195
58295
6697
59573
56896
35023
24895
31804
13625
9032
44907
38833
39546
45434
47677
16336
11040
16494
36911
9237
34421
37038
54036
8490
18439
44395
42896
45528
57148
8151
49722
35033
40860
43106
57233
36698
28120
48312
5407
39005
58679
42659
47641
53897
24414
55336
35611
30536
9168
12630
54441
14042
33444
8780
14634
42018
51020
58791
52734
4288
3368
56683
8303
36880
44826
57951
21215
51963
12733
21192
33517
9353
22656
17889
47254
22967
18411
36850
40145
43773
58012
16372
45843
25072
29469
56033
16052
26146
11201
43353
5949
55030
43148
23307
52979
55834
54597
38342
55355
6433
17067
7827
48349
30099
46037
51795
54346
10524
45059
13988
17252
40380
45443
25493
37122
57291
11233
52155
34231
25412
10753
39326
8727
32451
6018
5963
10067
13881
58473
21638
24490
59590
22085
30874
16098
14312
16110
55809
18710
55267
44073
38161
38089
26053
48770
33613
32840
20529
56940
57577
41562
53301
20106
16791
40686
57531
32411
50235
48829
11123
33540
53014
7829
38818
19374
53317
26590
8851
38471
10983
15488
27458
27140
7468
45560
54744
5564
11330
50893
34511
22230
33357
30764
3697
16634
53309
21506
42048
30459
50661
22011
19097
17409
29822
33115
14661
36644
39102
41043
21398
51299
32318
36607
23999
26832
19752
43931
38225
13543
12739
38110
