1498
13160
40353
40229
51333
54564
8952
54477
4295
27106
11318
33587
51458
34867
7314
23782
24013
52613
59780
6021
16627
20780
48785
10301
25341
9685
38265
56113
27185
57872
17341
35366
59084
21515
22605
8712
26139
34589
46321
7143
14562
17283
56915
41299
18894
25803
50573
55943
39862
11623
31075
43550
27341
23703
56439
53638
51319
38019
15996
45390
5150
19541
43446
44474
40702
24977
51083
35067
54321
55912
41221
7704
35015
58313
22330
26551
17704
8986
53249
23859
47851
57914
55694
42356
41948
24292
35962
20350
8103
50544
7875
59341
37393
24810
44446
49937
40702
15374
57152
21982
17585
37301
30966
55550
32378
14056
21843
29224
56027
47454
29386
24647
39187
26026
27854
11185
20477
16115
54200
10618
43370
21780
19724
57565
26964
50316
8218
59029
41887
44668
56463
11539
31600
41200
54211
52830
24897
37505
14923
42225
34583
27322
48720
53947
19805
52841
3889
39459
13755
17566
26404
46280
34175
39874
18633
14278
18014
14288
26167
4850
7544
35177
4091
5322
36152
22416
8212
27552
21697
46770
54197
32621
8419
39542
38087
15035
39289
6968
11229
45807
18370
33898
54457
12153
35386
37257
28209
22860
30058
17647
48852
32746
22996
42109
33255
45922
58428
59647
4321
45369
17331
39115
33926
51696
43112
58738
8653
16307
31026
38631
23321
16022
21814
51784
47269
53514
30407
11384
13048
22088
14318
37063
28596
12305
59034
53104
56780
41662
24002
3724
29289
59551
12116
18031
56997
46898
48060
18512
8562
7933
14566
59959
58359
14061
29128
11418
22187
29440
17766
27709
43375
24316
50151
33358
31625
21989
37340
56504
17816
57355
55935
40852
35098
57270
50817
31601
43372
6462
56258
17465
20282
20351
54157
46319
29909
45139
44091
27688
37059
16474
25419
47135
17914
17363
34771
55035
53595
33152
13300
52121
12615
19206
30788
13491
19676
14757
32480
4686
38922
55266
31704
19793
31830
36452
58983
45462
42197
50124
23583
4379
11154
3150
42792
45863
49019
57286
53612
39878
16327
9941
15143
33544
39701
5024
18223
13424
18365
42614
40916
25934
53387
27667
18880
40692
47567
18391
57056
59640
3862
10089
34700
19541
55004
13819
12182
25948
59986
54065
32077
19571
48012
49553
53470
42917
33791
4148
28264
33171
43090
49845
57710
20335
42404
31715
47559
4478
59446
50529
59536
40558
8861
11989
24238
50920
42708
58973
39454
13561
3966
27675
7589
59154
4378
9499
41815
37774
12772
55607
47067
34058
17705
39829
54966
4392
51347
45442
13088
59782
55170
39072
22795
28101
37376
44662
55219
39074
4480
58623
26785
17511
18220
42728
8574
32557
54704
7780
28079
51627
22413
36562
17759
3453
21704
8172
44391
55580
31474
8103
17753
36655
16225
17544
24470
37763
19144
33937
12247
5779
39887
15820
37976
27124
44730
19683
40073
28698
38857
27697
30163
33349
6278
26445
4211
23584
15527
10092
28266
26089
26896
45190
19167
13572
49675
14357
21101
7809
42191
56439
49836
54323
22582
23906
12535
44882
37246
28460
43746
54235
29439
56234
44412
35355
34033
58325
36234
19119
8849
46471
36866
42867
28455
4400
9031
36275
49035
38075
54489
35007
40190
51713
9131
23528
10051
3387
29342
46688
32010
4630
25787
11495
39072
32718
48504
32191
59947
21551
39492
49855
9116
41462
12278
25572
44441
3443
32840
47363
25037
46948
42167
59028
14108
15205
15417
48815
13180
34912
42402
49623
17450
12752
42085
59709
15110
10721
22143
8392
12562
31008
50008
22887
55099
57201
16503
25964
35221
22666
29553
44864
55345
59555
46710
12641
12811
26227
7710
58051
34825
56951
20049
16263
43657
5271
11627
8567
24646
13356
27020
29673
26894
49118
19100
27372
45991
4380
11373
16436
9776
30538
35947
56156
46819
25861
26033
13721
43291
21030
52674
40292
19476
17487
39408
58910
32232
55818
56338
5986
28180
3818
50960
3260
27549
36868
29444
47025
35910
59028
12614
43275
45362
57649
56018
53370
51497
38104
6364
44189
48191
36803
57800
17096
28069
56799
45950
8312
25165
47734
10868
39227
56198
45339
41824
20479
3615
25461
32186
27750
11884
45240
53107
23457
51362
59536
23689
3067
32347
16510
33112
29052
49812
9269
31929
47016
7277
12098
36606
43785
20533
7712
42630
27430
29759
11437
8130
11977
11260
56860
10061
10476
42818
54658
7639
40549
39285
29223
47608
31716
21596
59821
52666
42663
10424
30266
36421
3219
52939
8613
26555
42459
18779
25853
55106
8148
27816
30513
19147
15691
16587
33500
33850
56140
49003
54468
20479
54486
3682
14325
22144
41895
59936
58778
58950
26234
17986
14485
36975
30480
13491
17513
57087
36557
27857
8918
29727
44472
46962
17216
36905
18458
3697
24324
31115
26879
57723
46168
29229
33910
16609
22891
45289
44089
9966
11717
3920
26307
4558
34570
59892
14134
40341
29106
12475
6338
5441
43943
13601
13886
46031
55989
57066
58787
21017
45395
13192
27413
18461
3143
6370
43818
54650
53242
56225
7097
28689
54718
21092
23301
38681
21903
37733
48917
12278
15061
24349
12973
36439
20337
35976
47783
9507
28362
10098
27168
16754
22078
43326
45869
12087
14528
55824
4050
48435
29983
29107
52014
48970
47663
39891
13928
28607
22889
46391
27011
48175
31680
48189
50503
44255
15276
20973
50821
56778
45600
36337
44291
26879
16161
33192
32216
25306
11469
38031
27984
51558
34330
6678
7636
21954
18587
13314
56950
56995
34158
22080
37165
10571
47196
12548
55278
40676
45536
37901
28484
18686
9759
42322
55429
52568
59288
54777
10438
40210
40597
55392
45128
4842
28686
58323
21406
30429
28697
18193
36302
31629
36553
32885
38586
33350
12275
50663
22120
26700
30133
6067
35659
9712
30380
41908
36323
12060
47336
20362
27773
52324
43438
57961
16159
18360
4786
25843
29131
5164
21901
57975
3513
38062
12509
27935
16077
14148
56712
21234
4091
38614
14620
6500
39944
30635
37175
4037
13977
47528
51226
56701
55239
38858
39828
35409
11340
56619
14413
17028
30861
45172
40193
7813
44661
38474
21808
47127
3858
46930
10857
34181
16401
18391
31899
5465
32483
39245
49624
38639
50075
46075
9079
47220
48848
24412
20297
58049
51630
40743
52241
55164
36657
38673
54119
41902
36323
50141
29621
32212
6090
30392
15268
57876
45644
3598
21500
38083
28325
46458
36613
20616
48524
49914
44599
29550
9132
37271
26663
9010
44053
23388
28884
58772
57236
59979
20368
41920
28908
25928
6974
41617
56983
24433
15833
6606
52186
56651
54377
38071
38353
33869
23563
53922
52750
57568
58559
39933
39637
34315
16106
8277
36772
43289
39800
22746
51802
12489
44994
3752
45737
38913
23812
29725
21347
20568
54895
4216
46728
36244
8140
47942
14772
38973
7054
56433
31682
26349
16551
4471
58719
57447
24743
20888
9627
13055
51023
58112
40130
43047
31868
8221
12394
50789
32676
58652
10329
9925
23699
5416
28715
59729
19786
46670
56651
59925
41490
25388
19314
59774
14398
26553
43787
21419
55556
16016
45539
28763
17686
54097
18539
15801
14999
26570
24643
17795
30595
4924
3776
16495
45755
34063
21292
19439
35311
31887
31233
24033
44316
37145
54818
22272
12007
6445
46768
12692
17867
25516
41534
44252
51412
29258
48318
54901
47222
49318
21480
31008
18226
11941
8114
42129
45387
47601
7989
13684
37884
27207
4568
31664
23660
40567
12539
11660
50752
53224
23979
48062
24878
14881
13540
16748
16206
20148
28261
28981
50887
7233
13913
14649
17408
50354
47750
57292
49494
11060
52828
22551
8089
9202
52220
31982
48959
48461
48852
14718
54412
18238
37295
21570
53324
45723
19676
20569
22139
21371
14408
53151
43979
11089
33177
24549
9002
37074
49042
55822
11920
35768
17343
31861
16623
57618
9972
30679
41580
46692
45139
50511
48274
40599
28733
31132
4823
53583
53285
47885
35063
18859
55854
5012
46905
59233
35868
20822
8178
33357
28272
33652
53061
25412
8548
28661
32807
55992
40831
17537
33635
53215
41135
22707
9046
28354
19299
12769
55091
51534
29804
38241
9320
8959
28059
47315
5958
49669
38177
42409
57288
14778
45991
45833
54982
22101
34596
42947
33530
10273
29999
59047
15004
56761
57726
55385
40663
53975
11454
54110
40145
24181
41984
15417
11600
41285
44427
10535
51778
21211
26673
37276
43581
53416
52664
31936
23734
28584
42186
36434
50582
34202
41524
50365
5803
50334
48165
13341
8581
48289
25711
36926
51850
8876
3000
39608
34933
57858
37695
55946
27888
37323
24795
30893
40067
34271
45696
59843
59231
56959
54072
6222
40869
46502
46738
3990
12770
43379
41877
21814
20519
37490
4354
42795
38984
40879
59953
56240
57043
40727
48176
29748
14917
5003
38236
14120
22228
35835
36693
58126
7468
41893
26182
39847
39105
28064
46303
9285
43877
38103
48747
44301
38640
9531
57307
24519
31096
12759
53505
20909
48134
55431
29259
12769
43221
40664
4980
58541
46552
52640
24131
35399
37362
52883
15393
50213
8259
15644
12670
13816
17135
13183
5772
53758
19230
17744
26676
19458
12545
14853
4635
4150
5379
21280
59072
37706
46571
12214
4719
8175
28826
27309
58470
41928
3292
48044
15444
36059
33785
27637
47023
34881
51143
36158
30466
27459
43845
7388
30477
52766
42066
31372
16671
30967
8629
31712
36380
36472
40057
13342
48567
38360
17058
39669
26612
10539
4020
50792
53809
28079
23281
10826
55657
58363
6546
16745
39577
56800
39048
43921
35429
58592
50892
41307
18022
28548
50465
41488
14124
46048
7791
18540
49436
22269
10548
44949
40820
9953
55951
43536
10664
45055
