906
48517
13441
18265
28916
48036
23276
32979
30644
13892
4373
12375
13070
14951
7646
17714
44035
21051
48586
39972
32498
38731
52375
58867
50905
8275
5023
35869
7212
19520
17904
6582
54760
5269
6162
31477
38739
59170
50445
26806
4060
12011
39801
51559
6560
42353
20827
39895
40527
29636
35741
12353
42401
9631
52784
17486
32994
33836
24897
13720
29235
10167
48912
21416
41452
51446
36269
31949
22302
50885
21716
18926
13693
22826
16744
6037
29394
27462
5093
18425
42356
47898
54464
37189
39757
50447
21049
43303
54221
38110
19490
38009
38971
28529
23600
52360
55607
57548
38792
26334
20523
51818
51596
59416
41734
26178
18804
19811
17880
45815
21871
37564
12160
30048
41536
10661
10573
32141
14673
48774
30734
8230
38119
52804
35954
50445
33485
22614
32258
49302
27278
47882
58962
16919
47579
14371
50070
28602
22046
39983
13214
21645
44888
8891
19172
47322
16190
10115
11629
4547
54518
3856
20661
18319
46502
58430
48349
17140
49229
29250
23523
14930
30442
59508
4580
11617
39758
16633
14459
36589
52678
33855
37483
54713
55473
38334
32872
24541
47212
43922
52568
15463
23470
58896
40306
48825
53730
11163
27887
5632
31553
34471
44929
23259
40627
15916
22922
37878
22503
25469
47489
27407
36472
50146
23843
49490
31718
55259
53092
13702
39562
40810
32611
3033
18413
56271
41124
49483
13528
33588
19102
29387
16452
47716
11743
4281
20409
55241
48705
5466
5412
29497
29560
55060
15857
55618
33903
11831
44732
52414
11241
23637
47452
54735
24769
44940
23039
53168
56540
44458
45160
54133
19270
31216
43036
17961
58528
8525
58249
20598
50701
41934
39702
20035
24321
38603
48019
13086
39912
21494
12764
51358
10913
25899
56131
6234
46445
48009
58355
45069
22864
34280
16937
45306
28730
32864
48058
23677
47113
6778
51494
43922
8455
42866
3393
29473
8596
54076
30902
10694
55593
21023
25795
58777
34537
27084
27332
50632
15080
18081
56967
7898
11870
4922
3830
43698
55741
13672
39503
16988
15197
48328
6082
39096
33604
33887
15706
57665
46016
51482
37465
28553
44022
11662
45163
38802
49159
39290
29072
4010
3874
26760
3403
17014
19245
25185
22180
44522
7649
51460
8026
25015
34436
16211
26214
35858
19072
34581
23171
42918
39029
29816
38136
49859
52234
51243
41673
17393
7969
40241
38783
37445
8105
56533
14745
51431
27753
44604
52875
51526
22414
33326
17168
47938
10930
51319
49703
24683
39511
24528
48214
51211
28309
32290
48517
5359
38292
42880
20656
37491
43449
35468
30680
43108
3216
31264
37469
13479
39144
49730
36799
31156
11560
51760
22928
59693
10639
28885
24239
24666
52873
14280
56840
43779
8819
37336
34742
19088
42089
37753
35541
32628
3370
12514
20184
31823
28895
28606
47764
54010
23760
41364
29126
54434
56802
11629
6647
36135
17426
51993
20179
33629
46494
54180
57815
34173
35985
14061
42860
36339
15148
9909
7236
27298
26163
55533
27774
41495
28106
25298
31771
6833
48667
46572
20928
19676
18500
38512
36588
39105
58382
42150
23727
33513
28435
45146
43153
38365
10642
35951
28343
9207
44900
30771
38849
47061
7749
44920
46594
12012
38650
5795
5529
32701
14466
30519
47445
55134
19149
44923
10685
8593
8956
18190
44967
21329
30110
16662
47757
45292
36266
18181
11241
16281
6189
41400
13364
26422
21058
19869
19315
3722
8707
53963
50596
50462
26634
20265
54361
55708
54295
16170
10445
21366
37766
54925
30540
6781
25517
54817
5455
46077
27722
7703
28732
21145
44880
46158
49080
10031
55811
10048
42841
49275
58410
46989
34314
17906
19895
40038
41315
32173
59556
35274
56543
55800
53828
31408
15068
6372
39283
3263
13472
21920
57116
50608
16847
9531
10823
34918
22227
50161
42623
10875
36504
32936
8742
9873
59561
40445
55415
29362
12762
15072
29883
18304
22856
57728
54725
40519
20827
10714
27035
50130
19624
21720
19402
46313
24005
44107
43321
7799
51197
28276
39630
54284
21007
4912
43743
26185
58493
14302
22992
6380
16701
39498
24629
44801
10458
10903
5120
7754
59853
31576
28170
33513
53907
12389
42949
5078
57174
29417
51656
5497
21686
15041
36609
55060
56609
42318
22595
16347
43140
41813
33196
25915
31248
20272
51621
30003
13821
21540
43854
52101
53075
18059
24702
48930
7906
23406
10840
15867
34043
36078
45275
13873
35697
53740
28634
20031
9346
53593
6743
15477
55026
17803
11213
53870
34267
27280
40198
49707
39055
17029
32596
23007
16629
39150
57642
6936
42532
24259
33555
58933
12109
13951
13458
27336
24312
25392
41244
53730
28202
6496
10547
22179
8535
33476
21207
55713
18719
11787
41725
13794
12832
28285
20655
59347
23127
19154
54498
52043
19588
30772
30132
18513
6614
22853
7662
59600
21361
42502
36325
12094
19471
19723
54889
18305
8812
47565
40627
52041
35560
20354
19682
5313
18394
41204
5508
58160
11757
17842
32490
4246
44062
13863
59213
40040
10673
26359
23620
40286
10035
10165
58841
20638
23080
59661
48360
40420
39717
9974
39083
21554
59077
4128
12002
31502
48585
21525
44767
33810
30777
37225
35052
9375
39124
23876
20800
10264
54553
31554
7317
49113
5405
36426
56612
46296
10329
55449
9269
50176
48815
8713
33975
16899
37158
41629
15919
47631
42497
54071
11586
9123
46719
14792
29101
7421
13903
42042
34049
10709
34964
51196
32951
6093
8512
28086
38640
9351
25603
42274
14276
23244
36516
33766
47094
47154
23335
22431
15168
5133
13085
27366
29704
44329
57153
41340
53455
45845
25484
52953
21991
33947
49048
24516
5327
8772
41418
19131
13626
56522
39455
15901
25376
14103
46221
14210
42732
17958
38373
48036
26840
43353
40686
13431
21532
25573
41295
42404
26442
43386
19556
6355
42376
50109
58133
