1916
23971
32062
50226
18499
18436
29949
43333
23933
51384
39155
40976
40939
23893
17746
47179
16074
59579
21328
6146
15239
3411
25635
18964
54824
26074
48138
10713
29053
52398
29590
53932
24131
44722
26804
8921
11587
45208
49723
24397
33398
37421
36512
9835
46178
3285
56200
17440
46464
38230
14428
5355
51813
28759
13744
37971
11589
21966
13144
27977
25433
13531
23065
22978
9825
26899
5876
52734
50133
17460
25549
22231
41259
44970
25923
56224
45782
54529
57458
51902
6752
47760
46289
55857
9656
21771
45951
45574
38671
28721
30126
21949
27743
34917
8141
3980
40984
59847
18402
55964
50037
26745
29253
5706
5320
18554
10079
29583
58014
12744
25563
10146
33126
5858
29215
40669
26683
39248
28860
35448
8416
32575
27802
6504
37962
10225
45416
57434
12305
51754
10729
6376
57241
15248
52976
33068
23516
53748
6554
39588
28906
47756
12409
53065
59656
49674
19007
35854
48908
10327
7766
25954
50492
26991
32931
33130
26500
54617
11639
52886
48216
44021
5239
31286
31344
4592
6471
6528
51645
16031
49262
46893
25413
58053
18651
49046
16715
17514
37851
27550
31198
4922
26740
14855
13392
51552
30971
57419
24310
55787
28315
40458
59585
57739
17526
26689
46792
59751
10127
8984
13972
9010
6156
52591
3424
32186
57782
13475
25453
34306
55885
19665
28349
21680
23691
49610
51878
28618
15029
53488
19146
30312
44986
25193
14910
57369
30424
29752
56246
30751
41606
7028
3536
29829
34895
44445
49785
9473
54412
39725
29097
17464
34639
10503
22276
27426
16706
41322
53170
33758
25549
39913
44553
25756
13994
52999
20503
50732
44212
54440
37412
24376
26823
17878
42609
16374
47405
55537
56288
37782
4768
31262
47920
48757
12091
16720
5752
24257
45662
54820
12809
45304
6059
15975
42599
31945
20763
17797
18481
31180
59228
55370
9035
14753
26818
48419
54662
44612
10470
42016
31388
9946
53758
35217
33407
44097
15690
35436
27174
59196
57395
16634
31066
18065
43990
18923
19829
9654
12613
23375
3572
24972
58115
15254
5170
3022
9601
12944
34308
15829
15731
45972
40616
54203
21755
58417
54328
22531
12092
28731
31207
8301
51505
30434
44242
7778
29114
25454
44459
46794
13609
46465
50449
50535
48737
29475
26608
38805
58655
33418
59955
59047
13396
59327
57773
9362
56371
4439
10646
31201
38722
54911
10625
53894
8866
38531
20086
32937
6397
53988
12091
21748
54697
26616
42265
18505
40796
54771
35578
36205
45494
37625
8595
46881
12844
34557
37221
28466
16176
20763
55903
38168
31021
56762
57075
43355
39763
29644
55208
51920
14690
52914
28834
5944
5274
6886
12169
29568
18708
24361
27807
33541
16362
49674
37411
44723
53836
5600
13538
46949
19904
26847
44238
13640
57822
45053
57536
8658
21345
56472
31378
16429
29674
45494
37083
47521
39656
29756
55187
42471
43157
52460
43302
44600
28171
22005
19099
4109
10131
32453
41911
38071
4188
31582
41277
59014
9703
55135
3475
59411
26710
30769
4032
3032
27743
30744
31479
5682
12075
33023
32187
57758
51158
31851
44359
54919
56494
53455
33207
56972
6227
34021
32458
30289
12463
53383
49062
33405
24354
8771
58819
43615
14649
33782
40614
56691
3132
19204
16836
36442
25188
9600
28227
56023
48021
23699
50529
29046
21810
6045
8997
53508
21400
32572
51811
8683
22858
42844
53986
52013
53298
21123
55307
36569
24903
21333
19436
32489
16366
49231
4361
7354
49267
48508
39388
14815
54629
33554
39312
51098
46178
26227
8897
13878
7559
20778
7487
44498
54380
50785
12120
54573
57682
15791
49433
52491
23052
17446
37301
10314
47540
15636
49635
15594
55959
40312
13126
47126
42431
29894
36728
52560
41285
8809
49039
56631
18041
4971
51295
59031
49433
6849
31766
38105
52269
59796
33516
16229
33107
11281
35049
50388
59732
30165
19291
11479
51368
7829
54346
38620
34511
43327
19208
56997
19021
42404
44326
33439
8467
5946
59458
20083
8474
20292
17133
19087
28371
30368
47570
54096
33351
58168
39848
21525
50924
3395
46113
42149
15367
45769
8472
38153
51438
43668
53006
31620
30098
7438
48699
35209
9775
34339
32220
57276
33816
52045
10724
13790
35396
57330
52366
18636
4634
24533
42779
21980
35259
33899
52957
4720
5719
46355
51750
33421
32778
54225
31237
36996
58235
39919
40316
44324
37919
37918
37269
15993
30572
40412
32156
10491
22081
11087
31207
25306
26707
39616
22074
21035
15084
16210
16388
57934
13797
57991
33343
43015
54888
27016
40049
9110
40899
45028
40215
21469
40383
44496
14719
43940
57415
23311
38146
53086
56702
4437
45464
33823
14538
53689
31819
19813
59936
35166
49003
22088
23212
3805
40876
24624
28127
48285
35230
5336
16543
53098
4650
17718
24848
34455
4679
30887
27821
31431
48647
11829
25653
49421
31071
18505
14116
14061
52504
8123
41837
36625
45798
52314
52404
34241
4230
16113
37933
43570
22768
7616
41485
17612
34917
39596
12237
48138
56182
47398
44392
10278
14712
47777
16960
12925
14202
41693
25175
11365
47818
7639
21744
36705
39616
31365
15727
58596
50929
44286
20485
58496
7252
21285
31800
53061
11150
49049
54208
9131
42786
57501
51044
19484
14137
26797
40312
12655
27167
26687
18039
7981
34006
8145
32831
55362
22861
6563
22633
25435
10687
25720
28106
7800
50359
58547
7203
33261
44967
52479
50789
36009
24600
18187
29129
51751
50366
28755
41549
15332
34348
24397
55610
53107
45413
36184
29977
8604
45726
16277
5507
14952
45083
32743
54620
18804
43829
30366
21907
40187
33182
10434
41526
26676
31753
52020
15688
48926
23971
16483
22949
9845
45937
10085
3720
19286
56508
52661
57508
10574
52713
51964
52124
25241
21976
53059
38623
50870
5926
26541
46655
55147
14539
25202
34356
43599
51142
57545
39720
27348
53729
16059
57251
8986
51111
21592
37738
27176
21531
14003
6420
16862
13051
12544
45938
59994
21348
53660
49272
13083
9583
28215
53748
18111
58233
26418
15171
38383
13264
23179
39529
6664
4484
51434
55720
7462
52898
30322
28924
24842
48806
25404
56933
52866
9657
33158
46985
19619
8781
25103
35164
9511
6703
23221
14050
31094
10950
11266
19256
3963
47177
44922
47015
22729
6031
8037
18044
16166
23438
46974
54091
26252
31367
44623
4557
55523
13892
15965
31717
49785
5955
36817
32494
14488
45314
45258
45898
47864
23476
29497
23226
51115
23861
31580
43820
34377
19968
41843
30357
9626
57884
37834
50875
56658
18348
30032
33181
25016
59482
17524
55707
27001
38401
41463
19227
9082
17384
32506
15847
23821
10774
11139
24452
16317
43625
28477
21688
13026
5362
29071
38352
41691
10182
38309
11065
15285
51491
8358
32037
12360
32184
43313
48286
9288
38371
12242
26656
26311
18986
13774
49744
25281
51530
3883
36179
55001
11311
28313
27262
7090
58894
45956
56583
11216
57980
52578
25772
44493
28734
19167
14166
56431
29115
41648
3886
33991
35746
29320
41673
33887
10542
24919
20728
59070
40286
31097
30922
31304
49197
17409
7175
53829
16011
36136
4178
36633
50799
54128
23203
16390
17188
43066
57474
4612
12996
38720
52374
24347
7930
21136
36434
59177
38560
26237
7217
5983
41529
48469
22390
19331
13934
16030
37297
56745
46179
53373
50923
30441
34471
13741
58737
56598
30726
12403
27934
54189
10298
39698
56982
17747
33213
17561
22138
47329
59688
58072
57915
46744
33940
11994
33199
26520
9834
28497
30570
21143
24343
39490
35153
23674
55658
5861
39156
20290
45257
36145
37539
5104
42366
9228
34887
14475
56737
7055
41686
8826
54870
6538
51422
48027
13186
43017
17850
45727
5815
47642
26705
17649
54437
10653
8868
24265
14974
18098
6999
28125
37832
39857
36545
5429
8853
10078
28709
30435
30319
20693
34798
9868
29122
33060
13959
39749
53958
43122
13455
49648
27521
49294
39902
35439
32111
45929
52556
13409
23009
18683
55799
41770
56012
47897
41630
37668
40796
57382
24607
56243
46448
19612
55526
38711
15312
40623
47860
8692
20651
24441
10236
34521
43949
33632
50602
51091
15568
5943
54207
25835
14948
8067
3648
41541
6095
37753
43574
42937
26765
40871
10282
44404
17493
28270
47102
17376
50187
16242
6395
22815
25254
47225
17281
32837
32273
37925
13449
40908
10058
51878
7156
20246
3487
45430
31840
42330
17704
39446
33212
59464
18822
54814
17714
53439
10731
44665
55582
17326
35266
34245
58332
57655
19811
56931
25817
4035
23932
42692
34214
41530
21207
45737
43846
41198
25778
33170
58652
43211
34951
7642
45103
32175
36017
11107
4631
33142
40243
23069
3224
12985
11178
51843
33563
31900
11843
6687
44218
43878
19448
46517
18918
53398
14226
41019
27379
59521
23931
46857
14160
5003
3917
17488
56729
28674
40370
51622
36514
59668
4851
27474
14618
17780
31445
17381
52733
44755
36723
31549
15359
16670
55702
47910
20208
14735
6556
18946
10377
55085
29078
18573
13773
49614
5009
43027
55057
41567
47702
58119
6528
19462
19954
30814
58558
59503
16542
49843
24928
53876
34588
50765
59587
30031
25172
19448
34895
45788
28215
40594
33105
5512
35729
35518
47441
20038
41727
22265
7528
56795
7797
44921
38111
51926
13271
8046
6313
22552
48303
46076
54819
19803
47542
17229
18447
54595
29641
57727
8224
4108
55755
39515
7962
42700
6613
31918
48524
10563
14155
25950
24620
19915
21695
42155
50069
14552
25181
41661
56030
26342
26033
41420
26868
43973
43957
46809
37004
46710
35368
7772
29993
57291
4217
55152
18702
49325
46706
19590
29449
3968
22809
38458
35128
29706
27148
12575
10825
40436
54066
15723
41517
9449
24734
9883
27137
45729
14468
43608
45220
12178
13368
35413
57116
5645
57642
19745
53866
10046
59931
10524
4613
59629
35531
40581
49308
40589
50368
14223
30358
3787
59800
42477
28775
27819
13313
49704
45567
23643
51480
27033
11043
18173
21264
47674
15015
27087
14315
21476
22146
13750
47972
44113
35071
37569
31030
26528
33330
47232
49008
38240
22437
22792
31438
36544
47567
38196
39942
49570
5912
38992
45190
21368
16135
56096
26794
24640
6247
44535
17793
56547
59350
14830
21891
5067
35402
16019
41095
26281
41805
8829
50891
9484
44336
15466
15383
10774
58700
26065
5217
50219
38404
6596
19678
31796
51739
9323
12192
54629
39208
29848
59249
48595
53941
28602
46368
51240
11413
26844
39942
29686
55329
29371
58742
13907
55955
39964
25948
11136
11328
12609
34055
37997
52841
48081
37121
21218
47003
19376
52787
57453
36832
54876
45135
18627
19516
14794
57209
31356
7416
33693
3510
25743
47269
3739
6774
37983
54871
14873
13790
10361
36585
47364
23569
28978
6685
21844
38871
4352
22598
13246
54280
35119
7001
29654
28533
3974
39241
47593
32141
46656
36270
27196
41726
37385
53719
26172
30458
33902
27269
8089
34010
31477
48233
33107
49337
37440
56274
54553
20862
20741
31185
49096
3709
7370
27817
41634
22953
23657
52696
55821
49616
5719
58542
10873
47706
6309
42794
51824
57841
16325
9229
28904
11294
40316
9167
40990
52120
19623
39948
18938
13341
18002
58146
42252
56042
34930
54678
5630
54765
37137
29919
30885
59352
14374
31407
34048
49253
31410
53740
59898
5349
20236
14521
4781
47114
47403
5810
49823
21793
45693
29555
45433
39879
57470
34762
30889
27359
27167
25827
47152
38101
9854
12261
37063
48394
11548
8387
25470
37906
21290
22586
41145
7984
27298
20528
4737
58533
38803
38563
33625
27820
19071
5063
55018
12783
46550
36706
32517
23504
6600
36490
42259
22798
48349
47695
23292
24610
3161
10264
27643
50072
10696
35893
45353
38711
13731
42620
58419
45728
5228
28944
44117
18281
38595
45287
21207
44156
20665
29950
19877
6236
3172
41452
39551
41945
57988
36238
25931
17560
31935
22897
25722
41411
44982
18381
57783
24887
25903
28111
50944
22689
32923
17150
41477
19247
39932
25016
27051
57012
46660
16287
35276
58828
3190
10949
34830
6226
34008
32546
4095
18344
21910
26725
21950
37887
31294
57369
57433
11716
11481
9600
36142
4498
50828
53083
17411
37536
8124
11615
54844
18089
51636
16678
30918
39459
20290
14340
8295
30707
55168
13561
15636
40814
10526
17810
30075
9382
36265
58611
7284
50988
