1371
22093
40429
31705
18129
36307
13389
45506
57299
11387
28003
34148
15871
32025
11597
21053
47540
18588
59640
31312
21186
42129
40108
47000
43359
23298
16650
56013
31850
31890
3183
15076
38068
7901
17664
6807
54095
30889
45508
16584
37561
3836
22452
7316
46254
53449
13643
22418
13680
22656
49570
38360
19710
55699
36538
55532
26257
30854
4995
30283
21375
35264
16606
59726
53434
52964
57001
22390
9905
24052
37426
35046
3202
21933
8926
11828
13697
49232
31885
59059
39823
59751
31164
31994
10692
41453
10124
25680
20448
9273
50855
9674
15026
31281
20349
47315
50709
52048
52443
44976
26135
12540
38132
6003
19901
36027
58828
48582
8488
32400
53463
48930
27352
44876
6934
34101
29322
43897
55778
37510
17623
30242
39049
33777
52344
27855
23485
11318
39531
6891
44006
34104
49374
5032
53949
8398
15758
42425
41237
17211
18725
26670
24929
59489
42252
53696
49285
15729
28095
10903
41632
17163
49505
58515
56581
43202
17327
31677
22611
44595
50699
48420
49512
56003
54580
20251
16381
48279
10878
51836
29156
3421
51215
56210
39942
24522
48146
8280
13090
35701
26137
31014
32752
27282
55576
29531
49791
51053
47506
56704
47033
25464
31012
24297
45401
56367
8131
12631
16378
55004
49964
39943
27053
4830
31229
24459
55228
34290
6851
22037
58949
31790
53966
41513
11643
46358
14420
31574
57219
4269
3976
44640
28176
7015
34652
41659
41619
29328
24478
18786
9625
55991
30049
56120
11058
41920
12258
3105
6624
35643
51993
15014
51695
3698
12125
5176
35827
6666
21611
26429
24888
39814
50741
5741
31272
43028
4768
41246
25374
42891
51020
16099
15462
30014
45866
9538
49144
8186
43638
25963
38447
36994
36245
16334
29900
28507
41221
55228
51629
57212
52721
46643
54096
48765
41677
3360
31993
56022
23359
44728
16404
29451
32724
51817
33916
10011
48641
56528
8268
44304
59403
45331
35464
6439
6753
3391
5348
38486
58150
40343
57833
13590
38584
16945
26906
41968
3829
59320
8840
57379
45664
8675
29196
17326
38747
23120
54324
52615
18034
55199
55031
56149
49878
25551
11527
33205
12998
47782
9315
12044
56240
44326
3525
48114
54056
23596
10331
30606
51997
20012
10761
30500
19972
22247
16903
39829
23530
37006
42948
44345
53428
19570
30990
7115
39254
59136
43398
45759
27022
40775
41606
42768
26805
26962
35303
52631
42577
50747
27174
39429
37894
56819
42757
22929
11632
24590
23695
48790
32295
19223
45381
18256
27444
18539
18056
46070
44479
30393
46403
23085
50840
14715
55399
26193
44227
23238
19303
19303
17140
21913
51064
59213
55007
38858
22452
26495
14710
26896
37736
53649
56279
52270
37607
13780
3379
47694
17104
57379
56752
55571
31602
36881
32114
5730
44736
55354
21528
10626
36602
15918
5097
59157
19186
59668
38129
6695
7389
10931
46292
27814
48370
5583
52862
16573
49223
38007
49387
12785
36581
36888
26617
15367
46329
56781
35284
56115
5946
7210
40252
25240
31177
53493
8945
12469
41716
7004
31506
48383
43028
36649
55067
9758
44625
25992
52741
6917
6584
16467
3106
18086
46277
44165
42647
25322
58592
20669
30940
29626
46366
20768
44144
53814
41383
3348
20663
8869
24362
6166
5521
12915
34727
41779
26038
45040
11824
15561
38958
11840
40797
36568
44067
3376
35923
10416
49041
9251
53168
3753
3608
53509
21131
58064
12044
5392
28361
57699
48344
50246
35198
27362
11964
23288
14697
44791
24977
36002
48249
19867
26546
11991
33510
7083
30483
35436
31641
28454
14872
54195
36023
55511
28101
21625
4155
22410
24725
29564
41162
26820
22698
32750
50952
36542
34996
27317
37168
48083
12593
55123
58662
18408
10045
21406
11191
36166
4313
37950
6607
22479
50144
18470
12692
51971
45914
3671
10697
29259
29267
31663
41501
45801
4016
37798
39295
44671
26283
39650
16776
7998
7389
27772
7535
19289
40771
18841
36315
51482
38594
44889
47131
31830
38856
49763
10413
10618
50233
10256
9818
39145
22964
13221
28273
12986
47590
44232
48521
22357
33376
6909
53075
17739
17715
20014
17705
12936
56340
9566
42500
26505
10393
12387
39104
58893
6324
27905
53998
16010
50658
18160
28668
20588
44907
25576
50864
17106
31446
15717
51255
53911
3509
3151
19860
48731
37241
49625
39715
21874
29641
52958
23492
34663
45657
45072
55123
8076
26227
28736
10694
49296
32963
22728
21880
39099
16903
53336
23595
10538
59887
30928
49666
34627
26106
9467
54076
24453
18548
39015
43664
32414
18653
6228
44710
36300
15984
26342
48334
26268
7885
3958
55274
5877
34425
57327
14247
58155
33549
17221
26630
34690
16708
31106
26898
39616
55951
50655
18248
53781
18866
10080
28131
40705
5326
35372
43523
59530
45047
9027
4368
54246
17833
24255
10856
11484
46978
29889
27563
21977
55231
25820
41431
6941
29138
45612
16411
3407
56776
25092
37123
7083
58327
57337
8360
5171
41313
8725
38539
53289
38408
38987
6189
13138
56290
22579
44667
33269
13391
5492
19978
14214
27645
33515
24585
22272
23612
49677
32509
41670
19736
26911
52837
59531
24288
16477
55854
48887
57077
11964
16265
14856
12316
28286
55019
31973
40416
21335
36868
25585
39505
12332
52630
56095
59336
42650
31864
34691
54087
47462
37235
5416
38690
34742
51204
6359
7798
42805
52256
31879
43743
55865
36757
48405
22613
22082
11826
40027
17154
48572
27033
14967
44318
41384
24180
50276
19570
12886
20192
35021
48743
30610
4074
52771
6420
11191
48140
3108
51835
56458
47236
25440
39019
49710
11317
20639
37945
53279
10343
23399
47454
21329
57381
44192
29154
24203
18795
49300
27540
14014
21219
18607
15125
45152
6216
19280
26078
41334
25979
18970
54131
41588
19447
9004
11402
13037
21448
21626
35951
42979
36571
18115
20067
12080
31773
28184
31412
53588
40366
47126
18845
8147
11362
25208
4041
56730
8783
25276
31765
54309
33958
48643
19610
16455
52852
39487
29086
42493
17185
38025
57313
42126
47204
15818
32360
16841
12050
46174
24359
39754
15880
34466
58733
6761
4763
41220
21854
26302
51497
31835
3466
51278
23572
14019
53066
51615
14980
58420
25091
30311
53122
25261
15995
33601
13786
9869
11666
46615
33497
47680
36254
50699
44854
36241
7935
25171
46346
43871
25080
41084
19280
36782
8118
13506
14269
9411
51556
9520
20400
53975
34244
42600
35207
22019
6543
24660
23682
26541
33353
11137
50193
33550
44456
3291
12530
43483
40760
32349
51701
34094
9534
46489
40201
48867
25239
25608
58743
54260
38988
55907
28043
25152
10063
8769
45258
38091
14514
41528
33371
17840
50284
34530
56333
14944
53133
13677
25703
45525
18412
40545
20408
52453
22756
23091
15751
8952
33293
43660
13045
8395
45842
16015
31619
56500
42637
15571
20253
26741
13726
56975
47526
42180
23612
53669
42280
55184
39385
18134
56752
54129
5166
56016
43348
58638
42010
35290
25480
36421
29665
27510
19834
18109
23915
14419
21548
30414
6224
58530
50026
27192
16006
50633
54102
5809
20814
22888
14543
50072
23159
53377
13372
16137
49827
45368
5881
13114
29951
16161
6112
30297
14820
48750
46025
22001
22898
10169
16573
59937
7579
36523
43227
38046
8963
12826
14808
51730
14250
6671
58587
52834
16764
56318
34883
40826
54922
47250
11408
38705
58796
58809
48014
27500
14211
35977
12671
16031
34074
21238
4851
15158
53624
24973
13916
5825
37512
40411
7935
25299
8651
28229
18030
4229
57178
28590
4891
36877
31006
12028
49278
40277
29634
51383
59019
34183
44790
32286
54132
48173
50927
26810
5331
26843
19392
39610
3997
28126
9945
30895
53444
15043
18147
32037
51941
58273
31177
44448
50789
35968
19718
56919
40949
29009
44592
6169
36134
37230
31990
33285
55879
46168
57860
28221
54450
50308
31417
53260
44377
50017
50434
41900
31678
30829
22282
24610
57637
28334
23643
42538
47833
31181
51690
27678
34730
41823
22307
4553
21892
30199
28082
5853
38688
20181
55498
3209
21575
31186
23873
48696
40371
11004
53306
32793
23352
42216
3235
31642
34335
58713
20838
52027
15529
29171
27341
53694
49033
56879
37132
42631
50616
29932
59751
8258
38451
33762
10350
45771
17389
49469
55531
34272
53945
50973
26408
23405
3318
22332
47165
14059
27009
8762
30339
24405
34925
13602
4726
23635
31594
19533
51798
35003
26473
14610
28190
8436
25157
42931
28220
23679
7507
13429
23541
39150
17965
51011
6298
24178
28723
41857
14184
20643
49866
51746
46382
11327
14781
6799
51255
43368
28153
10642
32282
9418
9521
42412
50952
31945
36122
26766
41379
29849
28594
35250
26602
31450
32822
48671
47719
46606
4694
11139
15843
30175
27926
30459
34830
25298
17038
41751
57618
53273
6528
37557
16939
23377
46604
24878
