913
35266
26536
32164
8425
8132
22631
35560
16301
15520
36541
34700
24131
50333
6600
53986
31551
57208
41444
27256
52729
26533
22665
44962
15895
3527
14920
57896
23512
41983
39075
32591
15782
10784
45401
7511
9052
18700
17425
57292
15042
31563
11279
51425
37941
42690
11560
34099
17522
29752
29674
43901
33429
58103
4464
18178
26248
41096
11308
15455
15369
9351
38470
53692
19376
34872
30594
7706
15384
55800
10262
26638
40818
42998
7744
21050
43550
28835
23207
55500
55734
30052
3416
50023
37696
51417
12554
50010
31276
39837
59848
19284
56336
52774
7452
39656
14617
9066
44301
23516
22712
11891
23147
41274
30591
45245
57100
27683
37609
35784
25403
53420
34785
11912
47153
23649
40755
27239
35454
58997
26841
44169
11847
53264
58087
44656
9894
55574
18961
37192
37452
3468
40441
39298
19935
13336
13693
3827
59574
3408
40047
24956
8625
46977
56910
31364
41615
3637
17843
49313
7747
42097
49129
23233
33619
8250
16844
38014
9192
16528
41005
54009
25026
18651
44931
57288
14208
21218
9932
54623
31631
23340
42975
32553
44462
12238
53258
59107
49755
57418
22979
43353
23853
47187
23541
24197
4213
47425
45222
8818
43384
26624
48933
59036
19970
28427
33913
53040
58492
41175
49391
40526
56228
8509
29065
7842
38777
59301
51328
12622
34018
44368
38817
6652
59662
39779
9550
15154
29488
19916
5137
7943
14880
31378
46585
49504
6412
30530
55193
28141
6302
56890
33325
17893
54232
9092
59136
15668
51688
33742
41976
30272
14324
34092
20320
50679
35404
34023
59449
9001
16845
53970
56268
29255
38014
58500
39104
42448
23187
4762
41402
23248
56651
44399
56461
11822
54779
43606
18795
22567
54726
5704
16186
40639
22564
10269
6930
31220
4468
38227
37078
20595
11714
26577
47625
55249
8293
45035
29614
39158
20783
4534
54548
44231
24887
13284
39301
19311
55039
35109
11255
36622
3451
30135
16021
23507
14084
13893
40790
47869
28302
51153
52090
28009
57622
10923
34515
53599
54495
57276
3982
5096
36197
26879
44653
10366
22545
11916
8938
59466
35214
40341
21284
16007
48954
52682
36265
44877
50564
7627
34624
23651
31836
3728
51421
59490
14747
9837
25109
25350
47589
10467
53124
54276
57168
55399
41119
14189
35461
18921
25338
33485
25877
17456
20451
39278
38699
50027
28803
35085
19841
51775
30647
27925
37175
28097
32510
37850
36415
9204
55069
34361
40197
20816
17684
49921
8924
14930
10503
39312
5087
28248
4914
10254
22633
42038
21096
48762
34097
30181
31250
26962
31596
39661
13127
59290
12248
11822
43379
38747
20390
53289
9826
26955
5998
42251
26870
25038
21745
19024
24926
20706
59715
9726
53386
30301
58103
20823
23753
10058
43494
46417
52079
19377
21238
46424
10321
40267
23149
28157
13035
49178
35851
25759
46272
41173
26691
45535
6732
53653
8041
39692
23919
4184
14281
28816
44664
18404
24629
27131
31131
17796
41213
59551
56531
16773
54896
21787
35461
46963
6763
54281
58793
38665
55563
59288
18948
21741
15990
21130
7743
17475
28599
15905
7952
29104
18543
58912
24780
56464
41597
22142
50091
12439
26768
25015
6324
35429
49180
34033
53093
35556
13545
4644
37256
3257
28392
12833
14994
43699
38535
58345
35772
5324
14360
32016
21810
18623
59813
10014
23495
20167
43405
56633
20359
16712
49567
32932
14836
13704
4239
25513
6301
22180
32645
44103
45684
52007
23413
17960
27493
37231
3796
36354
8648
53231
41735
23551
28537
47013
37431
32557
40353
19360
43664
44195
46437
25091
53587
20015
54962
18534
50276
56546
36924
57681
56190
15745
43261
53109
6977
27693
31698
20824
31722
54813
27923
4311
36231
23007
6473
25752
43506
33962
49281
3957
21242
43436
4097
53886
30955
39522
19798
10901
58381
32841
47020
49264
8492
39577
5091
13821
15148
46894
39082
52974
48624
24411
46116
28729
50239
58512
48747
14124
6462
55197
45862
18166
8190
47983
8307
40718
8965
47347
26347
44455
54655
52558
34799
28773
40945
39046
8916
23117
49119
44919
43539
59441
29580
25065
16169
7155
15400
23772
58065
28361
37950
31074
3960
41621
17290
52305
23197
37881
49529
24744
45361
31505
54357
6516
45838
57973
48024
55882
11824
23910
52177
9633
57966
35407
23364
55706
43822
31318
27254
16292
23615
59972
58459
59280
18941
53720
19794
50179
36100
7535
24965
32356
5464
59497
22202
29403
4352
9111
21973
45101
38001
34022
26378
33795
41343
10225
44515
13373
44344
6029
15575
45616
32397
42731
56042
12338
9542
52263
46633
36902
23158
29003
26035
7609
12128
50833
39945
35406
57184
41616
16060
18256
48693
3228
35292
24718
22164
40694
32433
58878
30760
26008
55387
37562
16754
35462
58122
50478
31402
11804
56991
39869
15448
35618
53714
31486
11140
34497
9113
24433
33717
14839
14210
7400
54737
52729
49624
9431
26962
38803
12702
30804
42531
10572
24812
23767
24092
10850
55667
8593
28438
48411
26414
13498
40485
44887
21920
39521
45339
33882
55270
6907
49195
16221
16031
18804
29434
32693
13204
40524
44089
30435
21944
51172
46390
28654
36581
38440
35620
46457
31690
17385
5976
46792
54892
33428
50868
25658
46584
49743
18368
25973
33589
50433
43831
52536
32678
35545
42629
31165
52720
19942
19181
44499
49594
11603
31372
58724
47423
51742
54051
7551
35746
48623
37668
9755
51949
37194
9783
12544
40755
38356
38285
48114
5903
33051
56677
49726
45155
24441
25823
28725
51455
35558
57301
7201
31372
39728
51848
28271
45656
46834
24359
24773
48819
55744
58662
26030
6665
39168
9198
52100
58655
17397
27630
48666
8336
34691
19089
22728
49753
58392
8358
33467
22704
4079
53214
37841
34925
19731
54203
40119
16056
43383
43680
40498
42519
16456
46679
11561
59924
26618
11838
35291
28911
59190
11806
58022
