993
18584
5504
22611
29410
28229
10498
34482
50001
40823
55369
3024
15940
35703
25048
3705
48557
45835
53602
39509
11672
32288
22031
15615
30622
10004
7330
6189
20100
55229
16710
6694
21028
28540
22373
27990
11761
8909
32911
33090
37779
40817
7385
29295
20276
33888
6866
36553
49048
57861
36878
13147
14513
26233
53243
59968
15894
17472
48299
50656
6574
21422
11853
14697
50139
35862
59512
5870
32623
5913
29136
51014
59548
31501
5903
20473
23913
5528
7360
7769
46929
50305
6894
52506
20077
47739
43123
27153
23237
28357
48551
22572
15322
6475
54064
8364
47501
21316
28273
46038
42496
58827
37897
5722
15077
16564
54045
8884
31564
24109
13229
7248
43709
45183
53064
5875
38291
51665
10384
26730
59556
7234
26566
45764
47426
46233
17823
41653
22145
16521
51298
17583
31123
4886
14748
20529
42042
31563
58061
40940
52937
37800
52255
40123
41622
35298
28308
23949
21895
31627
31491
28786
45948
14786
38672
6704
13424
22566
41902
14828
13346
9888
35455
23547
26129
24034
38385
53519
30065
42575
4648
14532
40083
13353
21678
49383
30190
40149
24610
35780
29932
55642
54625
10205
58821
10118
33291
36792
6894
45038
27507
48880
4839
3126
38907
44371
16900
43645
54871
33326
18900
3249
49074
47387
5940
59755
20873
8172
49579
12028
8289
30122
42673
32464
9919
28816
38953
54403
4168
46065
23573
3170
55955
45718
15177
7249
22450
47031
58931
36835
58500
7600
16081
48046
52975
22942
24878
54545
48655
28237
41488
4405
29815
27999
15363
19177
22082
11740
19666
16629
11081
25997
20909
52750
35480
22966
50677
19334
55160
58078
8502
9253
4163
38924
51059
5116
56940
9567
51137
24713
4624
12300
12639
11376
24098
28335
43912
17961
7633
47780
21492
23725
57673
34316
53441
9117
26614
37697
55162
46325
30023
29825
14490
36476
18015
29893
27498
31376
31666
19242
13110
52725
57432
34177
48379
43073
47930
21771
18321
11647
46985
3460
26618
25536
47952
14312
10062
33400
27580
11239
11583
4307
33407
29338
42171
42442
18000
35589
18010
44941
56494
28459
57720
19855
13547
58119
44582
37838
35840
10464
13385
44533
54490
47773
43780
9769
3635
29328
16160
25425
25635
45987
36219
23734
28893
16071
18503
22447
6965
12161
58993
42450
42628
39870
41939
11946
59015
4913
36616
36589
24557
3661
22048
14622
48743
8883
21158
59009
58887
22225
9187
8342
42371
20715
57023
40589
16985
33030
59302
32486
16623
10772
8124
17005
20414
23665
5673
7794
8597
58901
54258
46520
38727
53992
51440
5524
5308
28618
43274
25063
32090
11315
25236
48362
53741
11143
11601
16652
6731
35606
42487
49916
45054
18690
34807
32978
11170
5264
9268
24725
46400
15254
26697
27838
19290
8449
13367
38765
51172
36550
21541
44825
16237
14409
58227
26834
24934
22707
41041
18408
26509
29592
4652
21172
50310
10592
4922
14772
33335
33305
32460
47481
23204
34539
3357
9206
20624
31713
46560
5141
47521
32857
37004
16333
13059
48843
40081
7750
12792
41738
56712
56307
32988
39277
40616
45307
9571
8417
20383
58951
55966
58506
10156
23814
43749
15733
34169
17520
58633
10232
29779
39852
49896
20903
12515
34865
44744
37002
14354
28962
17879
50207
23619
22494
28939
29684
28355
52996
16085
29238
19218
47047
11323
36277
58071
52981
10505
33158
24018
41925
51818
30006
21183
31499
21700
59329
43588
9934
58994
41657
24283
56750
59343
28159
25947
9580
44113
56372
35929
7209
19182
21351
30496
37153
13341
25233
26583
40740
52184
38571
40067
54287
58892
51308
4528
38469
7478
59589
3772
23994
32277
8023
26210
59193
7666
11317
48240
58812
38004
26523
48845
41525
21216
38405
49433
51819
42773
41919
32232
14783
40643
17435
15212
52088
39798
16346
42102
32047
20529
39015
54039
23133
3232
7871
3872
21866
30467
41117
50225
54606
21141
10205
54814
48892
3884
20625
40234
19761
50464
57990
14549
34393
10847
44328
23741
6362
42670
13740
4712
58253
7432
32228
46775
47094
26870
29605
33706
51375
51491
50886
25681
43718
18857
53696
42587
33285
43575
15807
30675
55046
38278
45069
13613
7945
52762
53092
47557
10753
15115
46299
59796
33199
24972
39730
14463
39595
43736
54657
8942
13983
58950
17560
40960
42501
33877
34311
5150
32451
44915
50138
48228
25925
39098
53104
57193
24479
42505
3748
20768
10755
3388
4473
50174
54921
13281
57868
40400
9389
6999
13622
48990
11301
37464
12979
59425
15882
17587
48220
40139
37008
58574
16286
41332
29074
13273
39464
50818
6521
44362
37692
49618
25146
30434
21390
14942
20308
24928
42181
53408
31909
54553
41410
11335
35189
51832
37427
12958
8098
35793
16471
30675
59106
19194
12237
23478
17871
24586
40338
46754
57132
49299
55120
43799
52611
13761
37135
15311
4422
40730
49147
55990
32666
36141
56452
5527
58656
9628
4123
49734
58410
16470
32671
8825
57494
25909
11518
41391
27242
27831
52789
49777
29423
50326
30493
4955
20601
31788
51460
46491
7747
57527
46521
31225
50338
46091
22570
33719
48778
50790
32133
41822
17741
9437
32937
51247
31086
39827
27761
9311
31745
4404
7732
5357
43150
55640
13567
39232
9867
51720
23720
43958
26061
43362
45492
54448
10338
40934
27871
20844
52994
41179
31468
46224
35754
9883
38735
43007
28518
47924
31048
8691
12998
45152
20926
48459
9983
57190
43948
22203
59362
43884
36709
48900
4822
33600
52513
13227
52562
20832
52393
47299
43584
59727
43582
45129
25795
19521
45481
52973
24743
22926
3276
14485
12164
42057
55751
30775
20835
21908
20019
33599
39022
53541
53990
10452
40931
35398
22215
25002
59867
46086
36546
29436
20134
40265
13321
57693
48542
37605
6051
13723
22010
19132
49021
11521
32230
41988
56520
38597
15206
40488
47064
48720
4000
9715
14774
29308
45969
12673
28592
20385
19827
16404
14584
19734
35781
11981
19369
56191
6953
43864
54212
38879
27161
39821
59921
35076
19441
9341
17740
38723
39553
51702
4439
53173
48017
24078
32798
3106
27238
40155
16716
20863
39979
28275
59833
14551
59234
52015
14401
35896
35928
32938
53608
12023
57949
42853
56451
27800
27495
6849
35688
9826
33812
37603
3725
11166
7368
4665
7505
21664
59969
43074
38527
15462
40343
46028
15052
45149
51147
49864
20408
55095
23309
