2085
34482
14944
21451
21123
5071
33151
41661
28348
11546
56426
59636
47918
38111
19195
40214
37985
53234
57049
21012
56632
11796
11251
48936
25386
35817
19704
43723
28428
43522
6388
28714
42072
22771
11178
59889
7939
16837
26433
7470
25439
58780
50323
13464
56960
14741
54942
13447
36634
3199
50249
59822
32492
37712
51854
47415
58902
30078
48529
38531
4224
59263
9710
58557
27063
16667
20089
36849
31024
38682
58799
15745
18549
52222
11659
4014
47672
32220
50441
52720
41969
28267
53401
15882
46866
53767
7738
7538
3250
13932
7477
57038
34709
28578
35839
32591
33166
42880
40445
42165
58824
48444
37444
4175
59877
29302
25413
20019
15422
33012
28712
13432
24777
44688
55606
11782
31361
30148
56419
41406
22705
10853
41386
13028
28103
24576
46334
5195
38514
58352
57752
27164
31328
42882
47429
23087
6363
33903
32034
33578
23172
28595
28339
20499
47372
4498
9184
20201
52875
18824
15989
4865
10370
4101
9674
42021
27276
18563
49794
20840
18416
20048
53701
47030
41055
36357
39776
17125
45637
3743
52085
20251
14720
42295
16174
42190
55945
41083
33715
48196
37190
28111
27976
10702
21859
32668
35658
9002
15997
59669
57292
59092
50926
24518
8328
30054
54786
39920
55770
11819
29488
53561
39375
7174
20033
10028
43455
51814
56795
35004
34055
28846
36274
40759
34333
13991
49821
13371
10609
24885
23091
26557
17935
40947
56532
47840
49640
33149
40567
23222
23177
3282
32330
21758
28079
14407
42954
58513
5018
48588
38554
27131
35705
8616
16222
36675
59443
3128
29479
30168
3553
7204
29847
17763
32949
24434
40352
24921
53920
14179
22592
29050
36881
40925
54430
58920
19681
27542
57265
23415
12967
40116
42922
34202
31472
20949
46472
20880
48309
43743
34325
30904
7063
37839
35992
29737
5168
8699
44221
25091
37294
51075
59215
33980
35651
16002
43451
28999
38293
59392
25200
55569
14147
7826
31855
6459
35410
41934
55257
29889
41221
4441
47989
42878
18513
18074
19185
27253
46437
54404
12240
13863
24479
5853
3384
45623
43794
20675
13329
40377
51274
32064
46856
48293
25000
15636
48063
13641
38535
29059
14911
37108
35780
27420
29151
27939
56600
11351
24725
52424
5775
49937
55501
38385
21752
48846
34749
52911
4878
53543
50680
57475
31582
6534
20462
17445
52763
59076
58091
31811
22377
20895
15798
40898
36356
7648
50654
3954
31190
54313
33955
31471
23368
9706
59138
55596
43700
25864
57988
59211
34707
4267
26318
45872
52190
26868
24424
48047
32921
40655
56874
38821
14100
51208
57761
15686
35642
53855
30916
51543
54511
24823
51759
11015
42886
5513
32096
42056
27043
48168
50182
5592
7887
43840
12600
43069
38384
26005
53944
21558
53848
10554
32218
46060
8989
55231
43998
53580
24966
21074
10210
48419
52228
44089
56718
26428
44394
19314
27708
14922
47301
52317
5903
40699
15154
5148
35961
20525
25235
14498
54753
56387
58204
10768
3605
40460
7878
19672
6820
45503
46214
37992
45374
11126
50748
16881
45269
24493
36315
37661
49589
27868
27907
16868
48955
40931
35318
54394
33189
19733
31426
46847
5636
35698
55452
35136
26109
9903
4876
22625
14338
42319
38387
13069
50593
22338
57362
3908
21666
56952
25015
14101
43268
37814
33459
59676
3424
41796
7083
17826
42000
29351
13540
30806
56262
25816
7864
37493
5960
38752
30968
31513
55343
42356
35881
30394
17283
40263
35142
16250
14585
46462
40858
21026
50316
36251
16049
42222
33075
13068
40394
31925
25625
53341
23036
4002
58992
40756
49210
21938
12163
15208
11753
32042
20322
6176
9578
58914
35011
38764
47273
41347
43285
26596
38221
54603
54124
59011
34385
28780
38385
13296
18522
51775
4383
34826
16729
7005
27464
52068
22825
41403
56894
6006
58918
23351
40123
11031
40981
35962
36898
44943
45207
22510
3460
39649
21819
35686
58134
45057
47018
47039
13190
4919
57453
54159
44749
42065
58754
36073
14485
51620
20408
58076
5962
35008
33935
59829
34902
5400
32607
6213
32829
41402
55538
29112
48337
11907
28389
29410
49688
54972
45337
35347
6819
15025
45815
59449
13756
50901
53322
46331
12220
48416
12978
41746
3978
47216
28922
54386
41769
38676
45711
55235
32267
13562
6236
58396
16337
25288
13938
7093
50563
3524
5057
39567
51561
15113
17101
25158
48245
20726
46645
29361
41663
26697
20544
59418
12001
19564
25789
46997
38654
26008
56729
44009
39398
22997
46308
20962
16520
19623
59896
20671
23520
54484
27646
46195
45494
44555
29299
45683
11051
18800
48336
3560
51470
8429
14563
22017
49431
52860
13784
38862
36151
29457
4081
18888
25701
47667
28659
35658
7523
55415
35635
30764
42444
49360
6929
17708
53505
22762
16167
30811
39391
24745
32305
55142
18420
43821
49113
24229
19368
50075
23879
57386
20612
9000
49853
21367
25794
28242
58035
24534
50139
17367
40964
8172
22863
11975
26773
12337
43329
55860
6811
48078
26105
52255
51797
44747
23956
13941
4944
36216
29922
18307
47766
36702
4335
35599
24231
29551
28051
15331
26690
53074
58810
17869
14854
37324
47467
27869
33624
25281
54551
45315
15194
55267
14115
40631
58150
6644
42524
54776
56668
33940
24637
20463
11558
36779
9443
36617
49297
45364
11448
56287
13821
29802
37324
25391
55729
58172
22256
12176
20728
57280
16776
41110
24426
13717
4406
49730
25480
5539
4637
52592
21820
48080
26091
55301
41320
43514
36441
31800
53027
22444
9287
33430
15406
22493
4038
41045
19731
28548
47020
44164
52194
8103
32844
20820
30852
48441
5302
59119
4479
14932
51282
22668
55664
17134
24700
23574
40672
43896
27078
39452
44746
57102
28975
59141
20067
16902
49564
40970
10034
36534
58008
12369
28176
10743
56040
20074
50450
3295
3818
50643
15369
22290
40747
4181
29602
47527
30328
54815
33710
35485
47982
44138
26522
31882
25058
18338
17242
8895
39777
10313
43628
9803
46804
29133
21351
9450
11574
22669
54085
52393
44528
9403
59424
35216
49317
6180
10224
46778
40198
36745
4337
17102
7956
40384
19071
46691
36513
11065
6570
39181
8242
21334
31071
24658
46331
35618
38372
41186
12092
23253
53429
9815
3458
21910
57321
7230
44479
4708
17387
23875
35441
5040
20280
53360
35446
33175
24088
7350
42121
40815
34150
38328
44391
50533
17091
44791
25639
19679
24230
55285
9843
23676
25215
47153
20698
21830
28741
11848
48408
38036
10554
44013
17236
50990
32814
28075
48001
20435
11914
4514
36688
52922
43864
33832
11438
58182
6217
53269
36638
26329
52922
24861
53103
20205
40089
9900
25606
31028
59494
51691
21875
6829
17335
20853
40095
8640
49218
18840
40649
35037
14763
37445
53282
55726
16084
43290
11895
38870
25509
16122
45333
51341
32772
56638
46274
27760
10192
48388
37769
49736
41264
56619
10632
12956
52814
48571
29498
31568
42290
39320
30651
30478
23906
16976
30545
5870
49484
56746
33304
21090
25181
24532
55272
30463
28141
26069
48398
6647
29645
19299
23110
58624
43980
10898
38786
3061
9650
35597
23371
26574
19022
24175
17271
59749
42688
44803
51643
7182
59393
31333
28109
50190
45819
7249
8755
27401
43103
56545
33386
44150
33194
58620
50608
17099
38675
30492
12318
55165
41970
53981
29034
47185
31674
6510
13864
38309
28790
23372
59104
9127
23624
36102
5485
15738
57175
38840
19623
36895
35461
52335
38287
21784
15398
27941
13131
4130
51756
32790
27535
38425
33500
13043
46642
49024
16357
18006
21890
20861
20613
10147
40919
3716
44238
26091
32719
38855
53006
30754
38097
55341
15436
3165
14083
42778
41135
14088
51068
40122
8059
47308
5413
23913
6954
6831
26395
38535
54018
14845
14874
58283
56654
40049
44670
11617
18117
56884
9267
18571
15594
46180
47918
25060
42996
47036
59203
6772
9172
19845
14493
59555
56541
6292
58636
32703
19423
19496
15293
41989
55609
24137
53101
28587
57879
32035
6491
45792
25275
31335
48825
19449
8924
36176
15049
36723
31628
51419
22865
18119
54364
16417
38139
34135
27987
48950
26691
26868
13586
15808
54982
9445
4826
16663
44695
18030
48781
26615
14870
5828
7776
58522
48206
45193
20552
47563
20811
41070
21971
18231
29610
36305
53710
53517
37297
40366
16631
49256
18169
44248
56976
11146
37667
34215
19296
20700
12109
33723
24744
16246
12340
9038
25854
28239
18140
57562
35324
54592
35631
58856
24673
23038
28075
35249
47294
46099
26628
19098
12554
20447
18572
40923
36707
54292
57769
31422
32648
4390
53112
41075
54549
30901
19173
58407
3246
14269
27284
26214
22465
45815
4171
43551
6580
47466
30787
57443
37406
10826
49686
16177
32506
8759
16801
31048
21352
25846
6495
37064
21094
56138
21355
27112
10013
51861
10287
21823
26419
59508
33773
9012
15822
31735
43069
34786
5904
19747
32156
6259
38852
41689
17410
38152
12517
32993
54428
21786
18085
6712
39637
18073
7440
41988
14715
20641
28998
27658
23525
18340
22459
33457
27157
38777
33244
12235
35734
31240
15168
16353
58813
58686
10703
10753
59744
28640
7354
47040
43663
24711
8947
31345
38703
40926
47083
6423
35896
56869
13104
56957
37462
19446
33861
50679
25516
5632
55966
43414
12229
36134
34890
58734
21808
27696
12148
51854
4935
26060
46603
50057
53054
55300
58071
20710
12185
33068
9259
23668
3721
41296
13360
55254
41790
25595
32957
44653
8083
25085
12773
55002
9177
49509
38241
15966
45938
13283
25904
15286
49017
9390
50041
40630
6868
26527
8009
30752
6326
50419
6354
37660
46046
54787
5160
8676
6737
48581
25792
25969
53754
12134
40741
47135
59700
31226
33580
23770
31854
50051
11466
25469
49370
42158
12988
20142
6847
36523
19143
52504
17416
53964
12491
31655
41490
28637
40332
46467
46285
24127
31674
38783
17276
23653
26134
11694
39441
45045
50362
10768
46540
35585
42808
58691
25698
28889
35758
12340
19743
43022
44868
50778
23153
55965
5553
15820
59694
22618
26841
29050
15928
59915
27821
53823
59690
36760
13857
54474
12196
16970
10209
4705
13231
40212
53870
31206
12535
18119
28382
26524
43233
44004
34908
27322
21246
46919
33944
58488
56858
51872
29835
59493
42352
51908
52592
21526
33933
55583
28943
58997
34955
51698
44329
8109
16280
59201
22540
25690
43847
23389
49092
13444
52853
24297
13018
16353
49790
26549
44720
40565
9373
52883
31154
22003
15161
19577
37172
32088
44018
54110
50169
6635
28070
21599
16074
12948
40055
9589
44650
39086
14800
32722
41631
24850
22208
15029
50013
41365
24270
37164
8675
50311
15606
12965
37442
56251
44278
32498
34516
37909
9280
50012
12130
15839
24265
53936
59672
50074
54266
59123
14849
31937
12216
27124
28937
17947
33605
44314
56010
17011
23453
54881
19144
21105
4846
51453
10546
56628
49046
7026
23487
51873
11730
13140
58405
49042
53891
40599
47870
18474
20712
13827
50026
46900
18215
44448
21520
56746
29376
39721
38143
45252
44722
28975
58341
53280
5361
7120
20774
43867
57556
3658
14227
16714
29342
13091
6364
32431
48662
11332
53028
11078
43422
6614
29805
37750
19029
53950
36514
7223
32590
49635
47042
27936
58420
38146
7228
11221
3236
58769
8965
26075
44863
10703
17831
32413
45863
24586
43682
56675
29964
19311
58659
58638
32213
51630
9631
59345
34252
21550
53069
32050
18246
56300
6287
56211
22990
44777
22871
47303
17256
13559
44106
4458
16264
53977
15170
29812
10629
41372
27222
35869
15951
28398
28222
17831
31595
30054
50931
24498
45351
52018
10329
53524
40659
4569
15729
7200
59116
11546
57972
18135
41005
20770
9434
15213
15741
45349
33550
54152
39113
57361
26225
33453
8610
15437
57804
27930
52287
42313
15025
56716
5792
16137
52103
17510
33738
28522
29298
26352
55267
57721
54664
32287
43551
20818
8232
35977
19912
48933
41096
57045
23849
58556
34025
11013
7671
6203
48694
50965
21632
40180
39652
58210
48579
55499
40206
57870
22544
22459
39377
31779
27413
17294
49500
25989
41615
36463
46929
37258
40567
42379
27307
50398
9801
50260
8644
36776
5580
48739
3764
31028
28577
30216
55268
27668
59172
45384
55049
12435
11548
31837
25039
9001
24609
50602
11497
48708
48842
59740
35316
53174
35708
20773
17968
31056
51098
46224
22928
44065
36459
37475
34733
8283
13056
38379
4377
21165
27040
55574
3495
52010
4016
30968
23685
7614
24227
26950
10685
37220
27782
3220
13493
39420
9642
42484
22528
41618
53243
31108
22695
22127
34365
59376
12097
59547
32621
34635
31511
33853
58300
4676
35576
35572
15849
49134
20973
40101
23052
24909
17903
13939
22529
28441
52109
31930
16502
36305
9941
23830
38852
3740
10458
40668
7396
28070
3488
53106
27734
43710
56827
58194
38357
33129
37667
19194
24474
30965
21530
44243
52339
14751
30038
11035
34233
31164
27216
47166
34731
43691
8128
52259
56101
48371
44922
33681
58014
45242
6682
59690
18389
33314
21993
57221
33844
31790
51221
22202
29360
6306
10307
54978
26291
59932
41110
21999
5012
13840
45265
18505
45883
9531
6148
35332
37699
24540
21807
34075
58070
22381
15818
9449
30148
14131
42343
43644
54877
31835
13978
9993
54727
28852
16600
29281
40885
39944
41271
4549
56980
9252
44248
30958
53093
13767
27299
17820
12016
5119
16422
43715
4892
23476
22978
4137
24807
31955
