646
43209
35365
58980
23865
53665
22940
13440
20131
54732
57857
34638
19877
5017
26942
45318
12154
12024
26034
56321
57920
58596
57639
39188
13941
30049
24415
8987
40665
39182
47842
27982
14333
44708
5689
13212
38939
47414
8018
24389
43277
18452
55982
40598
58941
27734
24571
36755
20642
38481
37144
21484
49667
38519
27729
48510
17767
36144
35603
11418
39278
33286
55546
54217
38798
37804
19795
47755
25872
29046
18704
36531
17412
26327
10824
6664
53817
6667
6459
25040
16845
59985
21546
16760
38538
34078
30745
13377
23121
19018
13245
45016
23404
47809
18925
49646
20800
43958
59455
39234
49910
5759
28711
38857
47670
31104
37089
16985
28379
13237
15918
58394
33567
28590
45137
34297
19789
41486
10879
46590
40535
16474
37365
18434
18248
52641
27635
53303
16358
23723
59000
15561
3941
39225
7721
42974
42151
13917
50160
20286
42171
55821
41435
12304
32026
11137
15159
47528
15258
16077
26393
14463
47490
47162
20686
14902
4456
58092
27408
19652
30110
18044
43240
35760
25163
39517
24170
11912
30362
18163
24958
57227
20096
17619
14284
35586
50608
19098
13056
58719
16199
37346
27326
48749
23495
34478
50706
7806
26814
22915
11138
51549
45866
40097
20114
12186
35699
35631
28339
44643
19784
14428
35755
37845
13513
21180
25215
21819
22534
31391
27091
48925
4843
31483
21757
39579
26999
16601
58930
25211
25030
24482
47725
40573
56090
51981
50867
44049
27068
43883
46180
27254
11777
29904
16629
20637
19521
5727
7689
28670
31300
42190
46641
54459
6753
27253
13629
5524
8125
11653
36232
42899
59033
24470
49527
10432
29919
8266
7632
40772
51636
13259
36744
59041
22712
3626
50979
24312
3188
32640
39906
3331
51357
33219
29026
49906
18585
47232
33546
5190
49166
4049
55252
27256
8418
33004
58419
43141
35189
23692
48458
16709
52917
9081
39702
20022
4624
12139
18529
3424
31263
15957
10147
24651
43287
15961
40987
55324
29166
21810
41778
36783
14089
19685
52875
34017
44896
35956
57655
8796
58335
56304
38457
57815
38820
37398
6671
57467
47275
21705
51011
37438
40852
17372
27842
15111
52888
9978
51687
36044
32444
56727
12390
17253
9835
30948
38491
12720
43967
24105
15408
52130
31984
7439
45884
19979
28714
48025
25058
23842
11188
57347
37754
10839
59578
21875
26314
12040
45101
48952
52664
16255
25454
37311
27312
58033
50692
40727
54456
43404
47692
51216
36187
11543
3978
9966
32605
24875
20537
59235
53775
21316
47228
8453
51118
3716
30758
38026
48959
21828
47033
29940
39022
13485
46234
8726
32109
32141
38763
8950
56659
8337
15419
29928
35154
43380
16352
59129
22410
8262
23044
38867
27154
58671
41073
3427
23365
51812
24969
46538
39392
8753
46885
3115
48721
38100
6980
3250
13280
45421
31637
8151
30051
21319
48191
49405
33230
21498
58757
26068
49954
57048
17886
4297
43897
11984
40137
43431
31941
51206
37417
20838
49480
18634
4741
13388
38781
39177
49500
55900
47141
50178
4013
26286
56921
14597
31030
24211
44741
16511
14042
7338
56317
50815
40792
17301
29845
55624
13355
19973
59409
53791
3379
36488
44567
56621
44135
43880
25444
26157
3890
26157
48118
3977
27776
43526
10930
19946
13762
34598
7750
12894
43045
10901
4738
54274
23843
58832
36493
18468
57483
3708
49291
18875
4415
3618
39677
50089
59232
46104
36772
43312
37815
45227
43148
40687
46354
36802
14057
4905
31912
16065
44118
28025
54526
30773
3120
55377
36503
40680
49010
43270
24144
41132
16014
7314
33241
10450
53337
50008
10487
28945
40850
48648
58958
6774
52842
11510
55714
22816
47884
55689
34191
57465
32988
59792
34202
15799
49002
17746
42793
20799
26175
29802
30226
27099
55905
21279
40163
24929
31360
8514
4960
42665
3115
38101
41420
24349
14915
48039
46941
35338
42922
29942
58422
33675
50385
11754
55649
34918
47495
43599
3778
25152
25425
41178
44580
19763
23318
17841
56372
59960
41709
28904
31108
52186
53780
49999
48649
55514
53016
17571
3407
14280
19753
33064
45212
25594
54579
9791
47851
7747
52992
33206
27934
32791
53382
