301
30085
10424
47841
34216
18270
45773
24754
58366
33044
51295
46476
17383
59091
22668
10709
6491
15516
56424
43419
6476
47678
47188
41973
18370
45847
49130
24463
12435
14892
20023
24367
38920
49813
55363
59522
43138
6627
10945
28447
23748
42387
3865
46044
59655
22547
18220
35531
36067
16316
33541
43476
16917
3964
58879
48453
31812
19148
35897
45141
48210
38554
27285
47124
39951
27492
30515
44543
56869
33295
33247
9951
7291
36165
11561
53105
18950
22864
15330
35048
46084
7019
43735
41846
8077
25368
7976
12880
31320
29757
56786
31287
44438
35148
50618
45098
18109
23281
16390
59184
36144
37082
22687
33474
18441
59772
27666
3755
52464
7037
54627
17712
53784
39851
58146
20120
41060
12781
56268
6980
55381
14853
34693
45669
45438
29135
34874
43212
4390
41155
29476
55192
42767
20348
50208
55274
19498
4700
33780
12842
44497
24300
34764
45002
35850
33547
14480
24872
3755
45822
27741
41969
57137
57087
41422
41746
12114
41819
56838
17245
50802
6096
34428
41383
59258
21139
23882
13134
13552
38348
13275
17811
7606
42215
57511
12572
57498
19965
19894
55035
45086
46499
40674
6863
7478
11045
47861
5277
37123
37174
26469
51624
22703
19643
55232
13237
16212
59742
22418
49328
11427
53335
29879
4491
34480
16926
46531
39159
52226
26358
42808
35481
43677
46591
26202
7942
55248
58886
16380
50849
49698
52292
37150
33903
49580
34540
31051
3825
49265
40448
7669
50710
33876
12210
43584
56933
36986
15112
37001
57460
10077
11396
18011
47625
17246
14673
44651
10788
5114
43657
30942
27152
12053
46740
44075
27608
10375
16946
40791
43525
7132
21892
20137
13002
48921
9644
46457
28836
21351
57887
50560
55740
18474
56588
42114
57425
47245
29674
45557
57805
16342
43855
53659
23867
43987
9064
59929
52245
55005
24577
30998
26306
51214
15429
40105
10227
27122
4697
32506
8221
10050
20233
