2072
43609
7333
18529
21072
8481
47330
13273
19076
11387
26424
53202
45440
19206
26821
14794
15420
13779
10826
32822
28650
6804
39548
26604
29116
24290
41630
50207
6109
42742
3022
16642
37332
20720
8720
14627
25427
31407
5222
59393
35918
39301
3026
28304
57352
31420
13370
54343
30366
24022
46044
21153
53857
49844
46032
55602
36545
5269
44482
24919
15468
16153
23691
29988
29982
14948
9419
59370
46946
18157
18416
33503
16498
49409
3614
28976
54611
40976
30826
6735
15301
28452
13681
7846
20473
59497
55940
36316
46520
50695
14301
8746
9235
19893
16202
34159
48578
49512
36860
53608
19008
26750
29119
51599
55602
49143
10565
34598
9476
35906
10039
11562
17655
54561
27512
10783
26919
56828
14095
21352
21692
42898
11412
40690
37867
8485
25899
42856
15965
19632
14405
38893
3009
28495
19417
15687
18946
4525
57527
26936
11699
28412
41492
30318
29155
19501
48229
44711
15081
23934
20950
54737
42137
21829
17180
45894
39634
50847
54788
26869
46856
14413
17152
21111
19546
35312
43174
39663
49074
53262
51281
45886
29995
11771
53784
51051
59448
34869
8979
21334
53173
10799
9673
56129
43823
40537
49479
32825
59927
42810
29928
28133
28834
51845
55477
32802
39064
19180
11036
32538
26857
16505
50995
4676
11722
20691
47271
6779
37800
33462
9691
5967
11227
43782
40664
41738
46246
44446
30620
15091
5019
39316
16761
30463
37757
7445
32446
58050
55433
23395
22537
41072
14444
25170
7868
59184
38418
7613
30289
51650
42700
31478
33557
20044
38841
45726
50881
57146
37795
4352
8242
21168
27748
44619
54432
26534
23651
24893
7807
54576
4751
50204
26609
40404
16232
56151
6083
18792
56923
28856
4617
31089
9946
15879
3144
46277
58233
53795
34636
29164
31063
30315
50782
50157
8808
53985
14244
41334
25899
32814
25662
19630
29015
5454
27890
42609
17781
47218
21347
19295
42160
41337
34709
7784
43874
8147
34757
53781
25710
11767
53326
22873
14926
51884
15142
12132
51186
41160
37207
23975
23983
19542
15262
50565
16947
55277
15193
27008
13246
36420
11618
42103
28976
16979
26346
20314
44053
55375
21310
57674
11469
7345
9083
55726
18654
29234
3287
23783
29784
24948
21420
10214
10593
21120
7777
3580
50010
26000
7181
13577
45422
28174
33499
29120
41844
31087
27010
16008
48329
6377
16864
8668
47983
15022
27622
41778
57861
26278
12988
54725
31201
19288
3466
23321
8703
40438
20418
17076
16159
5661
21992
9968
52748
3589
25893
59978
49308
45626
33041
17573
10224
22959
54453
55097
42856
9805
13713
43493
19089
52568
19878
41521
13459
49653
11000
32516
57309
39925
45520
21472
53553
25967
39782
10776
21787
19693
50654
40281
41226
21416
15982
32308
24232
39014
51900
21437
58991
25120
14939
39836
24640
51595
45650
43554
59168
28698
28863
57466
58432
42575
45797
19993
18425
35799
58588
53724
28699
18163
42104
58247
34211
16828
37307
18791
26470
18980
28820
22927
5423
15762
41810
48406
30566
21623
52899
20812
32167
45205
23275
16324
42799
12563
31545
39010
49176
53995
45036
16890
59214
34758
8583
34056
31902
11433
23283
56724
6908
56136
33774
7748
39136
41691
35558
43820
55333
30982
53670
44919
34288
10979
27574
34962
35220
37478
34793
58687
40148
51007
19816
24707
54955
32557
55930
36036
22501
21520
34999
26194
32080
21754
37894
7819
56051
45811
24398
41031
17035
41317
26865
51101
54647
7532
46573
16381
34119
3144
37442
37516
5903
10549
16487
14107
40970
33794
16703
53767
56504
9573
11645
16518
9020
28572
54624
38390
10278
53748
49181
15370
8874
22816
28790
31396
27523
10907
34453
59273
52287
47428
19311
14643
43959
14759
42463
52163
15096
52962
16942
55076
40799
11526
40278
37080
31528
4114
4890
51951
55914
32762
20914
13757
54676
34129
3666
56222
45287
17839
56846
12965
31681
17570
18507
54641
27200
29525
12694
32844
52333
8046
46105
36130
47033
4754
56019
55075
22630
8372
32025
37197
51020
47324
4079
24619
35428
8644
42836
11793
10201
23875
26788
35175
19213
36241
6288
55873
18718
4172
19469
45133
28840
44626
31566
37997
56325
8280
53782
9198
16314
41968
48596
28694
12513
40922
3560
22623
33279
24572
34531
34099
9623
5507
38284
12082
51298
39517
27442
8594
45623
59125
8435
21248
7560
9203
28423
8902
6269
43977
56029
45531
21858
50220
59472
57878
46495
29729
59429
53615
17251
25998
43420
54105
54540
10141
45446
35737
11561
33053
43048
29834
20627
37401
44206
39280
10481
48889
34989
42836
22485
27756
38906
38565
54007
10840
51296
26835
42930
28197
41737
49563
35772
48540
16447
59440
8274
37765
49657
6901
9372
15444
28180
57275
13623
43341
56511
19434
40589
7128
24177
5859
46679
32709
50538
48187
8213
47240
15117
27757
43861
10924
46068
51717
7819
17013
29758
23227
34179
47822
24533
35509
28302
31454
15542
44414
40323
35291
16353
29352
37243
11266
47793
20411
8057
33785
31729
17516
40848
54277
22117
44686
37411
5864
37544
42892
23647
51240
36752
13005
21285
12594
26352
13988
18817
35082
53358
28309
9658
49016
22987
56808
37229
26913
19855
52264
48236
12492
6169
9098
38540
16211
15347
22333
20612
16931
44863
38528
50303
24444
33204
17683
52231
21711
38622
42001
51336
59911
8299
48250
51571
47941
57301
42380
10774
40796
15435
38966
49074
42654
49389
55683
16476
29657
21300
11776
51810
55690
34601
7880
36287
25300
53586
36172
51123
48224
16088
15629
46126
44745
36341
55652
11153
36232
18821
10868
17826
11759
50850
58323
20510
41211
24088
42359
13670
31972
38432
47483
35384
48273
12814
44317
6711
27507
33837
15785
23024
32098
34154
26732
45702
56414
4391
34143
28675
32485
30136
30787
46108
53300
10246
59544
56317
13142
37966
9011
37682
19786
48223
26506
59817
58763
55092
42086
48396
44767
51528
14155
30525
38484
17559
55222
30572
51113
48543
28266
50301
39542
29702
7562
46971
15482
21952
43811
23620
28326
37883
8235
11084
40794
13725
37414
42863
12376
46967
10674
40808
40433
48790
51471
14068
14030
20259
42595
11069
41777
40310
49303
9442
56671
19548
9737
56315
25834
45922
15774
33037
50873
20041
34475
28541
50593
36255
59442
54023
35967
9840
49863
38428
20880
34060
6514
22605
31634
3701
43711
34282
18876
44888
34019
59553
43691
26951
17994
49623
30830
47751
47957
53377
44724
23995
53465
25043
21213
15992
14152
19840
32545
41670
47785
43350
25596
42272
15474
52496
41693
38620
57076
41588
3634
11832
48017
33750
28746
8846
31094
39020
18937
39858
22949
32191
6995
6451
49349
54404
56502
55865
18448
37440
41495
6567
7019
35018
8663
53652
7922
35298
18613
6883
54949
49907
30571
14085
36770
44149
18989
5761
14391
46371
32242
16566
17139
58367
59019
36002
23839
55361
24384
35419
44434
7946
26595
44953
30629
56522
15054
13266
6163
46380
30654
11775
28057
10020
57132
59525
9338
29723
47776
44122
52617
29931
36915
6391
32078
25030
38494
14049
47626
12803
3572
36606
13459
42982
5765
43729
48388
32543
17914
37859
27135
32405
43306
58156
29135
23249
7254
18786
41346
30534
31808
55876
20280
58330
30153
33861
10025
14198
39622
17502
19889
29498
46581
35186
18822
38755
5739
12840
24508
37278
31338
53761
36560
28558
36423
34468
43764
34918
46595
22280
58162
46461
31088
35979
29932
55936
53840
27961
48584
58246
39227
10215
12866
18980
46617
37475
58798
56843
8617
14422
7301
50538
21040
9264
14741
12073
50063
30883
3627
41813
18724
28311
47974
56175
15921
27734
55272
9309
36169
50837
18498
11200
34083
30280
7021
20276
51417
40515
46267
32489
55106
20181
4360
16327
57070
3138
25223
23232
39726
36806
28968
48706
53329
42934
19058
4431
26444
34090
24390
29846
50504
39834
3269
22748
3451
7723
35484
33142
29207
21387
32567
22385
49256
32018
54508
57643
50378
39418
47428
29953
6479
19529
10604
59520
40282
54941
11018
18362
27763
49017
18701
3859
14303
40112
6961
18244
44140
23375
9390
23528
57932
52428
23929
15362
3655
31871
53765
31891
36115
18690
18947
36116
51093
47131
26467
9998
25072
56159
6480
20596
54903
9375
38305
34138
8535
19099
3382
3346
56273
58562
37828
34776
52317
35425
31552
14656
20908
43886
22339
20960
58045
47616
13530
40233
12641
54609
43423
3629
29486
30403
8514
47401
10222
42336
24010
23021
54409
33618
3094
32089
5243
32616
55489
17316
15091
48047
10856
54985
56391
25838
23375
39797
45605
18369
49333
20903
22912
31656
44058
30082
40522
48279
3469
32129
17082
54018
36003
8474
50149
37026
43421
17978
4270
37224
26974
22533
50893
45104
23944
55440
6228
4555
10341
19262
25743
9859
56102
43420
16522
51100
21920
44258
25225
47604
57261
57154
51826
54721
5090
59478
4526
54330
41349
16897
33494
17797
47683
56582
21150
38442
15317
12167
58205
37604
5805
54746
31676
42123
30814
43109
37366
8369
37630
7072
52923
29801
54535
56727
57220
30261
24999
12058
45526
38437
57203
27720
30750
25082
4183
53932
25461
48612
10872
54968
48074
35502
36593
12165
40980
19100
8469
53335
22665
30036
49495
9034
8910
6051
46112
26945
5117
21547
19395
58785
51624
57150
50553
4441
29440
39660
32717
7985
38285
10012
53899
7761
20252
10775
56742
7333
40299
50323
23453
35096
32655
14724
48504
7067
49374
11126
37400
3400
51078
51858
9019
30946
20263
52571
29199
31467
41361
56940
33136
46912
21338
37207
44188
50505
49288
44724
36766
6747
56604
21616
34242
6641
38627
13984
38193
37349
34298
59227
17251
25664
52790
44760
9047
54174
45344
6269
7360
31199
49959
20998
12993
7986
57990
19406
7614
30864
39281
54593
30680
50685
47951
31551
42218
12469
36836
57555
13378
56987
59436
27205
40422
31357
14639
55284
35593
17272
13984
37403
19115
25099
6860
45406
23275
25273
27775
23655
36362
25289
9559
28279
42919
25776
5351
58925
24470
56157
48507
49519
40623
22148
14119
12901
48527
15217
51786
14726
23242
33058
59226
20045
10049
8464
16183
37371
56108
52801
14610
7689
59923
33815
24510
42045
38710
32983
22148
15821
25333
5776
21042
12277
53660
7537
13855
26594
53741
43607
40513
13982
4554
5949
53336
35229
57024
15739
36266
29760
26737
49648
48202
45751
23144
55393
44749
55214
58522
14295
47738
3268
16187
41875
56335
21275
46414
3555
57959
23465
38411
52099
9203
22237
10993
51537
14465
59644
52629
22682
38349
32045
58440
8551
44291
51263
31285
14482
34526
30330
16408
58699
13621
59351
5076
7022
49115
27066
19544
38278
54283
4151
10702
46487
54921
42146
45193
39084
23234
36697
37886
40581
7013
43305
19722
11215
31428
42574
33312
31775
18811
4884
36287
41729
45540
38027
40814
9946
4195
53269
50466
59686
21634
10213
51233
49086
19069
8300
4294
21053
28398
6939
13581
58233
56882
58468
41667
30674
27525
3266
30347
48437
31702
34777
56058
13755
14490
40015
39444
22041
5703
17490
37250
53258
34243
12282
39794
51511
40707
30134
6685
34406
18779
20801
33029
54638
41077
38408
15882
3052
36065
50418
41485
32526
50268
30145
37215
32258
37748
14658
37354
12410
52690
36838
31351
24903
27402
15439
15638
18652
20467
25808
17595
42413
17452
34848
56796
46164
29252
37136
32517
38680
17673
58213
36064
3636
20166
40841
3659
3946
56855
11618
55289
31850
57198
22239
44803
6928
47182
39619
12687
59572
25369
8807
3086
29866
37492
45028
29678
34354
52654
52251
30141
40068
13541
50370
7984
33920
57999
15057
45596
24029
55306
35036
48900
52032
5897
21877
56633
29703
56165
28523
26486
52049
6685
50886
34296
48165
45207
4041
43585
26384
52997
18879
10663
56838
37850
38660
5589
48162
34984
49529
17218
29351
3135
31230
49817
24182
45897
31109
31711
42696
28241
14884
7561
16797
28147
48366
58218
53217
16874
31901
21861
27185
23930
57289
39647
24409
50258
25481
5979
6856
7360
39454
58011
50041
46183
17285
42521
7882
46096
50168
19816
41338
10886
16621
37760
13949
48846
12339
35097
58619
25412
51400
58869
32102
19047
12111
52080
14747
28832
30780
58197
35554
19755
12610
34347
5135
9226
5094
22396
26579
17338
31318
16162
35763
46254
52466
51829
12556
15730
53181
40344
40988
20658
9403
48309
12347
16969
48596
30747
3378
57571
57516
39693
10385
58330
57985
41030
5620
34662
27604
13583
15201
19670
16092
54540
48365
8409
19870
5380
16578
56555
57377
14169
8221
44138
51320
19152
35498
20476
8467
44004
44076
31835
48988
9876
53242
49146
27653
31361
50893
29586
27650
52184
24974
36171
43213
13296
20848
55196
5397
57969
6201
54097
43858
14178
14048
59968
9856
27511
30573
57278
13875
13197
43057
50436
58910
41779
29216
17451
6459
52704
19069
8821
49785
40070
27829
29639
37779
53440
28441
32373
22694
30538
5394
25814
39144
24806
45333
8929
22373
8612
58968
45970
54778
12845
32071
53081
11840
52847
53463
31358
39249
19451
53450
49628
9546
3960
6032
18487
23229
25556
11200
29466
44617
22395
10039
46342
20888
8222
16722
30953
43205
3894
8360
18967
54134
44873
15724
52917
29376
34655
55090
35097
39710
43619
50956
