353
22674
30528
30688
38121
45759
51558
46078
7534
54355
35434
42500
15363
17817
54625
48648
22582
8534
35310
45048
4385
39107
15395
57918
51961
26893
20566
40107
53974
42567
15491
58020
38573
49148
5061
33135
24653
52985
52259
29329
16421
41893
26526
21997
40296
4508
9223
20216
20385
32182
16005
14829
35095
25735
34018
58232
25504
53650
4687
5737
11838
30521
32581
33514
39054
52712
35557
18058
27990
48643
30369
47344
41073
50113
26676
48311
44425
22423
47452
55260
32485
49781
20754
39150
54109
35970
32148
51597
16601
20473
17912
43866
55589
48226
37469
19003
37353
20459
28646
54040
46370
50987
11422
9099
35705
54664
11443
18098
24297
15133
52073
16581
23137
51580
52944
25123
30849
39002
24876
43054
52174
51226
17583
55877
20766
41862
56666
40288
26241
40788
38691
42881
6299
16958
9059
6794
49786
32647
19203
28396
59108
5612
57323
27256
47636
43021
54144
26854
31996
4152
27798
55820
7733
25950
33276
45993
7791
26406
40849
8459
25398
31164
49218
38255
47331
31684
51820
14883
12886
28086
15749
41573
17326
37382
55896
11455
53758
20704
44979
37076
6116
26486
59921
30721
53800
24961
49825
52792
26584
46881
4610
39935
40380
27802
35919
3936
53942
44649
47892
21213
49324
28116
4687
41395
23122
32042
51297
46885
4002
30070
15206
51441
23955
44149
28041
29574
5164
14284
21486
21472
26171
35605
8166
42168
20592
47845
32531
40185
43233
17833
54885
42556
6964
38583
17515
51945
19856
17948
46865
31833
32639
52218
53892
27905
39504
18715
17631
6253
5982
54912
12124
35825
37598
57268
10857
50858
40392
33789
36129
47682
21902
20941
17024
9760
7126
37889
58502
37972
39595
46163
51239
17679
25367
22832
28091
13328
8545
14897
16335
55243
42776
16508
38619
43320
15365
46609
5137
48670
23990
38908
48710
43480
3137
41303
27590
34501
54290
25174
10648
21406
52551
45600
22820
50158
7115
18812
3428
21331
22869
28704
49612
22753
53571
56381
6774
19277
55189
59980
6962
23886
57185
14113
10586
4512
8920
42629
43763
25074
21871
47880
51917
55827
41437
52920
18087
30936
8008
24437
28843
56140
8083
33261
12437
17607
28997
31841
32109
24255
56165
15718
30483
49403
50735
55962
