113
40620
59649
31386
5025
22162
14611
19442
29059
50386
4991
29730
24494
12975
49238
25216
28989
47183
51733
20199
46279
47526
26473
40559
43307
29242
57907
38031
28829
5296
53463
35382
29803
56715
44243
59346
45033
53810
12284
48916
8923
17191
15818
40565
41163
47085
42926
12793
9872
41323
11487
13620
17962
57297
42579
15365
46321
35631
30835
17803
6948
7965
31026
43257
38882
37157
22092
53262
33817
51239
19460
48900
48055
3933
10203
58974
6244
4649
51136
25366
47708
5752
41375
18166
37065
14300
11661
40530
14735
54016
27921
40442
40935
43858
44568
34613
48957
27020
56922
22962
27096
24218
23532
54506
52190
35543
32904
13261
33170
13454
53326
34436
49972
43141
