1307
44588
56748
15242
51744
57125
45160
18081
36749
15438
37266
4134
31668
41669
52319
47483
30868
24383
50993
47660
17337
55870
48550
59811
12282
4177
56254
27859
48346
20141
29287
21961
19058
59461
49520
18211
52456
37814
44366
17076
35178
38554
30600
56397
8560
52454
10275
59058
44920
55798
17513
41059
15313
7895
17660
6876
27713
39228
12600
44223
54364
25295
5629
47093
22734
17377
34222
42543
14209
36073
9952
11718
32759
32142
24405
46988
27053
49672
21229
30859
39876
25017
24198
23532
47433
44845
40808
49969
23667
44623
37966
8867
29058
7198
22346
21722
12952
25773
38753
48205
11399
7355
38590
31471
4662
20319
20663
21686
18618
47235
44026
43560
13367
20839
31704
42302
43582
38400
46427
55529
21172
20120
32446
24881
11458
58014
42360
50362
23774
48616
32830
3560
3117
17498
19462
18757
16155
44226
10468
43794
38585
34591
40923
17888
31620
25152
45050
49810
26001
40409
4426
33955
25230
8483
48085
59329
3655
36751
17760
16723
21304
14677
40189
3575
47462
15231
35314
15968
47840
38658
37226
56215
7666
44396
53488
28149
39346
37960
21614
25583
33291
43374
24143
52555
33239
42121
57360
23373
40069
35985
53475
15720
57192
5858
55365
59772
8509
26397
33081
37294
8494
11427
15663
51274
19737
51115
18440
33890
52430
38812
58217
40157
50731
27380
5367
18858
37809
40531
6707
7851
39240
23931
57658
39211
39926
34580
48068
43799
38319
13790
53434
48639
23321
39479
36825
57230
39383
39528
4378
41498
13470
22979
47462
50836
40480
27267
9031
54912
36418
12835
29737
52619
32013
3495
38741
10612
3607
15230
20061
21318
30654
57177
49960
12104
27583
13758
6107
46071
15438
11795
17934
12087
10243
59113
24846
26523
13942
48353
13870
30769
4146
5072
12855
41900
50945
35805
26378
59718
32139
50065
6062
20946
18397
36888
47924
11025
41557
52567
37703
56798
42230
16451
40129
26670
36927
36156
53480
19035
32611
33821
14525
9391
30907
22242
36247
12938
47115
24879
6126
38395
30677
52623
20422
29024
38164
35585
4227
37676
3304
22984
15006
44491
37961
20491
7625
58486
16447
14577
43283
16512
3695
48009
12919
58868
56842
22982
10879
28960
24695
30807
47635
54380
30598
18583
47610
18910
48518
46294
8704
53217
30745
43290
58902
10905
43070
21246
40977
12924
47476
54784
9449
46625
51248
39401
11363
57254
48517
24491
36466
7402
50507
19490
34975
9967
6888
38906
22433
19942
15476
15898
16949
53793
38704
23684
19749
23891
21251
34548
38507
16186
37249
45888
43319
5090
58994
42612
14135
41487
14857
23674
50930
43799
49335
5969
44102
51127
3499
41744
31496
58824
33613
14825
14147
57022
54231
58447
50105
56704
24301
8940
46893
56877
4509
9298
46122
29759
19490
6126
53529
33247
22454
30608
42764
24507
46179
48996
36572
33213
52556
48310
49282
43059
57501
43613
14256
58938
21749
7735
37329
55125
45542
29412
16363
18630
29576
18706
31963
53366
48469
54217
24586
53204
57546
23983
24835
18355
15171
43562
25540
54637
39356
49306
56226
44253
51874
46228
45247
29611
3321
43557
58395
33786
50657
16756
57636
45833
19234
11191
44272
18056
16662
29105
34308
12945
3368
21908
8244
41055
30230
6999
29215
10110
6773
5724
52822
50361
17409
39599
17511
25136
50146
12240
11787
48845
16004
36934
49223
6790
57974
40639
17067
56651
53874
43100
29345
31318
51891
48941
32646
31956
20422
49201
59312
18402
17562
48659
46701
3551
40011
4487
59463
13198
34666
48189
35112
13313
3390
57500
51145
29451
34100
26643
53553
10170
9592
10282
11589
6608
49792
33518
45317
43764
6472
25153
50017
33715
35842
39103
13238
47690
18116
7196
10023
57032
10308
56417
10678
12013
16029
15298
4597
52960
7291
29356
37189
46440
21898
58740
49523
18455
40527
17406
55845
4798
55106
5263
50226
3426
18754
41161
37047
41629
43275
33398
47973
55476
29989
31863
50267
34827
28378
36449
54763
45384
32810
56444
54464
9723
11971
49741
58517
52322
53309
44966
35664
16670
51084
3254
14803
39926
22210
11905
16154
52775
8619
18588
11677
30763
25315
10130
14650
48434
46734
45066
58048
15126
40966
41819
24768
11232
30756
52534
21614
10494
16828
15457
29000
33269
33530
51884
32882
51501
34878
10934
3833
45753
11012
45525
18170
8263
52015
14182
46775
46651
37022
10955
44967
5901
9490
25889
47651
56407
24292
21158
21602
55148
49014
16555
45522
25456
43606
5009
29560
54662
12337
16733
44849
9388
40669
7624
37616
19572
13420
4095
23040
15597
14942
3425
20027
32998
29418
35649
12275
54250
55262
12015
56833
56591
44773
18609
52420
22850
29552
31396
12063
59030
45067
15519
53434
58312
4502
4852
56966
11630
22302
53685
51846
15712
51172
15565
53863
58606
26693
20868
11537
11570
54340
29622
7096
31476
57412
17101
16577
37885
39676
21055
5525
10647
47937
12749
28550
31281
51371
31997
18883
14814
43975
22358
48119
49964
15158
40795
43822
13595
21651
45090
32701
48963
51709
35479
22994
45061
46857
23783
19443
57473
11417
48003
17562
7106
46818
29916
51381
18902
14047
32519
56486
24247
39821
4516
3875
28099
59946
33834
48211
51703
27983
51565
23803
36334
8332
7003
37844
38811
50612
53432
18510
44288
50599
46654
48455
50231
54198
26815
27974
28722
10256
8414
18423
47997
37962
16185
36017
46373
47602
38839
49618
41453
8153
12780
8471
56527
27877
11715
4383
9136
18876
23316
27957
21693
8349
54677
39177
9450
21150
19353
9169
6794
40928
29509
37245
54899
58013
21062
6048
37710
47891
57325
46506
44396
22774
23832
55754
55294
58841
3361
32528
14296
10414
29241
13248
36555
56248
27374
47848
39775
15988
10272
29396
4340
44769
19335
4968
44863
10547
26039
12298
55959
55985
13089
24205
50682
58588
13191
29021
55453
54720
59273
47048
19899
17259
18717
10389
10645
43851
34102
51630
33435
14169
9482
13224
31722
49022
48721
57201
54170
34988
54990
15655
21489
52602
56690
9820
12683
31451
25979
47368
33603
32947
39897
43781
45140
52380
51857
10773
28173
38865
44257
7387
46389
36429
36088
22873
40403
53090
58442
24156
38798
55278
25632
37434
48926
18715
26579
3063
42850
42745
16745
59227
25246
30648
36032
13074
4176
55433
7125
14195
57825
31471
22224
44111
39300
37860
40424
8212
43704
49164
17825
31806
33329
9529
4597
42305
49256
32382
21442
48307
44913
7149
3226
23294
43362
33095
41757
51522
29234
42472
18700
57750
22618
45933
19126
48558
55255
33433
55355
52666
47639
6654
27594
37850
39534
24197
5296
57703
59120
57082
26071
42520
23258
47222
22902
35886
51565
59044
43902
12572
51880
54075
10555
5917
21305
29584
19724
42715
18370
56594
27701
3283
58780
42083
38760
8104
52701
14364
51879
47291
58581
48309
56161
12000
37324
29673
45377
10440
39242
21057
5090
54241
6357
49154
35273
31831
17200
25148
24383
45532
25329
35948
11315
38701
19263
58369
23862
45831
29437
3461
27790
23187
22644
40420
56978
57505
11307
31679
8545
25240
12750
40126
57746
13618
49132
45915
54915
35440
47706
34640
22761
33600
3628
45526
39711
3309
27389
50980
5961
30028
3567
59431
34614
7355
44959
8375
49543
22351
31471
59219
6327
58708
38979
47683
5437
44122
24264
43587
3124
42151
22013
29223
29003
53758
43181
31942
11779
57312
10094
29701
8032
26908
47002
41910
6144
18713
47471
26360
47317
11866
44364
50389
15292
57924
12903
33994
29770
37485
31027
34232
26916
19602
51742
19289
11045
6595
45841
8388
21578
37863
11672
19809
25640
18858
58422
45911
26770
20830
16056
42036
28233
57248
22474
21882
25224
35224
43117
49109
35329
43699
21169
8542
58641
44890
25648
49274
3073
49666
49514
38682
51111
49792
3314
6763
44779
58699
3995
20194
57915
20429
59754
27337
6949
7282
25188
38029
35982
21078
52442
22939
38843
36970
39056
17331
10292
51998
38304
54419
42420
25447
3608
16570
24135
8043
13701
6508
24349
55975
16361
48536
40586
38678
40581
47882
51090
56705
13337
24539
46594
26628
7380
42650
25806
40645
21803
18330
34117
44132
34311
51003
20246
3471
43321
52533
52421
11665
53285
4321
57826
43875
28070
10197
15842
27765
33440
15451
8693
42789
11619
58983
51501
36493
56052
16494
9559
55146
12349
45432
26337
59500
51231
