160
6130
24126
21860
4940
19745
15782
9047
52258
14761
4740
59226
18572
32513
26667
56574
7397
44176
50671
30408
29039
14145
52646
5811
40909
48342
32582
14075
19449
42861
3359
25847
36111
12837
44132
57243
59345
44548
30347
43577
7230
59999
59260
44317
20280
21017
33111
45635
9548
29168
22207
47034
53711
12410
9834
17116
19822
19860
57636
34758
52293
23369
58304
3085
5362
27296
30047
16408
32232
46627
25204
59282
17830
5080
24085
28027
36079
13103
5481
44849
43833
45898
56846
28165
54957
53528
42297
16185
57560
47373
57371
37038
32055
52981
8312
3324
35072
55069
26093
59839
58164
21032
40660
45007
53753
54227
52942
6324
23193
34724
13282
51328
12500
5156
28310
39367
16830
51313
24927
37577
4721
49080
23109
33229
34554
18295
7295
57227
44262
19104
51835
21336
42079
18135
23769
48662
32452
36732
54792
52405
54976
49916
58675
9215
58267
46978
36465
32367
35630
53239
35507
17506
44102
49420
42305
42855
54634
51242
47610
43102
18731
