593
46674
54640
39749
7712
8470
18872
9648
7172
25472
26544
3308
54969
27743
43804
44743
17449
38178
32837
8207
43951
16593
48038
19798
8863
32837
19658
26670
39409
57258
44138
9549
32142
27640
5675
17714
35529
19332
40445
44069
32239
22938
28613
28854
19889
17711
49189
47325
57302
56002
4571
15986
17396
55897
25711
7830
8372
20322
27560
40865
56754
51522
11520
14419
12825
5121
58601
34149
57283
5176
23212
22628
18522
20582
36368
8235
47855
33462
9960
52371
31553
31046
32915
43159
40314
57271
6958
33718
19222
38689
59622
48886
4025
50110
29881
38897
11343
9647
39003
17242
26499
13403
22358
55095
44161
46453
26923
42444
37337
8929
27140
15551
41590
6609
18533
58924
33973
49211
26833
18906
53889
42177
7250
49374
59019
40397
24806
17980
37353
56034
54948
21176
28302
27219
24363
41867
40423
37055
58267
22901
51604
18524
39566
14485
37207
55727
46732
45824
19599
8318
27636
4045
35661
6271
54210
58676
35480
10022
18442
38627
57257
39645
55819
19959
37289
49969
54746
35081
48907
58750
38329
54602
52961
17462
30093
49668
52879
26705
51659
4174
53061
57003
19169
9254
58627
33558
56161
12375
48320
10941
22087
10878
42570
16088
29588
56349
19670
47058
29277
36846
22256
48226
31045
6885
49755
6287
36374
3068
28830
42423
15085
23118
24165
42696
7977
34649
14972
31962
36211
29677
19188
36012
7592
11323
45137
5028
31608
37590
16641
21625
57581
48848
20878
57742
27432
21835
52059
8940
56420
11049
43193
40987
59819
8637
34118
54924
44097
10390
52395
39816
43860
21789
24017
55697
41583
52338
11273
25516
21493
53200
44813
17452
9387
11634
4950
46696
56247
45137
41653
23981
35431
25517
35141
16535
54319
23439
30695
18849
34007
53159
20095
36903
35935
7853
37792
37142
36650
18849
54295
38311
11930
34111
57674
33092
51657
38044
34973
59243
59716
37640
21407
13382
21179
33999
19951
39562
22180
10298
36364
35391
36120
37992
9687
39243
20121
22650
8707
31387
37760
10094
46893
8513
31323
35985
36722
48725
55407
47883
51405
15323
19370
12125
51606
48942
42594
16893
37154
43372
19009
12225
20229
47931
52563
43807
26173
55383
43806
20561
3851
56318
22568
5735
52785
4372
52094
4675
39372
57039
57362
21468
43508
39828
27396
44177
29724
16898
34719
30675
23687
29538
4307
23173
43102
55541
20187
52666
48187
16181
26037
32758
4926
58706
10618
39557
49304
25091
6689
49325
35093
27371
22131
39569
6464
46865
49433
7443
51771
22037
24202
4441
52670
14601
50471
39564
48383
19511
28259
17038
54966
13438
15994
11516
6867
42800
3707
18179
32087
9217
18814
41955
14091
8387
26358
53647
4252
26472
43858
52514
47646
44601
55578
10390
37306
7737
52498
20546
36799
12166
16879
31150
13726
30413
3011
32028
49624
13570
50103
49081
29420
53502
8512
34305
44448
54677
42718
18898
18330
58410
17486
22214
40485
31445
26931
11687
10708
15225
26763
18536
32069
26551
55064
8889
35082
27403
49652
5183
12933
23824
3760
24525
10563
16953
4790
31458
17000
47131
14144
39627
17673
34886
51544
43358
25062
19682
16654
3303
49413
57823
40621
30394
52531
58307
53975
32160
32580
28649
26817
37883
16264
39882
21242
34894
38823
28307
21150
8994
9435
10282
37339
59649
16880
37376
17333
59937
32772
12721
33108
18163
58634
59923
57909
56036
10257
46588
51208
12849
37478
55162
7572
26300
48354
39836
9786
59944
5155
16884
45283
21754
19202
16397
9627
47705
20044
12148
8918
27585
9461
19897
3926
31550
11110
36094
11701
59159
28978
37822
39135
15474
17183
24587
37732
39185
46140
12112
58688
24662
59554
42891
51286
16427
32568
43414
33852
56724
27220
13668
31930
42076
40416
49618
28103
18196
59902
33473
