323
17381
8884
38194
25894
48944
33569
32460
51772
26105
41895
8303
5705
50241
59431
29001
18549
17564
7544
8508
27614
16846
57407
57682
42362
46882
10142
53163
34236
20108
45254
19648
13585
24694
17012
8406
27285
56370
3712
17489
59729
45841
3952
52826
37172
31620
15955
26342
49856
7962
29205
33674
8814
18540
54442
25804
51615
56627
39545
59255
52997
37611
35447
13491
36801
25457
19134
57847
30854
42653
25187
30643
17892
54710
48974
16474
32047
22791
16142
44611
28037
22556
49565
53009
28144
22366
40596
3202
50374
14279
17092
15445
8150
54481
14387
10388
26576
28496
23905
29345
20658
36806
15860
18761
43931
51833
42992
23617
34676
39205
39685
4633
52038
59458
14517
40607
37075
59852
51313
14068
16505
51900
46109
6702
36929
58707
47103
22429
29947
53950
54152
29762
52773
29854
22460
12035
6894
8877
47235
23052
22671
7516
6285
46965
52826
35484
47783
57283
6846
33015
37529
8726
16698
57943
9367
35589
10636
41467
53292
8168
21940
8002
51438
54575
36348
22645
5628
57293
22195
11962
4617
43559
32593
42744
56134
42799
22657
18581
31953
36936
50102
55301
50519
27264
14242
52527
46061
56768
57318
16404
20822
58859
18664
39719
18096
25420
35117
13971
8460
6801
13968
35760
37851
36218
16997
38422
19015
45164
44688
6905
56125
14956
45664
23343
19221
21043
25547
9575
33163
34438
10128
58957
12314
36301
45191
30067
4344
22556
29266
31138
28339
32446
51866
18882
41682
6435
50669
45058
5223
17876
11456
6251
38048
30991
52293
25451
21150
48340
37662
6466
30663
16347
49246
35614
8379
14464
19873
5123
3684
38778
16054
56087
53034
43315
32697
22628
48556
41410
3569
24687
56708
55694
18311
37124
16578
56019
48832
36283
31246
37100
38996
44909
38087
47642
34491
44138
34775
50586
13571
53670
21393
7832
39747
41122
31608
50119
37887
12253
54728
39418
48704
33059
14800
5892
53671
13626
38691
52795
9484
55364
41400
38569
39335
28557
59801
49365
13664
24485
44683
58527
57115
45106
35583
48789
