2047
53563
14929
48176
30194
35672
53805
17777
49106
25495
29892
28546
44143
19930
17253
17397
47312
31577
29752
20903
40504
37937
57926
57672
11935
33332
15208
18729
20458
51369
41321
27465
27276
30204
17058
29360
34554
54355
33157
44881
41266
43895
40121
8130
29004
15326
40794
15721
11668
7733
32240
35392
57377
45308
5550
34324
10087
31628
19208
23085
55072
14004
40649
47887
39252
3467
57784
28304
32563
47905
56850
22329
12832
53080
10730
33927
13212
17257
30025
57221
47337
39315
5325
28122
20668
6199
28417
28565
44615
56708
29389
15986
44420
22492
14933
16156
48616
34886
37970
6016
20313
26576
59191
57730
36857
26918
31886
34222
34223
17194
43431
4836
16727
28689
26903
50434
9574
50386
35309
45613
22626
14361
48486
49188
24579
51832
31580
35451
44649
20183
11973
43750
20398
32624
41690
57062
16830
25756
8872
27401
50770
11233
24397
19197
50180
23420
3552
9128
49661
21048
30135
49280
55746
30614
20436
56920
32587
44600
6600
46465
33873
16240
51676
29772
7390
45955
46682
7187
16120
24439
17253
47218
58366
8626
31286
54133
4805
51979
56848
12618
56781
22215
10720
49493
38384
26141
50380
23019
59860
16346
10008
27529
45058
38429
53319
20941
19356
58150
55473
37657
58351
13408
35557
22312
58492
34589
43756
3498
18032
37274
13343
36843
31776
6513
17054
20479
29146
55383
39849
56886
23875
26825
21908
38802
39317
48010
9346
18139
23248
23611
50621
49265
29530
29077
48654
46861
42653
17308
35224
16416
45159
17131
12581
47295
24922
10837
59155
12011
20690
57780
18859
5124
27870
49928
19169
39916
15543
5172
25328
16536
57797
11459
34772
56312
55670
55565
54713
50310
27942
44466
46311
23252
32174
17026
30240
38159
59778
28506
7921
9656
27852
11232
55252
9955
38720
56323
26942
22224
11087
6168
24672
35225
14814
7545
11844
49523
58109
16182
39734
57631
27244
31011
53212
44911
3525
10722
36028
56459
47429
33283
41747
28130
37724
31840
3526
20261
30642
17187
39473
45675
23559
39134
45813
32550
55879
11919
46590
15338
26314
40329
7432
38701
16241
3891
27648
6765
49428
26688
29095
45171
42258
28797
11422
23404
28618
23295
54182
4875
55577
32721
20306
24938
19449
30933
8933
37719
57759
15758
23534
17359
41505
50650
11742
49079
32099
10706
12560
6543
34104
29754
23962
32632
48633
35403
39664
22143
38973
31999
43974
29261
59730
50184
59237
44000
48838
45004
19938
55078
32020
47844
34387
55491
12624
17985
42734
47558
44712
21842
37316
54015
56135
13802
59818
12039
20137
21461
35982
14843
37913
36383
28712
18154
32663
51651
18215
24132
39731
41198
59094
59215
37979
3492
37041
19118
20981
47958
3520
18995
7765
21266
35229
48180
28041
17751
42185
16878
30155
4881
53004
30529
48570
45846
5105
51384
55661
39000
19330
14850
24624
32839
57915
56240
57437
57536
58729
23761
17478
5198
39142
41442
52349
29503
19944
27802
4771
8372
4966
6749
31321
30011
11830
43350
36560
55110
58221
47899
28769
20815
22813
47069
10781
41135
40672
18480
7689
29962
3518
45241
18383
15132
54169
11153
24956
4232
7418
12772
21958
43821
51792
7463
41114
29196
34074
30935
33624
56340
6532
55353
20146
26999
14316
37288
39234
45466
19468
21165
29289
9822
11057
20860
35950
38324
23062
23236
30704
45216
34742
35890
16769
46511
56985
11173
13633
44237
52573
24758
18803
35715
13955
46721
3337
10221
35104
41704
36495
57768
51677
22817
45980
24605
12170
3511
7135
21436
16583
17816
35816
15668
21804
30106
13511
35486
36975
36082
23420
24252
46037
43338
22579
29868
54224
35308
55656
41249
17548
58114
32652
35949
22354
7193
42354
56073
3165
33519
30874
52124
25845
6623
13143
18653
38240
44023
56240
37506
55695
44564
11926
28703
50287
34298
23830
20785
12542
5136
42278
46139
6314
7370
4549
37180
39158
53220
52253
6044
56837
18378
10934
11473
14560
41117
33088
9065
50081
31527
6004
40455
44123
3730
10912
41474
55423
32061
13285
58709
40693
43464
19497
10385
42065
23092
51318
16224
41858
23404
7552
22202
36255
42467
30843
27036
16253
4994
51779
17503
50870
46576
24161
22974
20597
44785
44782
12120
51693
5713
23242
48604
9568
17227
47600
52982
8238
15765
26416
31504
14020
9136
44419
38014
53830
12257
42151
39064
9026
43134
49162
38378
19227
47557
36949
12561
55724
5564
56508
21939
39713
59662
13301
28144
53142
55705
38086
48606
47186
58664
9412
52854
17783
42290
40319
28373
40457
59971
25504
28595
51398
29203
58313
54489
38001
26512
18649
5981
58835
13915
15379
19736
15122
6709
14009
48849
16345
11374
23837
43798
27666
39672
13452
45299
54231
29188
11638
37391
39894
8670
57801
13144
11020
51062
7772
57903
11648
31371
49937
41999
26543
40573
9572
15424
44772
52664
4994
58865
36660
33047
31527
30056
12575
18909
50338
38411
13366
42355
15409
50336
31916
18177
35796
46476
49820
19435
4155
55334
8683
28826
32754
16111
22250
7427
37723
47209
42762
59006
16980
35230
8534
20443
5119
54964
34621
9398
12756
30165
41439
36123
37649
49513
39856
47486
21234
30321
35795
16146
37097
4337
32025
8427
10103
37149
59057
59786
33402
44746
21544
36793
26698
55167
34089
25121
59331
44044
18803
44456
47614
51210
8574
15810
59808
9316
14249
40284
34578
50049
7008
18271
22911
44907
43527
38748
33606
34779
59868
49033
47715
30684
27448
14124
5396
54661
7401
36276
14778
26325
51163
26685
16802
37183
4013
44529
8234
48306
28025
44635
59964
44774
46990
43732
47123
19363
39104
10472
30456
58689
26556
55884
10229
5004
17986
23227
55584
7406
14928
4444
40338
43825
58423
33410
7192
17646
29445
22674
19350
44240
47289
37631
22992
18393
29947
30521
13896
51081
50385
15278
34386
35774
41292
59749
5227
46715
5985
20955
25189
56122
36516
8106
15226
10565
43193
57547
49956
13317
12714
49325
53482
4790
28676
26969
58007
13203
41556
16639
9783
36410
8124
5988
4393
10359
47764
17575
25109
20126
22374
54607
16632
15297
20226
48381
4516
17179
50851
36552
16858
36626
52025
44409
48733
7300
23788
44225
27114
14464
31010
19037
5182
26301
49850
7375
49750
43073
3682
44347
46449
20621
43893
14487
59155
32793
19718
38727
19047
32373
12901
30389
23444
25157
51627
33178
27173
47177
41006
56192
34896
41284
43810
29174
26322
20270
55196
58647
43034
30733
28858
9451
37507
54048
3141
26339
52572
49867
58522
55947
6922
21002
24088
19936
8570
25423
47557
13586
21040
17523
9470
8133
33602
45786
41705
42856
7274
56466
42248
17822
25582
18294
12174
40158
46522
37871
34690
17301
28916
21535
16409
35021
50871
33266
15089
28353
6705
30332
35173
14033
24766
4469
57478
4705
44864
23622
48837
17946
55321
22457
51689
52428
56634
52017
36642
52870
13170
18568
23798
21288
13875
13333
46485
37955
50119
58973
21292
49109
32312
9022
45155
19432
3143
13529
52017
49458
41894
17282
56182
28409
24409
19106
28541
51141
51337
29444
57496
6016
28057
46737
57039
17619
11224
34028
14626
46685
52136
35391
51225
55582
5832
58803
15935
24940
55417
34159
59831
56697
24054
21763
7878
20765
23026
52097
20197
58414
30688
20121
27273
46054
57898
36393
10708
10287
34116
50303
31337
35776
41000
6830
32080
16564
30404
26854
13868
56309
38837
16231
43064
25858
59454
15144
43950
7335
7894
43124
4573
28805
19533
36697
42319
49146
50404
14654
40279
51044
45433
24031
57833
48600
37706
9396
14681
5073
21424
51828
4491
39592
33571
12200
52049
22178
17020
24353
9910
39889
49834
20353
51920
31572
44755
29221
21295
51362
27372
23432
5664
9412
6928
49735
50865
12438
43954
7366
17387
4832
24813
35041
3105
36985
17230
44366
39517
10957
50531
15477
35246
45719
5309
16919
44916
20474
50024
47974
30582
15673
32902
4275
47723
35808
47312
13225
32373
22902
29315
24308
7437
35699
50520
18794
22539
54358
24820
12663
31212
15851
4942
7887
38662
7295
54448
46807
11637
13086
34001
32655
15196
37642
39200
37106
52894
47341
11846
33593
13113
46839
56411
16245
48822
5574
31993
51026
56818
52053
59776
48350
41507
47141
39914
31041
46723
47921
20857
59412
20884
4875
42986
46854
34590
15110
11713
14004
39441
26585
13209
21626
14575
12901
31763
49929
44496
48581
51349
47287
32683
41024
24389
48536
18871
29278
24005
39888
4547
7586
58735
21160
4127
24898
48251
19325
44638
16944
19497
9532
44242
49234
42477
32183
24923
27543
50725
48734
40819
18324
50302
23833
38667
20713
9879
38439
59713
55078
24795
4484
39855
42612
33289
47922
56103
8902
21180
46856
59594
59231
10504
42889
58911
29346
30410
6513
19925
36327
46930
33175
54841
33905
8545
19371
56425
12843
8658
29651
22619
43068
41385
22991
22159
38137
36244
12559
47313
3088
9373
56575
13385
41408
56845
4251
56337
51411
52441
39345
7972
30611
44253
53110
46555
44825
12290
51678
57402
59961
26963
51592
18599
53914
26953
30120
6676
47488
43811
26319
30874
46046
32165
51997
45273
25672
3548
46516
39863
52974
22515
33521
49131
30660
9928
13702
43449
10407
20504
34820
43995
10717
21836
3415
59025
50382
45826
47614
51143
59356
6334
9274
14797
57339
57715
21967
47474
58918
4998
28177
49915
52748
17883
56964
23714
50298
34665
6534
18989
31883
16373
7727
37444
41652
44970
44495
52748
38302
39876
59248
45897
59607
5749
28185
35426
50462
26789
57931
33733
34245
36362
14700
58483
31630
39514
46501
23005
55577
35517
56786
15589
37814
20805
33445
14010
34986
56963
55696
33315
11482
44759
46084
41276
51074
48477
5665
49220
54656
44259
7869
35260
5223
27754
42449
55814
15410
13844
30798
26358
14932
3248
31690
31167
42890
36210
52024
44909
19433
14985
52997
20691
50291
26217
15129
16852
10591
31905
50473
25548
51781
13918
3793
37015
39933
27382
28241
25262
24886
16262
11889
19658
51313
20881
57430
39893
20117
57336
47551
7253
36028
52015
44637
56304
47458
37499
29951
14887
51421
23931
54168
53325
7321
22856
26695
15098
5083
7042
12534
9178
42035
32986
5318
4684
29454
39992
38058
37594
39002
19721
54875
24677
19459
43554
13114
48651
11703
15405
27147
46267
54075
18661
49043
43430
58933
51587
31229
4460
24455
43645
50553
18998
16552
15982
48390
7333
58969
24363
51657
21449
20979
22465
24462
47293
43301
59582
31421
28861
50421
22996
10970
13369
32220
42844
7482
33920
31750
8636
53987
11524
35687
50935
26173
25357
44791
4390
25453
18735
12069
4858
58367
26127
22945
13230
48325
58425
23904
15898
4785
22721
8006
57452
30118
46913
7303
43739
27104
52382
6708
27963
25100
41106
59544
28635
31850
35186
22044
58675
44823
30670
26279
49927
39695
3074
43158
24409
5597
11468
9172
50773
6759
43896
17133
49267
45866
40876
8536
52798
52162
36001
33193
24089
41348
28673
7167
35820
41680
49491
31956
48789
11456
57584
52857
8376
57363
33382
26190
54956
20459
7170
27151
42278
53645
39571
15628
7405
9009
26806
25607
14478
13683
34057
40617
32826
45524
30815
29098
9637
34451
6934
50069
4730
26811
47709
38709
18807
54467
23062
39163
30555
19929
14901
44712
7682
19395
13516
13481
55834
27736
22114
51113
12805
46321
49502
6475
14384
7087
20609
53575
31195
18538
19576
14429
42440
10761
5606
23634
5990
41012
10218
4307
50056
55518
38272
58748
8148
25873
48641
49397
31248
6464
36543
22568
47923
20226
20924
54913
57652
12219
34529
34655
39083
15734
57581
15062
46016
29945
35250
36952
47519
28459
19055
22830
50327
43742
44034
25015
43742
35454
51679
38265
10546
4137
22264
45986
51986
53106
5529
59057
11786
12818
15068
30933
37852
59809
8393
59048
7300
51339
33223
13575
12387
25923
46672
34480
46681
43708
45381
28460
58395
57610
39737
38850
26568
29133
15536
8459
17560
44543
39758
34046
10719
22883
48491
13795
59737
30235
41927
27378
20290
57423
23968
21930
5633
49124
55503
33575
20635
52566
20133
28824
53473
49505
34714
23479
20924
16770
16356
39793
9152
30265
56356
54218
37868
21871
44110
3175
21391
9935
3406
28704
9442
22700
36055
55748
46075
23132
5103
44341
50721
53666
50983
35259
5170
3019
56769
34038
19473
29613
5388
49956
42795
45574
12611
18079
49536
14088
53969
46868
21598
36054
29608
33541
53910
59701
15749
54270
15005
19718
3950
6969
33426
37658
12935
38208
18069
3965
54188
58094
35632
31575
18893
48573
23902
26820
8897
39991
36032
35508
15999
23139
47115
6767
37470
48845
33187
14064
28788
59932
49881
33923
14393
52615
5863
50103
20449
6467
8755
26721
46434
27745
33091
13003
7823
46212
19074
27587
32825
34180
14647
29641
16993
34677
11381
56430
20518
58394
48276
16411
12374
30228
47176
41029
36054
20661
39789
7440
54090
19331
15819
25491
31253
34637
29312
7006
41680
42545
14620
42530
23022
58464
41680
37451
9603
12032
14307
47662
16504
35869
49560
21596
47044
47146
49524
13608
35497
17103
