2031
38019
41010
21350
7534
39292
51875
58497
31548
24224
9260
36048
26702
15472
48585
25801
4859
51556
11768
16342
36446
26415
54489
32438
25784
42580
25373
15351
11261
20046
14838
52613
30703
10192
46659
19542
14602
3820
41619
17347
45919
6268
34995
30165
35996
27653
15831
42282
44060
16095
49378
14892
12740
18549
40765
7998
36597
38997
44665
53876
15155
41895
41316
50799
27849
54893
7013
3440
22501
26305
5588
8236
9506
56157
58109
54372
45294
29844
27613
32537
26233
49858
46071
41459
27941
42805
44644
19505
6552
18417
36426
42250
40617
50265
35930
34773
41144
16307
18204
6671
22347
55950
36561
22786
49850
39396
36542
6500
29734
16343
54172
59387
42163
23805
41668
6569
29394
17041
28123
18497
58000
33166
39023
41550
43409
34879
59427
50292
54752
52837
44644
45582
31628
16199
21266
33375
47448
49203
35100
43970
24856
5842
34401
26697
56924
23616
56571
43272
27684
20782
41997
45381
14695
38124
47959
36483
28972
19192
57833
32514
14617
32406
37495
55870
21977
51188
46349
43947
36005
27004
50877
28690
5021
58716
25949
42725
34295
36162
9485
29465
12862
17008
15228
34142
22599
28251
42555
48915
18128
47448
56431
31603
17030
30252
58844
7929
37661
43927
14634
37541
4312
29591
16357
51648
13689
22136
31866
28151
38201
21087
20956
31007
24430
17144
12138
51254
55309
36636
5884
55939
55144
29169
49294
37302
38894
48019
47407
15968
6367
44847
54841
35324
30291
56670
45067
59467
31145
53638
48119
54922
22166
40777
27947
23907
29607
19768
6055
32655
29228
17857
56607
45216
52202
51648
13263
46338
42496
7562
25155
6846
3615
24494
56820
15153
54615
38521
29922
14692
41243
21057
29466
32931
24839
26169
43819
49542
51467
22017
32368
22688
55737
59028
17837
53121
21054
36110
34484
47112
34508
3424
55846
51819
40237
58238
49191
11319
52750
41326
18541
24562
57455
32739
49377
39833
52401
51610
16662
20803
49105
12983
51160
19745
19841
30829
48032
25223
26767
44579
12603
9705
36323
49399
57004
23348
29827
20402
28690
33912
14632
46428
38436
53365
57013
7533
55554
17584
4739
25305
32433
13077
5841
36846
43248
42715
31777
52074
49170
25409
8670
14736
33197
43257
25338
7882
4760
33533
34051
55018
58203
29496
18628
39565
30818
49390
32535
9085
22143
41349
29912
54599
31624
54628
17391
48487
51775
38732
58763
55725
24484
29331
48422
14044
10712
3483
41896
33093
13599
27060
39160
12036
11726
5400
30982
47371
12072
54197
32972
50049
28903
47707
41943
33756
23995
10680
10995
11392
13327
5518
23919
19920
41870
44026
52544
37074
4956
37621
10879
26770
48275
7214
59100
19768
17401
57445
55615
29408
14197
38133
38443
41315
55995
28033
19243
52722
51219
9524
48307
34636
41395
58815
57410
49700
30277
18694
48766
40745
45125
33228
3631
8965
11265
15653
31498
7417
21521
22567
7361
51353
8907
24613
53151
14776
26135
10032
29068
51152
59050
5892
29782
38957
7997
37817
3798
9300
19426
9950
14984
41131
10187
46463
51087
7139
22714
33324
46176
43607
31302
17848
29321
12079
48927
56584
11122
41460
45407
39919
59048
11113
18410
44258
14226
45566
6837
51326
25071
48721
29971
3846
58955
43693
8831
11566
6252
19088
49192
38898
29626
45733
55838
22646
9972
55331
20643
9376
30837
8942
47365
53657
40615
35409
12090
44056
22527
41738
40651
24061
5344
18650
41670
52900
34780
20363
44633
52211
58912
40623
53434
35006
30408
32160
51850
15501
32996
46144
6495
46343
8451
11382
4255
28163
37885
59636
13691
46373
33116
36367
36821
49192
53454
16426
17298
19249
6574
41517
30503
34079
39516
24694
28744
51282
28188
34376
59991
34826
30759
26624
3271
39427
54681
14353
51984
29040
38308
58665
39982
53026
59913
12522
32925
50347
50497
32914
33289
41840
6676
35982
17805
12310
54966
16776
41806
48258
16178
52233
15775
6848
25864
20740
51285
23943
11320
12308
43791
35838
27581
35238
44842
37379
40459
22807
26381
56977
40593
17523
43112
32077
48473
26438
6371
47907
46277
45372
52723
23575
11533
34369
26814
56899
14021
55296
28684
30172
45579
50196
36428
10561
8318
13441
54793
11786
24600
29146
22202
37620
25200
59143
52974
15979
19298
45290
38185
54737
57883
37736
6533
3793
12058
28591
35527
11345
10008
9340
7074
46907
24061
9071
44725
54063
18988
6329
27967
50055
7618
27018
44969
7309
44605
35950
18007
31544
5970
59162
5692
14741
30882
26938
9477
10496
22028
50945
14583
5979
11068
36647
46571
5328
38878
41013
11503
20539
3603
3817
22253
22584
11615
28184
35473
39502
39489
14227
36570
55713
40114
37764
46513
27713
28421
25852
3086
22486
44150
40392
23365
28762
54695
58010
22496
9905
9927
52268
14581
27656
24165
55908
45466
51711
19773
10974
9966
45074
14777
52720
31238
54639
29563
31662
28369
9147
3099
11340
43399
32157
57910
55913
41344
28424
44343
12110
51412
41764
37978
10595
57493
15058
52026
57330
21079
6386
22014
23219
39397
28575
54627
33105
39598
57202
5334
55218
52863
19187
56573
55021
32082
31580
26988
31723
44337
59048
17959
37126
51449
31251
24839
20712
38417
17309
43657
40762
28840
52751
12543
31038
23159
12241
27583
14322
40818
46039
43358
18693
31984
10425
54562
4224
25321
25156
36602
28037
38146
13975
33406
42433
57501
51189
17238
36304
7149
40101
45039
50350
48819
26615
50176
22333
33640
55429
12655
20625
20313
10437
38361
9086
54730
31681
35117
57629
22614
7193
14171
55679
42475
42797
21385
43039
30750
6557
34208
15735
24038
34317
17122
47996
31403
10230
11535
7892
16404
46628
53665
5646
27268
17168
17920
26104
57967
46814
17368
31817
40980
42626
43047
47043
49978
46314
40340
54549
41908
33289
7080
17532
35432
21083
43943
13467
35518
34071
50398
40188
58713
41263
5122
9956
15596
55498
27088
14894
51637
41406
27393
34113
27493
14511
39711
19078
19643
28357
54200
18965
3692
37288
38605
36927
18041
32717
42536
13368
29575
43040
44190
46726
9156
3302
53015
54234
58241
19295
49312
48847
43382
39114
50482
34044
10698
58548
22639
39468
35201
53083
17411
58654
41758
51828
41851
35693
46270
36585
58698
5509
49055
21702
35997
50332
23100
59028
12145
17408
26167
18311
54091
45146
12269
16381
22744
28787
59713
54146
19279
7947
47395
13284
46252
30863
25440
36707
46134
38065
51814
33808
48210
57856
58758
46976
52694
14345
33397
49096
59833
41645
26782
8759
12960
18797
50174
38327
53783
12447
43713
14450
44976
32112
6078
55356
13951
28834
39317
50797
9070
16165
13148
42151
26080
27063
46553
52618
28525
38668
9132
21116
16189
20947
17874
57260
44417
14636
38825
55615
22136
14078
37369
45693
46701
24016
49701
18684
13585
38828
36838
21054
42795
24008
54108
44407
42873
28003
21503
10826
52201
6350
20007
14564
5610
8388
40523
20661
26389
11880
48147
24269
47679
13793
13737
45397
47298
14860
29326
34950
45518
5746
10959
35654
16466
31758
9521
20625
51036
18044
22402
22420
55102
20817
25845
35750
23332
6553
17098
31994
6792
26201
43044
57229
35714
47849
17520
45455
52936
10691
23706
58031
48201
23663
39803
3869
9182
18239
10509
59763
44237
12370
18127
38236
35419
31291
12201
12894
10105
16991
53645
20452
40615
11598
35364
42643
53175
44849
20130
46244
26562
53620
44074
23276
25286
46833
10814
14522
44446
59071
40202
35910
34629
24846
20611
20390
34876
21251
8453
16429
20457
30585
41012
43472
8853
21157
35278
24829
59369
8491
47168
50139
47699
23967
41007
29990
52097
52999
43938
25852
42417
45963
40348
15517
45553
8190
26903
5526
43086
28011
43878
29415
17702
25845
16656
19852
52272
34868
11211
44151
50249
6825
21694
54071
25823
33148
54751
54795
33741
51681
56232
58882
59729
24844
56280
3399
26069
56201
7526
58568
5780
46409
14874
54177
33754
57519
42994
6028
27927
15434
45810
58675
30219
33823
14880
28302
42184
18675
12944
8941
19335
47767
20175
10816
5465
57801
12306
24290
49967
11294
24331
12378
55709
56708
17524
54556
42357
9012
24013
58591
18715
29777
31258
40471
40680
18676
12943
34878
42184
31178
3292
46522
43547
49292
27469
4392
25032
53495
26221
25263
11540
53029
43012
31055
4011
20742
32820
9888
12131
6063
36101
40085
58196
28639
27858
26240
30552
48134
25999
4245
53503
5055
4870
32291
31939
22337
32834
10662
50389
53835
16324
51007
13078
48522
44627
44330
53727
7841
24197
20299
6496
46435
6775
12037
15049
42628
10589
36521
12638
55928
49857
22479
44391
12232
53188
37062
37455
31460
33230
9972
48316
24474
48561
34689
10836
11647
14735
56638
33028
3173
8122
29357
4111
27168
31969
54614
4830
48804
8044
57724
35007
57369
56425
4343
55897
13974
23540
31929
12551
17138
5537
55780
32718
44182
38252
53834
14889
47670
39035
55598
38031
48681
33022
26585
58058
8550
43061
10165
36541
19297
18899
17784
48515
17837
25702
52575
31008
49884
31369
12088
29429
32817
17501
56584
16414
52320
13908
22511
16396
9940
55734
34896
23043
14104
19969
57372
15401
35086
39304
15021
19850
28051
17934
5642
50202
38189
9175
35782
44707
55555
52956
20861
56003
58215
55667
49949
21957
22581
37777
10645
13490
15775
42829
18701
25254
23431
36125
27454
44653
5619
21774
32835
52021
34446
54888
4131
33748
20620
59732
20842
39225
50619
16318
34372
7738
19726
22810
22959
8250
30266
59690
32232
28551
20425
15739
10889
3024
23349
18782
54270
21858
47774
48274
14842
24324
16431
47575
18575
33566
59192
5383
56908
25678
18525
23525
18802
31883
31625
19841
50195
21281
21671
11378
20290
55224
30343
57465
33584
12403
14103
44632
53650
51108
48101
13666
29823
35739
46887
50755
43962
58807
3723
23645
4203
36244
42287
25669
3014
8603
11651
16696
13998
51644
36484
32000
51300
58242
13744
42701
51996
33174
42121
41458
19586
8684
52728
3722
10466
31382
59885
4821
13257
43556
31748
40352
3046
8422
23761
4208
19724
34312
16414
10508
9377
46173
45876
50907
26345
59933
23865
31849
18054
34068
8932
42169
47179
28962
28455
36340
6737
40089
45014
27252
51309
56979
11863
38837
24547
56003
22184
17216
55489
12715
6167
50909
50113
45157
12667
12278
40482
39970
43044
3085
21729
17526
17331
40326
24000
52986
32696
54177
24891
4347
22477
34679
56823
57389
47942
58462
5457
24621
16398
58650
18228
46946
23540
52469
57845
31295
28269
14252
4303
43977
56016
7620
37212
57290
19808
17699
54385
46646
30315
38789
25817
57262
16013
35666
3326
17776
3615
47293
3537
39517
43224
22268
10945
52392
10320
24930
30892
32016
13523
6174
42522
32847
10819
11967
27828
26287
23038
30117
22444
29835
58814
32304
15142
47531
53180
42385
25918
30167
4203
52679
32161
59142
59063
37775
17757
28939
21788
8096
54022
50524
15284
46119
54225
57715
11489
14295
41966
39624
38564
35287
57249
21684
41568
56738
33295
50090
48168
16300
24716
12848
41910
49144
16799
20443
50492
57787
35080
16436
49499
11393
34188
37295
24650
34684
18801
13099
5311
31838
31926
30413
55275
51391
37898
44821
16032
12746
9193
54455
37099
7169
33419
33222
49970
20394
31533
38230
17158
11011
40913
31347
49712
3640
5101
34574
46542
59352
59782
14317
16298
23445
15668
9423
25412
44290
3991
36196
10709
15662
44511
35386
59766
11646
38718
10399
18685
19087
57338
28175
10420
35564
22802
39094
29431
26053
23042
27485
13396
6081
9280
33833
10635
22739
22258
18524
24136
20184
3368
10173
26856
42373
4500
55601
22606
40818
55751
9475
54740
25067
51447
47458
35967
13256
37783
36865
25845
23463
38858
59260
45348
26106
14439
32982
3760
28240
45176
24505
47000
13794
10763
48372
57812
51299
47229
27969
52120
59147
53604
37768
28308
41208
49806
27583
22767
50832
3471
17214
14002
21755
21065
13078
58789
16949
37258
26125
26265
3366
16347
43600
47941
35721
57106
19027
13855
12299
51771
17943
4571
39825
57899
22130
20642
56505
6580
7073
32518
49306
33051
38368
15168
52595
7376
14276
24710
8445
43578
47334
16971
33003
31514
51999
46727
59619
6467
25770
43157
41550
32196
51618
7979
51981
17876
23985
22388
43046
4720
16079
33639
5547
43572
48771
8346
28712
43185
11465
42572
43688
6473
54747
5658
41348
37931
42985
24517
38081
16992
37098
54502
41715
28659
32683
30720
12943
8442
32836
12301
47932
35955
35892
16669
22694
40922
55156
15465
6704
51570
34316
14940
6437
5906
12414
32942
5263
5619
28542
53791
49840
49313
20162
7786
45368
8425
23912
3248
17137
48065
41209
4587
25241
34466
48319
28490
16854
25511
29710
42174
8703
28381
55340
44089
34768
46453
24548
36112
36741
35187
22120
22842
21417
19168
30464
38740
36277
7296
26981
35120
59233
26200
39823
6730
58264
33141
49024
42410
43820
12922
41862
31020
58362
21049
23492
45833
45463
33757
