677
10471
44261
47370
22132
40440
15029
28209
5906
17909
10247
23834
36419
28938
52664
22385
13060
32858
29607
30364
24538
47028
5283
21615
10059
7339
39682
21377
12471
12919
33953
14359
51577
36479
56716
25142
35193
20975
15650
30899
7270
23712
14325
12583
17413
46064
42494
22155
48722
51459
10936
55603
28418
49391
14345
35402
5625
6493
13749
21322
15792
22846
50270
23737
20280
29552
8717
35382
7572
7425
11926
41481
13697
7212
21925
30185
28954
18180
36756
39392
11023
12691
17140
4717
28263
52454
22610
48547
17551
59874
50933
13014
56686
53954
19501
32617
37199
32987
32934
25396
33120
51533
43942
34268
25182
15156
13334
54257
25420
17646
20109
35158
34573
53200
13813
38701
57050
49732
24888
28431
32929
41417
54695
17767
43305
46256
35719
24649
17353
10736
11687
56772
3618
58660
43448
23308
47806
31795
46174
21716
13800
57296
30672
39338
13134
17418
56377
57821
25873
59627
10251
24010
56200
56477
31216
40219
56539
28435
25822
34477
47915
11340
16599
26373
59544
19196
44688
4574
38929
26536
45216
14820
32561
43301
14820
13314
42371
7160
39351
12341
12448
42840
18668
35110
41851
54776
50476
51486
31063
11721
22629
8221
38262
41179
56619
23803
26769
4161
20654
53302
43652
17472
21968
53512
28902
29627
3113
27095
20298
23593
41425
17766
12836
54280
37910
17880
40845
43728
42959
7713
15115
55304
9187
24407
54174
36557
11432
34558
42313
58506
49181
22510
49075
9257
18237
11078
30922
37830
26100
8225
51586
34780
57888
11084
11544
16660
37222
6580
11542
10727
57049
28684
12247
23701
42443
4807
19800
20863
44378
33483
16106
11846
33255
56194
35750
26788
58119
49365
46180
27137
26029
39477
41554
34081
38074
30849
22294
53164
12334
8103
14762
49928
13553
18364
51539
20724
50667
32561
34325
23662
48742
11671
51253
26268
12825
35047
33933
26408
7463
38986
52857
5719
29625
39129
25756
16713
16147
26391
34262
33714
13990
28785
16574
35592
40630
35543
47726
42427
31791
31036
35741
24477
32232
18783
32226
41124
37483
45446
47283
23242
43788
40764
9386
16310
37768
3078
58624
30838
8616
32428
41394
16401
12441
25617
52343
9700
22262
20855
20216
36798
42231
50172
9850
21998
41720
15787
52508
52744
25832
27419
13591
37888
49995
24066
54674
36961
13562
13687
57912
41195
13189
35804
38306
37792
5942
24495
9565
24711
3251
52099
24749
29003
22436
53159
46482
38234
18955
38748
16209
9044
20071
17954
35547
3635
16109
48325
34791
40690
39777
19764
22393
46903
50896
50886
21383
16808
20144
30023
37662
11377
18646
7561
38327
14356
46087
41959
6292
25661
59596
41267
48333
5172
41959
49894
58522
19431
37924
24213
4649
8567
47572
40933
15673
46260
10669
17618
57183
57496
20587
53642
29699
37294
19441
58677
12091
7863
43064
55077
48372
19963
54444
8396
39549
54628
45728
27971
57945
26415
59578
56711
16046
54808
37263
40268
8399
20645
38486
8454
40885
34092
51622
17878
57541
55539
20912
10005
15752
25300
55516
17454
40035
39068
13763
59490
15709
58308
4393
21855
55787
29894
25546
54272
32804
54412
12817
50489
15260
42673
42994
37693
41960
57840
14229
47648
58398
54069
10757
11242
33476
32667
34032
21933
23664
50271
57587
55983
4536
43197
53036
8409
36121
44513
26019
40349
36099
18363
13395
28768
8872
6823
41874
25771
49151
38984
22617
14548
33734
16718
16434
8088
49662
55008
12429
8424
22594
38956
46767
56187
28118
41676
10660
47899
32814
13800
41931
48491
27432
49489
53692
11622
56405
28020
21905
24743
10331
35393
17571
37339
23209
9375
27043
53316
32226
45237
22501
43368
54158
41868
55232
46251
17040
54961
47989
6837
18861
44141
48363
55587
12184
58523
8856
5516
32974
4606
55689
3431
9983
55879
38876
8531
58931
7156
5585
24834
44478
35843
49130
41240
46164
17020
22827
28058
23797
3622
34085
46869
45624
24976
52255
33800
29147
15791
34833
52935
7001
10647
41895
14631
37377
30155
56694
38741
22116
59308
4540
13555
47893
11200
43482
35030
19323
42512
24354
56784
11971
15253
49104
48562
6961
19396
55450
37840
43777
6104
55302
14910
9327
53952
35985
35469
10707
53187
58169
17774
58833
26937
29584
6563
13573
45784
56691
38351
50274
17319
48178
25748
8921
20634
