1797
11286
37018
33908
15480
26731
45793
21650
57003
35456
57059
41007
9285
17483
58410
28246
51540
5044
19738
5096
54522
55042
24864
48891
19477
45755
26248
53395
8291
48613
54640
3242
47260
47256
26340
18191
51920
43328
37318
11539
51280
17836
30735
26045
36870
46200
50993
39427
50010
41669
22331
16122
4083
41837
25044
16251
28682
24458
51513
20770
20486
17967
29243
56657
52834
26041
45036
58096
18049
52648
30159
28784
58096
38733
28372
40272
51272
54695
17070
44223
13933
9757
47791
30608
25017
20068
38355
42184
52029
58632
18808
9187
59817
36627
16399
52567
29378
57848
15722
10720
14966
15461
41245
18691
55504
30170
5177
36352
55256
26304
49826
20899
20484
7256
57398
41986
21434
21970
13207
13141
12140
16590
51776
59188
36612
30111
36894
8979
18945
34913
6213
26939
57802
28380
55176
18798
10649
3043
33376
12096
53585
4308
52955
41692
45686
24087
53276
27599
22966
33802
16081
20093
7846
44502
29813
14622
19866
47611
40126
45367
36612
24702
52289
20914
41780
46047
4765
39322
17458
11716
6456
42843
53698
46703
6539
31649
47049
27198
3319
34634
17266
55451
29660
55258
14725
44467
23516
17158
4313
57571
18317
9153
24170
10908
27399
35822
6413
47868
29354
40544
4685
6105
27098
58236
5925
58085
25490
51581
36351
28185
39826
19981
40705
16753
21143
47640
43641
30049
17291
14570
15685
40257
53938
19221
11656
31485
39107
9245
18187
6876
56580
35312
29184
7451
15583
53311
10309
20298
10219
39699
54264
38589
34424
10007
4050
9039
57228
49208
53963
9914
34367
53656
3582
13244
36048
41960
11088
37068
12410
28047
12265
41240
8857
59394
5093
22462
7546
35554
18995
31906
8502
36809
5876
48113
12378
26857
32686
31142
9051
54450
25848
28778
11541
22792
43727
13734
49661
17668
56544
23269
21476
27493
37528
40162
39300
18306
30655
30695
19943
46603
57771
58574
27237
49273
34731
47473
49038
38622
50824
15957
10673
58390
38254
4204
14235
15754
27633
3760
14985
52654
36553
51886
38397
4407
32595
32587
31386
10292
15648
38501
12718
48144
44820
55143
25715
11505
51040
29393
20746
44850
38406
43356
17583
57269
16479
52979
44454
54212
24303
40525
50070
10896
36986
32166
45298
4372
26589
28260
6546
20638
54184
36908
42978
40791
6628
3345
3970
28763
22962
52554
51604
52981
28475
39658
46433
50792
15182
26206
43174
48224
29283
23426
15353
43783
23858
23879
34390
44719
26655
36813
47287
58740
20994
7038
4017
49504
21001
25910
20360
5768
11726
55730
53415
37493
36346
44689
7289
18840
49814
21712
10409
28021
59951
27059
44089
42282
24815
29204
14434
55279
27039
20860
33071
23352
46113
52410
58935
3072
49799
57040
53750
27208
43703
25555
55813
19424
19588
26375
41610
52923
12753
54604
57346
8664
34787
50388
5566
10735
56102
6425
30781
51301
5497
20432
5763
24196
10748
8630
24065
20310
59295
35896
33744
48416
33939
37989
50883
53511
54252
34373
15922
4973
52789
45037
18989
28541
36621
29732
34324
11789
16048
55515
28393
19775
31953
50850
39717
10614
16903
36123
49176
10552
50608
26091
8009
42672
47444
3009
38411
27934
12600
16762
57102
43266
8185
19219
52810
58892
32325
34747
34045
47623
51791
28073
26723
51993
48161
12005
11247
42536
13915
58389
28905
40647
56072
20630
41042
22599
7038
34122
21175
7476
46639
48696
36682
52284
36630
17852
7110
47460
8620
24093
43301
32966
46283
32618
17462
18022
7822
33035
19702
41229
42292
51993
7628
57515
27468
24741
15221
23814
46738
18846
56628
58584
16880
47791
25919
39388
12205
19482
33965
12767
47051
43523
7138
40796
55961
43792
52181
10840
58621
16519
26701
35908
34060
58053
42892
3109
54892
4750
14007
9028
25413
30732
25356
4959
40540
32119
51372
36766
26513
44849
32992
50598
27778
17053
30215
30882
21476
3187
36837
5483
22249
34694
55459
31076
41521
20151
26671
39122
36503
41589
7275
36566
19231
37525
17704
53555
21412
58335
33899
36438
7601
15848
58733
50498
3578
48089
14509
29360
28631
40136
17867
15960
51275
16111
5609
31121
3727
6578
42921
49143
56235
34424
21601
8277
28559
34546
58380
19303
43444
58783
38516
45150
56710
3906
50792
42210
27619
26994
49793
38311
47884
27156
33572
27857
48973
57832
42617
21530
18012
19097
53569
32939
10403
49848
11645
12847
37988
21647
29762
47240
46970
43015
49438
6542
49109
50658
17560
48411
27869
37360
19427
17006
46122
22902
9484
30450
39566
42030
34324
4428
55725
49036
28505
16239
42496
14355
56463
41375
40070
49725
12072
22225
15770
10092
22956
57485
29348
37259
35480
46577
47533
58637
23907
42595
36708
27844
32073
19904
37548
55482
33464
24644
39350
26854
50954
58815
44687
59213
7304
41673
16556
49725
40685
17523
30028
24564
6732
41540
59324
31408
37659
17220
33731
58492
26335
3955
32055
6028
46092
27143
9414
24131
38931
26809
48707
26686
9494
28512
6350
45925
43693
7147
43133
28288
15399
58172
34918
18662
30812
22536
37521
3020
44240
44989
25947
57092
7292
59963
34039
18965
34184
45953
11016
26995
26623
5405
22237
4782
32140
39963
17103
8008
10694
34760
30134
12832
33617
54475
52693
35554
15083
7937
20906
41342
42892
41543
58023
55805
48776
36501
6168
20016
42422
44752
8125
8957
10474
8040
21085
52540
37577
38054
30477
38218
19550
3320
8391
48505
46963
38791
52271
15122
42714
8860
25003
28191
5203
24525
35354
46967
47725
29852
6220
27514
51279
3791
58428
24541
17730
22987
45242
53576
54768
21014
57952
5262
5435
42815
47953
47681
12117
19439
50119
54660
11650
34363
54301
46178
17944
12110
24750
33045
23989
23721
53862
10720
52437
41891
18605
16611
42429
36346
47713
48331
48167
37116
8573
18433
51645
15127
12478
19205
58793
30835
31636
31019
20710
7795
26665
5340
21612
5164
32085
51010
54225
25844
59522
26567
27183
10231
16111
29137
20550
25767
25058
55443
45535
6579
56572
7889
47628
44321
26769
32074
32439
19879
42845
49000
30182
52100
53268
58374
35021
36280
47055
10470
7920
52189
21087
19435
37146
48134
20575
10566
34618
5044
44483
7149
51790
44937
36106
52389
13569
6514
26198
14118
13061
26874
45097
7947
37773
4900
32289
44113
18626
37030
53913
41642
56852
14887
46052
45435
59804
3684
38737
6013
11950
54357
4769
5629
35547
22158
15538
43353
38486
44204
28861
18884
48482
59042
12826
5549
10671
47536
39897
27384
43615
27862
10229
17049
43368
40611
12816
24020
36437
14993
50542
30234
19615
12618
7729
14322
22500
7752
46627
45002
54093
45964
53556
23051
54016
22053
25555
8990
5384
47213
17658
47186
56192
58882
54567
23055
53282
6757
46945
39499
9392
3425
21767
31982
8443
34234
29417
27681
39665
32262
56758
21640
55406
47034
57089
30300
40028
42578
34377
12739
50306
18672
38716
41211
38740
34548
25681
44016
35123
47359
3095
37163
13613
43629
9427
48188
12830
38165
40376
13896
51643
20369
7449
16519
4992
9602
23380
39409
24505
19047
58731
3036
45385
39296
52123
17480
59716
6954
27104
50085
44175
12486
22292
28540
42697
28177
20928
28642
12169
10477
14209
8463
13737
55065
54768
39261
19943
43409
49839
15655
36669
36464
21300
8474
59604
38271
40095
10512
28470
40177
35736
53467
22319
49982
38442
15765
42594
20719
25656
43563
17233
50033
15818
55830
52850
8834
50701
28716
42747
20585
31107
9834
14767
45937
57127
24347
26230
46612
54642
36790
35034
4368
52730
13954
3696
19265
32291
39740
7804
41474
3348
27492
42526
16719
59069
50297
49158
59305
45932
25376
29408
33468
48412
37935
17427
28408
24397
43480
7120
32436
3026
18707
19396
44649
14583
54430
43386
7426
27253
38542
57943
58860
10032
29209
38371
32024
30944
11154
43348
8147
42464
49025
48580
44523
51501
13165
25411
57545
8776
37566
25486
33645
39046
34718
11426
16823
34864
54912
54359
5422
46103
57423
37520
33786
48016
33466
19805
20789
33097
36165
16020
53761
42318
27054
28686
55062
12667
47121
10943
50446
44533
39264
25291
59203
54260
23076
21934
36125
8785
19669
3987
27792
33671
32666
7944
29729
22991
19485
25219
3609
4884
29061
18785
33200
51410
58007
32885
46889
26054
41730
53637
31220
5362
23647
59401
31180
41455
30491
30499
19956
56207
43816
18693
11068
41328
9198
17869
46406
4450
3662
24980
57792
41379
37262
57111
11084
57127
41877
7170
19508
38517
32838
22152
44297
20112
25567
35083
13808
24010
49603
59901
32539
13740
12736
47939
40300
36147
46975
23108
55350
14768
54888
36180
7165
38579
39941
27638
4072
26592
8545
39182
4263
22282
3058
45107
59174
20328
52587
54141
14091
15592
54177
49437
57553
38831
39136
9869
19533
11374
39799
43460
19130
5739
45234
18668
13174
3538
58703
18648
23731
50094
46788
3571
9314
35075
45213
41710
58924
55095
23457
25451
12981
29786
58813
7879
41045
35122
40738
54592
58412
50867
31459
4235
4004
44607
27043
29055
22912
8316
55630
5763
22045
45949
48366
51399
6898
37152
46245
41638
8434
27419
23645
38532
50277
22036
34519
22260
57080
43028
26560
59670
12600
9390
12073
53942
19716
37135
49490
18762
11247
33104
3767
42196
35014
23789
21966
43345
35798
49112
56479
19607
31780
37900
42580
38176
19560
16432
54863
7394
48676
6637
52963
3376
51297
7265
11152
19865
7393
58088
4483
59799
47215
48651
40112
51657
23124
39667
26809
11020
17074
38834
32875
3019
26906
56326
56632
3882
52739
41445
7750
16909
19686
31255
31690
44880
25446
24369
39768
26175
14629
48597
8295
44771
13469
20099
5432
27713
31165
27427
32265
14355
47263
47812
51625
55636
44125
42785
39571
26973
51264
47854
39400
27345
45944
48788
23607
45994
55220
8908
36016
30183
33939
40387
7991
5917
44849
51332
20639
19460
14206
27410
55023
17575
31056
33423
34298
35537
12042
54658
22529
5097
50272
22269
42586
29497
22889
53426
26186
38741
21647
21512
39472
5265
52488
21717
5231
9461
41001
37743
46458
29870
24758
47373
23405
20070
4444
49941
48035
47490
34389
33511
27436
23449
53169
3964
26672
52215
44088
25770
37616
24588
45106
3266
23555
46983
22433
55179
27017
11559
27522
55524
37713
38215
17031
40965
34081
4437
39417
26030
58283
50913
53044
9006
53246
43445
51624
3320
46901
50977
21218
42047
4422
51843
30333
17513
54384
33513
20715
58821
54605
49686
34630
59253
17923
53439
54916
8382
55605
41417
29285
43945
6584
4132
57930
7783
13055
40649
35176
38581
58965
9355
58295
36445
3526
31112
55529
24054
19191
56135
29820
6410
7712
37118
40075
38010
17390
39538
5511
17654
27715
16697
44293
5695
5798
3940
55825
8027
45658
37475
54699
33700
52260
6342
42508
3045
57935
40734
17730
28193
52840
6412
39561
5640
26446
14420
30161
55290
50529
8568
56426
29997
57804
50983
14600
12581
17449
17821
47002
19315
48496
15579
12752
13332
59009
32143
40703
21545
51073
23373
12229
51995
46206
11805
20484
42977
47785
25495
27587
21116
34988
25257
7125
37181
37354
13986
12189
16781
39457
41146
55362
38533
5948
37337
21647
55115
6701
56759
57667
46379
12380
15373
22355
46028
10253
20453
32822
57848
20207
4957
10123
6258
32584
54116
49193
40316
59533
24203
28408
43606
8981
58862
3821
17438
46125
26888
33936
42769
31144
30209
8049
36158
10402
36087
42371
33774
20128
31132
18065
52676
58487
