341
56780
29336
8594
55683
45025
26352
15240
40337
13241
42799
44428
56081
9387
47303
49874
12849
8813
28317
24877
23838
22566
58570
31698
44335
55136
14471
39243
40966
5105
35891
18354
48883
21126
38751
40989
54042
48656
40503
19503
33038
31800
42100
41894
40929
6560
46579
51748
56123
7006
8694
18343
48549
17739
39620
9233
45956
24565
34445
29016
47193
33546
22175
39652
12993
54901
31362
38745
21839
49371
6249
9036
25885
23269
21078
58733
38287
55546
45336
57394
30641
55204
8327
59055
19921
52703
53321
30233
51868
40281
12345
8294
10516
38794
27337
17588
38227
4593
27447
48236
12469
22472
47594
57063
40479
44507
42033
46874
38595
14209
33411
34180
15707
23412
25834
16794
54668
5264
9466
32331
44150
48942
57810
59121
50104
32448
51743
24275
19537
19991
7607
17493
25895
32368
40747
3469
49331
13383
36124
18671
9788
46803
41531
55741
30060
30006
24392
21899
35592
3231
37199
19698
27568
21377
8855
58327
33406
53290
24542
50512
38789
41165
22627
26997
31196
27817
57513
23989
13149
3619
13780
56907
53456
18777
20245
28541
37306
16759
49739
22229
34623
19414
26992
43211
56173
17356
55646
57652
22439
21248
54212
48611
31591
52808
32180
19194
16259
19853
37620
36032
39789
30686
20394
15917
54956
16996
20009
24956
51018
42652
58757
33695
11619
29034
15767
39538
58268
50298
10102
21162
38904
27961
16790
30654
32807
7689
13261
5216
40849
5608
58555
17567
51751
32513
4445
44310
11465
27850
32414
33870
50337
21255
45874
59843
44921
6960
17785
19101
41827
46190
49722
16679
9839
26253
7471
10931
13266
13307
3397
43221
37635
8091
23710
56468
30314
53894
36295
58306
22871
9363
24925
24042
32273
37268
57478
23204
22265
19864
5565
16047
54803
38315
46232
19949
44662
43720
27356
53759
3963
6058
5311
8494
38517
30116
38102
31059
7633
6617
43213
40214
54326
30875
7024
19264
31656
55809
57438
48599
13264
17147
11619
3491
11430
42078
33088
32717
5483
8118
55816
17596
25475
7001
31081
11393
56988
12292
5230
38332
51374
26002
33787
9244
52177
14004
33650
51083
58367
8376
57793
38606
59004
44560
