1311
52959
20928
29195
47764
30425
51397
3288
43794
10287
58578
49068
59364
38627
3841
33021
52026
16085
30866
44423
17989
7903
55036
27610
47072
53523
13838
23152
30727
28413
50739
8999
48056
42887
18861
37396
10653
29582
31397
25568
41323
50822
42265
58505
10122
18619
10964
55409
24328
53886
15268
46736
52100
11433
32769
19218
5832
21592
58276
48688
34035
26414
44077
50620
10295
15329
27714
26453
21424
52896
38361
41118
34252
13995
44139
46567
30513
39443
58191
28464
28524
10515
7777
51751
12424
26982
33435
42403
58681
57060
18173
36228
13700
48117
24133
40292
17332
44512
18149
16645
45356
22432
59634
29879
21404
5052
27182
36786
3508
22808
13443
44277
8275
30789
58520
39519
9361
8213
49427
5325
46492
35969
54617
56205
55956
29250
4719
34488
37152
31879
25573
12915
41354
17441
4738
4638
15816
40318
56650
37973
4728
23916
37422
36162
39913
16153
46651
39333
8702
36424
16873
59639
31794
23906
19150
14117
52922
26089
3551
52983
28586
28861
13465
44914
31008
45131
20979
16957
21173
58695
56952
50205
38332
36843
3964
19698
21793
40708
15805
3466
35870
15638
49376
39373
21858
26384
3911
53418
36934
38537
10698
36737
36271
49276
46107
45984
30177
39426
10708
16570
49227
40731
39020
7183
13924
46687
21786
20649
6640
35315
19393
25032
11505
23938
7634
24902
8978
18278
34863
14735
12148
10603
16998
29931
44773
38681
24509
36051
33097
8165
24782
53853
23009
58616
15806
28191
5788
5585
39906
50586
17722
13020
23990
57552
3502
42859
18382
12359
46497
52226
15924
26166
25419
25971
20196
17873
41302
48947
49211
52546
6495
12368
10662
4407
45253
58645
16923
39433
40610
21632
26249
27676
23731
56898
4657
36496
7230
20077
43824
3639
45568
54791
23428
6110
28231
8674
28466
53350
38224
21797
30276
30494
34330
28189
46436
8790
45430
9840
30928
42051
18231
22039
13596
31747
11846
39083
50695
58593
35764
11808
7979
49713
14135
12125
6470
8728
13111
10043
25534
45879
35658
40866
17655
12421
59883
54242
16102
41381
19755
27287
38096
41821
16296
29510
37070
24843
47176
14588
32462
6871
23639
12474
23912
45304
56175
47539
11894
38448
50994
43529
7539
22661
34735
39670
44776
32340
30781
42650
54967
38968
11434
26648
40390
6720
53101
54550
10662
39229
34892
45568
34099
36807
16648
17791
53638
19036
30815
52890
43799
16771
35517
54621
5253
55884
22527
21829
14054
16113
29680
21301
20631
28404
20907
42510
42165
53959
17227
30612
49689
20726
14894
30371
29879
22824
15012
30793
48463
45551
8898
40697
18918
47051
32153
38676
8841
14594
11216
53795
56118
27876
26274
22565
33894
24641
20467
4658
50598
55558
25386
29276
42866
17126
57144
42120
56879
30869
21156
50625
21093
50213
18821
38457
15543
45987
18037
41017
12187
17734
8206
48550
37864
31075
15200
6685
6391
18142
30891
43779
13817
58824
14021
53187
33988
9306
29040
15240
51776
21765
29752
29731
50282
50396
26290
47792
38920
50435
6018
25379
19986
36851
48432
17013
30091
42995
52603
6245
54965
7956
12126
43648
7883
25570
50348
21053
19435
36029
28756
53816
55302
57437
4549
17649
17082
55326
37898
36356
56545
34110
29529
24641
38449
10794
18908
4301
45847
52209
20109
7672
24540
26495
39919
14972
42343
34116
23104
6396
20605
15414
7555
56738
41443
39100
16477
40961
50238
5311
46168
24873
23333
38601
13816
46940
30150
51627
48763
12967
35037
58887
8337
48964
26201
35967
43098
23776
32125
41876
50186
24206
22261
5279
53750
8563
4315
15826
44895
14955
24560
45383
11374
14320
46051
16841
41635
13361
48086
42523
59686
34639
26508
31597
9772
14852
8305
27435
20811
3122
11279
23031
9848
45384
37426
47604
16429
36370
58125
29979
23585
52819
20328
54538
3582
44882
22180
20145
54654
17250
38033
7320
31557
40734
55699
39145
27354
13487
4726
22321
14981
25232
11448
47795
45536
38980
33532
22872
35321
47050
16636
19910
59121
24496
7920
31390
45248
48097
41764
48905
13689
55249
4166
56109
20429
18928
10297
31698
28229
29248
51491
20843
9197
16383
54886
32685
37617
17446
12122
27404
44292
33358
17766
39552
6995
21490
21189
45117
59644
3806
25429
20396
20012
57038
49250
13199
32185
15051
11447
52945
33435
29953
49313
21145
10368
40324
26984
51907
57204
44233
53235
20871
5706
43294
11026
58474
3613
31495
54198
44239
27583
10049
16385
23971
54237
12118
44662
28302
53810
40294
31284
5937
34890
26057
55201
29291
49492
59252
30023
51085
49567
28375
21521
27470
33157
24374
8832
31396
4950
51577
15449
49026
7929
49651
46864
51111
23848
49251
46206
14923
34365
50509
23015
26455
4625
52411
40539
54502
47341
51322
54806
12855
48883
51007
32865
49118
42263
26300
13664
54191
57313
26766
13233
27710
5847
14053
8084
24571
13958
16081
37839
57774
16163
52752
33549
4445
18018
55277
26703
14997
42648
16626
39133
12221
14056
9735
58421
27828
51553
25571
18470
37454
58261
34053
58274
46060
43876
56876
29433
9770
52231
41484
48958
23257
53219
17949
44411
49537
47722
53926
24028
5405
22161
36027
23083
54115
37417
26953
43294
3426
26710
22871
23498
42765
54337
5338
20030
34172
21971
31479
23834
56615
21084
58830
47804
9085
32992
10296
29177
27308
32451
11081
8133
38122
5834
36380
19427
15218
40275
8429
6136
55049
49713
43189
21949
47650
19935
49179
52115
37476
43739
49796
34654
30336
28515
29307
57700
50063
41579
37410
32408
8893
11293
31885
28961
13036
14132
31960
16318
47544
54451
10221
19853
45503
34738
34374
24897
38123
37214
29202
30344
18762
52652
54212
39161
51160
43437
33207
9784
4800
38570
52401
48242
16890
51669
36939
33974
39104
51795
4488
38700
56153
35797
3462
15535
8861
16456
11899
13202
31868
49816
55275
57704
33981
23140
3715
12609
26007
54806
22964
58117
57674
27954
30305
38202
26851
57911
56768
17088
44824
5296
17738
25008
34141
4900
49524
12860
30666
22333
39932
22898
30737
52563
59817
40047
43922
37427
47131
18327
54044
38233
24813
10657
14339
51750
15327
6360
31407
53796
50007
5042
8513
32573
15777
37863
59753
33566
41186
35631
37105
36241
43882
18814
47033
28496
22375
53259
51946
31504
46510
23834
53881
16527
6718
9691
12433
4021
30667
47287
45963
22911
59483
37481
53228
24612
56423
3248
30300
33171
56165
29690
48390
30272
5305
54594
12216
27076
44436
50547
5882
33425
31460
49309
19545
19668
59966
27295
10238
30652
7892
8687
37697
43762
44224
21581
12871
30550
28107
46685
55524
37827
46139
24078
26814
27874
10157
51461
27343
14507
6178
37636
17179
37297
25951
30633
18018
59387
4416
18377
57654
47178
41297
11536
52376
8195
25227
31998
6546
38105
57284
58865
48654
17892
28211
50836
55058
52557
37214
48375
9228
50895
56193
11862
30294
41647
54301
30257
15688
4308
6377
26601
28478
50594
6064
13430
3401
36157
15335
47313
14183
49092
55662
22527
24386
52240
24183
53257
16555
21768
47733
29366
26591
32351
49216
10469
21275
54133
29332
57132
15015
15834
58765
38392
13694
28693
51829
19416
56761
19867
47584
58538
14361
57432
45049
22938
29478
47469
49618
9307
10325
5509
34334
29457
34567
12228
30841
20846
34385
42902
47955
28415
44415
40158
12468
25111
14012
36981
16856
8107
6462
10757
39957
56627
19693
28052
25244
34226
22357
47026
7712
6091
57990
6589
35453
43175
39033
26767
14237
39592
3759
37193
23033
18710
7018
35837
21673
38103
58653
11138
9460
52602
42859
48640
22352
32622
34160
20907
24241
13701
40185
48018
36466
12016
5381
58454
54115
41925
24071
24869
17402
15484
54171
54012
54818
35008
19273
26013
39974
40453
43269
42572
49095
34507
43090
24266
32880
23636
51862
21845
14844
13570
9193
3811
9921
42202
50947
31153
13954
36567
9683
3913
7407
44415
45543
48660
56758
4227
57988
49280
34831
55845
56126
38750
3058
22892
18770
57297
32825
40497
49069
9555
39268
12613
29687
10535
43425
10071
10938
7711
47072
49069
43107
34779
52133
10248
53266
59562
23490
3566
45735
47045
29974
24854
34456
6116
22033
18441
46157
26822
19182
48836
47853
34781
52604
53963
22270
17467
23642
17345
49504
58582
14897
3193
28387
55784
59756
30937
44548
51799
58605
45067
53951
19605
28930
27791
35303
