303
52363
59510
46861
35487
15026
47332
43537
57024
5840
36595
30330
46743
56167
39593
14586
58362
49187
25439
58831
29863
48140
14708
26363
7757
47834
15148
42709
38253
44612
13675
43285
4613
40413
34791
26296
18538
38246
13799
55258
9935
20144
10440
16499
3004
10326
58404
12124
18311
14121
17384
45283
14979
47540
53073
21307
42101
33862
15501
48771
17146
29694
20949
29097
16440
5823
15215
40434
24542
35771
48678
36234
3543
43809
42635
7806
26560
55663
24975
27885
8267
20229
17250
48506
56932
53978
50105
24534
29920
54798
17741
14195
29870
20611
21556
48669
44286
32897
7196
21874
58461
27869
3213
25765
57286
43973
6534
35086
40676
41636
33713
41626
31831
22647
17192
10983
18445
36350
49417
3305
6897
38081
45718
39195
20105
13996
34108
57197
35518
35677
34596
8255
9820
5653
6418
16379
42998
24970
41321
35564
45850
24167
29785
12477
38097
7086
39799
8636
27555
48562
45738
40982
34405
36163
8310
12756
22468
57200
49847
31178
48034
5082
16655
57707
12749
7557
34340
35390
6963
39872
45103
42506
10372
16005
29864
49462
35041
12049
12959
7187
21449
26350
31426
7115
41864
25004
19939
31422
23782
20317
57354
31803
49127
47085
19790
31457
11270
34349
52972
3294
10628
5749
58105
35705
15804
51595
12176
4731
23382
25932
42262
22456
21039
23882
45670
53665
30239
40492
25481
52922
21529
8257
44328
32971
39077
46040
5735
58789
48684
10708
33777
53842
51229
53195
57160
11115
25006
15527
57099
18676
13108
46324
45374
48058
20640
46212
51135
3577
11890
30928
34504
7847
13819
8189
57685
28784
47688
46394
7893
4614
56839
35953
10797
35652
42097
58094
14591
26841
54015
11374
37850
27840
18983
26507
29729
23507
48124
31318
20215
54354
35063
57527
58762
20353
49338
41997
58034
4125
33766
3980
45977
18499
14500
11281
5772
53622
54147
58128
17128
40412
27149
24005
40894
35283
