1215
44769
49301
6043
7330
23025
43516
48543
50529
56898
24131
27409
19783
43149
13909
18285
41715
45899
57570
12855
48780
18649
46281
20402
29848
28427
25422
37630
23650
53013
43561
52370
50747
48911
8387
42739
5012
41801
56514
41518
16318
16705
11371
40324
25360
55259
23823
44303
4783
8259
39755
39102
27822
18353
56951
40196
57969
48404
34259
54992
12847
53804
46869
32040
11986
40444
32585
12848
51702
15235
38894
37559
45642
22753
26171
40245
49630
35039
27867
26670
9925
3029
16900
41910
50973
32356
15438
26379
33243
12752
37355
17540
50681
50241
19604
58484
28588
19906
43941
49329
37695
20565
44017
37263
47095
53986
13675
41742
26961
39279
6863
3872
8815
24305
11707
51363
49282
49798
23104
47271
7174
38496
16504
52893
25909
24463
59055
28209
13436
10466
53403
21936
33812
39576
12580
38810
37728
51167
52272
46191
17872
17983
53727
47258
56987
5375
23742
26944
3453
49436
43533
30895
49442
10894
9606
10386
59287
6396
9535
38233
24868
52129
13578
32534
50691
26082
41031
49612
35907
12655
15596
6707
37852
53025
39200
17083
36805
49322
25906
55238
31220
50751
28127
30030
45470
13732
14275
10025
56886
35825
50909
17374
46730
12075
52528
27219
43589
46652
19266
56236
28021
31505
17593
34149
48868
12192
36151
54178
23724
18213
37925
31511
19741
35779
8668
17356
25947
39903
35254
55308
56691
38112
18542
15590
27914
48416
27231
29135
38807
20573
25838
17926
52597
29197
21852
4521
28953
15116
46032
54883
44225
23011
40979
57895
54760
56480
37766
45047
12097
22089
54456
44438
52089
13964
28436
9347
32280
28612
50868
51867
53517
58853
32758
50218
30751
17618
28707
32654
58752
14018
21146
56388
30811
17584
29553
42006
52241
39320
33868
18868
21385
16854
11112
51740
28346
38403
33933
13748
38104
28125
36288
36664
54640
13969
30981
16312
25387
11383
7653
52019
40321
38711
20715
36300
29374
10421
3945
5771
14263
17221
53780
21874
58474
51349
6509
28886
11890
37010
45298
20076
47065
4736
33628
10607
36809
28017
24481
55592
6301
3415
56144
17885
20060
42212
13845
16603
5812
31504
25025
20655
8323
28681
26636
45886
40390
3085
39387
27235
34575
45374
33841
16168
48111
42487
43945
53435
43473
54276
28619
34387
52913
41548
36393
37227
12151
35278
15876
3051
37442
20821
12828
29351
22073
23430
11437
29058
44454
4861
45528
7216
42263
6063
19083
42114
44442
47169
20699
32058
53044
6871
36757
12608
39348
30322
38187
14842
21631
52095
38157
37615
14626
16555
27173
30206
3829
7916
50062
44000
20071
32191
59805
7457
39553
20281
16828
28119
33275
42766
7249
22017
48948
41916
59162
8389
53840
36225
23120
3949
47990
24273
31462
36280
58369
39304
53859
16125
29314
16202
6035
48470
30012
5949
58211
30364
54101
36234
54933
49233
30116
28434
42769
47678
3352
37407
21529
46779
11776
47116
15448
9717
11099
22526
20675
12174
9036
25457
43492
17739
34178
57295
58713
52782
49401
21419
12532
46063
6060
30926
45984
5848
48807
9647
22029
55690
26302
44135
5201
22153
38516
49455
23105
20717
29114
19888
31961
7496
44271
46340
24046
46691
41698
44765
22141
19367
8719
40205
49708
13426
27256
17738
10466
59588
50594
51302
18570
7152
56770
21971
34002
44129
13321
8515
3163
18653
25951
3698
26935
4627
40718
14422
21841
37196
28891
32088
54103
21578
48179
28702
17383
46138
37674
24224
28881
57983
5991
29226
3997
13202
7059
56961
52240
12213
4117
58206
27434
17111
25111
35460
32046
59173
47356
57664
19157
24539
36998
16934
54248
53335
45310
17791
56010
18011
48658
45734
5368
34337
12905
36471
50830
20228
36880
19883
7484
58720
48683
10440
20584
20355
39101
9883
29724
18971
57899
22641
53292
20598
52223
26335
21479
43501
42002
40138
21748
22993
18442
42629
19598
21453
16355
51006
30416
44398
14588
41675
26749
39775
46969
6178
33912
30421
45197
13321
38490
38602
24730
53435
19139
16742
3589
29802
15231
6806
46311
25327
52644
27877
19614
17157
53211
9422
15392
26307
54961
25762
19211
21186
5349
29500
26780
54252
29595
47192
10409
26656
35623
46554
37551
42995
16624
25437
24441
41536
23336
58092
15202
57592
12158
6130
15633
7647
35465
15253
32550
37481
50812
8524
16688
15673
53366
28344
42302
19649
26924
48277
59785
23344
11701
13950
3357
3372
4152
44735
48444
56375
50286
32567
4664
28988
44223
43305
53446
18482
37414
28344
52847
47926
4119
51450
26590
49280
35742
10162
36429
57362
59754
14670
27007
10687
21507
50412
15639
39364
42078
55030
4418
21758
8298
27173
28759
13588
33319
50892
18805
26960
28404
51312
49093
55070
41246
17734
14570
21294
19914
6225
17434
15839
15057
35676
48520
50480
39806
25934
36575
54488
41078
11725
58133
31679
27752
57110
8592
49901
57241
12968
54123
6572
32396
29252
42718
9423
3452
19529
12556
26284
21326
27639
8243
23828
44914
22503
54889
11952
51367
39833
3324
59095
21249
36478
6839
21861
5804
37044
52665
34706
7701
12265
46761
52781
8724
13554
47871
12942
48718
19879
52518
6169
19587
16512
32082
40458
10476
17593
49083
51433
57857
28030
24423
51278
40065
42319
21564
19709
43084
6706
57773
16039
24024
57769
10295
35644
21681
49886
24316
46492
46590
46082
55576
56063
25256
8071
15442
7866
51666
53233
40526
25742
14917
35321
38810
4750
26500
47168
3803
25080
48313
58057
14987
48048
27141
17359
16722
15169
30942
24609
20668
9907
6321
8046
46367
15550
16318
15900
44732
35554
12019
19998
7890
29367
41005
12692
25582
22883
36094
35565
51686
40219
39830
23533
58399
33221
43481
30518
3010
57663
34247
7884
11661
5858
38532
4391
55760
23813
10356
5422
22838
34866
29105
37910
45752
51572
24283
58116
50386
22679
30249
52834
55252
47737
35270
41592
10350
22902
38080
21463
9514
56926
42612
41484
40776
20283
24980
28921
15480
15455
16305
46106
26867
37738
23289
27567
23760
32671
39531
27648
57877
22196
30343
43906
32871
17680
14410
23087
33609
40891
38114
12847
30054
26586
22763
49777
30333
4257
45218
36545
11407
33868
15542
25870
31101
16114
56582
41374
4507
45491
29116
25359
13248
17176
38407
46496
45807
36775
20981
36033
47906
9499
59315
55661
46685
17693
21885
3304
48390
3284
27842
51593
7563
21886
32545
50271
5392
49465
55571
12390
30674
18215
3767
33864
27452
45009
11804
10650
8716
25930
56370
10744
33322
16679
28627
44068
16763
49481
23574
51860
22095
48505
49001
10613
59658
13130
34335
30425
59774
20535
33951
40048
33181
34036
58151
36958
28131
7405
47894
12798
18092
7404
31168
14515
9641
54748
8243
39499
27297
50064
49206
7632
28243
50076
4121
13554
38836
33738
27666
29639
41208
43508
7293
9703
17684
18426
5200
26615
29069
59919
27789
59797
10790
8664
5423
22699
12467
24350
23394
36673
43045
53575
25827
45028
26317
57963
40322
27470
12945
37985
54576
22652
14303
52039
27324
25919
52884
35397
42663
25944
39242
9040
40038
5880
31291
16422
26716
26546
56932
8287
46723
22954
53399
3049
49005
36936
29366
7931
44393
46061
48898
37327
30214
12029
15235
3762
49759
17295
46377
46226
26334
43902
27622
5351
28855
50024
53566
31073
29721
59431
34809
25168
30254
58974
21212
50523
14241
43254
40459
18269
18793
35650
29391
26752
59954
14765
18384
49387
20017
35966
57926
4251
41700
56373
56292
28500
49270
4043
58172
54495
5809
10395
28991
8618
24668
8427
18465
54583
9096
57974
3783
22102
41054
44434
40233
43959
30235
52097
3218
17496
11560
45742
45965
54764
38481
28196
9319
35143
22186
44841
36736
39442
44751
43240
27395
47171
52077
32127
13977
24316
30421
36739
