684
51215
19142
37464
55948
53783
33058
49805
50012
48657
35851
56920
56819
46262
33770
54288
36856
32942
49008
55371
43053
40168
8511
43215
14395
13188
41756
44516
19377
49136
53715
3315
26241
18381
58469
39299
38269
7801
22949
12199
41133
53363
17713
8639
59617
9738
34830
7823
21881
43639
59057
45322
39933
21926
21678
42667
35519
28339
27878
33409
47185
8423
6553
38029
8386
25065
11304
29809
18832
39567
20810
15335
30415
55021
8658
48081
40447
49809
18409
52862
10519
18577
37744
58555
54555
35421
39755
26184
3824
53602
7849
45731
9887
35623
59369
11014
37667
5628
31744
22407
9937
27255
33380
35213
9969
29951
38601
21634
15222
3159
41133
41411
49226
5430
24321
7000
44400
26802
5737
44201
37889
21379
30351
43399
42055
7201
34180
4748
11553
52614
56919
48629
18881
47036
23731
49470
5391
16649
35713
40639
44117
40405
17653
4404
19291
56330
45990
57044
23457
59446
6998
46973
59164
25427
5833
48132
43600
36959
3936
28543
30157
56792
53005
27257
59750
53251
19846
40695
32542
56457
59022
26534
27785
36880
22057
59811
27331
40427
22211
55222
17211
4532
17925
8428
44276
41891
19523
31592
5367
9505
50027
54770
57129
22022
4382
12127
41062
59511
28893
35457
23108
36640
20830
17990
52501
51692
6630
30996
38975
27894
9936
22274
22596
35169
21304
16114
23293
11624
49268
51530
54271
19897
52506
6830
45329
35131
5544
45495
48576
34268
18200
37259
32977
37256
44246
35189
48675
58329
35536
57287
46224
56625
50204
39509
4128
55128
7900
20179
59573
18924
15999
31091
33017
6712
32218
23615
4915
39666
22961
28204
45391
56506
9248
50127
48647
21427
4692
15315
52989
55593
52285
9729
12283
40856
23220
43499
43539
44094
52684
55367
34270
6584
34052
49487
6839
44101
17005
11821
30448
52320
24206
58365
25548
52915
40179
18376
13613
45633
41885
25227
22024
30098
35650
41986
12075
24255
39229
27791
56040
38976
59027
21264
36628
48298
44986
48084
4477
12749
58663
4493
12042
7674
59361
43037
28848
40594
27169
42602
21937
34844
18562
40908
46202
3780
11824
41884
43719
18788
54473
45450
31984
33981
57921
3494
49970
50118
7490
49787
4129
36328
48825
16921
3717
9771
59760
7282
51244
47507
41163
19825
8396
38485
41271
13866
37604
38664
49073
16883
51344
48550
44607
50931
55927
24056
33419
12994
23580
12639
39030
31287
12920
57282
5449
51916
59389
38032
52080
22591
34655
36993
37920
36563
27536
36311
21126
42381
58149
46154
11833
40448
37880
40856
57252
14082
34202
7507
40547
31996
7643
18426
44221
55635
55044
49793
15694
57936
23910
35035
9951
25867
53690
32617
30419
24145
28960
55344
48390
58977
53379
27841
14590
44966
9914
43046
17876
26153
10202
26368
24279
7250
17582
19066
36672
25049
41667
25622
53031
6189
13436
27480
15572
28510
19983
3903
10969
29885
9181
28233
54795
52164
27311
30787
10666
36156
57921
43871
49953
45595
41453
16660
43802
34004
43392
8698
21226
49944
22401
43537
25440
9542
5963
55007
32622
8697
8728
25575
9615
44858
33135
50136
28335
29078
35468
59799
31114
16662
40204
14874
44943
33533
4958
56566
59715
58591
50037
31725
22847
24477
13873
48270
50065
48694
49613
10913
53389
13899
31002
25594
6059
42298
12354
40995
35553
13765
11578
32985
39557
26360
58814
41559
23268
21002
46922
53925
42523
36346
24194
54231
14900
28452
53862
3148
57619
6045
23915
48017
20761
29562
17068
33737
45827
8203
44978
34524
42001
53313
56642
23398
28047
54093
32496
28711
35323
14035
49522
46611
7002
39349
23031
44549
33852
52044
7175
37995
14759
14120
33936
9033
32612
54776
27473
19742
37694
37463
29701
37822
5504
37854
21715
6291
53852
53616
10419
23891
19294
34110
36521
49426
15137
26167
47309
8055
15202
23954
5335
24811
16992
13930
32846
25303
53264
10072
50682
34200
54935
43937
46256
4259
40920
55033
18130
38573
57987
17010
3796
48133
29962
21058
38885
29249
12149
32942
5457
53679
5902
54997
18448
13301
9030
45538
7305
16603
40041
57915
28661
26888
33686
8035
58767
19615
35753
41864
32880
38209
22605
31884
7327
47125
23192
23812
46811
4293
48811
11266
58903
36932
40298
46836
21392
14519
22865
59009
42286
55309
51121
58210
59053
24539
56122
40870
57113
35250
8853
27970
15097
