722
34195
32627
59599
4556
6665
43463
50091
36960
34082
16520
21516
42332
31693
26139
42271
14198
48514
37814
48996
43637
42187
49626
10776
44481
43244
11348
17003
28620
3331
20874
3622
48538
56866
21638
15077
52871
59400
12617
31427
20055
48129
22417
27007
43232
39353
44488
32462
5592
17910
11255
48543
32192
47593
41464
22647
28003
44635
22679
28562
24139
35772
42241
20232
39184
33126
19353
53842
25563
41933
8322
11115
51937
52180
53158
46402
33352
59414
39828
46320
49794
5902
57275
5832
45610
18498
40736
32646
54471
18757
12660
50223
33818
32362
50250
3055
58139
25147
38267
21299
59360
11251
30307
16207
3748
34012
21314
9191
56257
31333
11212
20969
46949
14317
19941
27208
31577
32802
21904
21299
6125
18794
9717
52606
13837
50080
5665
27490
56365
23567
36003
12639
55361
13869
38489
10386
41458
9787
6069
5368
35695
11172
25417
29589
30508
43888
7068
22319
13433
49443
12044
24920
38171
29851
52004
17472
11434
28578
15910
47895
24395
20934
40198
16072
45720
36169
24792
26619
24764
4047
14744
39033
38725
20055
57754
34731
58735
29903
9020
44163
33039
14714
58260
13330
33708
30954
48338
50358
9990
29222
22292
21516
50353
35361
56723
35538
19098
8091
24118
29721
21899
54529
25360
23555
37216
5632
39213
8132
57649
10720
5758
41644
10894
39506
29146
21111
4691
38385
8169
38905
45955
30331
31816
21549
5780
28943
44545
25619
45299
38788
5379
15127
18287
20270
45135
40198
29935
51270
22405
21699
22329
7664
19988
53854
50949
47999
30852
34589
10077
53584
26301
11540
8568
36009
57417
24087
12442
9024
45385
8028
25397
23887
51355
18083
27648
26538
18420
30114
16214
33705
54547
57403
44006
41209
36579
35932
50617
37643
34955
5241
47556
38978
15983
53579
45167
5168
27728
44791
52269
25713
50359
26147
45376
21277
11232
43866
41107
19842
58290
9444
7762
52420
11608
58651
23131
38162
5328
25059
43225
11633
13082
36308
29270
48047
39232
19465
32353
13341
24984
27821
16595
46129
32129
41513
39675
23127
35088
27695
41809
43488
6418
59246
22959
56026
27608
59713
58437
27027
8603
53086
3762
55556
45991
5531
36294
53514
37019
13644
30734
21965
25552
24788
49316
10487
54867
47930
28936
42226
26140
42236
15398
51728
55465
51958
57250
21615
39756
55771
21041
57832
6311
3200
26078
28117
58458
39096
20204
38773
40353
32095
48583
38114
23126
14339
8121
43666
4037
41353
19674
32381
23505
7191
28553
59051
27754
8111
3763
38501
9151
10297
12199
52536
28989
4811
39858
38152
4500
14975
24811
23311
49371
33082
26632
54757
4731
45160
55849
15882
10304
46922
36015
27050
31496
7131
48941
46566
49892
29128
40630
12535
19296
43029
24399
23387
34719
12312
22456
58607
19996
29552
57314
25393
14222
9817
38722
56435
55567
43598
45381
8563
43702
5108
55304
11925
7164
42624
15309
52161
24629
8527
43133
24224
59972
56999
19092
56517
31549
27498
56169
15212
7150
48288
13024
3361
21815
52471
13506
14661
24060
33817
11656
59250
47271
16499
18482
19190
42505
38624
23629
23977
58085
40279
47000
33786
50787
5376
9530
46998
9874
22373
13557
54209
32072
59115
33778
7712
16220
34131
18998
47742
9059
30179
25012
14353
24463
8462
38383
15005
26231
34912
51028
14877
26284
16383
5749
15077
31300
46084
6049
52921
14156
14811
9029
27941
6910
25143
35200
15226
17863
37341
8638
11972
44656
20282
47460
39707
24544
32193
11270
15606
39774
22345
37939
28344
48644
30786
51700
54424
15130
29559
49769
54996
21218
54792
46715
35095
50750
14831
22891
38418
51740
27716
34723
17317
11335
50023
47878
30802
42334
51164
21357
56376
11732
42110
18528
55112
25930
24624
53372
50476
7916
40305
6587
33915
54969
21314
19721
12992
3932
12654
11689
3321
57448
52727
12900
25504
22983
15726
45166
39484
23134
27908
41564
49296
59681
23656
56345
9748
39286
4869
13112
49108
19238
9372
44937
19507
21881
34650
13853
41702
45584
48131
43259
42997
40155
38951
8794
17527
48242
5099
32467
11274
23719
3806
47359
28734
19294
50407
25066
3832
42061
38093
11245
26338
13419
30991
45412
33040
20710
59381
46415
42326
21308
45605
43167
48505
41465
20110
55768
18058
32360
57609
44756
56304
44091
12178
17030
38815
6501
22477
56486
44512
56252
3931
31292
33319
53103
59505
58401
7427
28801
33020
24582
46079
23576
42945
56328
52943
3439
53762
51204
41985
53668
56819
53297
55078
5045
44036
52708
58975
58382
25582
58144
29357
21268
53939
3851
47378
48998
20805
53455
45454
13284
