1530
39652
22834
29820
40963
46236
3615
8175
21762
51801
45028
17232
58443
50514
51741
45565
4980
4337
39187
21983
33062
45058
3042
58235
25151
11904
20238
10743
14290
22603
35432
54078
8394
40655
46144
23290
19996
30944
5377
53351
21214
16000
9259
47980
51201
36998
38074
31125
16689
13502
32369
41112
19379
4755
11301
6350
15791
41591
48549
14661
52883
22339
16821
33324
22856
45243
22141
13340
12632
15778
39340
41216
33108
5951
30871
58528
52261
30444
40086
42071
17377
4413
36545
22939
32236
37297
55984
48635
52676
55311
14707
7455
38033
45367
46732
7915
34247
42991
13865
27502
27890
55124
22982
39857
6533
50485
24513
39108
17234
14966
41825
51382
21840
21826
34001
12781
34998
20335
24581
11552
17599
15961
24689
40358
31805
19355
48485
14292
7135
53455
10811
28728
28061
17619
56386
20758
11229
18123
21418
45359
31989
34839
31670
43312
49901
24414
16587
50475
26691
18016
28377
4519
35087
55879
23186
22451
31256
8807
26876
20714
34839
45636
47790
19782
25397
9378
35583
35710
54183
17063
43721
40150
27768
51270
18904
59681
44438
3695
26387
11487
21903
4040
30075
40002
56664
47479
53742
16710
7576
8394
8112
43415
58394
12841
24485
35919
17116
3523
31696
20396
47482
50738
22888
55422
38386
34319
31161
4378
44874
4032
59874
55335
33836
47814
50018
50912
22950
12565
46218
35968
7294
42470
25298
37826
57353
33491
36871
27897
40090
35473
52732
45928
30049
11739
25740
53265
3662
59278
32383
38395
22293
53141
17571
36450
6151
24315
9585
30915
33487
9776
21046
50808
12451
51362
39279
58724
3731
33030
31884
3031
11562
9377
8814
19199
33167
36491
25069
41941
52136
21970
5715
5016
35444
16166
54746
9075
9356
29905
36879
22207
36884
5153
55983
17477
52250
23404
24484
52508
19587
47201
14038
31908
42827
49883
4298
46118
39876
21120
18198
27327
16591
31466
49337
34850
39654
43106
45289
25538
53335
35591
35142
51247
54828
52593
19633
48473
24786
16175
51352
29979
47305
40109
3517
10667
5695
6485
33212
36819
8760
22970
59120
55616
3908
9424
18959
19251
34908
12836
48143
19144
33711
21493
15154
25870
53675
44257
57909
27773
43896
12015
16299
42641
54973
31783
50276
9493
50195
23977
45588
54647
42221
55657
13960
58068
31545
38906
54189
6402
26413
9690
18969
26452
41828
7465
42648
37372
57033
20643
55244
42523
44551
24153
15602
50229
39383
36428
28559
8619
55266
25006
59137
50035
12090
35340
11524
17953
56755
8712
22748
3713
19459
28210
48317
46152
43724
5645
28402
36487
36077
57401
40107
5072
37484
17435
42883
59440
4219
33387
58833
35255
9204
6298
39776
55900
50850
6764
20962
23553
15420
40635
42243
11667
21602
38001
5083
41140
3089
11024
46919
27539
9678
39557
52685
38082
16518
38621
37529
33532
9580
3532
8152
16910
28302
54043
40011
29514
3237
22998
37337
38301
15835
52821
26661
55149
41512
23097
44736
22496
29215
30145
55334
51745
45223
37042
20448
48536
55236
26120
11370
44888
40777
44668
33163
14251
50530
55036
50620
24202
57161
7255
49739
9847
55463
43719
12466
35240
59442
59299
55457
58519
17744
47611
49723
58568
21267
6269
54014
37068
25741
37794
44561
52873
24836
47763
49714
32135
7655
37360
45195
55532
52270
39234
58368
3414
55733
6708
15378
52818
23311
11777
50579
41413
36242
49170
40986
46542
33532
41499
6032
55138
53611
12073
7714
11228
54635
56242
14291
12279
44902
43628
43795
52085
8547
53976
4197
52225
18266
28937
48830
18960
19339
48915
37094
13911
51325
40526
36675
38422
8545
29005
18583
7932
57799
7868
49358
40807
29004
46217
28617
10965
14917
30413
8802
38084
38459
3031
49902
57130
14296
55213
19126
30615
30387
43700
11028
7881
25885
14889
27508
51287
41975
8893
27546
34571
7488
27538
36482
32025
56467
21963
23146
37775
53846
43349
27913
11754
19335
13052
4948
52223
47273
33971
43307
31187
42088
15532
28228
9620
10900
59881
47007
20575
30502
31592
43221
53216
3361
19476
14457
50546
22776
23348
54700
53894
33020
33527
18644
36880
52942
11234
49401
37549
4423
15606
33888
15446
4810
3907
53737
59721
56118
20868
46924
36220
5467
40447
37389
15044
58942
25063
6007
44765
28603
25583
20556
41025
54069
46175
16733
56638
43334
37949
21043
15750
38308
37285
24081
6641
36674
59299
38884
59786
39267
56973
41323
4586
24601
31567
46989
27092
11081
45957
17682
15664
37984
43576
20733
19898
44419
30286
5129
49548
51360
29468
40968
26358
11571
15249
57499
18117
14612
35129
23563
55254
54726
18637
10717
57227
41153
5076
37118
26208
5784
35019
29369
6018
36779
16426
13540
51776
6390
41029
48795
20170
7496
45930
50472
9997
4954
8109
33310
13523
31688
26861
30286
19842
55085
50087
39714
4318
51515
11537
27923
12719
4620
33781
9891
3447
43787
4229
13671
8725
29483
21614
41695
15431
22584
14571
36660
29679
36728
5331
47839
48239
23225
17159
17736
8010
38807
15589
31868
48583
14439
28368
28381
20121
54567
58674
43906
13682
11037
27039
46976
58158
57910
49385
8628
40351
8823
23377
10269
26099
4980
51564
26816
49335
20628
35445
47412
28720
18950
51053
8493
58629
3247
13292
53252
10898
6665
59003
26152
36559
9357
18007
30607
27192
17430
20582
41024
46513
47234
9474
46131
4999
30638
52393
53858
40810
22587
22818
30285
45491
50224
16086
34755
34956
27656
28443
35281
36181
29942
8839
12329
59817
49324
5849
30469
50564
31466
44055
47419
38739
57422
24255
42569
47899
31066
7136
27341
23210
32912
6004
21498
52531
51944
52531
40124
39270
11678
27226
48982
14024
33463
10097
16171
44022
38255
39624
56558
18406
14104
9503
51396
34019
25026
26918
17893
10083
38200
14996
14392
15766
28653
46760
18645
5417
43466
8756
24259
31230
19134
31888
37852
37645
32597
33364
6255
45639
47856
49153
49462
59468
6900
15961
7937
12996
15295
57512
20813
31159
18723
20601
34617
20022
7506
29441
29586
43211
9332
17228
42318
56862
4146
19681
20879
26200
46309
59787
58696
12079
32631
25345
15834
10452
18157
25766
59351
12221
18389
20142
25556
53810
42591
36576
5847
29054
46851
38883
39260
48075
51843
10155
4561
10789
17389
18983
20333
9551
4951
30034
38765
19832
30108
7550
40679
14564
13398
14235
31500
3099
24935
54153
37116
50999
17266
48720
52205
51618
27972
43694
14936
5526
52376
46738
45651
12696
26217
8443
41163
58506
39007
22256
34080
46081
30624
32390
5395
51274
56905
51354
49595
39615
14008
57664
15868
19530
26757
59799
57706
48225
38707
31077
38930
28500
54030
26045
13354
59517
35433
46577
12966
57150
32548
8926
42625
54715
48750
15618
7744
21463
42177
57227
13667
29443
46559
58406
35403
53817
27925
32596
17813
11894
18424
22889
37316
14784
24278
52770
46223
45496
48756
46976
52256
42356
45636
53064
59797
7893
4729
56680
33203
37527
22733
46595
36352
58525
30337
5214
10718
33000
31768
34569
54983
26151
46246
7891
59359
54494
54901
29718
37579
3595
13352
56174
32771
12460
48949
56892
58031
17939
9673
9423
49266
3202
48603
57176
19890
59078
13355
36226
19024
20622
33671
24402
5127
8688
7692
56643
8541
32815
13899
55669
32995
23978
15999
51763
16655
39041
11146
33492
52880
31684
7893
30540
44349
32330
14092
38760
59346
39560
37805
31164
20988
23165
16230
59046
18493
9252
28869
58178
36218
16047
27806
54635
9526
52554
41569
22255
19439
35208
48663
4156
40530
15504
16349
15242
27697
45301
6863
14860
39378
29586
14510
59292
34274
27809
58557
9969
37398
11202
57873
46887
45025
40602
12137
49532
15997
23416
6427
18903
22004
56402
3402
15910
39462
49441
50199
6949
5306
19129
28281
9590
40778
20141
6240
55943
24350
51455
50784
21632
54247
51336
33330
10728
7755
49834
21324
7428
20044
7156
17869
25353
13259
8576
45963
12004
47302
54992
3422
11598
50316
27533
57302
5654
45139
38301
32424
33433
18603
24060
33658
14917
47401
10063
13030
8653
40121
14443
29575
50379
31265
38788
8276
18249
26533
49146
19719
14321
16996
55845
22336
13943
52713
34853
33421
41004
28090
10099
33926
37339
53756
6636
32981
9877
59779
30941
48964
17724
24913
23631
37109
4606
30359
42936
55657
9061
55294
26484
5773
5844
13165
36103
22931
40282
58766
34598
6433
41651
57913
7362
16299
9582
13056
18647
33557
24497
54810
59232
13431
34172
13375
50952
45205
37926
22596
26976
12315
55462
39437
19110
44420
14575
55402
25241
19439
45384
32412
6010
47245
54714
48037
6947
8309
49135
8458
22742
39627
38476
7530
40025
17293
11776
26070
49047
33390
26142
10398
14050
26659
33075
26956
11216
30205
22113
20832
14885
54465
13675
37371
45308
57683
56615
11416
50189
30365
48709
34630
18403
36855
14681
7051
48257
34795
8230
20789
29465
59058
10763
50746
47848
5322
13846
48509
33711
5838
47184
21073
3444
32468
17504
26191
14562
34285
23201
47023
41444
59377
18003
5929
24016
17038
46641
46146
31876
36502
36493
47490
49762
41085
40857
4137
45448
12520
5564
29385
50276
30138
26812
25515
36891
29144
49873
28984
50716
24945
32470
28906
45725
37265
37213
55615
56662
22460
12532
50100
27749
8636
10721
26211
50027
27693
38106
55444
45831
7248
10443
46370
17387
27471
34777
14522
5375
54381
28501
25894
29292
28471
14554
4436
25473
13881
36988
22825
53976
10272
59733
13285
39671
55893
10752
32802
7797
55465
6118
27592
14366
45885
3492
56047
52147
16794
12008
30765
40943
35309
46816
50640
59363
4951
52378
37963
14628
50284
12443
8549
46639
25116
32256
49471
52301
21440
19344
8931
25604
39048
26063
59650
52491
36046
43597
11435
