1244
54075
57113
45823
21804
54509
40956
39767
17591
6394
52933
24916
47862
47064
44758
20842
34972
15552
17453
47697
34754
47240
4303
13484
22499
3482
55302
4499
8664
8071
11091
4747
15975
39984
23944
16127
6233
53675
45106
17686
23797
54069
58941
50698
22094
58854
55437
41746
9509
39860
42491
28216
10161
41452
41109
49075
23206
16262
53671
37075
4435
35955
14783
44122
37611
19840
3866
3438
13796
22009
48952
23277
43333
37835
24171
42464
20392
24600
50104
31240
13690
43189
54016
51787
10100
53149
43770
20616
39776
46843
21532
21905
40110
44242
15914
40621
34023
7538
52044
6232
35460
51896
21966
44503
39655
16402
47504
22422
5561
35732
27680
9629
39819
28000
26653
22517
4094
58208
43730
18335
10951
3162
9003
37247
5169
8689
20202
51647
57971
13010
35250
59106
47183
25125
9508
28410
24044
33841
55982
6305
22901
11676
21490
56015
44490
23014
47559
52392
23013
17772
58810
3073
43845
18916
54249
26364
56610
33054
39103
42851
8232
23086
7772
51894
21178
5071
11030
43326
58440
51647
43691
45106
37398
37462
7306
49191
13488
51320
16089
42960
19728
32120
9127
59163
22762
49136
5301
12451
20556
11166
16068
55897
53445
23894
5594
19831
52807
53357
6763
42058
5994
43991
54233
19701
42698
20477
46582
59443
39449
42255
57151
59193
16424
48426
42071
57029
35232
9785
52520
59574
43178
52499
40121
41485
49498
3930
27134
54336
3206
39870
53229
56764
57068
52545
50327
3942
33357
6504
41170
47833
35655
4910
21805
9959
58595
43828
34015
9747
46426
39150
16501
5841
55264
7990
28135
11142
55143
30756
36389
27862
12495
11744
56609
32401
6291
4070
42031
8131
47547
8333
56706
8094
24591
30392
56052
37055
27609
8738
22277
12527
58465
43159
36437
57187
3311
9361
42169
14124
57155
9551
54547
31068
17491
18264
16526
47454
16012
37645
47323
20148
56229
22734
40307
9525
21977
59299
9004
48120
20289
30946
52342
20477
29927
30209
18105
53839
54092
55812
18754
30266
55552
16824
31791
22375
26855
43626
41288
27687
15020
42984
26253
16893
8071
39195
10034
48616
46770
31026
31936
7633
33226
23185
52587
9041
6646
47657
11994
29141
36556
25942
28955
41012
24431
42308
45485
13490
55868
56330
47233
30771
24132
27111
8548
26072
12759
43562
24411
15034
55444
8046
52048
21485
40929
11516
39033
51821
16870
57426
39250
51781
51001
3255
48941
26285
52043
25961
30113
3841
35050
59278
28879
32806
32831
42839
27485
55209
54482
34733
14885
23906
56993
26208
49007
8240
14424
11168
49954
46914
48002
23461
48468
15242
27000
57759
13544
36860
24362
36110
44864
37260
42845
44984
45227
57788
17500
23232
18646
41772
45932
59129
19292
27168
26159
42137
22642
49954
4734
53818
6375
47479
5729
56561
51091
6249
45210
3466
52042
25364
33399
53448
19859
29248
30848
28444
46413
55749
39412
46155
16168
46395
19157
44658
22968
43355
19231
11447
47861
21354
6348
23636
53773
24053
11831
52075
15007
25145
23076
18630
47906
28418
36352
12815
33449
34444
6305
20156
49105
39615
29553
31666
31758
33696
23563
26675
6736
45472
50820
45533
39315
50096
10073
36777
47491
57037
54753
49129
52944
29137
52733
57027
23230
48819
35838
26187
25129
33035
46196
59277
41986
21161
31313
21725
20010
37225
3220
33390
57661
58666
36515
42343
36226
27782
56054
12206
8273
40586
15936
45595
46847
53594
20403
15058
10882
41277
24763
41165
43676
18294
17667
27382
35830
15357
21060
46147
12946
53977
14202
35192
3994
49523
32895
4551
26613
8968
14641
4600
38777
57353
32783
50389
41914
16002
25246
12474
30609
33412
46385
14033
47396
44999
53747
58330
36319
45968
27224
28654
40024
53473
28663
9355
36875
36941
5111
11431
41853
20605
41201
7783
45912
54008
57444
44234
26693
50797
8917
5086
33295
52905
34433
22467
39682
12558
9948
33585
50737
24497
59272
31051
29595
4835
18092
34723
28273
20866
19439
11839
41311
58914
56037
5607
42919
33819
12199
9849
40006
35328
34001
14860
9533
14034
22297
58200
46859
10666
45589
13670
10254
3011
24495
8787
56809
23356
41861
40239
23978
29507
29476
7938
24149
20473
52100
57020
11394
59262
41598
51815
28059
22414
20957
48024
19062
45795
43587
18888
58727
54463
47378
17745
58432
15454
12478
30164
19116
39242
43132
7687
43003
54379
47931
23936
29040
16581
24917
27348
58363
57032
49160
29688
36004
44078
36734
14650
32721
10109
51173
18350
50439
57695
4971
33621
8277
30000
29316
22523
55665
53650
48794
55390
7069
36231
54024
47417
27610
7711
44733
42878
30560
35901
49134
55369
59751
29895
18757
24829
49570
26496
15514
25618
20595
22548
47690
17060
26901
42626
31927
20621
18272
49663
43511
4081
32033
30047
24869
52455
27612
25996
12438
29563
34546
37949
42510
32582
57013
44729
22345
32947
28519
42972
3013
21608
46368
43060
9410
31804
58709
5002
7966
25214
49131
48980
45865
54523
45280
8595
4519
16172
54506
58123
56118
41168
5175
5474
46574
22748
22495
28191
22441
17517
20129
30846
18756
44317
38081
47620
6038
54654
20699
19721
28593
54687
19336
30341
56473
6774
40053
23983
36901
24216
53235
36780
10904
35658
9215
21023
10998
45792
22550
6048
53194
18484
39337
49516
58268
50054
7526
35368
38361
55027
10302
56158
44694
56537
30894
46397
31743
27026
48588
53416
49581
16373
41570
15723
50229
53301
33639
51356
24054
22354
29052
25562
15665
37900
44156
7457
32921
24061
7603
52301
34456
47510
39900
35838
57920
43833
42350
18052
30387
4356
13420
51887
53775
41147
47113
32897
17585
7320
6087
56462
27306
55527
3615
47278
15030
23479
34911
17662
48209
8254
52766
41461
40702
44789
7719
13986
39990
11481
14944
37590
23290
44919
49769
23215
30491
50887
18716
49805
36261
47390
28948
55886
3256
46752
46373
26492
21780
39259
55611
18010
27489
36866
5585
27969
11830
59969
5257
44381
58913
35559
35944
19832
44731
30286
14396
26754
16628
35241
59150
8432
8983
26536
57001
36803
23469
23393
49206
52478
25274
29377
46549
42136
54183
24686
49241
41929
50752
59766
29065
27609
53938
28897
26366
54278
16799
53818
56244
4575
14548
40310
24034
8859
32340
14386
14413
40474
32394
48856
48739
55456
32517
41060
57658
11690
54790
38974
35883
32391
29345
50980
30561
53086
26316
18777
21631
47784
5903
11593
3673
59116
40192
30822
33726
49013
11834
46855
26970
3263
16191
39883
12936
14020
51480
43313
4159
16692
41664
49665
12682
49566
36110
17274
58774
47169
18994
29585
17018
36293
54022
47272
56308
29381
35459
41759
42255
40808
47280
58611
46679
40944
15611
54354
22274
57944
5973
43315
36202
27143
21488
33615
57166
21857
12374
16248
57754
37930
41518
38275
16441
9050
40533
3618
44343
10328
56076
37415
57811
29696
39726
58060
51126
15819
44540
15477
53727
14731
37021
13683
48345
56773
19604
3436
7483
6155
44419
20882
35288
33166
3187
56940
37407
42606
38051
10572
9973
55987
23064
50275
26810
54691
26064
36744
12641
44585
49379
52655
57363
52665
40122
46592
53200
25656
57359
13520
53752
5959
49755
3854
9347
8642
14094
8562
45903
28573
25249
57819
49611
52920
45670
18705
12539
40487
9315
30031
5285
46404
6581
20663
57750
57485
5281
5864
47739
15479
35160
27439
8091
4026
25275
8346
52328
4288
29461
39492
10287
33605
54451
38804
50494
20467
3120
4353
11153
51301
59220
9106
3294
15374
22913
11777
13982
16022
51728
25542
9594
21443
10065
34049
59534
11217
52192
47851
46794
8306
16701
32647
3108
48926
19697
30081
48352
8666
34289
42234
14486
29660
21161
31784
37492
36370
54246
55965
46013
48907
41431
40369
58994
5722
21211
27759
41797
53850
20207
10665
19178
55013
22029
41577
41132
23346
55988
5830
21103
58845
27313
53959
27683
40217
21928
39898
54029
11527
44343
10400
48072
11832
12702
