473
54756
18461
14519
51451
28947
22092
51185
7378
32459
32472
21789
24772
32061
36942
49153
9315
36985
31485
3496
18644
59176
5911
24432
47761
39099
35950
20305
41795
12581
40712
32091
57302
28650
47463
58424
48677
51443
54877
4570
24050
59148
9591
9573
51089
42140
33356
13375
6818
36850
47112
35772
27544
17000
19058
29855
28394
51695
5254
12448
41218
35310
54749
8580
42150
34911
34858
10567
43964
45533
25555
38291
36430
6558
35168
40626
4319
31867
12886
32262
37269
10337
9640
3993
54030
46946
45554
17315
20894
37604
43435
26137
17929
3846
31391
12173
36734
11347
32382
22082
34594
15703
18796
39952
50727
43710
10516
52679
5901
16539
8329
24735
37132
15707
19268
34791
54732
54174
10049
52272
50401
17219
29996
52055
11891
41185
16335
45185
22986
21601
3985
3121
54789
46659
25895
52577
33533
30531
44784
21327
24642
35484
4055
51812
45389
8855
52134
4670
20439
57122
28251
54834
21267
31266
30368
54363
40299
10773
53330
27911
11248
53642
46820
31276
49167
57994
35659
28564
31686
30931
14877
27068
33740
7217
31418
10658
39597
5117
23687
12890
33206
34704
53357
59388
31390
34023
39315
34467
55176
10809
30673
57366
31878
57161
37510
33747
37179
48433
31683
53603
3624
53664
28620
5278
51153
22481
40096
33178
6839
30694
30033
15505
47331
52705
18910
26331
44464
40136
26074
20139
8940
49139
29384
11794
38502
12885
28266
19817
7569
39546
4336
55035
40743
12212
16474
47585
41768
45923
4602
38320
10898
43780
26484
48165
36500
18335
56246
29443
7754
4076
15558
44335
14634
55382
13916
34573
31480
7447
23020
43689
35281
35934
38754
56518
39617
15063
11426
18474
9260
6288
17771
12817
28786
4278
27132
26625
57255
32351
54344
44591
7884
40664
34101
45014
38847
10844
19853
42341
28249
31716
15791
16640
31368
23459
23160
29317
50633
44217
41956
13190
33238
38568
47684
21410
5806
35477
30573
27603
22886
5283
11656
28312
32188
17480
57186
20969
21746
11530
12011
47201
54931
59719
10862
25071
53200
37460
56534
57538
30990
54430
53062
35746
40507
59127
42557
36811
38620
38983
58979
22367
57495
6769
35417
49350
15066
59071
48268
54201
55056
38572
22050
6039
7038
8978
40372
5842
45745
32231
47921
29521
16058
13980
43218
41060
19423
17282
50214
59758
4750
32922
53490
35996
44873
54498
54419
56131
11813
11134
26268
32173
44775
55285
29996
24140
47545
42394
3572
59790
22030
39579
4399
20769
18519
41406
47924
22211
18731
4473
11810
4642
6554
9350
32363
25478
28036
19874
45131
41529
9929
16967
32507
30504
3227
8069
23875
57391
23675
59242
54633
17220
22431
50852
15672
17665
21080
20149
16024
5185
3744
18159
59832
9015
21314
19586
58612
33026
30100
54987
28596
38145
19255
36846
12461
55254
4407
20589
6639
28677
44452
32245
55074
28177
3200
17301
57933
17632
23165
40804
3775
34186
50257
37471
7697
52536
14615
58482
5259
35161
3690
43789
27660
33189
10985
14887
