1690
57714
39178
22350
34768
11874
21753
32878
46092
6596
21705
24379
24869
10678
37784
51306
16830
52793
55202
6713
16874
26725
5797
39396
14054
17261
59608
22240
9905
3767
26394
38614
18489
42494
28141
35265
49889
36095
36142
47156
38159
14354
41416
5286
41948
18729
11765
6963
7342
56843
7830
6714
38931
19636
27434
27169
55139
43087
31956
35542
6872
51823
19926
10840
35414
12278
41421
36597
34822
33514
39858
19300
17811
16074
14680
5253
33683
35778
55811
44430
54572
45389
9769
46936
20513
5912
38555
13839
8036
52047
7382
33112
55701
31983
42581
37384
57255
42777
57590
10651
55052
30869
36786
39139
22210
9244
33110
51625
56153
45004
19925
59060
33966
55071
11847
40612
43585
37864
32566
24584
44231
21924
19695
15507
59855
6377
29339
31817
41225
56841
51274
3792
25414
48960
26062
9703
40579
4451
16517
20326
33109
54835
59164
23995
57642
19588
15299
55107
23525
13410
33408
19190
33561
51228
14512
4209
20706
13622
56707
59428
36853
51586
45416
11418
25395
50288
57339
21727
9931
6968
42738
12951
21359
41608
4397
4780
13823
17391
29459
4904
42134
33252
10132
27714
46862
58625
42301
30968
25501
15520
27793
35511
35389
29299
38119
23642
48989
17471
32193
47888
41259
37106
41141
8545
5317
31862
38000
44439
35498
20144
59734
6375
47791
11635
31369
18686
53880
45808
47188
53409
45680
25042
27500
52717
55122
29467
17977
48726
32639
16760
36978
23789
32092
34376
44274
28483
52415
50938
59685
13559
7613
7496
27702
31943
12567
24062
22352
51261
18832
47224
18892
26044
35290
55399
9341
52681
34473
24542
41365
42783
24547
51028
13330
24033
20731
31552
29841
32783
4238
33724
46419
26549
23262
46688
24675
20182
21859
33787
42893
25194
19318
13849
35865
59668
46806
33301
39944
44168
46393
41430
28939
33488
17792
20438
39028
10566
25454
27057
18493
14758
49894
59409
55798
4219
40992
40122
55374
49188
4983
19111
19863
17736
39694
47957
9251
16723
21312
37800
57278
24544
34512
46934
11789
53660
16279
22099
23528
42923
19000
51606
11273
48494
7623
13678
10923
25332
50953
48128
31459
41420
16685
44889
19603
36870
43362
59156
56677
44082
9795
56529
26022
35947
25221
33383
44318
56011
59157
14807
59097
30255
32728
27521
18194
16537
13213
37134
52009
45972
56694
59084
42856
9644
32703
31739
52555
56627
11123
15995
35092
43798
23167
49064
43310
38120
24862
10818
36486
36962
3851
51370
39563
16013
47491
8184
19972
59431
34411
33960
7764
50122
38473
48647
13809
19575
24184
27091
14563
24793
13123
32892
9556
16918
5001
49482
3728
44999
45246
22796
42467
12863
14907
36064
28156
24072
42155
26008
51382
4268
32477
10198
49971
14985
12385
26523
10851
33320
37020
4794
58536
28362
31782
57781
29726
39909
4316
5056
32155
19522
23020
41912
17214
14123
29537
20850
46219
9769
56482
25456
40045
43071
24730
44216
18213
31317
53828
20314
43311
45723
17625
23266
52672
34450
38634
31959
25936
58990
8643
56441
47687
16698
52007
45141
17992
15719
5494
38751
37038
37307
43416
24152
31651
57328
44927
55651
10950
45355
34770
3096
27402
33457
29134
28547
18538
21299
24455
29673
56130
50532
15989
7675
24031
8355
18429
25941
39626
6907
40068
40480
31659
31892
51057
5058
20681
29246
35465
23655
25692
37777
56951
19119
16933
49845
10049
9728
51256
18534
32709
9843
22568
7110
48580
44298
9550
48159
15905
11311
5327
58445
14650
57311
27733
17246
29583
8292
25197
13690
34264
13222
30400
39024
29354
34679
10190
55831
19852
42193
36097
25023
38321
44376
10547
25195
29465
28810
49992
41683
33145
58020
21033
45904
46824
55720
25992
8938
35556
18909
6404
12728
51389
47391
34529
47026
19872
8593
13947
11407
40341
47436
3192
6599
33289
43362
28169
51214
11252
30038
5642
53216
41903
6538
44736
40802
57011
56255
40745
14170
13150
58966
51334
34801
22168
22304
43182
37640
55682
21957
45174
29300
5305
59367
33440
32963
42450
48761
15063
52503
25533
55720
15861
10151
5974
29964
54043
7245
43216
12345
18384
14617
56975
38264
30495
47099
10319
3042
9456
14809
41094
40940
21240
45538
32491
57217
42336
55444
59271
28652
3789
52137
9189
30818
53038
35892
42638
21578
25263
53685
27516
43367
32457
22413
8739
42535
36389
16875
34230
55607
52506
7679
38864
58160
14811
22283
12120
21520
57202
29922
5625
55023
42704
11797
23859
11106
46317
20521
48720
18360
23352
6134
23353
43414
15961
42290
34867
20659
36153
48001
24210
11108
56090
4431
28398
54557
37289
4434
46052
34211
29129
8608
28440
43246
38510
46251
16000
58541
54126
10444
38224
4015
48191
50868
45214
49758
21413
21190
23217
41169
33220
19562
4373
23317
5506
35250
5489
37803
5632
50849
32532
53815
35933
59540
14371
18325
32636
24696
24666
26181
38170
59110
40602
46104
7069
33730
36470
29167
44710
47950
58658
48439
50901
19522
11997
30591
48947
9755
42666
23940
40100
54638
32982
9754
33592
19686
56819
35106
28312
47983
27155
42389
44755
5969
20633
33722
31935
35251
40284
23662
29411
16240
33880
59241
48786
27960
31895
30665
50028
49408
4408
9015
18715
56358
55065
17343
3299
8536
22318
32099
46784
31220
48348
11270
16007
11668
23129
40988
28252
22006
57096
38323
50743
31337
38862
17018
59088
43576
21964
21694
4959
12346
18105
7525
29578
31589
11016
42103
7831
32453
3821
4387
38365
18354
33152
32769
22550
9403
12417
27974
23251
39172
12767
19019
36103
54559
57224
8844
57622
46793
33839
51597
56300
4706
56294
27261
53243
3677
12241
21392
13739
47601
56402
37035
52775
50865
11817
58771
10878
52642
27972
6738
55016
17821
26261
30235
25677
59379
5565
10733
27463
7015
26440
39200
43961
16912
22654
43414
27528
15649
42054
17465
7717
30116
16351
34390
58385
42697
59547
42402
23551
31184
39782
21313
49588
26712
24419
30441
42559
37795
54248
23775
29661
37778
31148
52620
33672
25923
56483
26711
49875
56167
38624
28813
4726
41019
20936
44216
18154
34580
38435
58574
38521
42974
10095
53773
26949
36857
9921
5335
57252
9376
46920
12712
49520
26814
32850
44528
58694
37045
18392
54562
8812
20349
49289
26541
18438
18038
56332
44864
58076
32385
23542
56425
15605
24712
46463
55680
56966
53549
54923
51625
14709
51564
40167
47673
34135
35513
47387
33981
35376
3258
38994
54622
16298
32562
16038
21291
34061
4168
6938
12638
50537
58361
51753
23281
11479
32543
17420
36850
41862
25294
27853
17139
58352
31148
16634
43579
31975
39710
13592
39813
20635
58877
22343
9479
47758
30457
13193
54471
52744
59216
54609
33353
26525
53568
12368
26788
51756
49559
22704
28829
55920
54105
5893
22794
11868
12738
57256
14680
6909
48896
6373
26494
17277
20568
57041
22583
50978
39212
44709
59508
30870
26913
19459
5855
26997
35321
35106
17036
31314
23572
31184
8184
47137
37358
22594
55347
11321
55579
38620
56554
9496
36522
26973
31238
9065
11609
35010
25069
40285
18375
38721
9663
55176
27666
38472
54853
27414
30084
13658
23575
7757
19162
29106
56508
20497
9035
18041
47616
50566
30859
49963
17181
22863
26423
28170
59192
30259
29553
53199
59231
37284
42202
35596
32721
4522
57537
47829
48031
42471
43595
44567
32691
52213
19920
4883
29722
54804
25350
55421
3083
10488
9355
49871
48956
38856
41167
31843
27636
5510
29249
10517
15375
46910
11859
5334
17413
55443
14300
54050
19842
33253
18972
54137
16284
20494
4026
18746
43265
32771
37740
25147
43168
11390
56540
52385
55978
32276
28890
26119
3991
43626
19298
44488
47995
13222
51495
47546
31496
44318
47881
54829
15268
25119
14592
48552
36720
3816
5378
29237
29312
21719
57460
12520
33664
43593
3965
36094
10475
12718
10968
45176
14231
6580
7723
9183
57718
49250
35412
14158
52115
9614
15610
56382
19878
34661
41388
5382
17035
54935
52133
53824
20004
21688
18510
54979
42049
25942
16058
58732
26366
37440
6227
16209
41850
8026
15163
7241
5659
57055
49048
15953
4591
49214
12889
58555
58950
36092
32473
54095
42799
6699
23977
12405
14793
42359
11490
7311
9071
25203
59654
21325
3215
25965
29296
59112
27848
17399
38549
4389
38178
18261
23542
28577
36259
5462
33276
14862
33156
41797
18075
46593
59870
34102
26382
53137
46615
20570
13342
13231
42157
50841
48210
25112
15776
3047
43481
17111
28917
47483
15315
28133
55501
47865
45347
44391
46701
49781
21072
16099
35280
12058
3336
11996
43074
3303
19138
37237
31182
24139
24528
54896
30910
44249
20326
30422
23079
31914
9239
38303
57976
16394
36705
33275
46442
56971
43705
51300
7587
27920
49969
13809
30641
33405
42346
31914
40116
18568
28650
44016
48587
13015
4267
34130
37517
27791
4734
35558
22650
48617
41706
38879
57405
40949
26355
19728
7832
39195
22820
3034
57090
34374
49579
40073
29732
33851
50696
15086
5286
54680
55312
9567
29372
36336
41410
50555
8887
42518
45719
45556
37689
55964
18216
51383
47040
4386
56125
44812
39549
48174
25565
47970
12729
3178
52214
59367
48877
44945
31051
51960
10665
41066
18889
45180
40871
57029
9442
42159
45540
37530
54922
15016
44040
34233
16042
50493
58286
58002
59817
18345
27374
40287
10901
12793
58846
27719
36386
4092
19956
48635
12431
14455
50821
52078
31380
41234
16055
34682
4058
12819
8889
47766
10360
20686
58073
27636
23146
4635
19870
24255
18680
3341
24491
53403
19526
10847
10070
47300
38079
23552
32133
22943
40883
21072
34107
34849
46003
50388
10585
56210
11379
54696
23479
37432
50562
8686
34514
29750
44055
26562
32717
57557
33033
51760
25336
13956
21867
41426
45246
26558
19923
55417
30907
6780
44102
4847
9028
15542
25134
46227
38352
26394
42911
41539
8018
24480
57589
17257
16210
39681
24168
58295
21952
14209
45588
44849
23912
18817
57523
44526
42911
33806
12619
3012
44853
41618
8758
22730
38305
25700
4712
54492
9943
9414
17360
34160
24714
13751
56780
48651
14562
15632
14847
10358
3333
53424
3694
55041
9848
6777
59494
45351
33784
50794
12802
26061
23758
55481
20435
19643
58894
32402
17670
39117
41852
14836
20659
52664
36019
21089
23847
26776
52400
33195
18028
3477
5718
34660
3022
49823
47873
35593
51018
9157
12105
22842
26290
5073
50402
15052
43886
39412
17898
15050
15908
13999
10203
6950
24805
3398
47293
8000
38314
25065
46985
17040
9154
4839
12189
34797
27028
17313
34373
53194
32896
58620
44048
20269
46326
11030
46331
37993
45297
29079
30609
10458
37652
15339
11010
30503
59414
40094
12597
10023
35403
27090
33641
22606
25700
7623
18478
12667
15162
50981
46542
51121
4408
53279
6316
53520
16402
41531
27032
22371
