1150
58323
49205
46239
49253
33481
44476
13415
36679
8743
36692
20453
53043
30276
42229
49753
36260
31163
21965
51748
51455
32684
25883
45098
31892
37443
6696
9916
43309
25519
4866
51925
39704
27879
4810
12930
18200
41998
5464
15960
44182
59045
55396
53972
42645
56168
48190
47225
30433
6675
18987
22528
40313
26781
10684
43720
14948
32078
19654
27755
52472
22529
37177
28897
36573
38721
49127
11621
27456
35849
15710
6821
28333
27855
10506
7881
30340
46370
39778
22365
41155
6473
35204
35774
7843
50028
25499
59537
30993
20177
56068
23491
36259
27167
4171
42443
10900
28714
3937
46271
4802
21599
5013
59247
57900
34885
12949
24762
16978
46611
19508
34537
13214
18470
11813
22536
59130
55996
39063
33711
50757
22882
44059
32304
52442
30824
25711
32951
20324
19541
16458
46485
58292
42475
18387
28533
45486
43285
27258
40305
57183
17214
28079
22456
43170
49111
24529
36970
22815
51973
19563
53462
22283
27851
53206
9592
38996
4996
52558
43415
14238
24877
49076
51618
41960
47214
31823
49312
9651
27768
7509
58729
23060
15193
40192
23028
18710
11719
32999
17336
34900
5515
50802
24060
23021
41774
59125
6247
54011
30304
51558
25589
18209
11322
18452
32241
24447
33674
15745
55034
29055
56955
40269
28849
48109
50481
32651
42136
20303
53455
29571
45756
56825
14800
41057
40790
13654
17285
15792
59751
28776
12048
18405
21956
15127
27793
56269
34371
39278
25412
27420
20671
7188
13614
32177
47493
24921
3776
4555
36391
35209
10325
12820
50268
35458
10275
6212
17550
56016
42728
10908
41089
16849
47566
8340
15779
50568
22461
16270
26574
23002
33044
39073
59816
58844
58441
42004
6525
58302
38312
24403
37341
15177
18819
5721
21865
3350
22355
59787
45571
23689
37019
3580
50809
18468
54194
34508
36293
13216
52290
17024
17767
24331
24748
14763
10317
23224
36216
22764
38829
19218
28368
43216
7317
18554
33003
22411
44824
23741
7960
42951
53990
36923
38935
50283
3625
19730
6712
8552
48229
36091
45721
54649
27571
3996
28978
49609
52820
47644
29163
51604
41315
8965
47492
3192
9216
5463
30229
15749
36596
20716
27944
33807
32108
45272
59916
53873
55896
31095
48312
51185
57832
32035
14619
7164
42970
21076
20783
3193
29729
12146
54315
36083
46764
46741
36937
51062
38329
20786
39838
18760
55129
27979
28956
8727
31613
31972
58214
57325
36900
17645
50961
41554
28509
10745
42367
8015
18326
29996
35999
52247
54865
55738
40742
53244
42478
22857
39539
59580
34668
52261
24374
37021
18125
50863
9619
58701
45259
31147
14281
4575
34487
29268
30482
23387
15614
44491
27393
36889
58119
53772
12448
22733
58769
21454
47342
24980
43830
28595
19021
10939
54006
32774
31542
56570
34054
7419
45138
41044
50455
55832
7238
17964
33913
36405
28896
46083
4855
6098
53251
31378
55550
5660
51635
45419
8148
4508
16071
48638
50453
22075
25233
40312
57717
46517
34370
41416
37025
33643
28242
48253
24016
21425
40521
55145
31195
55691
39294
34324
20662
50219
12706
58782
31582
58544
55259
14858
7137
22040
44393
35765
9010
43334
53792
58665
27327
38392
12757
56934
31327
55445
38082
34680
20744
14825
48569
12330
19852
18949
14965
14942
21033
47606
5723
39433
55993
7050
37427
57433
21828
13269
11042
36818
54141
12482
50450
12106
11613
49253
52552
32942
4303
23146
36170
51937
48315
44614
58634
52803
58550
13014
59128
12277
31355
20740
24080
28035
23635
4887
52623
26489
16738
5058
18411
52365
12961
19814
45630
26840
30006
10136
19130
50588
45237
52310
33772
7252
36027
9178
37540
23882
51233
56979
48792
53706
8701
13077
19493
43175
49626
13726
51127
33770
9822
13109
18649
51209
39757
7037
31870
48174
41149
53376
11866
53211
20400
46921
8111
30811
42835
42315
18246
27732
47518
38331
39493
29940
54030
54417
14390
40732
12832
22631
49782
50969
42940
44952
54327
54593
15323
49232
31517
7317
38198
23082
16222
51421
41160
12539
48239
57098
4676
6296
35478
9122
46444
53025
11856
50525
31885
58968
11333
30982
44718
4917
10711
24692
36211
10535
40681
53464
50828
13740
14908
39725
44821
58503
41343
46497
55876
36070
42460
37888
8496
39403
44173
23253
9656
21322
5494
5052
35876
15970
16933
17958
25175
33551
25421
11889
12941
50666
48329
51522
16698
57390
18833
54813
47951
26937
41173
41144
8517
33478
29028
46518
42614
8301
53298
11278
46251
43326
52593
35015
21919
27634
6253
39889
54868
32964
12484
21288
12511
9334
6841
59457
4281
19571
26189
52478
28610
42167
58227
5081
50195
41059
5230
55105
37103
24239
36607
57034
5079
21669
7847
39018
35994
50244
49331
44682
39098
5379
54847
56975
30856
54415
53995
14097
26675
58086
6853
28128
4827
3732
9080
53786
57831
42554
10676
50481
6316
9770
18052
13791
50246
12215
26333
3234
12462
30554
35557
29010
29836
59733
46385
46642
32561
14670
40853
14734
20720
13100
48423
11352
36221
57051
38480
9287
30533
45000
10690
57415
45003
42427
58684
45926
59333
51191
7698
38754
44270
9494
31989
29300
50905
43704
17427
50020
29443
21651
40872
26363
7722
38223
12356
42739
14629
55113
9864
30801
45173
6326
56096
25768
30540
47501
29849
40346
16003
5778
56331
29528
6090
45740
53813
34354
15109
20239
57368
48779
42949
58313
40530
5829
26221
5855
40051
12357
9123
41127
25159
10849
14159
58094
14752
31403
36465
53340
57289
13864
40448
25055
29526
10986
50461
19335
6339
53582
26933
23511
3038
37220
14651
15553
30489
12979
19618
31223
37641
59857
42588
25032
19308
55823
48297
29469
43833
22992
10641
4738
40662
53913
41886
30026
4871
26521
13488
37979
10658
48659
35692
32590
38130
9804
36672
9285
10178
12695
41862
6216
51845
33404
22367
6617
29634
17874
19663
40457
31915
50938
26968
56932
32560
4585
8959
45147
26084
44067
56648
53445
21372
7899
3525
27084
35381
33651
10537
43686
18664
8821
12738
4103
23218
26401
57307
52918
4957
3525
38206
58768
8837
30428
6597
22923
3277
29555
40585
29607
37306
53399
6864
10815
26829
39930
9871
43241
46631
45085
48289
3628
28059
45953
31023
6592
9865
49931
4426
24048
34077
21442
43590
14112
31046
32529
22869
10234
12939
51618
21750
40915
23784
11627
22806
40027
16845
53455
43502
42014
59849
10963
33387
5446
54846
11437
54258
5121
3248
18236
37559
40557
55349
4681
15681
41832
29173
57357
7643
53267
28058
14202
12091
58139
17333
21135
23467
20731
35535
10078
35930
57124
37935
36875
48461
18979
18577
38960
17726
34278
23507
54641
5853
57854
17575
42616
52730
31553
57027
6339
17896
7196
18368
33762
28389
13554
52952
18515
12137
57443
38211
48518
18478
54604
22265
37785
24623
4923
58780
54184
27702
29087
51746
9552
43257
26552
47621
58520
6270
25348
51528
12815
9897
6294
59156
25748
38968
31665
28113
7925
33540
12862
52013
42466
56467
13237
16751
23445
13480
14133
48842
29665
17287
24558
30842
35691
48081
4809
23301
20971
28229
6742
39057
27634
47490
26999
36136
43141
25564
18369
9884
43854
12632
22825
32451
46560
4320
42133
50476
22194
30592
6523
46810
10257
14950
37829
36801
6229
23598
59541
46009
36662
45717
47321
29335
25177
19457
18746
47701
23669
59552
31008
35562
49893
