2098
17143
13062
29954
48670
8436
21180
57094
3403
46154
50741
16575
13849
36632
19638
25957
23342
19691
35845
18843
24663
28682
19447
49802
4747
59174
51081
11441
26313
24330
35054
54958
57287
17948
53260
36624
28674
20540
35998
30380
59311
31186
28064
18476
46522
53285
27411
12296
53530
51016
21196
41209
23727
32854
25939
13226
42754
7385
4406
43606
15040
22575
12005
9760
13324
38940
16264
12154
31300
31800
49789
15501
35242
15786
50915
55600
4823
18362
3436
35883
7131
28072
42045
52262
47340
25539
10254
5182
8244
55967
31975
25600
47945
29818
33978
23181
47624
38425
45142
25460
18091
23100
14079
45654
4007
9322
37612
31351
29895
57430
4059
20074
35509
31227
41134
13385
33840
11353
50077
35441
52875
25385
25919
24614
41628
9228
51210
17349
55070
43210
34228
24727
31262
56296
36407
39199
23795
48825
55453
12369
49717
11615
37258
11282
39423
43090
23135
55421
48358
41237
34265
24863
42800
36523
28189
56700
47898
13760
21591
17023
40005
21349
52383
42372
23327
36612
28803
28103
23393
48447
25460
16529
49990
20756
7619
24190
28252
24744
27352
56164
30401
13341
33516
39742
57381
22565
57300
26029
22840
12820
20014
57554
20996
36321
57488
51615
6599
24658
35995
11546
35611
45604
43341
7895
24353
48986
30641
26356
14930
54948
31913
54552
41490
37678
39889
55750
40247
4659
42284
53093
13157
4352
52340
33946
28459
18623
33827
45459
24169
20214
19156
5728
58274
18218
25057
22269
8683
48908
31345
58768
57390
53265
54363
25101
39575
36307
53784
38433
42217
53899
30515
55546
44219
22230
19230
14789
7321
53903
48223
22556
23712
50316
56108
24726
22417
43760
52047
9326
26777
10145
31914
14296
3761
15754
49335
57384
54672
52018
4860
25157
15796
59939
28367
10192
25356
27398
3880
8056
53181
44675
8870
45507
26884
59478
30520
21247
53245
31910
52556
26339
7782
44911
17039
37837
17317
23003
56184
6210
12478
22810
6657
3974
30685
42158
52324
16762
35892
49671
16214
45018
44778
49384
41631
31931
45109
51476
59355
47883
40750
37045
46555
12055
50737
16384
15327
46743
40983
36629
45241
55619
18330
44776
13616
53766
49186
23439
16086
7585
13926
31753
42953
21993
57573
44555
15926
30613
53227
26561
6032
35686
36488
8639
53295
35014
3720
11495
43030
17806
15445
23169
44489
35792
41142
45147
27714
30073
17818
49050
25938
18957
8847
26860
44518
3054
10411
44812
16094
58774
42065
18388
46199
45714
56074
4256
59014
31975
54446
22406
24581
49044
40555
49804
13544
46153
37129
41806
26264
33670
24174
42406
8487
49548
59121
20889
41348
42811
37492
44428
12327
58967
16197
40621
42769
24405
31521
16784
48096
15461
50840
46270
15940
23233
43794
27735
55045
37631
56801
40842
23078
44198
7352
39314
13899
34425
42173
27726
18746
16906
45409
57295
42648
7234
37988
35635
34870
43085
27990
23073
43244
5929
18716
50936
12692
10202
54307
19615
37754
13701
48941
20637
21949
47237
39508
45250
33567
41735
42362
39842
56247
47020
42743
46794
59883
20125
18958
58300
4242
48722
21932
17775
40009
24046
53134
14467
19555
54513
40993
34460
23924
48376
12101
42088
23923
5134
20817
40028
17611
40414
50704
23789
12968
7410
47927
50832
48101
47322
28766
18334
54040
53682
42152
55786
49296
53169
19076
7799
58968
52395
14657
38346
6812
22963
58346
28010
45632
8712
37184
31643
27381
41399
23286
8479
28454
35302
17492
41780
29638
27336
42141
55818
7810
5717
38105
12250
40294
39392
48049
47056
50979
28601
4188
7451
13054
22193
19982
48886
39677
13040
10072
6977
23006
44232
11343
18813
46786
44003
19841
44903
15683
9168
23824
11297
43228
26968
59247
41448
30640
50953
34671
35040
29766
44996
49090
15670
27928
39191
3662
19616
13650
33765
27892
5596
41562
45809
37549
9318
22730
12925
33796
22124
12035
6389
5006
40639
8796
44989
31419
28577
11298
40741
21367
43424
42298
26466
39667
24652
51105
53466
37412
22578
48808
28678
34085
17800
31928
23942
47676
14338
5231
52575
13082
27899
45243
43861
46401
52463
18096
56501
15479
14391
23491
19436
57091
8315
42017
17803
27824
49537
54188
38723
11347
51679
48157
16708
32628
49066
57848
28993
54132
13741
28922
16916
41180
24433
3307
43052
41744
7736
20363
56359
28986
39170
31579
43828
45508
14889
27619
12033
25301
39815
29225
33007
6577
29699
23538
36172
13417
33622
57216
19654
23622
31376
17237
45844
23486
14424
18121
48447
32908
40496
3145
35858
22206
56569
53294
3938
28910
34653
15215
4289
24056
20407
27195
51634
50052
24059
34333
59916
45878
24896
58627
3170
18706
21830
24370
7956
28382
7600
36758
27009
31511
42835
48758
24663
58804
43796
15827
55936
9009
50137
49552
33469
12806
6763
14591
12728
30052
42003
52087
16066
19041
13374
16357
54535
38420
28997
41172
4547
44139
41157
37312
49404
24924
13583
13357
5037
28452
24540
49110
53311
51473
58001
39751
39922
41771
12737
47727
26967
57716
38858
34669
16700
28639
47090
49021
33468
7858
57958
56812
24419
58154
18026
19720
6692
58384
45522
26292
37983
45001
34449
23154
24085
57890
22471
6885
42994
37685
36579
25251
37399
37059
52605
17466
4505
54474
4541
51433
29225
39196
26969
17258
39021
39584
52275
19906
51779
47539
7395
6942
5334
23668
40903
40998
13172
39799
15034
43580
4951
52800
26960
10304
12790
16386
27029
32506
53701
26039
54929
36834
11669
58181
55375
59577
20971
23108
8633
50551
32888
14311
41850
15410
15759
5310
25635
17116
26138
40375
6563
26820
29759
20833
33388
25213
46611
24750
33048
55303
4068
23124
47831
33223
50980
24060
26692
13302
23004
40410
56664
52985
58097
28655
7633
52228
33863
14354
42137
47063
14807
7935
49252
45294
11052
52089
29735
27178
46589
3045
5239
26238
53100
24341
44251
24639
55138
4279
58967
18267
7321
20948
14813
45797
18412
55548
58602
36555
56032
55867
40727
19571
26376
43153
9772
43088
14960
49538
22223
3240
22949
29653
48587
42611
23980
38720
54320
26490
15477
40552
31718
50215
7413
24886
42164
21980
34557
21456
22379
31900
22358
22845
34530
10834
36035
34789
58691
11469
4013
27081
38584
56748
25196
25846
30742
39362
45564
8821
15096
45713
32343
10573
27272
11495
27344
10339
35463
8804
47669
19989
13729
4519
37422
40667
25132
38759
45211
30900
50545
19927
5243
37045
19232
18909
43114
18747
50235
48507
12880
20364
10028
26071
14041
46379
17399
27124
53061
53330
23542
55858
55695
37539
26657
38380
48063
53331
8474
43772
23786
20868
18889
8635
57183
6677
18488
23053
41196
10018
5989
4313
43427
29745
45811
59310
5516
7785
16363
37250
56020
11088
17178
24559
21757
8193
34923
52277
21117
24454
26984
59850
12101
22231
56078
36040
10371
21197
26087
52736
10774
59636
20146
34405
9875
7263
32209
10528
33010
15720
46983
15467
41917
45998
35972
44249
25342
9682
23972
59168
47373
36969
26067
17771
24703
34621
48450
30056
9732
34351
10233
41765
7059
24489
10177
11613
39106
11709
34202
4325
58262
8182
8634
45124
28076
57282
14224
13213
27815
46797
42021
36499
59768
33139
21317
59104
22981
21326
36882
13821
59456
59735
30178
47157
47036
6752
7519
51174
10883
17001
24608
30376
30328
26634
14772
44530
17145
15118
14067
54514
41330
47536
56024
37658
24396
27606
49859
29958
10892
50860
3804
40528
35861
9496
7528
27770
48846
20438
57432
9063
16142
30989
55958
46467
6870
17971
38619
39780
34514
20037
37783
11815
20436
5518
20655
46634
58855
21385
14094
42828
5517
53094
22937
20346
46056
15819
5688
40714
20149
55402
8318
6647
36604
13099
22751
29081
51643
38210
54115
45326
36628
36437
34716
9716
25363
14696
56538
56692
11974
35038
23084
20971
24161
13197
16482
56341
18964
55536
11440
4872
48199
15950
57278
31091
33109
23599
22395
49503
50810
26072
27788
36853
40875
55698
24185
11158
12506
23589
36158
55210
40888
10092
44996
33418
6644
5944
49604
41040
18700
56282
30080
43343
43087
17657
46924
34687
5299
49194
49793
4096
19708
46503
18888
20560
47179
9234
41454
30138
10619
20015
14675
42439
32363
30252
4349
37076
53129
20423
46130
43038
3476
8132
7276
48920
27340
19698
48465
42999
9098
38902
35479
21765
57289
11681
27369
26251
12762
52419
45607
47163
54695
4600
21804
52400
36209
7755
47270
49265
27885
20988
20019
9589
56993
43815
35202
53953
17505
41578
55509
30471
50876
51692
36596
22067
31320
32514
47275
35020
28439
58321
33301
41631
28109
37428
33832
20629
28476
7528
8441
45363
23483
19920
9668
28827
37072
9897
34734
39244
8529
31876
25253
27885
9110
32806
21818
52197
48182
35676
22990
58293
14836
24954
39193
36335
16644
29574
11608
8771
7725
33480
40643
36581
6366
20876
48331
42539
39172
31182
45105
39823
40307
29752
10154
19256
10022
46147
11725
28649
24869
47880
57167
34766
28605
43714
7439
16362
9631
28669
24984
11786
55319
6049
38141
26265
16308
19461
40123
14451
54559
40016
32100
40205
12575
39797
7410
32768
47595
40053
55436
14698
3738
41479
31228
24279
54752
33868
38999
40447
16293
16534
26545
37261
53552
50809
30755
12889
42890
4025
48732
32548
36659
44917
7082
15072
46459
37941
26331
54359
51574
53134
46793
10414
44011
6270
11870
10906
46956
44824
39704
21739
16494
29063
24675
37938
32214
15666
19340
37064
33383
20185
52044
33397
40887
21436
13665
18993
12879
35120
33647
46665
38249
45224
38089
28874
20842
4303
59401
55585
36201
37632
28837
42812
5263
34763
8304
18450
43566
29164
47078
9905
23937
47094
23069
29788
24968
51644
4503
10564
42885
22341
51825
40960
35952
10062
28708
6301
39618
15454
54539
44487
30341
19339
35187
20279
33483
26661
3720
39875
38150
54049
25944
42833
45163
24824
29638
34568
40429
49549
14311
32921
19135
37848
53368
8421
8633
57297
33172
9253
48564
56660
6469
23334
42414
14816
50775
19660
4069
36166
31036
16063
10722
31462
38149
40670
51170
56256
56664
19408
9791
53433
44092
46911
18500
26300
28186
33943
47544
43631
47191
41063
56612
26068
56421
42352
6971
33217
38850
48168
59169
51506
41464
41093
37558
28200
17273
45158
13072
59211
26654
57726
49864
59114
48749
52872
48535
8150
55436
26920
18942
31029
15658
8570
6136
59285
8622
10652
4445
23058
4601
59738
55009
57309
16935
23818
59947
6303
33525
10178
49474
27687
10128
17204
58586
51445
45740
28275
14017
22108
8028
14012
20374
15145
23806
56993
18305
9278
38010
58078
22717
14186
12471
26500
30637
57973
16657
41830
23527
20850
58088
20780
53547
5969
7998
31395
38017
49103
19092
19031
5530
31653
44044
55353
47401
19297
36597
45807
49704
49025
7880
6629
40874
22549
57818
21128
42422
10360
27830
4988
30149
28956
5934
23586
51057
4153
35334
44050
24331
12649
32835
41352
54818
49140
59051
9862
41005
51916
36233
35131
5911
11054
16723
11630
19889
31281
23600
11228
14298
13874
6827
19344
39244
57722
48497
55020
16303
26942
58291
20595
30657
56176
42695
51427
49714
36701
30683
47218
55212
15629
14597
49107
9102
53163
50329
18107
42031
6921
3770
49913
47461
47365
25604
25528
16331
46845
11686
24608
23773
3902
24357
8954
4003
21647
57488
53272
54327
56548
53791
50868
42676
38551
42810
4270
12822
50417
10060
31352
9229
49325
5301
15190
18063
38810
35444
20287
52839
4499
16392
53027
4765
31415
14031
23154
23371
42680
8455
32188
17440
48424
47038
22384
9174
15540
56875
35338
4095
3583
30164
18104
26639
46958
12550
43736
55038
24798
55700
3332
10591
6064
5173
28334
50470
38577
10501
5525
12968
19597
13867
48188
31971
12736
45158
41686
40523
27092
56896
3465
21826
12893
26907
45247
35933
40454
26322
17594
42358
12865
48472
19920
47148
8854
37717
10057
38537
50941
30420
7632
19854
28716
41918
35477
31770
37184
37942
22220
38556
53383
24179
55156
41218
14736
36868
48911
15919
19735
54417
44390
35844
48261
49508
29586
49193
42360
41462
42057
36854
26817
38137
31044
56453
6146
13529
27512
17673
46172
3918
14496
41176
3689
49593
33208
28356
7532
40478
28543
14137
30765
43065
45914
56825
5678
5642
51609
7946
32919
29553
40767
55298
24187
18867
41610
44416
28910
13636
13349
27420
9542
37002
37334
43976
58690
14593
17339
53877
55714
48283
39059
52240
24374
3457
51535
55482
29669
47046
36003
47772
39810
32884
59444
9925
54904
58564
12126
38489
49704
57230
39425
51508
4799
8007
45584
18958
28582
4932
37146
5367
24900
30580
6902
38036
45227
7901
52701
56947
24186
23908
12490
26410
51037
3886
43668
52682
13372
49491
30043
23968
29799
29370
29756
42023
12276
49725
34523
8133
10901
49599
21837
12184
46654
43901
14232
10117
21899
14868
57035
33936
58196
42868
17326
52486
39409
35991
27912
20325
46069
16411
3949
4704
58931
27036
45459
33076
37021
28114
7584
7768
50670
52556
18151
37636
5656
56276
12635
40881
35797
6622
23559
17239
10091
7564
49932
31653
47014
14239
25454
15596
50474
11436
8802
22324
43155
11126
22752
45657
38346
21212
20825
47062
19446
18904
11783
17995
22044
57143
46798
9393
32842
48399
22666
41941
48058
36249
21304
52180
21239
10001
54009
49740
59153
59041
37319
47562
36431
14312
14184
