1721
40931
57176
51939
28051
27070
16066
18722
25011
43241
5426
54296
55817
17104
44482
17212
7642
40301
58907
26429
16673
25860
19651
53772
3215
40091
58263
35548
17681
44168
22066
51830
21576
25418
26938
51156
28910
52561
50455
32830
14356
37989
10331
25341
57127
59739
18220
21034
10847
13618
8243
42939
29082
57502
14920
47611
29715
15057
49897
39344
12759
13116
23115
38639
10057
40834
59471
32886
15684
31481
44103
23363
30832
33556
55740
53025
6367
11103
31278
52489
26439
51052
42146
58978
50990
18208
36478
12310
14847
5237
24302
16617
35496
26225
20771
35643
17322
57912
19827
20485
18207
24945
4350
33586
21525
46439
58818
44112
24008
13498
25974
3854
27500
27937
4011
11393
25046
23467
30917
3859
33814
19655
17276
44066
42176
23429
20427
59561
42667
33559
48344
30610
12459
58059
37956
46094
14162
46647
10135
25697
50020
39885
32611
12477
22249
39637
19425
52471
6608
8428
43758
43328
51871
33662
16471
38475
51706
21138
3357
38370
49476
5227
16048
55576
57048
17950
21654
10845
6252
31443
49000
47611
34621
3503
23547
31508
17041
33993
17070
22704
5478
36455
16914
53310
38792
42051
58726
38747
22537
51473
20123
29149
41854
18197
27095
16192
33879
42522
41324
36776
41563
42051
6261
50778
52011
36755
54033
16995
20435
33813
48226
22931
21258
15912
59014
40289
21260
51014
12330
21046
11368
31618
12661
15255
37569
32443
53118
53404
10411
19505
25420
31054
42626
4991
50699
52097
6200
10667
54790
53188
4634
11293
13960
24384
17772
32767
3498
53515
52201
42965
57701
55854
37885
11552
21121
33680
30022
11306
14551
8338
39291
41487
41825
32274
44679
26625
31074
32529
39168
24386
3089
13770
29588
55731
28969
6790
8975
58125
56242
50538
35946
52311
45650
46774
18807
39886
20527
11460
41561
51603
20166
17264
42930
52239
31843
50453
23306
26529
59609
54841
43981
7269
45345
29017
16211
28713
51737
29218
38096
19832
35751
39690
54633
43609
49019
37990
59216
48707
56536
7209
19929
13675
46402
13978
39951
28556
40191
32486
42991
14796
41473
33929
47568
26023
12431
54212
29564
14012
51036
59429
8896
46454
58458
22569
31223
25906
15377
26034
37555
51194
12763
44670
50142
12556
44315
32038
59887
4877
22764
7655
37802
13808
27724
57829
40537
49517
19758
32547
59734
34153
37276
18383
30896
57237
25220
52850
35159
13501
34338
30484
26665
24628
54061
19384
15390
58064
19644
33210
10605
31457
45035
5350
45544
9284
32453
55722
17206
31038
16764
22239
57548
54554
9441
55481
12025
7102
5008
7488
14315
4619
46624
45605
44406
6354
25029
49782
49586
12196
30340
39145
49575
25467
43901
28499
56472
39855
16607
31249
45884
57879
40697
39080
48367
14293
23985
19724
21640
24441
26655
37832
3045
55244
23268
9840
27813
3870
6802
34752
52448
59106
55032
42255
11521
17360
47045
20163
34380
16000
21541
32930
13000
47655
47202
27763
38873
59760
41382
8676
54209
4375
6570
18541
32398
22175
30049
17167
52439
24770
33435
18248
33118
37258
55595
26573
51968
50564
27001
51796
46859
44411
35892
13888
32130
57945
18359
30721
16430
57233
49097
53951
51518
25430
33361
22621
46951
20319
9539
10955
47176
11176
29539
57870
58621
25355
57535
50795
12216
40903
4512
31304
11975
28772
41525
44215
34344
5406
34078
15186
41160
25654
23419
42933
3020
19373
32427
5490
48389
36157
49849
23189
13658
55603
59054
54924
19304
46997
55041
19160
58664
40278
44799
46392
44428
41594
50587
28621
31583
22004
16615
43400
17404
53726
3104
41335
39270
47062
45001
45927
40292
38551
36305
32983
44574
59311
19187
5847
29470
53526
55935
58184
12958
44407
14116
40932
50237
42200
11668
41411
6074
52166
23298
42937
10542
48628
39166
48482
32410
29855
35857
30802
58173
46331
50998
5450
31924
11203
47037
39065
43364
7674
55841
19564
26097
31689
15947
55577
50799
15692
58840
40330
12712
50195
59265
16676
52346
5775
27588
39059
53841
18403
50108
44233
32527
5881
9683
51534
35851
3813
31010
31490
43900
50940
14773
20166
11590
13401
54491
31426
40806
30470
39700
23422
40012
16791
15426
52820
19324
8769
15008
35091
27716
8794
24856
57183
24837
46809
37413
38028
40556
23470
25143
53125
55462
47554
10204
38386
36855
52003
32811
15383
34800
8273
28211
30298
56459
5291
57251
3484
49049
55280
4584
31651
32474
33468
40732
13413
15111
50405
15393
3857
40900
54890
35388
31575
19734
52666
36703
46450
19935
11883
46044
12140
56197
10881
35023
8953
33410
47931
18413
39434
13963
26186
31575
27523
54389
6194
22994
26560
43357
41661
24442
52340
54982
55650
4353
9783
15489
7699
32107
24715
51258
34940
54708
6439
20794
20400
23621
51908
33304
54520
43242
33878
16576
53401
53680
24616
3520
10070
11059
8396
56334
32621
20407
3909
59112
14007
53006
35267
55792
10313
24397
34228
23441
15058
36795
13716
50683
56238
17283
31710
53766
58189
45323
44513
6160
4782
47157
34276
28094
49522
54167
4592
23260
10261
24487
5831
53427
38322
8825
30634
56764
25570
49446
47065
35637
35327
5999
33566
27408
41200
30605
42438
55105
16938
39189
25278
30683
52543
15868
32313
23648
6785
45791
56188
47964
58654
20864
43892
34360
20784
33024
35392
8896
21603
54293
21635
25607
9344
12291
50964
8628
13555
10848
7304
38691
24548
9887
43371
50058
33869
5997
54227
55535
4663
44751
12092
53937
33027
34775
22862
11580
26979
23980
42209
40076
57082
41584
47366
16560
47127
24273
54682
25736
6465
29934
48263
10695
8126
40101
18444
49075
54333
44730
29995
9132
42461
40376
45004
51737
52201
9883
35051
50640
18742
58373
14959
58857
31498
33099
6888
45663
22864
32261
57265
45163
9016
44141
27739
35624
41860
8731
11495
26236
36680
37408
28096
18832
48051
28443
11271
47301
58940
11004
30586
48333
13153
34295
28089
56547
16507
45460
4306
8476
7686
47475
18872
12182
52961
7616
24789
53918
21224
50080
44113
35087
52240
9617
45458
8979
35465
55903
35502
19097
54085
5408
29970
7706
22112
16919
11490
13485
34667
37959
52413
30608
45526
24020
22628
6259
58007
10253
41279
3133
48451
37537
18891
40649
44563
44919
20386
27312
25264
40497
48945
9376
41339
6179
27462
8108
49784
43513
40620
15951
48962
7163
11098
7807
48264
58025
20597
44420
24340
41260
29030
23156
19598
15013
25866
31935
38877
8203
26750
29828
10689
12922
31709
18429
51245
45250
26108
31359
31266
29681
18439
39343
36458
30042
13989
48892
9401
34042
23391
25559
24607
15178
54210
39546
15860
40124
35251
16177
30011
34355
33320
57948
15898
33408
36432
53577
13327
24912
14150
23856
59250
6731
48189
51051
31627
32696
29011
43785
43957
47325
14409
23781
54733
17240
59222
52926
58466
49457
52998
58454
34768
41048
25667
14226
26468
21830
12827
33890
59080
53730
59989
4062
45907
45584
39244
23307
41189
9353
49561
45184
24280
24916
48510
6473
31939
31389
5170
38147
38281
50211
56455
24657
51575
41924
46085
42282
26411
58583
16560
50977
58404
28137
34782
42721
50182
48914
29986
52179
42894
3975
45333
6521
19749
9049
35417
54779
24439
42017
55798
34370
56205
53387
25171
16049
25427
9303
56874
17886
32170
59279
19853
49630
38116
26113
21875
18291
25376
34314
29628
33593
49830
10543
52091
23809
11436
47114
27111
45472
17739
17361
35183
46710
45209
48891
7949
10442
14570
3639
22586
22015
4134
29997
46741
10326
18718
6453
15008
20924
22312
52071
52990
37040
25710
34809
36647
11716
53150
24615
17088
39827
24244
55053
58905
6158
26592
37775
50389
8089
55423
9444
24404
34306
55250
15045
35511
25956
34580
12300
46131
52882
29641
17775
45298
47358
47907
23345
18266
45680
38231
15656
43448
18323
7644
51669
7989
20696
5881
50983
24918
7884
9795
35211
41581
11740
29978
51478
13361
36139
16199
7027
9675
52704
50379
29537
17860
22044
54674
57596
17439
14417
56858
38749
9223
59426
54126
31153
5428
38998
41975
32827
12041
58643
59692
54532
55631
57069
26805
14760
35064
22311
50454
26155
36439
14112
41771
33835
28993
37207
20555
20368
8780
22628
55989
31472
42188
39896
42923
33753
59719
46819
4191
30843
10546
18336
15306
47574
9938
16852
48962
24135
44184
4358
23150
8173
42108
25710
33548
5019
16028
54919
29999
51282
25165
24938
31019
59101
35196
14098
51505
3100
24146
35154
30707
24583
59812
34631
8062
18064
9816
4967
34887
3407
20260
7577
3047
32994
3581
50078
9091
33370
11893
41586
18356
19194
8344
35838
46064
57147
7474
7641
42797
38077
28280
53613
36806
25028
18219
40516
42459
11247
47832
3675
27856
20797
23102
41492
51152
46972
17788
55686
38841
18357
38983
33316
30424
19879
21710
29509
55095
39982
48482
58473
25842
11930
32318
29461
20479
34530
12549
5803
5467
55868
20479
13841
44926
13463
18690
30591
19054
24047
25609
56032
9909
4868
50496
25343
42885
57309
46739
51644
17123
42462
24333
17263
17746
3166
20815
55407
53597
15256
8991
17720
4067
12615
32332
47302
47966
33469
25403
5798
48121
33353
31035
3061
27939
51236
15942
35579
5666
49179
54063
3425
32886
33383
28215
55799
29472
17676
13475
19995
31200
23905
7993
24498
29661
38547
34128
3256
6769
50008
19282
42602
20918
39706
6077
37827
48732
27672
43768
54155
10062
8588
31102
40785
26547
18337
47033
14640
56170
30866
56035
38538
52668
50545
54413
31108
4858
4084
28243
9774
26971
56129
5614
52853
6685
35680
30408
19136
9975
24239
5319
32123
55022
52006
49876
36518
8901
49857
24684
36813
27508
28917
10535
9845
44068
55715
41150
17954
21386
58939
24979
16618
49942
57784
21384
34038
33354
42323
5015
42160
8221
55785
15662
52535
51986
55383
19222
37827
23683
46998
17998
40936
42874
49418
59561
13966
15155
48115
42842
37734
28554
17539
21180
5747
35775
13609
44870
29442
24173
23211
33496
7726
42976
59555
5866
45557
36038
32271
15193
26547
42013
43435
9761
28843
49212
13309
54234
29812
37299
16163
58396
34837
34210
59806
55280
18766
36057
15759
12041
17838
38876
39790
21190
46405
5697
3558
39181
51896
23187
13606
37068
28011
6782
18464
8285
18127
51743
39888
51252
59486
12656
4321
49062
20010
42487
27807
15779
27435
7965
23131
4344
16355
48603
4105
33538
33883
37199
18450
32051
58852
35105
17735
15450
28514
13379
23666
47164
21790
59117
21411
3502
7795
12820
15962
28305
59550
6925
13190
6159
44662
35222
50013
45680
14318
12954
41839
46497
5584
18586
32978
52032
42768
58500
16713
44120
34199
55314
42702
49342
51423
13370
45789
31137
36848
53878
53184
33319
10182
3919
34548
36971
25372
53945
11181
7211
42351
14181
14153
28854
59679
17932
53311
12689
46862
13327
26679
10182
51535
36083
19539
46630
51789
9202
40669
27373
13531
50348
43904
41070
14736
36609
23005
32167
8927
53155
43624
3074
29238
43703
