486
35412
15457
14948
5539
14409
41946
28677
25048
48610
49934
51827
10037
4610
45562
38035
47967
12001
37226
24570
11938
48127
8975
34307
15710
34570
40946
19571
56100
9568
57084
37462
55913
54675
53464
53632
5968
10515
43836
31852
51571
29579
57598
28993
45701
51622
56729
25508
28294
27270
32454
5094
19944
52940
37021
15439
33608
36538
12277
58673
45456
56471
30298
58107
26365
26636
21328
23096
27642
22903
56480
44650
37935
24036
31688
15563
12484
11043
10773
24514
53320
37037
11607
49812
46479
59112
59121
36021
33248
41041
51556
47262
43597
53091
7919
22386
26473
55804
58194
55510
17975
10208
29814
10507
34186
29163
19606
50936
27351
8850
33729
35494
47613
15304
11910
39844
34076
42772
37352
12544
7494
33009
25311
20548
15569
7614
5539
5607
3066
6497
24886
56984
34173
8395
7830
45920
3958
16377
51647
31961
15596
32673
19486
42865
37046
5282
16675
41997
29893
25883
35889
49273
34793
12337
59500
20481
11402
31504
35304
32048
4851
54705
6019
24252
17534
11320
15919
57372
41933
33548
42185
11679
36825
48923
57465
16959
15440
53143
45083
32433
48417
59077
53853
39931
18823
47198
45058
39448
46190
48289
17345
44489
32754
28849
17658
15807
50273
21359
16771
38041
20063
47105
36180
56133
22038
57400
38052
48641
26451
28995
56860
50470
18833
22028
34378
6518
12916
55002
14029
28352
40969
11822
40454
12837
15207
39196
24207
16049
30878
38086
39092
6970
20191
43669
54273
35169
26761
12426
8651
33078
23437
3985
44968
27230
36561
20155
35847
33756
30109
20022
58982
15623
46199
52743
27435
9059
9685
53414
46819
32584
35899
20049
5815
11553
36617
10892
50675
37116
41217
11546
5420
41056
59019
42673
38595
42330
35142
29838
48680
27674
20062
14742
38905
8430
36833
57794
24157
57195
27241
45243
11644
47809
24041
20874
14228
41919
6652
43543
51144
10482
51018
22110
8925
59156
41138
57561
56283
51620
14099
49716
34386
4757
7988
42651
12963
39936
11006
48860
38127
52570
48095
32516
27346
12483
14761
53879
55627
19252
27623
54150
27148
4077
41121
15058
36695
23420
31941
38855
4484
32469
9615
47984
16231
45000
50997
40040
37372
21651
49242
32640
13010
56644
44090
35931
4430
44126
9524
56360
6524
46622
23957
18807
44238
42683
39446
24856
31616
29974
50476
56578
53208
15567
52136
11378
46177
24110
47671
36039
19576
24621
3142
7951
15148
40041
13085
49028
42975
13276
51252
31882
4127
13263
49648
13623
19178
54378
56381
17120
31779
48599
11768
54353
37202
50780
10008
5024
5566
55048
29025
8309
27996
9391
36674
9933
41873
34456
45772
26494
14111
39968
33543
24089
47866
9802
7533
56056
12818
48518
32408
27238
46967
16947
40570
36815
53306
44636
54567
17885
29923
14403
47905
44628
59681
56469
13738
26347
27911
13745
29220
5237
35923
14982
18084
56662
48812
10732
9699
7253
5052
22819
59253
28736
33770
45459
35345
3848
10069
53247
13876
34621
50366
50447
44912
44061
43305
47866
32963
39362
49353
49988
18205
18514
33385
58016
56528
31671
32603
