732
38714
56519
16139
46479
12894
48084
45297
26882
17443
49017
11211
58065
11277
9928
22320
34410
31639
41080
51968
18239
47030
57198
11652
6083
39598
41570
27655
33118
36128
9441
6884
22683
45489
42793
38198
51172
9849
28186
26858
21120
40437
41260
57850
50359
20518
9403
5031
31828
56084
10179
8854
18547
15340
36065
11178
57252
56916
11728
4079
49178
43928
44185
57310
5586
34879
7657
40189
48835
5104
59135
8352
33287
53317
58690
51705
29545
37860
37528
41236
17737
56944
4541
12636
34137
45314
41965
58616
3696
35894
4263
58987
44091
17188
22906
16354
30677
11327
13466
54875
32344
25928
41786
47975
35406
13842
21607
14733
38446
51727
9325
45914
43584
40482
35579
15192
16030
13327
51121
25207
6842
28893
37424
55849
13509
5653
18197
37074
32070
49071
37022
8677
18253
4676
7288
48549
7633
54966
26799
21759
26341
46904
19817
59178
41663
25737
40608
25426
8662
27280
53240
7286
56029
52679
25051
50749
44982
10072
22427
20957
53375
25353
5020
42457
36373
49806
13782
23470
14496
40214
26203
22571
4365
23244
13234
4290
32401
13873
11801
29320
47939
17963
30271
11777
51674
58825
33680
43356
49375
48811
40346
43503
16312
27308
8794
22596
49880
4677
18743
43059
52443
26534
44137
20546
9072
21793
17023
25843
11147
28559
58879
19766
3076
14836
55307
27530
14049
51985
44112
21383
5573
56549
8827
10382
19387
23333
23749
56413
19578
33377
37052
39960
57191
32409
10592
50702
36929
5745
34741
35640
45759
40239
9668
41425
24245
26054
32993
30851
11304
49416
49327
45145
34023
42945
44557
48428
8606
34009
42317
8745
50279
12475
48597
23640
33325
41165
37206
37784
19914
57924
34506
20801
44058
17917
24034
17619
10489
30461
54824
13262
36822
53055
6064
37057
49326
22366
23150
45723
41804
12955
16430
56935
32037
6287
51806
51398
6138
40179
54652
27399
31402
50424
52498
41197
54239
36784
46874
7422
51453
52653
24766
40123
8715
33920
16290
49663
42249
21839
44769
53074
10536
40613
53186
27616
33695
44606
42786
58134
48995
35239
21588
5731
51436
17560
8263
22824
8902
14527
38344
22820
57374
6415
20901
5520
5662
28200
36852
41477
27620
18705
19199
55073
26849
17759
55602
55893
14271
32862
13416
43746
15461
15655
49999
39474
35023
5811
31966
35573
31021
10662
43916
48958
20613
14781
52613
39173
19009
35580
56364
25179
35644
59192
21495
6855
54628
8672
43208
59714
15167
7571
22975
59930
54173
46753
28706
21772
52330
38225
41424
22480
20242
3538
7467
51683
45967
40225
20826
9727
59587
53248
4485
22769
43462
24706
37465
19894
57527
22916
58343
18304
38538
54669
34140
47942
58883
59910
58906
34257
36088
55650
53392
22181
50412
51755
27499
48651
37459
52715
8265
54969
59626
58587
59724
38967
48573
50423
30277
54094
23368
40192
17036
10527
26066
59247
40034
47891
43301
26250
59075
49080
20650
14047
20943
54462
47222
17463
13125
46739
42421
42728
28780
44433
15803
56698
30897
15795
28916
10512
47859
3262
29866
19316
15286
32792
41512
48440
11957
33332
29513
18433
37966
39273
38594
28092
30061
17113
38023
57298
48043
40674
52212
8713
39624
14710
7109
55124
13323
57512
59757
55881
45117
41863
36215
12396
5946
29104
6123
54148
20991
18485
29830
34972
27926
58714
17980
27185
21085
10869
30202
12440
25462
13437
20579
59753
20914
14848
10849
9509
18065
10749
25051
28419
31148
22588
10207
51949
53184
22489
15716
19863
54839
51530
18200
56949
43328
9553
10870
29979
59094
57930
57377
15499
40912
52310
53253
33697
3995
37700
35163
7706
50979
8922
19051
18227
3010
54345
56807
24884
41657
49390
29694
51474
25061
46814
58401
5482
23792
18829
48158
24757
38529
17939
39699
42884
9414
28890
26459
44876
58064
22126
34591
18578
51958
23863
11608
21851
45269
17937
23634
23635
36573
28869
11359
27817
39593
15821
15887
12601
7462
56017
15711
39260
40427
35265
52243
28505
34520
15539
20459
29225
42141
47147
43076
6838
22078
40252
25370
21259
35741
33369
11325
42777
43752
57228
12464
10113
51683
46303
44720
57103
7099
34962
58603
21563
3216
46247
57921
21852
57133
53537
9525
22838
15885
47242
53290
51594
9167
10327
29486
37444
32662
27462
12345
38654
9125
58095
49509
40469
14829
58664
5823
30980
43571
11582
38472
33136
9791
32773
46201
56442
43198
44269
30670
40598
14365
10312
29716
7270
14061
42031
43564
9409
21973
7168
52514
4083
34981
46229
31834
46771
42269
47102
6650
48633
45141
30134
50249
31244
55798
58131
23830
33489
41456
9700
11244
11008
7781
43760
31643
22506
35399
38862
24028
