636
21680
34298
44159
4144
19240
37156
49907
37727
39583
17090
58335
22764
16018
5296
55191
8483
31347
24359
18585
48133
9388
26977
50394
50938
40787
30178
56523
5996
32209
38729
31028
21519
13486
48120
8614
54419
40797
41423
53275
5765
12112
17471
56801
55236
16153
30695
38413
32724
17648
59292
14182
39398
4892
10089
21770
14597
30499
9323
28461
50703
44275
40224
29123
34363
6246
23514
45625
57222
39883
33835
34581
10722
40487
21225
8038
20644
36256
57359
32284
41358
46808
47039
27975
18782
37857
4766
28854
31879
10120
34207
13564
45961
32261
4017
25069
38924
45323
55416
21236
57560
33474
25744
48513
33796
29728
53877
34485
4595
48775
6471
7972
5236
58286
10141
7552
9040
19292
30020
46600
49818
22294
50501
7406
9716
21497
38824
31914
53407
10210
30186
35708
51396
28479
36716
17920
3208
45962
49399
24711
31637
50457
36791
58840
4110
53762
33760
12440
20867
10890
43519
17976
51787
10468
54419
41662
13759
6508
58804
19743
23777
54920
41447
10748
47319
7252
32865
42813
9030
7186
59573
39599
53281
16927
27333
52026
26949
24514
28408
56670
31445
3385
48392
40771
10369
47741
17775
31226
46459
19078
50015
6095
11067
23684
12998
10872
10920
12540
58676
3934
43002
49477
43093
6404
34805
46058
14037
32945
26380
54806
14863
52962
47913
58294
37683
35670
5266
5718
30678
27919
59807
28409
12003
16459
22704
37628
4144
43883
34296
39853
49057
5453
26831
9808
39345
31382
39612
17400
33579
55440
20901
28214
30702
12283
16542
32835
26260
8019
5538
51609
15488
35112
53425
15908
36105
5247
36644
27876
12649
3062
12432
4801
18536
53190
34255
20002
58613
19594
59322
55076
29926
36874
13363
29781
52399
26929
52850
15587
46321
44588
7609
36155
16962
44116
57469
37975
15172
3594
12602
33959
21313
29648
53378
28807
34744
30522
17964
31577
41611
41759
27659
54638
30126
32114
31397
8198
28952
18783
7733
26388
44012
35621
31705
30801
45105
54825
28846
8728
24391
33574
38592
58520
43813
26874
36109
40035
36228
25175
16083
51675
23539
45572
33865
10640
44156
29811
43269
36622
20019
47975
13125
51820
14557
24536
5706
30234
37172
25225
26214
37586
39572
5071
28215
6781
16646
52710
36328
26387
27874
7369
50148
23652
50002
41676
48736
19329
23676
38651
4918
38846
43508
56942
12417
18217
44524
49953
18323
34375
28835
6849
23280
22757
10784
24608
15067
44140
49483
40966
42635
48236
52753
28638
15160
57898
59060
3991
8860
57972
50416
48548
8213
24831
26424
53380
57608
58142
9145
14519
18718
9296
30848
24674
4480
41190
31008
23910
17580
8124
27116
45049
31519
27707
34851
41659
20453
8151
29250
27607
7205
22686
36620
49364
53680
29840
39616
34010
38014
53362
12311
5453
50160
32957
23911
18156
55480
30264
27946
10224
3402
49848
51075
45143
50787
5627
43692
20007
18660
16200
35899
47133
54597
14089
35500
17877
40545
52221
31048
29962
36981
10419
48615
14424
38775
44359
26955
45572
7653
54545
23575
11544
29537
28960
32042
40992
22128
11443
17888
49018
35445
35079
26785
59661
4681
9243
11012
49726
53279
55244
14597
50814
53548
24108
57669
26303
9158
17272
42721
11789
12037
11347
8982
35507
42756
5125
25378
5656
33383
43277
20406
11385
40655
34209
53386
8335
36309
15280
23934
15782
17703
37228
4098
58722
58091
49096
28417
43686
48733
24126
33210
3372
50470
54394
53495
40265
26979
26111
19209
16967
10282
9862
55492
45719
30189
59177
10044
18037
19861
45961
37265
9614
14975
59871
13410
16580
54270
12533
29772
34548
5306
53446
13361
13894
3617
40936
52948
19052
43320
52668
51340
40127
46845
11423
36130
38905
29021
44608
16654
21777
35303
44905
8218
28880
17254
58097
56736
48131
12117
13637
10897
15312
17437
45619
6317
48683
26490
10155
33361
24297
24131
11726
21790
58398
15676
22989
15901
5778
20191
45399
25542
52752
12318
30308
42577
58114
17488
3859
14895
24804
34229
56686
21112
56712
42021
27709
49178
19609
14270
