918
27375
15639
3443
58078
50439
43271
49730
12023
3784
5722
40703
59391
24245
9955
12396
39793
4980
35593
50273
58901
15882
25007
40762
13863
13479
42602
41253
47650
38690
5744
55458
39100
6809
47330
31174
57118
23999
11341
54574
25631
15609
40297
50183
26370
53129
12879
52176
31414
25992
26486
45814
57269
15841
36614
56774
26582
46777
21939
7657
16050
48164
29077
17168
51855
15283
40540
22895
48231
3924
16412
55281
12255
54025
33003
16210
50282
14255
56940
16125
37948
22077
50235
50048
7274
54353
39861
57820
51675
47045
48223
45751
36505
3294
14733
42899
23085
28594
36755
14535
12751
49342
6552
36923
34143
52499
32175
9113
53142
21016
22435
43298
50895
42686
13529
12668
11960
49665
31693
58018
5728
30210
15957
36663
28066
31785
39075
22227
35658
41413
39418
8011
10745
4256
11153
5222
55147
21773
47514
32541
54305
18520
8674
31055
35631
13655
39688
54131
5076
34616
53483
24948
45422
28543
39970
26701
19599
5618
4476
33393
46886
18397
5494
14945
30687
42821
52816
39971
46870
31704
37125
15969
52295
54078
33210
24163
16661
12747
10670
34446
46406
55048
28221
44743
35464
46825
40898
31227
5768
27057
44675
44426
47105
18097
15312
17492
7661
57995
44843
3405
51932
22829
49017
37787
54985
41714
14907
12330
5305
55185
11790
19011
5050
40875
52658
17005
19158
20210
32465
44048
45027
23491
27143
11053
42817
21898
9345
54656
57941
10486
30916
36262
7782
9359
12829
52373
46639
45297
25573
43677
57476
24591
26324
12715
37336
44539
14692
58395
49870
21844
46797
31458
23842
45252
51231
54136
29617
57196
43669
39209
20067
43624
14346
15926
16496
3561
18699
45141
43856
38530
15779
58743
58420
42975
52867
41785
25803
9150
49992
40472
42481
13213
28410
58953
51714
38402
52540
26794
36534
28597
34612
23550
27390
17323
45061
14976
25202
45178
9154
44872
46684
43781
38110
45311
13398
37206
54666
26603
51183
15043
35137
21819
29462
7555
19345
45605
45856
10859
4852
41453
47837
48741
20462
28518
3776
4775
37931
7338
41193
57929
56894
11060
36119
12975
50605
37454
25529
37613
12440
29375
44299
39243
43667
43477
7215
35172
46308
9604
25780
17225
19546
58824
28208
34268
33187
41103
40740
21933
26101
20792
3680
26766
48718
13753
51679
54515
29455
4301
39880
43900
26674
41303
50540
54308
45555
8421
14548
11719
46921
20896
42607
40327
33512
13323
18222
58451
36273
20654
8131
49858
13526
14105
18249
27994
26187
16343
44301
8251
27069
55897
23563
52094
20793
16776
57452
53521
25283
18532
43990
29102
45376
40053
39283
57269
17557
41895
4936
51606
44044
22215
29551
50243
22685
52385
33298
7926
26582
46666
38756
21358
45218
29159
57685
45736
10898
28731
11744
35731
9703
36178
59577
32495
35512
14850
14964
42297
51398
48932
20499
50168
9016
47292
18896
41437
21739
58559
11101
54091
24191
13812
56316
54514
6835
57290
32628
58761
46852
26097
7474
51599
28220
44924
46983
58372
36935
3494
48609
34396
33924
3196
24734
48735
21057
58616
4238
26997
7029
44578
24907
43514
33338
38641
41985
51885
25475
23143
48371
10467
13777
53661
4062
14844
55956
31831
52562
46859
20375
16163
55931
27619
5890
43357
9465
32141
46011
19389
9888
37699
24007
4798
52367
58519
23630
24356
25419
39553
45385
25820
12431
27540
33019
48317
38462
45759
32703
20740
12081
23077
54538
54755
45476
22409
31009
39487
33715
3534
35762
8734
9076
42240
10572
34658
9784
39551
38319
16491
43847
36440
42080
59339
33278
14780
56535
35986
37041
33744
40259
43029
22228
25264
47389
16602
47005
49359
56638
29188
46013
10230
44904
36965
22243
3717
42312
7951
17449
37160
38377
4275
11306
28375
38356
8312
28596
16870
17039
29773
54662
16093
29557
21566
48350
46738
14524
48615
33675
25297
42411
11626
48883
51763
29994
43188
49959
19878
6120
55557
14429
53331
26696
5879
15351
45455
19142
36236
49548
20846
52202
45746
56480
47932
4295
13151
56392
37261
17866
9475
48836
46951
35594
13740
29773
3633
39895
11669
55589
40867
22755
45027
26397
41672
26359
55983
14631
22110
24740
55828
49787
54445
11253
26036
50697
52689
28115
58781
35307
51466
40348
29156
58958
10275
5061
52183
24185
55731
47004
16296
39181
11621
39213
45553
39040
12121
8047
26840
55664
45989
38041
54848
49200
29667
33484
14283
45553
13069
19382
3848
27530
28448
22107
11476
49983
20178
47020
41657
37204
37774
7562
57939
10257
9753
6160
20902
29334
55297
40670
55850
31923
47406
3909
11556
27802
51773
27316
52151
53938
34824
16878
11132
11462
57952
33669
21434
13720
14439
28275
22313
3556
24826
3543
39562
34718
49463
49460
13152
19378
12703
9419
36785
11862
6036
47269
4563
49833
24389
43775
59472
26731
12493
49193
41494
45938
53336
58004
16431
42802
46949
14105
36063
26454
48335
53815
5859
52097
31440
40530
26208
36730
18867
39044
59237
22486
18008
55427
14121
40857
59741
6076
50016
22175
34485
37838
36211
15392
8564
10364
8251
48301
54026
41008
21908
43993
39090
38705
52458
3605
35957
22985
53830
59351
36150
57634
10697
11374
37813
58505
38006
43841
4686
54233
27862
27709
8801
58677
10021
6829
28521
14749
53192
20030
58642
20866
12604
25693
13407
4034
39901
30262
19031
50447
49679
13884
9068
50309
52818
9168
12901
47113
57975
43541
45355
40854
15536
8294
33640
40992
33935
51240
9462
26441
14899
56378
30342
47973
42394
55309
5806
48325
28069
39272
30980
11933
40700
11557
51921
43871
28785
6550
36130
4390
6770
40506
36356
48669
15260
53814
34593
47132
54921
11046
39902
23153
57472
54123
24986
56413
10631
10482
11797
30217
54689
53918
8266
5019
24844
54090
22273
47017
9888
53652
46929
21341
27190
35769
36344
36369
17144
26499
3364
6423
