2160
56630
4136
30064
23076
20289
3943
54151
20928
17928
42102
49168
29197
19779
31130
41292
42106
15874
36670
39610
42794
50584
12267
34104
58438
37793
42002
32099
3102
56909
20932
13760
46300
7343
42786
26445
50406
28060
40578
51078
18966
20848
48270
18957
22628
52303
15991
30774
57608
19746
41174
13433
43451
10512
36406
24453
34125
18667
16579
16265
45765
22242
41101
8771
9331
44468
4283
45893
38908
31957
28201
16874
34003
20702
37925
28133
57493
43873
6905
57170
36568
5195
40497
41218
37019
11737
59814
36830
13364
29266
52360
39027
26270
56417
34073
21234
36244
45686
48392
20876
6845
12815
56229
8199
37470
20233
11128
10366
45627
24828
25660
28765
7456
40073
20283
21749
5804
27822
58653
49768
57931
31739
58055
40638
16145
15677
59118
59900
5245
49053
33355
56357
42934
55705
50232
46082
19495
29265
14422
38036
39551
51901
44211
48835
34972
25724
56118
22891
5510
7588
26062
47296
50119
33198
33600
26997
8185
6504
21672
26802
42532
16427
10559
10973
32199
50766
3778
55476
23985
30521
24867
20676
49624
4963
20735
27367
40259
41264
10643
16164
47043
27535
26309
21778
7684
37757
56547
11542
44135
58446
47143
43304
54153
16638
29729
8778
46274
17679
36360
59619
43144
34211
20503
32846
23160
15624
26839
53400
5448
23991
10676
36377
26725
18098
27363
3377
16409
33051
3657
31902
56814
51172
16622
28313
34792
31169
19094
52288
20265
42182
46284
4461
15919
21325
59897
13580
7577
44275
30684
51333
41750
17650
54702
22689
38277
12090
59470
25390
32855
18097
52632
53869
20699
5877
10825
56840
27401
35754
7755
46457
37648
37613
16765
16803
3226
3172
57076
10429
3330
12867
21737
43515
29704
33924
39012
20115
17079
49685
50846
30907
43193
18073
14349
32524
51930
15185
40647
28798
39493
35132
47583
59557
22505
8853
28494
27035
38533
44089
4582
24542
56805
36009
36590
15489
51892
4244
39466
28825
44568
9935
43297
41725
24731
35713
26450
17667
37881
35943
26233
58123
38495
25982
49706
50352
53226
29970
52151
33045
57494
14867
40867
8894
11857
27733
46444
32753
37690
15647
20452
33279
54440
37318
16773
40537
26356
21594
55732
24005
59127
28909
31728
13698
5370
53705
3589
40085
59325
32629
35544
6781
33375
4323
20212
45699
27732
18033
32652
14087
14806
9191
38015
32729
45559
35220
53153
43211
30316
26910
30952
9784
32996
20440
32128
23833
55327
21090
30082
11131
3560
58355
44273
27242
51972
19782
58189
4153
35613
27684
33824
19331
5421
5871
25067
22522
8390
42356
26972
10095
59898
20190
31776
17377
57514
52895
28524
55323
30780
4954
55180
47328
26756
12525
29912
14251
50367
56437
37492
17266
56189
40507
56194
3150
8175
3527
52862
56026
20256
5766
5428
11085
38445
25480
26395
50266
24707
18377
43567
48511
56870
33289
56237
12701
13030
13623
20271
23612
18478
31150
10173
17528
23888
53352
11822
51814
22870
29781
9601
28042
4151
25606
6045
42421
50113
19022
24317
11689
51678
32888
12093
32402
59502
11941
45869
17016
13003
33514
54577
11596
18700
36156
14527
9537
48475
13866
34687
12125
9646
59843
26468
28407
32684
16070
30797
9913
18695
30068
42733
5681
17223
19278
26073
36875
8550
20346
59622
38574
5581
46544
57408
14280
39315
34303
59793
5612
46614
39284
35541
17502
24637
9537
8323
29808
26466
43891
50452
47336
12033
21526
19386
21508
16415
7064
21444
56534
42479
31904
28552
49593
26538
58093
15430
59621
41685
45746
15328
48421
43050
21181
54013
33196
33265
47195
38749
51515
26753
59028
57651
20939
59979
15460
39980
46976
43017
51883
5286
21815
17273
20401
23038
6948
57808
14999
40093
22584
38706
48003
43144
48604
35709
16136
49936
52708
21734
20754
54429
35368
13808
15162
5013
25284
12433
56412
30653
3711
55243
4268
27343
48118
55761
9263
44851
5506
8594
56441
4251
22414
55954
42964
23973
15793
4651
25188
33272
50197
12058
34230
57721
37488
30670
47320
42693
41325
6304
17394
59438
50418
36451
41911
5999
40273
26788
12850
12412
54469
37773
6028
28749
41661
52335
36771
45447
43473
54507
59996
7354
24695
53397
51722
22802
51156
31604
50250
17897
36313
26343
47639
20307
44816
24108
30570
16405
43164
34872
31330
24363
17321
3687
28862
58255
41693
11559
55806
32657
25549
9543
50776
16606
54077
34380
14276
4814
19990
27187
32790
55056
21298
23516
20471
40235
18202
59814
50424
35855
3820
29525
49869
45710
12028
56702
23194
21304
14395
7564
53074
22346
18162
9718
28004
23730
20895
39540
20964
39358
41604
44651
7224
12432
56055
50588
31473
49664
39712
33791
39454
38568
51458
27259
51379
54380
6045
33387
11730
8124
44328
7918
8883
24456
18490
4216
37445
40561
19572
15997
5704
40923
58313
11902
9323
19665
50915
9583
5482
33325
35333
33289
28978
16406
55398
26664
24485
59165
49595
45766
10160
33436
37332
24078
59071
48670
58093
51431
16444
12240
24534
37982
30274
36382
44986
40751
4892
58909
28189
10472
44279
39181
31278
51314
42053
54336
44863
10602
43034
30849
12250
59083
20527
35772
8320
39092
44206
30731
12409
26847
34678
26585
28527
43361
50298
53922
29464
52440
49101
19654
17730
22443
36697
17742
44460
10695
54926
14887
20501
41312
12620
13282
25207
25057
43399
33391
36341
52551
34793
13669
3344
24947
56551
37045
31979
18239
52622
32058
6149
49111
39329
20177
23364
34501
41682
20751
40949
51635
22931
40791
40378
32961
37658
5972
52596
36574
5686
38964
50679
55937
29158
36567
54109
52902
42535
55713
32052
49427
13094
39194
37639
28731
12111
20920
19401
33011
51258
57703
32964
48400
42588
33996
21387
10007
35377
39822
57435
18359
18203
38557
31712
46674
58677
43006
17486
45576
54400
16802
24853
49187
5151
34248
6711
38211
23722
50166
36337
33233
50978
17081
9607
9058
33235
41364
59095
32986
59723
49547
56759
33420
3744
4473
40769
30824
25238
12793
18000
59830
51636
43005
47389
52927
33820
46281
30216
58461
31095
21588
7919
12358
19098
7102
25419
34143
32128
18061
37746
35263
45486
39609
48203
43497
35600
59544
23355
21595
6209
28689
42630
21053
41179
29523
35753
15982
14371
17359
13166
59723
4383
51719
37738
24058
42052
57467
12577
25927
50208
48523
9906
12999
38824
58838
12305
32589
38289
33733
28114
7222
11018
11608
9372
43741
7538
37737
18269
54549
39091
32959
35332
54107
29803
56145
42138
24911
31883
37685
42361
24740
59874
58698
22452
25280
37393
15979
42006
36403
7721
20185
24277
11669
36173
46854
3322
30693
23668
57454
3009
57465
37622
19831
47250
52396
27207
41140
25575
20849
37010
4922
30271
55928
32164
3541
28599
37630
39335
23689
55244
53589
38797
28520
40582
5030
38855
6175
4413
10509
21472
49837
59145
39576
42888
33203
33867
42945
57625
33536
50583
24562
37071
5893
12392
40191
16304
40879
33426
10429
58156
31274
43382
12658
43863
44011
34919
24798
36891
7702
15357
32626
6533
29952
59057
48367
51877
57841
55934
25845
55083
29585
33914
18991
10506
42137
9848
20905
39037
20936
59373
58290
33842
57145
52154
16707
9111
18683
43966
41023
32061
42765
58857
56128
23577
55267
32022
8252
52111
42334
8080
4487
21261
58660
57663
51245
46075
47328
50474
48671
22358
22673
4830
16902
38442
38403
14945
13412
27293
57458
49021
37552
47712
51993
55247
50704
13361
57452
30392
3356
31850
7249
57208
41044
56667
43115
33563
39788
16914
36377
57735
58880
12190
23951
29152
51754
44000
26645
23990
35835
35315
42413
3930
7639
41326
14222
32318
35506
24460
32950
34901
12118
10643
35313
24606
11555
14606
53043
4937
59944
15998
9213
44246
10469
23835
45877
52180
31511
33637
10403
59673
45835
57592
26281
24583
40545
48087
32454
8206
10044
13560
5069
9848
28394
11155
28838
50708
3771
38209
12271
5667
41078
17832
23484
32201
48036
52327
27520
41747
47342
3660
41610
51102
6021
57186
27710
57529
24321
29755
31518
23325
40094
8412
39724
53897
29715
23592
14752
57879
20872
35202
57807
36762
36295
39903
3511
12367
33332
6166
52824
53093
22397
15666
8570
24181
20918
15749
19156
18579
52024
28618
34860
11583
7917
56021
13513
29532
26929
35104
16704
15058
11536
40354
25140
49765
46039
45691
40815
55684
25261
47742
36465
51572
36006
49544
32322
7190
24080
28325
44611
53783
56317
45312
9854
31206
54962
30839
48853
44573
10514
43237
12084
29866
47341
16015
8607
54200
43835
30332
16547
12543
6923
7159
53909
42349
35586
18385
27506
25006
48566
54204
34977
5967
15463
15464
46749
4686
42520
53828
59434
35609
56258
44451
29626
44909
11648
24301
47908
41678
29050
56216
34525
37664
21493
4252
37131
54811
43739
57926
15288
48399
12789
22398
13481
45713
33312
24462
7990
50216
20424
3167
37460
15676
48957
12241
55244
3204
38010
11094
53271
27367
19001
16005
42387
56335
53160
11587
19431
40691
20223
6763
11827
24156
18970
49767
57007
24643
7158
47601
46561
7703
30007
6215
28524
18031
21305
15553
11479
45224
32916
6634
23632
4772
55186
19691
23069
4087
57794
16323
37274
50501
10547
13862
50024
52344
49081
31455
5392
13078
3019
34962
16537
12835
8143
22060
21404
36043
10156
4132
12245
34850
48856
31035
11981
6296
4793
45235
24262
6380
30603
50412
20831
26598
38935
39160
31843
50255
11562
10652
35673
44810
13035
17757
16272
43349
6467
48236
5735
9579
10975
15211
45857
46396
42827
34938
59545
52243
52077
3518
16604
20093
42216
42369
51517
26931
54006
59736
14913
30155
43299
54749
42665
24255
10736
43539
38749
55344
43625
38395
40991
19119
55993
23566
22380
59888
35647
27163
22436
25582
3613
10205
6936
18398
27148
54561
5687
35673
36144
42695
48375
32754
18150
20537
5003
48256
29812
46656
6799
33743
24483
54889
42890
43231
4212
30575
7437
31784
53781
41045
54908
22876
22427
58342
45473
37755
49122
48932
27832
19548
43326
19743
40110
38239
10181
31178
13828
51051
52334
55819
50168
35611
25647
45086
46710
48596
31023
52073
3867
6618
48389
15346
5116
22417
9378
37106
57268
45389
11134
55231
38155
6473
58364
27519
19497
31820
34107
37050
55429
25906
4795
3031
39664
30956
39385
17311
26510
42790
8479
10482
12500
29890
18586
4467
43748
53111
26951
37994
49822
56492
48626
43946
14706
23611
18538
57531
29134
13459
25236
27834
42881
10098
52268
22023
16637
58587
10356
7759
24344
48708
38082
46836
28198
21654
33214
42249
43186
8078
20758
21871
54848
33035
45229
47854
41198
20974
48171
32805
4652
46666
19407
17366
54441
11819
20941
14334
20827
6074
13470
35488
49437
7326
37564
47196
51959
27510
11940
41162
47279
52304
6324
5094
57474
30236
17696
6253
30432
33187
59098
15596
18277
51214
53395
33457
32662
17618
4684
37294
55358
53262
9231
16588
27531
31045
58952
4927
45962
21969
3639
23986
34773
53333
32186
26502
3979
10661
43123
39000
53696
51565
59792
56366
8718
24158
3250
45554
52574
37351
38095
32548
32084
33698
46911
9526
23896
57432
57499
21248
19365
57439
50475
40791
34642
31268
49356
59105
8468
12622
40395
40982
23514
29166
53592
59275
46723
28485
23010
20714
57928
41432
28149
17809
27737
25067
22311
13839
3733
48018
27362
35150
53535
31765
43411
44865
36510
34912
45379
34100
58186
19100
59182
53842
12837
52521
43673
51655
47877
56996
23566
44263
7425
41524
32550
5794
57937
5692
12661
56984
8287
30257
8932
20696
49103
31046
43448
7407
30743
38165
4269
26885
51410
59051
20318
31682
44934
16379
23454
32609
36932
9147
51964
15397
12887
27340
17620
51221
57777
50587
51886
3835
20023
4552
37638
52451
44699
13155
40843
16972
35812
21636
24212
4629
23332
58385
49918
55989
33373
13987
6525
34204
44821
46230
37988
4342
56550
22290
22021
21272
30600
43800
4963
59885
6903
25154
49219
17786
58594
59472
8187
59790
8981
54738
37336
30389
46857
43263
29908
8372
23635
29341
19761
37718
45805
31214
21511
4184
25947
48366
13545
43860
22453
11389
26648
30213
10833
7274
3438
46300
36197
11129
46841
8031
10317
14447
59960
41920
11145
31900
49804
24429
7209
52629
38051
24464
19621
41096
47731
43924
33488
40617
18305
39066
39223
38232
59544
15540
48026
29723
39615
24420
5739
8746
24658
28601
34848
12187
31808
8226
44076
24958
7765
22454
21255
4979
3078
32618
20826
22692
50007
35431
17711
34161
56870
41297
24879
20559
37520
41571
46049
39005
12419
25838
51810
10394
31139
52954
32004
54352
31556
51103
24947
8136
21549
25323
7601
22440
16350
52585
43947
10343
36984
17611
5529
5549
56862
43748
16176
57260
3697
22474
59128
55466
16925
27397
54666
54697
3090
12141
58130
43708
26465
32529
11120
47525
21768
26774
40767
54846
4012
22578
29282
54682
56713
52822
41071
40063
34965
22004
58993
12843
28524
6008
39048
20694
41171
25967
43500
40048
19368
59681
13630
14797
17788
15047
36715
43202
4105
59461
26084
7974
3860
37408
4622
54934
6575
14097
35188
56812
50345
58115
34249
41387
58591
28177
53188
11550
22097
58321
40837
35263
24700
53790
45238
25536
28050
13342
3632
15769
25001
13496
17597
20534
18310
3875
19934
49633
13177
24204
26227
19918
43327
8020
28763
13585
33859
11545
59657
58900
32862
58545
18498
46798
46779
37235
38118
48338
5655
54454
30461
22501
39531
42762
56539
10496
46478
43028
9126
44813
14517
4061
43639
18220
18165
21751
18687
5882
5023
43194
28695
23711
38579
48996
38165
35231
12137
51886
55284
19328
8736
16633
29924
27695
3003
45199
54648
48696
27766
41620
16227
54372
38616
30265
6839
16116
33406
49669
42946
31472
17161
11120
40214
13382
3065
