1488
56926
19799
59495
6830
22610
8025
11453
5298
55966
26640
34343
37094
23033
40354
3634
27821
30020
4171
4781
9274
26660
23489
41149
52237
26904
26735
28301
16129
23547
57397
23393
54883
49930
7780
12526
39091
37483
12427
11678
25690
47145
46014
29222
42245
3824
34258
24012
36093
37391
52228
9589
44629
53982
49429
48752
46895
5531
6771
14596
35382
28364
19664
46249
48730
25196
13096
23205
59107
8719
49819
41984
55294
31372
16995
20459
25106
53444
28277
20428
34144
46342
13501
11237
34123
47358
25298
54280
49173
47257
37644
3513
44154
58455
52728
26858
46306
5685
12141
52479
21483
10534
49977
16768
25584
51364
43203
47579
43341
28913
22863
15526
30779
7044
21502
7832
51363
10753
3824
7487
58110
6880
30926
48996
24091
46349
4899
3639
49666
45124
32781
22227
28506
43552
44398
15718
36133
30438
39841
10943
19064
55449
37307
7152
56550
39203
42079
53762
48283
53019
24480
25052
20102
10428
16902
24750
55138
35446
8923
23166
35512
6622
21860
27367
14982
14732
34634
22844
47419
37285
31894
16571
6056
7713
15905
47810
33475
59581
21934
17035
25596
10886
9792
19565
54893
52089
59697
29230
7148
50725
19981
47614
32853
22956
19839
9056
4514
21192
23685
39248
18541
3404
55774
10028
37455
15955
51565
46013
29053
50769
26792
47156
35272
49168
48185
43131
30851
45998
39662
22276
58204
54396
20820
25298
25829
32019
48039
8070
13090
53493
22165
27380
44691
7423
39583
13958
44402
38812
23755
50229
48959
14380
22377
42832
56873
39896
50272
55698
44803
46236
33308
28742
42238
40547
11461
15124
54899
31793
12919
4262
25287
16659
34389
42994
54691
59400
12903
26761
40600
40758
5750
58050
30247
55722
43266
31049
39650
28778
46955
30734
50174
55539
8161
14619
18449
39263
13253
22747
28924
13831
48782
13927
48874
3499
6987
26476
42784
21399
39692
16056
46582
57426
59276
4052
18993
26990
25854
21034
37326
6122
11826
5585
4214
7521
12622
38068
55375
38045
42178
7016
21903
11218
26340
5100
51522
40957
15975
54655
9777
36738
44215
36750
36021
46815
23187
56654
38183
44648
52069
7209
48126
58083
5440
23601
46092
16471
43019
30512
49292
48761
18444
36122
56533
50679
23899
29533
5133
57582
41895
25357
44945
37398
17607
26590
8707
45380
14321
48239
23807
28261
21408
52819
16964
9047
56052
30208
43373
43807
50781
24672
26336
40173
31522
29606
19829
26966
41941
55064
13526
8410
58458
12056
58144
52798
39711
15889
26223
47993
27100
54007
37743
18699
47994
33101
9507
12523
44627
58860
45193
28924
24910
58237
3269
13657
30153
56895
53487
41056
24729
18495
26079
48273
53110
5609
18328
54955
13404
9934
12494
36126
13101
28380
24906
3990
17217
49686
49825
43999
27149
32225
32611
47135
48336
50497
18669
37562
18867
5519
20161
27138
5736
52517
13012
22121
4886
35447
53057
40861
32653
3288
15263
36511
53734
38208
59201
59603
22810
56337
44316
16365
38424
44989
19264
6918
44176
4916
16799
48239
39862
50719
28713
3307
55418
11103
48422
43120
24248
38663
55788
17885
21946
15772
10929
51291
53952
48054
4229
56438
47443
34208
40831
27199
4722
47552
56637
4679
54616
8207
25510
28204
30237
29823
4321
3017
21362
9746
19143
38891
19523
22153
45657
53819
3070
24633
56119
19952
47515
7574
33636
6819
42933
6360
6543
27112
11729
52018
7297
47581
40661
26517
11330
10057
27820
45086
57234
13258
18178
21029
37941
21864
6958
24888
24830
32622
58848
56809
15050
6873
30083
50415
8550
30647
7063
29473
22161
11911
15708
18335
13915
55519
5338
38052
16343
15858
19498
14597
11655
27990
34676
6487
28193
33470
28525
17742
45273
35852
33949
13654
7006
31935
44840
57519
13113
25910
39444
12657
17689
7022
20143
28001
41184
46731
49783
51963
17079
17450
16362
25962
27587
53304
34405
41735
4645
13802
47666
35764
3914
49625
51287
40248
47827
5140
25302
8207
3756
37543
32439
32707
21632
10460
28252
49682
3262
21560
41578
30126
3199
27766
5863
35126
24004
35345
26999
58049
49617
30961
19618
11987
46326
32613
46352
54907
12925
34052
31755
8813
6239
29328
24476
3213
9552
20436
26777
59854
28380
10404
38728
20891
44974
50478
37163
20789
29575
36905
44059
40778
52390
28256
40458
54388
33995
51778
46428
33751
34663
34872
29640
6492
53728
33427
17471
6778
9873
45938
41744
40583
31126
20250
49967
42456
40582
33175
26309
42460
29018
49131
37556
8875
11763
21603
53248
36128
53630
59956
42808
40360
31254
32536
11337
50646
29170
19684
38385
24756
34448
52237
3771
45060
14695
23942
50050
51044
20579
44869
4562
54917
26770
5168
32120
17305
34075
48668
24968
9975
54374
23054
39607
10993
5299
7417
39184
27850
57079
46214
35672
44947
6721
7408
27992
42281
47964
3412
15449
4982
50512
18081
44230
15048
13585
41328
55086
41956
38475
56302
32846
19668
42365
55447
18386
11046
4755
35121
42117
8226
4691
41316
4272
11530
23705
48254
56497
12008
17617
51455
45712
54949
29591
40138
22099
16321
45344
4931
12490
34574
7014
21547
12863
8230
41291
48479
45581
10341
43870
28068
38574
16021
29618
50224
35335
3193
30031
18819
58172
8088
23057
15676
52628
27060
45442
20692
50216
42576
50693
57082
39743
29197
32326
31601
37050
45814
11006
11669
56541
4571
57993
36154
53805
11895
38908
34151
28968
20175
5875
50755
22426
10274
23911
39962
32297
3056
48622
25721
15843
58716
56176
48917
10861
24864
3130
29093
45812
26915
9225
50655
20240
19120
46734
40469
12613
24412
22591
59751
18061
56691
29532
44482
18346
31389
26290
28212
49896
55779
39513
16115
34465
20258
28685
7640
3396
35807
33763
19620
55097
8274
58895
5377
37180
16800
43694
21191
10502
30722
35789
24295
22447
48837
22083
41770
33790
30962
44448
10595
41661
25611
41799
25698
37660
40890
43800
9983
44369
22814
28595
59287
58472
35835
12882
31332
51037
41454
53869
26572
35701
4835
7861
44276
3905
49640
59297
17325
18749
3358
59927
21622
10571
30267
38395
30253
52509
51573
23136
50126
49014
26083
40743
24672
34965
20330
58741
3620
56273
48365
54858
14960
20637
29068
3135
50886
27453
45128
5820
8815
22143
25371
14834
21578
5727
57493
17588
43524
20776
17451
34908
45803
32791
15851
47645
30804
31660
25931
56693
16769
54396
27944
41644
10147
26368
19574
51157
44470
35510
16588
53557
41922
9108
15834
21343
30721
13323
54276
35156
40266
29200
16994
18966
21195
21032
20012
23906
34421
25602
35739
5096
11333
24730
11949
54776
42310
39637
19994
47893
50877
46607
36238
13389
7421
3196
59718
31440
25899
57377
8817
4266
28855
7184
55593
3887
31875
8798
40462
43355
30684
52667
35063
58865
6863
25438
52909
43650
48758
19291
27918
13480
10421
57186
38532
40680
39011
30379
52571
26671
45153
6332
11622
31136
22350
58722
32726
21823
51439
4241
41319
59851
5738
44514
6765
39158
26163
6996
20289
46544
32205
44927
21357
34992
30286
6001
33571
26293
32510
11826
24254
35095
25792
46232
49773
35343
41882
15131
50175
17751
35365
57028
3870
59629
36449
12571
4446
59105
34861
17491
19719
30394
49947
4491
34267
55138
16905
58533
31831
25746
27691
52444
28317
42527
22101
35729
24398
58614
9742
6525
54456
48984
19685
10522
49447
18343
54267
57483
37228
34676
58774
12081
47124
44625
30133
38410
4574
18326
40353
45824
26383
30287
28847
24506
8767
58679
43596
27051
16921
30591
12247
4731
30265
31952
23192
34788
47700
41671
54852
42879
28498
14470
3745
23204
43197
20485
46483
10077
23663
35271
40215
55055
42896
33507
8650
4444
53386
3379
25489
51368
7020
36627
23823
28917
56647
48797
3801
45681
20306
32002
42947
35193
4203
30086
31006
54587
49362
19072
35495
4253
39700
24329
50307
24165
38303
38229
9491
50981
11387
58597
36963
10815
3031
20488
50616
34234
37507
53488
24311
25819
18082
21942
59674
46298
4544
33293
57657
22167
27520
4659
19287
16326
26653
49876
42072
51741
33057
5677
17579
33294
32833
6492
18040
24335
14149
3871
30026
38229
15625
44703
30182
34401
4231
48763
15812
58623
11256
8454
41281
3416
46416
21451
39489
30655
13826
40442
27662
25210
24335
19081
10872
56685
25132
7246
17485
20184
51432
35704
54870
44284
50783
28038
55278
5425
17633
42508
4582
48176
10009
52001
37582
49691
12323
28533
57295
16341
38295
44509
59995
40319
43089
37295
22413
54956
4826
34129
3785
33636
39786
43791
17107
16518
3629
43870
8760
45777
41188
42554
39733
11682
50105
14824
12655
30198
48618
27015
22918
11906
43750
5389
9707
50414
53968
24547
26591
56585
51424
15367
31698
51250
13625
49441
22123
12732
55471
54748
58499
27769
44089
51242
21941
4946
39343
52151
14580
45564
35470
42906
59493
43907
32543
57647
18417
25308
20244
30811
9951
31528
41441
56914
11814
44811
47098
55100
40893
33768
4523
51612
48996
31261
28826
53343
43996
42689
33219
32632
28043
28706
43791
6607
53267
8012
3571
41085
52739
29381
44817
57928
56120
40770
35860
45119
49199
26097
42422
3447
45236
36071
11402
25505
39733
59437
26405
14589
11550
18447
10811
48746
26122
5569
18524
34869
38630
9694
47783
40153
43164
44279
53313
55618
56628
34884
21549
19343
53942
4791
58727
35438
38731
4407
41454
34910
38371
37370
38217
16089
5018
41783
58697
34417
8844
4732
59025
42140
15880
42358
9300
29066
