1209
15164
10043
9875
29353
51749
42506
55983
4163
58612
42749
19827
50043
8325
54725
58657
5287
18928
11884
15820
39424
51150
10401
49647
8594
44005
51911
14903
28647
42980
22826
31059
22375
29461
47376
25611
32222
42237
32331
25575
19363
28562
22684
51930
31037
27947
47388
10202
32295
32250
12493
38147
59628
53711
32718
46056
3860
8281
30382
23998
29965
10701
11281
59571
9962
14425
15372
23905
52997
18080
38566
49841
9356
56110
12688
15408
18571
37993
10421
41513
17558
46941
43958
16922
15507
36024
51296
32882
4376
59627
9226
22279
51316
47110
6569
56475
36111
26147
35907
22759
36846
19864
13947
4490
59759
29948
29695
7476
33974
22401
49919
37005
41998
40927
54384
11312
7479
32649
23951
23874
52645
50608
44343
58293
43505
36279
32446
34012
59503
20665
46817
55481
44881
25335
35726
57926
44841
51680
57342
12654
36089
47303
38422
39258
27072
56681
59175
33668
17014
29093
23468
29268
45444
25910
45093
19418
8496
37041
39135
39377
15393
25856
42615
57604
39484
32120
25617
29907
58965
31100
51632
27086
17205
47519
35209
16350
34399
54648
30893
31405
26576
26199
19900
11407
4837
9233
9990
59764
40684
57188
6827
50698
55261
41457
11566
12893
55251
40865
31196
14454
18963
8794
44801
19343
18433
53084
43190
36994
53201
8862
46555
16771
6210
6809
6392
41577
25082
34248
59089
56217
39053
7884
43301
31917
8792
59169
12298
17699
46219
39996
5641
4716
10252
28161
56491
39352
59746
17596
4570
42716
19571
33907
46607
39116
30826
31187
9741
11046
9248
50426
6952
52687
36281
3808
38385
58779
20067
32504
27437
3057
3317
18538
4228
7130
9669
25447
33328
39283
51302
10241
10308
55154
20996
31186
45804
7445
6622
18480
43850
9708
46357
15736
39214
58692
43254
19847
55211
8436
57371
52979
24852
10370
38481
51399
13548
32705
6609
51937
21583
9816
42694
45732
54502
45185
12397
46664
56252
58490
36446
23460
8114
18619
49188
30929
30209
43728
36634
33382
24402
27784
43354
22045
51836
17508
47891
17627
7136
10992
45764
43959
34575
25219
49240
33203
49932
32287
51695
31455
12302
56405
26552
21064
58267
46313
37868
47371
7568
30958
38349
10223
35421
42204
27107
56464
16741
50862
43927
46262
42403
33716
22457
34596
48197
32145
36881
5132
33603
21821
55936
52645
41139
20218
22540
28355
4526
24140
49695
3047
6457
31628
6253
5176
52462
10241
46036
19496
43900
25281
36889
11707
5531
28625
13626
4605
20791
46192
42947
53838
39481
29453
50492
4612
12553
13934
16664
49351
12290
38402
13259
38626
50869
29218
18522
43356
12495
18149
8454
54682
18238
50749
58862
25182
21977
52949
47210
55253
41318
50561
9210
6562
18738
29862
28703
21825
22189
32877
31951
40922
5392
11586
49706
58615
34750
29153
31434
40006
29252
45139
10856
8836
14923
13830
52893
49939
42479
25294
26281
5372
33076
52757
12737
17980
53708
42509
42643
18692
23081
49628
38480
13770
7943
49308
53682
25257
27599
31804
35028
6315
57256
47438
4404
23810
22434
17001
35954
42838
8644
57509
45703
25873
45626
47414
46949
11828
40042
5047
45496
33951
51452
24429
53715
5289
32723
13311
50950
11463
46847
51038
24477
42611
46960
8154
19287
44096
41599
39170
24722
58677
16317
53608
19454
25973
37253
24242
43487
49341
31852
33045
11749
27763
47449
19908
45040
8681
39224
53969
51127
25312
28378
33466
18745
37731
29909
51235
59215
7624
35210
48521
51033
48164
57681
12283
21015
4291
20209
46257
24220
47767
33405
3191
33878
49793
4692
42565
49590
43707
59898
50295
57515
6080
44485
22839
27901
44385
31643
38338
42654
11909
45711
28997
4068
28211
34976
15016
15337
18904
27634
14814
49344
42749
39291
24347
16916
57933
6904
8089
46292
33120
26551
23773
9895
36773
41063
52748
44553
30134
29384
18229
15571
54295
12808
46373
46259
55013
45853
32023
21277
52141
41726
20084
40217
28086
33396
9510
25178
4650
43173
31348
54188
28163
31251
22604
26479
17391
52845
32263
20576
21806
50870
11601
38499
50503
52691
55084
22230
26482
4189
44429
56133
59340
47766
4924
15061
50089
33122
23660
25609
58948
45398
5990
45340
45216
48758
5055
35238
44232
49402
14907
45503
47205
57216
11356
7756
38613
57864
3299
57394
20555
20542
47065
59858
9129
49344
34410
55786
38730
29488
11741
45608
34584
14780
20376
47728
5828
56752
41247
49455
49523
26761
21466
42530
4086
7973
25969
49895
50563
15227
48063
52368
44174
47152
30798
13041
27282
24284
21737
39058
23021
25888
33081
13965
30271
48817
31202
44541
37490
59421
44186
45496
31424
55882
30812
21053
44395
47208
32423
20255
31859
25957
41631
13299
54967
15898
26049
5040
51866
25704
21062
15841
44033
36915
47640
39732
9402
13564
55584
46369
5826
59574
42431
53996
21354
9224
35811
45189
24383
56909
6415
54730
22489
29160
39024
50876
27150
24594
8950
44711
15401
55627
44630
19826
5397
21984
18624
36195
5621
53952
15194
22447
39421
53252
40048
17112
44266
15800
37890
42512
46690
42762
33745
22356
37483
7003
5827
12511
41881
32051
16860
49596
34309
57201
37869
23515
58536
16254
17373
18380
10239
34109
14225
8021
49196
24382
20439
37182
8525
47789
21129
47478
59521
20675
18431
32509
58492
38834
30624
14697
12533
38202
42968
24500
22121
38619
46667
47551
42152
24416
39757
41129
30001
55463
54868
48897
27068
41578
4179
26919
9306
14728
42218
3772
29845
43777
5703
36274
19722
52214
27856
50859
22421
35677
42156
42693
10069
3483
28135
30501
11408
39329
36567
11297
28019
26542
29862
29930
9643
8592
31175
42069
17369
32245
47756
33920
44785
43744
11317
16027
47731
4890
57531
21537
48974
49079
40594
56568
19072
43998
43090
37754
15041
16159
11475
38149
47784
22655
57306
27112
22140
4926
47132
12702
55109
59601
19486
21037
23220
40117
34135
6063
10929
34695
7545
19637
30082
53079
47080
37163
19179
50587
17463
31725
9848
32889
44159
52037
23545
7065
36614
50786
46755
34093
45782
14711
38666
12305
26453
40215
3719
50841
29250
23565
26065
47402
4670
45604
7767
49385
34545
36210
36417
56602
59071
38068
48864
59375
34384
34677
43100
14967
17863
20014
11624
35246
25535
11201
20312
37127
22400
36759
38039
38742
8035
23900
53310
15991
46742
28549
13001
6178
43152
20985
23442
23956
8807
25483
14648
7690
49389
24562
45367
51481
9567
23751
11771
6338
29018
31505
49442
52561
24308
15289
44707
51998
54914
40288
54801
53502
39523
41017
25391
6804
49172
28176
8910
52658
7730
46320
43274
56718
34795
14438
17657
11014
18622
6577
12886
7502
8950
4002
58358
41356
29255
25112
27986
32223
57200
25916
13159
17551
23549
41072
56042
23292
24469
46235
36968
38029
17385
21176
20218
9393
52454
45911
26762
51931
6327
53346
58149
15649
37089
16590
5297
11789
38742
47606
37362
35228
18478
43283
48622
26271
14380
40167
32336
39700
52897
15496
51377
7092
58875
51274
38830
27242
15211
21536
24846
11429
35970
39380
15449
19624
45721
38561
19390
31926
57507
52464
17011
35114
25381
52683
38841
46861
41744
49989
44773
46391
26118
11880
31441
9281
32195
31907
39316
34218
53499
39093
43823
51569
12998
32851
50903
7355
48255
3636
44001
29126
31436
26675
33815
42337
54576
26274
16743
47515
53470
34019
3167
13490
51243
53661
29462
54804
43606
40314
7490
4794
22727
56929
37643
36789
3008
24814
21681
52982
34017
47323
45764
19430
15959
31287
19721
25650
39321
58384
20005
11669
29794
31029
58436
44616
50930
45870
7379
3871
47237
22021
10471
14656
26890
15903
23377
27967
31516
33339
46416
19101
5702
33471
33474
