590
41588
56547
24141
37642
16962
49003
20557
26956
47575
13126
44896
11151
52943
18917
54920
50361
52685
14803
6309
21158
51816
53160
51808
11563
24594
3481
35277
54924
17395
36455
10103
30472
23073
43709
54942
6184
56971
17401
8467
48336
5208
30069
20129
57584
8290
50218
4266
17790
17557
44807
45951
37871
32217
19061
13005
30216
15917
50984
54117
25900
24398
15541
21793
55654
20758
29525
35413
33260
43502
57026
42331
16070
17096
12923
3566
46149
58769
34621
9308
25494
39659
42804
9247
25746
3725
50852
20839
46013
19579
51204
54171
45602
37971
19177
42771
56341
55180
10521
54410
49729
49256
41820
43074
4227
49659
5656
35782
15539
19457
54196
21252
10735
19067
37281
57747
50896
18950
37107
29620
4718
55382
4670
41331
50760
30950
24020
28387
29851
53898
45749
36440
34417
55467
34093
42031
43094
30174
45065
50361
27926
37581
18121
53376
58727
6661
37339
9538
13155
31098
19365
21424
12861
53598
59359
45803
48014
3550
27221
26149
7725
50329
21360
57135
41288
46647
39906
32694
33626
5500
12679
31073
10117
34207
47813
54810
58230
58394
56750
53269
45820
8670
36178
23424
26406
24780
48514
55366
17589
7017
21817
10190
4062
22903
54977
48928
19799
42754
22507
20163
38898
33356
54500
15079
14106
45697
22824
52217
55055
15234
52177
42542
15688
45400
34840
19861
55086
12274
55408
11090
4500
33274
57049
29197
21411
28350
27928
49048
55683
6855
33284
4228
41140
8235
10676
18093
42009
32265
42861
37101
38730
8457
55796
35132
31990
44760
32428
27210
59213
7722
42841
27370
54886
10367
12927
12506
35917
8269
20100
28148
9242
20412
5208
13941
42009
13210
41630
13295
57548
34879
34546
56967
13888
46791
20367
51137
57945
42635
27609
56462
4950
27643
33414
54126
18358
3073
27919
13731
16149
33703
48970
31106
7828
13795
11034
25426
6212
23463
12313
28391
17560
30783
47294
9112
19571
30461
20117
46789
53363
40031
31347
29338
41303
16223
15995
8384
37117
17575
28494
44642
42947
3854
3530
23310
39422
45195
36479
16100
28576
55157
29154
4539
13481
58924
19385
53888
59949
9864
25087
9507
6773
43979
40343
21038
50159
22670
44886
36197
37455
7994
48185
6287
4602
21596
55301
5911
20798
21013
42613
45533
58168
52704
16428
3524
30594
55334
6625
29092
56564
27962
23054
49363
15164
44815
7245
29190
4954
3253
27781
59575
38001
36480
8411
36339
24798
59125
57733
42104
40119
9626
54021
13991
26885
11301
59719
59217
35697
15788
56507
25548
34694
27341
28594
48117
20923
28091
9793
21941
22204
54632
12502
4969
40423
33950
48416
13519
49240
48720
28783
27305
34617
46393
52635
3590
36577
4086
21385
50054
32127
53100
13742
34006
52447
47273
7390
31285
48176
34374
33113
47110
19023
58034
30554
24483
43364
23185
7703
23287
23419
24064
14864
24683
35973
33682
33499
6391
32919
13471
8508
4094
21698
52586
48501
54225
57668
15964
6337
48822
29016
12748
33439
18765
53214
5325
29728
14986
26102
26658
27545
42524
38631
39885
17068
58392
26925
56547
40408
17621
19478
15212
38882
32841
36081
18567
55899
19140
13676
44967
5805
56850
50668
11900
48040
16590
48978
45585
10238
25890
42051
38578
13104
6470
47526
32806
38696
34630
23428
38055
15699
23374
34764
52335
26499
43836
48164
51213
52646
31077
14185
15216
31130
20283
36940
13198
9401
7786
41277
42233
51553
39787
23906
3554
34537
38664
15994
32453
16698
36329
32547
12499
51824
23770
36585
12372
53844
3064
51854
21094
16722
31301
59075
58242
7036
53016
9717
8390
34648
21152
27373
48302
24295
23194
19532
16612
47570
19290
39977
49845
32661
48634
52181
46396
46083
57699
54791
55964
52727
20666
19291
8473
20768
