921
52861
46797
26861
45911
37311
58271
51225
21985
24989
18415
31374
48485
20909
56551
46182
10665
51258
57028
12546
35266
34697
11654
22968
26818
25263
49057
23096
56976
32742
58262
16987
32204
55310
45887
52305
32711
27842
26055
7215
17234
12135
19199
7930
45425
52124
8462
36744
43358
59485
55571
35283
7129
42519
12348
5644
25433
20162
54451
13228
9363
9444
8638
57442
32158
27152
19879
55782
19919
36595
51850
56300
7525
11822
14635
42203
31534
55068
43837
25097
20737
49201
56325
22774
44212
4483
33137
56791
56774
20708
8509
55803
11208
17731
53551
5849
3509
12698
45975
24791
20225
22636
8866
16632
24969
53198
34395
40578
32959
59406
6683
49699
59563
23900
28321
6855
29211
44525
17336
19390
17882
26817
41809
43974
10328
28943
43664
9590
4363
35361
18135
19164
32428
55057
46285
26675
43256
31676
29578
29946
40371
49942
31744
7079
6838
49268
9777
5302
19577
47307
49359
46306
7813
10398
53310
9931
10333
24908
55224
25566
29777
57167
15236
59696
29397
20441
45848
27624
38288
16869
8167
27976
22909
39759
11784
28649
21020
56685
51646
44916
49937
53928
29132
17535
54132
51194
56567
21297
36909
47210
20628
10449
26747
31095
51512
37241
26835
38002
43064
7948
13198
3607
29693
8385
21230
40796
28500
58852
40334
17559
4490
51377
57149
14446
40399
45889
41190
37229
8052
31808
41066
23362
40311
27816
6734
4002
4943
51405
42998
53290
16733
21221
52917
55913
28830
12956
31640
56752
28298
8781
55585
50957
10774
9387
21632
40840
15556
4000
20214
5728
37731
15588
43234
12001
29503
3508
38039
43581
32807
55583
16184
39194
3370
29977
6424
14223
43174
57643
54288
11986
43138
55922
14941
55022
38554
16447
34419
18177
21133
22027
42302
26600
15349
32474
17248
54520
14224
56697
52841
46086
30821
9030
52300
43696
43531
53510
14216
16279
54007
37792
3069
54563
19843
4625
54233
46660
41562
6538
11011
16593
47854
21711
43986
29897
34026
57706
12581
33685
13985
42114
32690
23962
56384
32328
28072
15280
15003
37739
52932
4363
18613
22129
32909
24666
49739
46606
33312
41432
13490
47932
34879
29839
58084
31026
46417
10471
22425
32956
31070
31463
45535
7146
26167
18484
6446
10213
23056
10170
36948
36042
3690
33339
24776
14550
30340
7891
45475
53953
25759
49907
43094
50706
30157
42251
30476
45217
9234
20126
10580
4304
36399
33419
58065
42373
57898
8740
51125
11664
24466
55265
31164
34170
22530
50063
43249
23449
53616
49023
7536
30150
26527
18329
45785
56847
4830
6136
28294
38914
16646
33684
5448
58066
42744
22327
58173
48096
22132
22813
51189
47457
30430
52028
5913
13975
48747
42635
47027
10715
18773
39075
7664
18140
45579
25640
8075
18129
25151
43760
47151
5680
14973
24375
47204
39719
46292
15502
57713
36388
37058
48482
22846
52598
23951
22165
6423
25732
13688
22820
56614
49049
40957
11057
3842
52355
50019
32487
31338
11493
56461
33055
20541
42718
24257
7193
37620
12290
14338
53059
54458
44314
31707
15648
34559
15825
31860
6003
55841
59262
41603
35443
15160
9737
53230
37250
48453
55570
30935
26454
22427
21681
25625
34306
10285
22294
32400
35999
23541
55429
49306
55147
8672
8414
34437
55084
54719
49678
5774
43632
34782
46383
38399
48940
28093
40963
49415
37888
57164
49595
8665
5068
17932
18717
55612
29326
30012
3205
36991
35200
54354
23334
26493
32506
48539
30736
42701
39758
30264
35832
37433
32044
47317
39458
46456
12534
57031
34487
51491
37730
56677
5286
43359
9201
3262
23916
3453
32044
22148
15350
17450
23880
3584
58107
46042
7848
14158
5185
49377
29846
20471
35281
3321
44501
32222
7224
22442
10694
44376
32146
12942
42483
39084
47609
55680
49843
25415
48686
54406
23004
15385
33932
34594
26911
38069
47981
26030
38567
26887
12759
6897
16468
7242
54039
53246
25553
11830
20486
16948
25786
40093
15693
9978
56911
24566
9426
9526
35617
24623
49693
5736
21426
11407
6451
12719
21584
28676
44044
46075
7247
6416
26963
17676
45775
54592
28881
19063
3044
7245
7337
50314
36547
35215
47150
41790
14094
17176
15596
47654
52105
23956
6601
29378
49113
19832
29996
55332
18951
50592
48166
11722
25268
50940
41491
49331
30358
40902
22752
54766
25036
42803
7541
13892
15049
18111
26396
16748
4186
39832
56402
32582
3662
38014
39744
12214
30743
25598
40737
16589
42014
38332
9553
3503
5233
47668
50951
17732
10312
5418
34755
19357
59622
13831
59533
8054
48435
48655
29694
6638
7134
53987
26154
38481
12302
49931
28559
14756
22767
35106
43250
17887
44365
24092
3538
32142
44932
50417
59029
57903
14307
13936
47828
39254
6572
30207
28454
4789
25350
13622
45000
27956
16756
51576
29346
24127
24802
46297
34563
8541
9941
6122
34865
26357
14287
38938
43796
50824
57566
45698
42817
48950
53738
54771
33906
44716
12147
14940
57020
21111
43303
47688
57254
23531
3536
22824
32352
49310
11678
51870
46138
26745
22450
52212
3953
56239
46522
12319
13879
20457
14452
20072
15276
41623
33679
6169
43864
24008
47322
22751
34329
6458
52712
12616
31889
3398
28476
51605
3972
50440
42169
46337
33391
56929
31792
53519
13660
11536
27267
38873
58942
46011
10558
48867
37075
28231
7523
4996
39757
54536
54604
35859
8300
30590
19351
54981
51502
11755
4569
25628
19744
5270
16672
50711
58971
49793
20888
11166
10448
21117
50546
21016
41262
51776
11780
53284
37483
58103
47336
16256
19605
5703
37736
13635
20058
3199
30070
10884
59886
23493
47016
28494
13236
32147
53938
59481
53452
41574
34978
6695
41609
31026
22547
39593
35069
33543
22081
49168
5940
30122
38953
8689
46460
44143
59732
41630
9985
37129
24051
55313
46640
54051
13144
51535
17810
7700
14545
55989
33762
31670
57535
34867
17380
51304
37120
