1061
5736
12257
58633
53696
58092
18015
8009
48166
56435
39399
3061
3852
54923
55679
56156
32538
56439
50651
15206
59350
14946
34976
48696
11221
46669
30822
53054
21809
47705
43921
57303
52988
26148
37296
40758
43819
34574
44273
27432
30328
14292
19821
42985
27352
15606
42439
32033
34438
57213
56891
48004
39081
30258
19789
42305
3410
49539
24522
35774
16556
27709
22254
18235
51661
33798
58613
53435
50413
36488
38573
43988
43948
48761
35686
17258
53135
55125
39444
33907
41138
30866
33516
10946
13369
34430
52686
39098
16407
14446
9434
53421
16715
21610
51116
37543
8571
30109
56924
46153
55391
17445
28032
50752
10944
8976
31874
25711
25795
55654
6546
33663
12323
58391
11016
55602
3728
40345
37050
25521
22437
28829
7309
54298
5972
17220
50521
33007
41949
3549
22783
49239
14795
49696
38177
35625
42309
16034
37306
27778
52933
15783
56741
22967
59324
43549
9801
52828
46956
25277
50698
54124
58842
23279
42049
8394
46831
37455
58241
52928
43154
56138
26117
54131
57095
47247
33294
13354
30948
17465
37198
7749
58796
58730
33899
56682
32852
36463
15694
38743
37417
19971
33706
14647
48858
11220
18789
18032
40280
59672
36930
45421
43009
35280
22019
6474
13432
13139
8335
20604
43558
51810
58525
57274
6949
29905
27937
27060
47625
34136
51830
37185
19405
54461
6682
57696
51511
17443
38621
4526
42318
21279
13946
9263
34085
47538
3262
52660
34063
59656
58270
19659
29842
19489
6214
33756
21144
25355
59341
46269
17952
42144
33439
25960
39243
16793
22259
20918
23811
18127
58773
3951
59298
54235
12163
27811
22761
24897
19152
13230
29629
29660
9956
38469
43030
29094
48903
9757
37132
41935
38517
21006
15402
51821
55110
46454
14659
48743
12624
45828
5702
59594
42966
57775
35790
38091
45431
28420
51608
22212
20257
5223
47231
53988
8697
6290
25522
24589
45950
7122
27649
27546
6470
38016
25423
31352
49845
53913
55485
4625
18857
37822
41085
20005
46210
45601
16779
52453
49182
38727
51827
24129
26934
33533
12702
45621
31562
20997
42411
14964
57956
10277
54322
5369
16267
47499
22984
8222
47488
59465
36664
31308
28409
47079
24549
10813
34640
40020
52549
48637
26584
42310
17712
14935
22689
3302
33889
55685
12624
19760
17913
4654
13167
16471
29167
14627
4086
28222
53437
58668
47582
7513
46486
29386
35617
51439
53427
10414
12845
54599
11320
32584
33029
8984
34638
39384
4759
52940
15048
9488
8243
15049
43319
45911
3760
11022
41156
48497
6478
55984
14061
12144
54421
45901
30549
16875
39123
13687
30563
32275
57961
31608
37561
25593
42737
43619
33629
33848
10018
47597
38266
6267
12001
7276
31508
28240
38412
32346
56940
49698
53844
27312
36051
55866
16194
41965
6035
36659
31202
59910
55913
10154
30246
57128
45052
37406
26871
3028
44233
43158
12765
24602
59979
50984
46496
43806
36226
34979
26093
50311
57780
58144
16738
46581
19944
45098
4032
18465
50886
6375
41900
39711
21308
37773
10645
41862
12887
39725
30835
52983
27315
40982
10009
59250
50638
27465
56630
50783
28194
18468
50425
18923
47740
50693
39528
52437
21749
44355
26090
10417
8510
36622
53206
9031
32250
19296
51414
54640
43266
8328
37427
33276
24521
35848
55530
13566
47072
22369
35774
42645
7194
14482
8511
23858
54739
12317
51218
25202
35773
24053
56565
24747
30728
19665
6520
14716
58460
37157
53330
44641
42855
4955
17570
57108
8833
3914
4132
38467
42843
17314
25949
15068
35798
28591
22146
49540
20241
41689
22792
45214
38353
48546
47124
18036
41804
34011
33062
59238
12646
33096
31718
51068
11496
28753
36077
32714
33267
15163
16692
34012
48308
32934
3397
32983
35942
36616
38716
43205
39585
28130
46073
9483
57087
14745
32202
35148
8045
57748
37626
4429
45727
33627
5120
23982
38709
21217
37717
32509
27065
23899
19521
57506
56617
49933
9136
7176
41702
5604
30677
18184
37297
35246
37529
54935
9095
36314
58679
55035
55123
16554
54024
53791
15591
19984
28674
20997
18772
35165
23081
40105
43635
10716
42225
3474
19816
47882
55554
50086
43496
26239
13170
27281
31620
3305
32516
58697
32293
20172
14992
37613
31444
15688
39318
18807
3902
13322
14361
7406
43457
19904
49963
27342
56970
14248
57357
5788
25638
29113
40301
58972
52643
44095
8797
6046
8136
22465
24680
10499
52937
19610
16335
56295
23199
57695
47641
44361
49723
44986
15495
14447
32401
10357
57711
51080
51180
11527
41049
30429
19401
23819
42787
21077
34191
36717
20966
27473
21285
45409
23890
11289
49723
50944
28849
49940
33055
39021
27329
16283
17682
44046
9645
5599
50776
15518
22979
49398
23266
57256
43659
26032
19267
13142
27775
12836
30520
40269
46594
39209
43995
25819
10182
53633
34834
39094
13418
32366
55547
25357
12653
6472
6768
40235
36409
16150
55523
40766
26004
9894
45942
3575
12330
16804
6613
39393
41730
35597
42246
27357
46407
41346
25888
22817
48118
45023
9209
31508
20190
38181
14981
46339
40204
54566
37658
58836
40770
54121
57541
57930
38857
55624
17397
52287
33671
23310
29902
6254
37365
43647
48155
20111
7288
12303
26030
55887
38391
25216
20119
56909
23723
49951
34948
51751
8919
30495
34779
9569
7949
47646
3388
40117
3268
19051
34295
42172
13160
55497
25876
55825
8172
31842
22388
49396
33533
46090
52074
56203
9107
33273
21747
10716
52290
42140
28078
46345
55959
55138
30417
49360
43661
33863
53583
58344
53840
59935
52802
53370
29808
36394
17214
43972
13908
45996
25362
54740
48976
53421
50722
21415
27075
23349
7717
11847
39656
13620
35863
13536
41830
58904
25084
46900
29561
12394
12785
14617
12509
19597
20211
14541
30788
57123
7677
19255
57133
26010
42338
3969
23759
56036
57314
29201
58505
23137
51107
45094
49137
38865
36442
9242
6058
49364
19856
18660
11317
26913
12427
44094
15208
8227
41683
47644
21098
23835
48461
9762
31343
56406
13648
4549
10885
34371
46144
5291
57917
8152
22813
39237
22899
52408
14700
40271
27560
37777
35324
43657
55092
37716
6582
12558
58426
3702
9074
59241
5288
43359
38382
9675
56792
50071
58462
53665
40836
42107
18450
16661
40065
19736
29049
36918
52001
30543
5929
29975
44286
33683
27569
12352
35832
20653
9328
31229
47186
44641
13091
9113
49576
45886
16401
43115
50552
4673
42533
35524
37403
18732
28574
27440
35156
10419
14623
54261
3623
33173
20170
22978
14985
51776
38492
51349
21912
49642
46463
15151
25613
30468
16248
22410
51476
40311
22769
25797
48397
22041
45152
45807
14239
38135
53465
55716
57491
40728
48796
20452
50870
48036
40132
6644
37401
31731
41885
28156
55611
47401
42901
56747
4413
3489
12957
48816
22651
54174
29471
43844
