753
32535
9877
34152
50187
22078
40841
8770
43733
22225
55590
26413
20050
27997
44585
50015
42706
46566
43267
56530
19302
19329
48034
24787
19901
33972
3393
22374
45472
48781
59798
50330
4254
15837
39332
38673
40177
15921
36306
42610
55102
9930
14508
49340
25470
12205
43710
13033
38899
49288
48799
45786
49858
12106
11439
49285
30764
48679
36230
8809
31832
43579
42623
52133
31497
44254
29592
22235
14878
47109
18223
11155
27025
19846
19077
9964
44852
38613
44756
56878
14202
31470
58028
25900
41248
39597
9197
22325
5855
50380
3087
27535
13126
15719
50537
40798
24503
34239
42686
44473
25082
27977
11646
59577
16589
10517
40173
42637
39760
44069
36489
26978
33110
56865
29822
41868
45396
34063
39000
53664
28956
54607
13550
22207
30229
21742
18185
19894
7738
35638
58946
14673
4616
14444
22206
13186
21965
22379
53605
13752
9154
14314
23697
44703
4728
12538
41850
6771
26994
11413
16417
57645
32249
9495
53712
28692
30072
11819
4355
13851
41723
14772
5814
4867
41108
32473
43032
13116
19079
41001
57521
55962
36168
41123
20171
31741
28661
40616
45421
35476
42005
29011
34899
55329
23575
33134
25714
19599
18287
31144
53735
56943
41047
28152
49790
41582
35848
56923
14971
13185
28759
38055
21971
13274
16847
33853
58272
42726
47097
23831
49571
32238
48180
54474
52629
31904
59598
10962
4824
38164
31642
34135
32431
24420
43830
32673
23488
11120
34579
53806
15702
23048
18759
10184
37998
44741
32503
14699
45830
12426
5035
19640
35511
58988
31312
26171
44033
22391
40412
21664
20963
14575
40798
39350
54416
22040
12952
21556
9726
43001
55014
19411
37644
24562
57946
48777
38884
49385
56895
56613
27454
46585
23911
34299
10778
51279
30748
35803
48915
50074
3502
33741
46923
49756
17126
9782
57002
15933
45304
44611
55558
17201
38623
5426
16244
55829
51136
22320
6905
50737
58465
47787
8405
29793
52277
51140
56732
43192
23407
34206
44035
28017
32759
32169
46555
58537
51417
31780
30259
15605
51987
19239
13944
27951
50403
3106
31915
56534
43370
41099
21095
33000
12671
16476
9269
47384
19379
58820
13035
37654
14172
6230
31826
4365
30759
21338
19863
28512
23720
27381
32307
13714
44129
30842
51254
30435
39072
48314
53088
14997
4613
55883
6667
51796
20758
38134
16278
38395
23622
12806
26001
34912
25403
48046
15580
12354
40830
39801
42194
8981
28071
46797
57684
31541
41665
54041
6745
58065
53248
37855
16040
49757
55365
31348
13140
33989
31492
6414
37560
40097
35521
54582
26659
41939
8356
46200
41466
49205
15319
35853
9622
28197
12757
58036
7968
47817
40421
20467
59162
28243
30095
22545
13475
4383
37366
47733
36924
37244
6933
22616
57441
17867
13169
26815
12669
59878
46364
15918
24924
9925
4710
31822
12401
45097
52385
37936
44207
52239
20789
58288
27356
9745
12397
8690
5565
7038
29265
51447
6412
15572
22421
55641
21503
22629
23919
48763
35224
20462
33514
34995
16005
26882
9479
57730
41080
6410
47254
44580
28236
50494
30974
25675
34169
32260
24722
10345
3877
33982
14339
34006
13681
54086
12564
35008
46202
27543
13663
15627
19938
29643
34831
51492
31467
7562
55363
55940
59324
52814
32797
51467
28827
24826
55031
24231
6255
16929
26017
25012
59722
43275
22242
39011
22183
41725
48495
9437
36857
40558
17347
8084
6491
38376
8233
25558
43192
32667
54726
26319
5598
57307
36765
29856
25207
51317
24212
33537
43077
14173
36258
21864
27702
58832
24413
16807
39142
29509
59583
47373
39937
54343
12873
23005
27380
4464
23019
16303
43743
52105
29887
9407
58855
4782
38530
11319
47766
11689
36687
3688
28559
12859
20667
17374
45020
43884
15227
48362
28713
27918
8398
56400
19595
41866
23003
43815
24089
25185
49613
30514
5779
11392
36095
25635
5991
39658
55719
37274
40575
11844
26651
58145
23440
13215
23431
53520
53106
54435
27952
32096
51332
59649
42504
19214
49082
20910
13797
46691
23234
52413
26033
39079
33921
18086
39842
11946
17124
26204
31319
26339
12306
4318
24065
49527
3683
41676
22454
43710
48013
44544
19612
34678
26156
48898
53038
54036
22119
13438
27926
56648
48108
55936
28697
48718
45343
33758
13715
30867
44250
22071
55801
26723
30664
34593
55408
57623
30623
31517
24204
44563
56248
14578
35745
39397
43289
41358
19263
10159
8659
32392
25558
39557
5837
34242
18431
35858
51378
22921
18193
27086
45477
41407
53257
23649
31481
44676
5489
43919
9888
53070
49367
34975
44713
16414
49998
7347
40422
4887
56613
38067
16392
29051
54944
30247
47094
19869
38857
43351
8346
24320
16192
40021
48693
33153
26386
9783
43398
50692
57189
45862
26916
13957
11901
37040
27572
49096
6403
27837
28150
27256
4363
46691
26449
8412
58368
31175
