567
36812
45283
54678
59698
19943
45445
40354
25986
32657
53052
34529
38531
26284
22158
59925
38250
22729
18776
31809
27685
27248
36723
9984
42659
7869
27622
10719
32861
9916
17928
19252
35827
24861
21652
35190
8857
30563
35106
55183
17077
32130
32255
7118
39746
7532
56718
41882
32331
36435
47343
32957
42712
18072
12779
44809
34392
3318
44846
57695
26241
20996
20419
46805
52917
48214
4787
26895
55074
40289
36726
45847
26901
29135
39968
23206
6225
47848
3595
46976
25604
59993
14279
30261
7577
3728
4700
4948
56422
15996
26463
25150
26747
15269
57859
22967
29643
18238
34623
32908
51939
34796
58763
11924
3424
44972
37811
12825
57548
38728
18917
29721
26802
58815
14187
15467
47366
16119
43507
31000
39830
8989
10117
52270
17289
15266
51359
38400
4347
34699
19408
50313
21714
55449
6861
53489
19020
9910
21246
3247
53651
24661
21415
33283
24231
15143
36059
11890
45686
41098
10911
6341
59816
27986
25091
41126
18947
20083
42548
45761
28074
16254
50386
33597
25550
41598
17653
32786
15940
19908
9507
59674
51675
23498
51116
34326
9692
57617
5050
33557
42894
11816
23693
28319
6007
3346
50569
38948
50428
13883
15887
4169
43969
14612
5205
32159
51294
30774
34885
34621
52295
49829
49394
35492
7059
10481
47073
37593
38354
25177
9244
24223
47173
42968
55346
15029
51628
47980
34906
5514
46571
38986
26447
31233
18035
50736
45055
26005
37444
23318
58766
55616
46133
17949
10729
27047
40296
30015
33907
6922
20024
22352
44054
11266
22573
59941
45247
7622
23530
38243
41576
7428
11020
4346
28775
54334
12150
28901
51741
10901
32706
47564
39921
3994
14234
50613
33979
19504
12804
58600
9632
33907
29837
13359
30471
40194
48575
25693
22191
7752
56837
11431
3732
21973
36843
59344
41973
50321
11710
35516
40497
37320
51485
49770
3849
36785
16271
5908
37804
5822
30778
26957
39633
10017
57974
37814
18742
3080
14360
41923
7624
14267
49362
15221
37767
5791
56680
29100
52785
30974
45037
12887
33789
19321
30936
55346
48147
24086
33268
19961
54692
38165
5024
14352
39414
26312
52350
53636
52094
15301
39870
56829
29543
28377
18806
53847
51020
7065
3470
49149
6190
42049
48500
56299
54472
51031
13536
49414
43897
49082
59148
41311
18524
53414
39900
24777
58774
16153
26852
48425
48698
15773
29570
32443
50622
28501
4122
15338
19456
47010
38629
19616
44183
42912
44168
29784
24230
56860
50126
3580
40570
41381
55983
23350
21820
10666
30712
38755
53632
46559
51392
46440
36248
43699
45984
29678
42825
48979
15158
44769
14583
30302
35118
5044
14901
31771
6885
31466
39781
20531
48868
20183
47177
5940
57969
55241
19568
29381
3205
18821
11591
11124
40316
18620
48088
52085
33002
48887
39187
9191
14685
39909
41080
57869
53393
22578
54749
34685
25850
48348
38727
21797
41634
39428
55801
15127
55434
35342
29074
53673
28226
14730
25701
51866
45231
59145
31398
8568
14072
25463
18800
56580
25229
27444
5447
11334
18072
24783
28569
34214
12823
29412
24787
27197
35754
45272
40510
15253
31338
19272
37030
59405
4200
24044
54418
12947
5391
29454
42314
36639
25632
21598
56998
25855
22648
50544
57416
23615
36348
46845
54213
20600
24497
50961
5662
32323
45132
27626
17517
20425
6399
44581
58546
26284
27098
23277
51288
10434
45242
6246
8281
9276
11280
14792
55593
45970
47430
23079
16458
24116
51232
18095
32577
35622
26509
53255
40984
29721
43452
51573
45921
7792
51102
52534
25749
40024
9466
8964
25420
16123
13568
22706
6034
23050
25657
21833
55478
39571
