772
31980
18177
28298
57929
26718
18920
46899
8010
11269
13346
32526
47837
33778
16357
47720
6421
42017
54488
27130
12782
7055
39985
50103
13186
32965
36716
39579
35052
52357
13406
45687
17169
15786
8094
56659
57347
42134
32873
5022
22979
43989
36192
56844
45689
30938
16798
47380
35470
50208
20168
14930
56541
39144
50074
27260
12935
57924
19670
25277
31953
32125
5778
3753
47690
14700
30088
27592
30418
40579
11309
38388
20161
53141
19612
45946
56663
20953
6466
11417
37724
54416
17709
18329
58504
4127
7150
9969
54690
50256
4245
56057
4494
25691
48036
10928
58509
4441
42970
44792
32745
35982
49706
20519
16208
14192
25359
7204
43397
29416
17144
12765
15190
55818
59245
12977
16270
52470
57713
12469
7684
45236
54646
56874
26249
19585
37323
12124
4926
11605
31828
28845
44814
17611
49236
40641
9368
25008
27020
16452
49363
28208
4732
45440
47600
31606
7845
38939
39762
14535
56971
31070
14461
47759
45605
35063
6243
32865
16465
39027
11125
26826
48062
54244
23642
33788
31194
8063
14614
20915
19997
48273
18377
46228
49882
18293
35199
21196
59797
48091
17903
59334
13927
54303
14540
18984
53956
14916
38322
17581
55015
53706
4147
8019
16700
56700
18111
59258
12311
8806
9886
33857
38491
9803
49135
28349
59406
55550
50441
4620
9094
22477
48178
56730
17898
26996
46480
17346
30492
29048
5503
47632
34002
44410
21455
29594
55888
29592
41740
15783
33895
12309
40280
27418
19817
18634
39988
16956
25801
6065
17277
15985
10505
31134
47635
13224
32118
41990
48131
22578
41578
33792
58654
39692
50665
52318
27432
36658
20089
9366
35413
53807
15843
38268
19585
11062
55591
27422
23142
34364
39572
14697
53114
4023
40443
30503
14945
51708
21759
57533
59921
31763
18495
59775
36833
50238
14596
44573
17930
35764
44949
11625
27434
26915
47220
42139
16959
15430
8002
53186
9197
38624
45355
12977
3221
15184
50748
16756
36820
37997
16269
31968
6193
14727
59912
19084
14694
19472
41355
9356
11042
22638
28437
48705
19480
40588
4062
14835
38255
3583
45724
57853
48163
10053
29437
47346
53758
37216
47546
58811
14131
14444
48930
10770
13577
45738
41776
19764
8633
56942
26170
37599
51058
19694
17213
39480
31920
21795
50772
54349
36166
18422
39967
5065
57872
19665
31976
47371
31381
20019
22524
26008
9658
50519
3084
31728
43964
18541
21826
52235
12018
48484
57675
45004
9390
35895
53934
31989
49845
30298
24156
10590
28840
47034
24054
36929
50410
12665
31423
41388
18130
51522
7420
11544
53893
28546
10806
34721
42871
4509
38746
14347
35089
42474
8238
15099
7655
49213
43147
6298
36864
46351
13908
59233
52248
25926
38587
9827
27965
37956
12978
26980
47172
22396
39064
37587
57363
54647
9159
27970
15477
9938
52939
26089
57331
4433
47280
25118
36767
59770
15345
52756
59396
25215
59281
33873
3959
46172
31843
47078
20159
29476
7287
37929
43675
47224
52431
41573
6023
41138
21695
36120
35604
47187
27397
43535
11000
37301
28063
22506
24016
38789
48640
30620
55167
46987
49318
54292
55951
36916
35677
35649
54593
31444
53915
53146
3707
28970
9937
40239
27420
25031
27560
19449
36959
26564
16464
20395
22243
49760
54406
40468
18627
49396
45824
57720
49130
39476
35273
44985
15676
5558
28771
33489
48798
25646
34706
11787
55590
58798
39497
15225
54294
15000
55917
19717
43217
39833
47638
24949
45934
4784
27938
33543
56057
36909
52761
46720
4445
46212
15239
44838
28223
39235
27422
46256
12462
42292
34720
30196
25429
43569
58343
44822
39190
53445
7703
39211
24234
32989
54275
50221
41485
44255
18103
53551
47327
35550
50007
40760
44677
4690
45911
55784
49216
40529
7572
39001
32513
15357
30738
27960
22200
39949
8168
13742
29013
47390
59252
39086
39174
9448
6390
49011
51634
20836
29612
59402
6835
56577
8991
54612
30024
4797
17836
40599
5079
12130
4061
42061
23287
17436
15043
26574
35045
47699
44179
58779
7090
43064
54888
57526
12392
57106
23650
48853
33144
24628
49225
57065
51593
4683
39022
12240
23962
44809
38997
43452
22620
52677
30724
36877
23476
24595
23252
32776
13722
58567
28201
49041
49650
30615
30601
49246
20513
32285
42256
22968
45135
21416
56156
38961
50837
9864
14420
17763
59489
8226
34758
40671
57928
19539
35815
10530
25798
31116
46025
43462
27767
59446
54957
46231
22762
32338
59551
39690
31145
9852
54636
33013
8163
16607
34137
56811
24096
22158
49300
18502
8132
40225
56747
16023
30690
33717
36577
37053
9357
44343
19971
12996
36043
32837
16615
29533
55492
25050
11047
40110
28549
5293
42032
57434
5622
9402
30130
55398
46771
53710
48630
7999
43322
21744
47830
54251
25166
34192
7093
49855
51609
27647
21324
49882
25419
49026
13370
10886
35149
27858
10583
45193
17765
18944
57856
48378
28758
36138
36363
17587
8061
49913
29183
7880
29279
