1831
44929
45211
20947
55135
13494
13424
36183
56538
47571
17756
24466
14548
13312
22519
44813
47740
34541
51732
40205
26312
14606
50257
34603
44376
35903
36391
41843
12954
40264
28576
40321
43142
23339
9310
54128
25561
18811
49357
41624
29908
24487
50690
45813
21845
58920
6327
55077
27941
43484
16984
39163
22908
32985
9566
16422
55427
4803
13695
47566
19522
16186
29145
25713
58590
23228
34083
9911
39114
19978
33289
33897
19686
35610
34487
31787
13423
17628
10938
35211
23242
55016
23525
14052
24352
16469
56493
19953
54949
54508
51096
26030
38241
32743
58614
54904
7580
48234
53787
6313
14697
16414
39797
10691
24172
18743
9443
23497
22010
53994
35391
20544
17436
48572
29755
36177
51018
45876
45198
39111
24471
27574
12501
29870
5531
9723
43013
34652
52990
37783
17612
7944
5464
43189
41352
10893
31480
34342
43500
53872
44606
55146
11751
49360
7602
21401
26745
35077
35473
48941
45037
38196
49601
5887
41138
18375
7838
24361
47687
52794
21174
26648
6030
7925
45110
58879
22969
6778
37008
34521
35297
3358
33596
51041
13895
9965
59944
57169
15427
12263
54863
22073
31303
15012
13174
34113
5129
40079
53160
22909
33686
16561
46045
4873
25891
47335
23185
4656
54304
15932
15967
52102
48753
56827
46964
46130
41011
13572
45763
8682
39635
12022
33788
51027
13932
38702
18292
41641
58279
21592
18420
26924
18990
44569
49521
4749
22137
39557
47999
24579
41646
58962
25863
54896
11176
43349
32497
46018
14834
50769
32107
58004
58897
29841
37023
55374
29622
13565
29459
9097
50872
14253
18525
5475
25306
50654
26248
40905
38924
43372
15176
45913
4324
44650
27407
10950
49331
33377
19437
31787
33490
36730
35561
20560
42730
8014
22868
18871
14356
28425
29522
4791
29185
39316
42978
51400
16287
55403
8926
53622
10564
17820
53753
45799
16313
37841
29238
47994
15710
51762
34741
16454
34006
27760
50628
22273
28712
23550
28656
23950
22347
52002
37730
33379
32337
37559
58434
50790
21530
39749
48324
16905
44701
15065
28905
14870
29718
58604
26299
42605
45280
7941
18071
50106
23595
15800
41255
28527
17321
33241
59697
31769
13388
17420
38367
49405
13532
57116
15223
28469
8584
53107
22820
29996
44397
48050
23527
18651
59204
7639
42899
36763
58070
6516
3452
32043
15610
24633
15066
17347
8759
21244
54197
57727
48829
14728
57601
33277
20029
42604
24069
7067
36894
9631
34473
33470
45158
17329
37048
37347
37561
58489
4887
22115
22361
15693
58609
51231
17981
51665
37222
26249
7971
25593
52043
21036
14572
56582
7793
12528
15317
24427
3940
31922
22422
45050
11080
13920
35154
23882
10530
45337
33536
45638
20880
4390
47529
3740
5026
53118
53579
13495
40362
42964
34674
28963
46722
39258
22424
16870
40771
49400
54707
3768
28508
34422
47566
39037
48396
31550
53810
5393
43880
27699
38256
25569
15016
38724
14072
43998
11988
6341
51089
16112
19188
14018
32935
23401
11049
13683
44063
37361
40904
50575
4221
4308
52952
39222
32700
38582
38194
34550
11945
7921
58338
17927
31084
47034
18886
35696
53336
16796
35118
6753
45079
19970
53155
10202
50475
15574
43845
45280
23234
50487
25356
58228
26311
7223
34356
5334
30291
43468
49936
58289
23352
15308
25468
47015
25406
56821
39678
5873
45478
37462
46232
41982
31255
35498
50266
40181
14792
31129
46633
18165
56054
46803
13539
11982
37827
43530
24762
44171
32989
21605
44767
49115
46397
44573
24492
52390
54928
12762
54770
59533
36624
37018
33456
57046
59295
17147
27893
8447
32395
55000
23699
19490
59440
56752
12235
49500
48954
48487
28778
31436
3210
30690
6246
47748
27428
22594
49972
17838
25197
3920
58312
53254
58024
59400
48720
49735
35228
24008
15714
41697
38038
11752
9014
16256
58441
21550
56854
11972
45059
18369
59540
38255
19768
45349
22819
45168
30812
20234
7703
45237
49062
49246
22979
44280
42940
26985
40586
27303
52007
51893
47088
23687
5687
17328
20363
14924
30859
57181
4664
44344
8191
23892
37314
23335
14908
34052
15050
54831
8152
34049
46246
47581
51029
12659
47304
26575
30523
29619
8243
17422
51036
19828
10473
40709
33087
6920
48959
35785
26615
12608
19450
40383
53378
29907
38095
21952
55765
19045
11536
34103
49736
15874
41567
45402
11995
14669
37852
24140
32110
41174
38512
9837
43747
5831
17134
24143
3026
54284
50196
59283
49034
20329
3273
58896
8746
46965
7690
26990
36228
11480
3844
4098
47312
51968
25517
44868
3260
30985
55221
19793
32147
5157
3493
55211
40706
38665
30207
18439
13758
22692
38962
43080
50788
44448
51721
23642
53295
13049
51614
42804
13956
5472
5939
22629
4713
15879
54604
51608
51468
40914
30476
40234
42979
11120
53184
18549
8806
21376
52111
19705
59157
35344
39848
42053
5579
51739
55593
3906
46201
14385
47420
58038
23652
29108
41982
55713
13008
3795
22476
31784
58114
59001
30279
48250
15035
28982
31474
48543
14176
16216
55236
54185
42752
14866
16370
48184
31535
33191
25027
16566
15104
45753
30270
21420
30321
54455
35836
38483
12899
13246
19847
45613
14081
54495
22652
22537
25052
20613
26343
4251
18795
12426
30202
57503
29824
34646
38678
33275
18286
52571
11040
23218
39384
50717
32335
31010
8596
41150
37871
26905
16013
44515
22674
52164
44945
8877
38889
59183
45182
51751
46929
28596
12838
57557
13762
17540
8273
9258
19642
48340
50089
53152
36638
3968
46017
10834
24033
38993
27902
5106
37335
49780
12335
3033
58021
34442
16003
48093
22879
18379
33461
54461
55783
44710
16416
26140
47038
6514
40574
6102
17520
6640
46515
30509
52249
55801
17330
39997
35018
6731
32747
18000
45517
35837
55798
58404
36152
58823
58361
25194
9504
30759
50145
28523
25784
5684
8799
9356
26599
54630
27069
35091
11114
30638
55589
53596
27697
46180
51288
31867
56550
41132
35950
22010
55401
32858
16949
51445
29021
59400
15641
25404
7258
19174
23392
36129
30580
14578
5733
30749
5446
37963
31635
51622
8805
5703
5055
48652
6652
57575
30555
47606
46051
47190
23537
46033
36343
54739
36139
20802
29331
41552
42313
13548
8051
20110
31952
25604
31972
22428
13393
12054
13749
41832
33507
22963
4349
50899
5217
27587
30495
53326
31903
28492
35605
53612
31993
52486
58820
27747
47438
3326
59282
42784
24452
41469
36654
59899
30760
47808
50042
4087
44805
56985
55790
10411
25407
32122
59797
52669
45109
23312
33355
44564
27822
21059
10547
30105
49123
25916
33895
24404
3758
56498
3298
37326
36310
51767
24203
54548
26135
33535
18198
49186
26933
34902
26143
12645
18891
38437
44969
46084
11272
3704
11614
46600
57425
31460
37066
57342
29675
20269
21505
29064
8581
36322
36474
9757
36301
58079
50926
34034
8883
56334
50089
47756
8150
58511
27902
51542
52347
38336
4449
18765
32355
49450
49942
52373
6761
54899
58745
27376
21924
46286
32545
47571
46480
11519
24266
26073
38829
28239
35726
47300
33086
17296
45767
9563
35492
47558
34625
12429
54222
39937
46436
51061
42193
42641
25621
14973
9394
14783
25120
3810
3918
43052
36764
27921
41527
4102
12327
31560
25216
43099
41724
5209
11328
9354
52956
10190
5126
26812
6974
16876
12056
27513
30823
31423
54053
33760
48741
31276
54490
51150
3421
24502
46032
9146
29222
58764
50216
42516
42906
37758
15642
36803
23347
28268
8934
55714
10209
47180
39919
32377
29940
56502
25196
17360
48186
59333
45106
22806
11575
10988
9423
43368
55751
15259
57747
54111
52699
5944
21724
54559
12684
17991
42980
51641
11253
24113
37380
3269
7466
10419
37633
54428
4616
17802
11512
18042
25628
23512
11393
55960
6337
53757
35185
38255
58141
44066
57367
27077
11479
49644
7884
20400
18131
19058
42791
17168
27532
17446
46650
3156
48258
5118
16139
55878
27434
58050
6268
30628
21396
5533
59021
58237
31136
7144
54899
36777
57797
50644
45841
57796
42379
29766
38315
38047
26797
13701
44170
28000
58747
56693
58275
20266
3347
46649
12331
51646
12570
9605
50612
38511
30104
44040
52027
30881
55926
29399
27131
24849
12280
29808
57464
45326
10512
51427
11088
39214
40672
5249
15710
31997
24050
30354
43874
48506
51414
48690
54938
52926
9463
13305
6076
19656
47658
48447
10227
18740
31880
46087
27379
25609
12294
59979
42040
9342
32967
4056
43496
44719
30995
14708
30364
11812
6589
52393
30276
28159
26098
11033
30671
38762
5706
41034
8944
6853
38520
9562
35031
6685
34894
30240
47275
45023
39995
29235
48484
38384
30351
17767
12286
27492
43341
35140
6771
40517
27513
29158
17197
15703
18425
14073
8262
43148
23559
45142
46306
57976
30197
11519
53805
59149
53259
58867
4632
37657
4068
39715
14983
5931
35638
33287
32986
9361
40797
51711
29330
30846
14914
36065
50675
48435
6755
18397
51713
51770
55689
58197
57210
35483
22889
6411
54039
46653
7711
58266
43490
6910
24476
47277
39653
25423
5288
55195
7431
40762
22986
10229
26449
30571
21488
15458
39790
20019
18397
53315
39690
15304
33960
8045
27561
46163
39223
18550
44885
57281
48456
16007
30168
36515
33074
21491
48608
56471
21267
42704
35676
14720
18873
50383
51621
39605
8742
24865
11725
36781
14976
46866
13551
12501
27064
47478
19528
14304
20683
4224
24979
55913
49040
6789
30477
31292
7507
38791
26403
33910
55963
47454
48710
20876
58914
37974
13615
45049
33406
37467
57430
26005
51766
9030
50630
8115
23520
57075
58865
7301
55385
18931
11345
45373
11286
34293
11535
46688
33868
21919
21880
5972
12988
44697
18380
52195
29000
24378
57386
11512
22774
33955
54482
14440
20422
55224
43920
50873
26695
43957
25311
26892
7799
43467
18930
47356
59676
51698
8494
19253
43338
15797
41535
23158
39079
25361
51399
29940
7332
52910
44869
4631
12235
17324
18017
12999
22413
38435
14071
51029
56507
59581
43103
3007
48228
58368
41108
55715
10763
38926
37875
5427
34135
11746
7893
34962
31580
28783
23680
19926
53800
22670
19827
14355
39953
35968
21833
54202
36439
18770
48925
14568
49206
36830
38445
53263
36843
16950
38140
56580
39960
3349
17712
46427
4587
35472
28661
12988
45573
42446
12122
38664
31340
42590
46882
40148
40520
18190
49531
54476
22018
3261
37756
15100
50194
51720
12572
36437
3313
22191
54759
36076
33218
23397
20709
36149
18068
58736
38033
30428
39741
19358
22096
4708
20986
35231
36130
17307
25651
38719
10274
7533
49015
32764
24657
25196
29704
22326
47519
53139
18825
21563
19926
30207
3259
26738
8909
3758
21543
13892
41561
13917
31227
27774
42216
30558
20239
32793
40861
7506
57071
51699
6231
39185
53220
45452
47827
22352
6931
51759
22101
31118
27512
10543
22562
9042
7696
7994
45554
26928
51603
37170
58220
59733
53622
46754
35031
29766
33113
8232
45617
55710
53100
20652
6579
23586
36031
46950
12165
17859
50698
8000
25694
54194
48904
32903
38386
20605
22672
9118
39559
43270
56264
28937
16322
22242
33315
29601
21385
49993
46929
22337
37277
7229
4799
47246
27341
49820
30417
20466
10848
59994
47023
28998
4775
45145
7625
41768
23907
44239
29425
54469
32751
58399
20314
47340
4792
10544
49624
41571
37209
39943
35293
59323
55421
6974
23202
35338
42022
21645
15201
33277
24120
54824
50831
26396
30980
8840
36950
38174
48104
10442
38618
54011
13070
32303
30096
34807
18200
19731
56576
35806
31428
32056
42944
12747
58360
7623
25874
16585
17912
32679
56038
14343
10609
50977
31235
50426
53034
20223
25869
39369
24438
10295
30263
16949
30652
42657
4530
56098
24667
30298
12064
59614
32236
50155
14210
54678
16787
6133
