1888
8114
56732
38065
44700
47781
52139
8556
17207
21142
18076
14971
11674
21306
46309
56789
31429
32540
26020
47174
43455
18269
58357
18005
22933
29524
5797
29657
6924
10135
27517
34032
21669
42068
3716
47960
46698
51518
32261
17807
6893
19792
29743
8924
3367
57072
12442
21221
25173
8038
10132
12019
35508
35256
28870
41794
51548
8276
20746
57416
8496
12613
48130
31702
7787
3873
43646
18148
48472
27429
30866
38492
44821
37392
33440
57725
49849
40608
27440
23918
59044
40940
55107
55277
25142
26169
28786
41120
13429
18487
12632
57360
19452
49148
33525
27297
37740
28407
37283
5092
40953
27145
52409
50377
14137
56272
46194
39564
47579
57116
33276
45250
47368
32544
39727
12617
6335
44784
24170
55176
53859
4256
50842
37371
50786
21030
12059
10496
44819
8143
45094
40687
15821
43031
19240
6234
39029
43120
30412
47434
25278
46818
32324
20186
33690
17457
35399
56370
11909
16249
54594
44626
49482
22471
34932
58589
15293
47557
10791
26867
33282
34431
34204
15735
42783
12739
42519
37162
47281
25547
27166
3895
47888
23042
41943
51904
45215
21218
46297
11042
44451
5851
27891
31721
21247
35663
11961
42243
17717
15534
34684
53670
12289
8771
26599
48593
59717
46801
4676
4841
37351
28472
4098
33584
39214
33812
36206
4750
12792
25395
46021
4873
9121
22901
47518
44348
43531
10000
7170
11349
17065
55454
20864
51983
19363
5573
23660
3866
30260
10647
24614
56600
58659
35206
49838
9960
6645
28561
4425
54724
45339
5066
28627
14658
55853
39071
56043
58735
38684
11487
4331
43672
33374
7919
57357
50831
36256
17372
24901
14517
43068
58065
50987
21316
29127
37489
19846
12415
26832
26759
39531
20841
38835
13253
52466
47947
22725
54152
41153
19762
39724
43310
4542
5555
36941
52595
27528
55461
51398
58959
45691
59584
13525
33468
24275
43282
53395
8710
23264
17899
45614
26047
32047
11938
35453
5600
3702
15250
23872
44570
41655
4647
5633
9244
19439
53100
15943
5901
10050
52939
24037
40997
25448
38755
53713
7787
43652
29993
22824
37665
55643
47043
41915
11905
51962
48886
24056
5086
32967
18491
45931
7479
54451
36576
35510
32032
58236
33251
5319
13256
22669
17981
26722
29741
26233
4241
51348
4765
38449
28786
10635
39609
28382
16688
53070
45921
13725
18065
14828
9565
56907
53775
29960
19757
8914
8077
41646
24492
9244
50453
6507
58899
35993
58545
13610
29072
52833
48158
26442
40211
28138
8569
21905
10228
4652
3174
32748
23596
21877
35075
5761
33988
16593
49341
9086
48566
4480
37489
18892
29162
7395
38639
3892
49516
40121
19771
51983
40785
48688
12512
26810
11038
32540
19183
48804
46354
31841
29334
22666
19595
39797
22893
52905
32496
13876
54500
40118
46636
11170
55607
29151
54390
17216
58782
3063
38240
28928
54911
31388
19662
10865
37130
54467
57612
42222
57427
32245
23191
59543
10773
49126
22739
59600
6350
35392
22140
34340
40292
24744
41440
43453
13506
21584
59591
55922
45011
11528
23758
30972
51593
49979
54739
50276
22808
52417
48773
36867
6167
16594
37954
17293
18277
27193
53072
29854
22459
7857
14608
7194
51784
23649
39297
34153
9650
58742
40894
54978
24628
11846
33786
44043
4126
54988
25863
21872
5165
24031
52984
54705
44136
14563
52637
29013
25033
33000
24331
18031
24344
10407
59223
53676
27918
55289
9031
25404
47165
12061
54254
18255
39722
20308
27779
3823
16662
50348
18871
42014
12188
22560
29277
15311
20342
21504
37890
3484
25442
28447
17365
41269
48619
33874
3770
8869
49828
55314
48000
23982
5316
37324
10494
6945
15685
26119
4191
30599
47964
21654
6837
13569
21295
25765
32867
37652
27987
36840
22217
57301
19548
3626
59141
35393
19918
18556
6990
4197
20636
34967
59818
24728
30883
21510
38502
15858
4949
15203
7619
9726
59411
55066
3361
50270
54544
34203
45800
7818
46399
6778
26174
14261
24092
44170
4910
25755
44840
10634
26565
32105
8977
30654
21235
14672
51246
33310
44832
20329
21492
35296
52913
44023
4884
43398
7542
54465
38861
5459
22951
33589
16027
21013
40306
31838
3912
30116
51241
26404
40467
43024
39353
15185
9677
44798
41328
42237
50276
10109
13145
40224
21652
29004
58247
11150
7845
32876
14748
32575
20594
57151
3160
41913
33498
6734
7872
54955
29334
35640
47224
16264
47784
4525
42977
29593
8468
53421
47697
5769
59088
6744
48593
41899
36547
46817
24125
53140
56369
32326
59559
58550
56266
55947
59872
31094
36204
43254
26791
16417
49478
14119
4104
52300
20708
56704
10194
48994
38594
39475
56644
3567
8604
58264
30834
49570
42737
18507
10340
42515
57843
44520
17916
58740
43347
45562
15480
47257
47249
43288
48858
41774
12720
38162
37970
56658
15511
38759
21363
33596
13623
51955
27341
40213
20063
58682
52415
38597
34076
10978
28541
49101
36285
44424
18422
20987
24394
31164
49843
9950
55296
22706
3873
29739
46098
28269
3253
19492
56050
5874
37744
36830
23721
54297
29540
22915
7880
28887
38686
38305
54824
15169
38308
40916
40323
22403
13648
30819
26567
24814
36805
4810
53878
45821
31892
25981
37469
19654
36904
3371
24812
17703
38024
19927
30491
19291
25511
53035
31282
39112
36775
23208
21441
35951
26900
57139
58651
52654
3885
45675
8766
40021
5579
45865
25778
41480
35991
19100
39873
59748
31233
27988
13379
29977
22621
5187
45620
39933
37876
3803
16494
13879
8837
8708
55193
7465
36443
7105
53367
53829
11755
42369
56760
38303
39390
47594
52299
25089
7835
20391
46498
3009
11842
26645
6283
53754
32757
13178
17134
56975
13544
26769
43334
59937
59669
7899
22630
43794
40990
43294
7219
45951
53837
12443
25931
17651
9285
40153
18483
51279
40710
53571
24886
9840
28477
52753
14520
51161
33792
27050
35843
49989
55502
5138
14286
18419
33759
20655
56396
35124
4473
47854
56420
27827
46258
13451
12314
46295
59388
10104
30184
36270
45741
36401
21543
29789
16906
32738
25121
24493
26600
28690
41365
30079
33234
55262
26325
36078
30390
48181
47371
51975
15465
38529
55368
12629
20304
10112
55432
32427
29018
35070
12917
34839
14005
57140
21836
34258
36043
26986
4684
13538
50773
48299
14603
18739
31441
3705
53134
10854
23638
47122
52396
50281
23913
53544
24312
6380
9989
29482
37854
56620
14644
20545
40967
25531
46982
22346
40784
14300
13396
45900
13063
37135
55632
7950
38417
10277
34643
48498
20403
27398
23106
13479
35965
19675
50645
23808
15940
40730
49067
21922
12267
24196
51839
37798
44514
5207
23239
23621
35413
20533
9743
28384
3128
26043
46096
57974
17479
43052
25401
47924
43890
21986
55172
56519
34689
3979
40161
57363
17227
46145
29075
17095
59425
8460
19035
34400
19398
21862
53831
22884
50004
7855
3964
18540
53482
7024
13581
21209
3722
26450
49677
43444
55596
51588
57479
44530
33689
12290
15692
45333
49915
3230
48196
36410
54027
23498
58813
31913
19007
20970
57482
15169
23428
45324
54336
4589
42647
11465
12642
11839
49495
45448
56959
34178
58916
52727
4041
25611
19224
31092
33818
18492
11657
29181
44927
11951
37822
58579
56395
48527
46572
26762
12518
45440
5399
51058
55536
20533
55640
54100
15574
29349
55712
11877
43469
26192
26998
17520
15617
33970
52441
30730
25086
37027
52671
54418
42459
17265
14569
53467
10081
36751
21781
34614
4421
15955
28884
57400
8083
54530
24904
22287
22779
49685
44900
35050
20393
26619
50750
20695
58644
35983
40345
16831
42646
30817
44178
16344
20871
8573
45178
22759
12319
45222
36750
7828
15071
46668
59526
10186
7045
49663
14025
38139
4664
52844
25201
55185
10215
21457
21510
42216
39840
43073
42476
36436
50986
17065
9330
57802
46989
33311
32427
30541
29528
37103
23177
51605
18939
58640
7152
25700
46059
19206
57016
4941
18618
26507
46483
32593
41726
32388
30343
40830
16639
56725
48627
28555
22427
51607
51351
59039
46848
21126
13781
9887
29950
45077
35189
55242
19132
45854
35969
10293
28189
13237
58735
36775
28613
53697
33273
35140
26822
34557
9478
59903
20129
37972
15982
42265
59025
12476
39878
13308
37482
27217
42348
28949
45127
47208
23455
36873
26006
38200
41590
8786
36700
32693
18384
11258
18897
40441
33183
31975
3670
27977
3198
30854
21458
53323
14496
11011
31648
16450
38177
21198
16264
14228
16852
27833
12762
34210
14605
58260
6804
22568
39254
33659
32294
57574
49252
40059
53074
27143
7332
58876
57951
15118
42307
51902
27051
3143
44245
23792
18229
55499
38942
25162
51948
54126
58934
25919
54911
41916
9885
20169
28057
21400
59294
18279
41147
45612
9910
3045
21801
29425
12642
18149
52993
48165
9390
45651
12266
3682
20485
50513
8512
15153
31375
15912
33896
42302
16158
42409
42886
46589
44853
3034
30555
59531
52214
15000
31607
54992
40908
22943
49108
38423
53320
5573
28658
46106
35127
26762
54532
41548
17568
22953
48254
21492
19841
13453
52684
15112
31067
7434
49715
22556
16532
17564
5910
52057
28220
4111
5470
40019
30929
10672
5667
37487
29805
34475
9497
44803
56126
45519
22440
58143
37418
47737
51884
31456
9423
54177
53656
56816
56506
39431
18463
52837
28478
14697
50354
29726
8045
19757
44484
8030
37910
13534
5764
53775
23016
51035
14929
14193
49146
34765
4389
27677
5043
37448
41173
22604
42428
23631
35998
38127
59700
8445
35198
32343
29206
39811
50688
10269
22102
46764
48539
15901
56929
46054
15520
18164
44173
11130
35875
14837
30182
59073
57448
21940
14490
28821
24257
42695
38763
34975
33384
12211
58282
34269
12472
12558
8653
8476
52937
47517
54089
26656
23077
9575
37036
47397
9053
3752
47248
36197
30554
6641
36735
35144
53794
55236
59524
30347
11570
45551
23759
55843
8437
49838
17619
9254
15705
39371
4440
43032
23618
41633
23730
12134
4245
28246
49751
55871
52824
38622
58475
39489
15324
6094
39416
28730
19425
48184
43723
45837
20508
36301
7582
57310
16946
42287
38558
15126
52752
37742
21376
12418
44649
54800
4427
35592
57416
58881
39217
26632
39819
24395
18012
57513
4093
53905
58743
21536
23944
19655
45713
7071
53012
14354
41418
19140
18372
28028
36833
20252
29887
34268
7179
23994
34244
47183
8305
32350
52343
17408
19871
29856
28613
41017
50939
6559
32677
45415
40132
28325
14947
52046
19543
46537
26507
36098
33534
38654
35495
40487
20894
55210
54097
57638
49204
59963
4910
7375
24855
12201
47647
33033
16268
28432
28729
56712
52635
3870
23848
6226
24398
38252
55302
25449
13023
19943
10216
15193
55565
55712
12483
20468
15143
19945
9665
16585
42434
53511
46154
54222
50391
5611
12076
45100
32379
47714
51067
16080
23884
3838
4812
7536
23697
39364
14104
33352
29907
34790
41332
19634
4160
17985
27020
41507
19674
42328
44278
32062
55361
57032
54219
6870
23969
24495
29145
34272
11121
46392
42641
13777
48941
9310
5803
34475
41478
4594
32067
56956
11045
39538
42360
29630
12515
39135
27727
8162
26649
56684
57841
41531
46559
44899
57682
42208
3653
3299
27296
56211
50400
5945
49550
54623
44663
17618
5797
45513
17263
56184
7074
57694
18098
27529
46584
17699
5977
26226
19344
33795
59062
21181
28653
27984
35731
7313
18840
4890
12583
11873
19710
42552
19574
44770
31575
32829
39065
27087
40750
53928
23221
38360
39303
49515
37228
15888
39190
55901
10763
58895
25599
54662
23457
30920
17144
27711
22397
14134
12280
38872
11839
33189
28839
49164
32158
25981
49111
7383
24642
53653
50162
48030
12602
53887
47080
37415
46473
30587
26606
20850
23449
35929
38847
31261
29329
39354
17876
9302
23202
20750
40815
24920
51185
40969
31216
5070
34012
59450
6249
14618
34383
43637
11222
12376
40162
26453
43307
37749
40843
53831
42431
46066
7158
7144
17187
22418
33810
36872
28543
31757
12961
27227
11883
39322
15185
16370
46329
25838
48071
18258
55073
40351
35976
35332
50537
27408
3035
15866
34155
31896
17627
53510
47750
55736
11096
26041
