1686
17750
4460
16547
45501
33985
19576
17524
59583
18511
13558
25008
42167
5518
50641
57151
17905
6037
17120
55063
38125
31450
21795
7647
21902
52341
45280
17457
44716
12968
47026
59182
52441
19148
21841
11270
49950
53849
45700
21227
9805
56172
20627
17662
5907
16422
17231
26442
16407
50642
35279
35596
49766
19302
10580
31655
11816
41934
40279
57407
39859
33789
25594
37185
51959
23645
44003
54677
8902
23782
30509
25092
38908
20295
30672
17546
36482
59876
21212
54860
5341
50896
26595
26067
46609
41632
18239
44539
27748
23351
32935
51797
47902
14048
20699
51137
49014
38327
53203
56429
49788
32915
10272
46445
9820
54812
42961
44195
50960
46749
45999
57303
33890
9165
35186
54872
41490
53497
55296
18408
11270
57538
31574
25218
59466
37450
46404
51316
30074
18313
44955
22705
39703
15088
24107
7077
25186
6861
40843
14406
52641
36635
4354
58162
45100
50552
3749
5844
3724
32841
55450
34564
3037
29319
35275
45653
14512
57248
39223
19847
26886
47385
24201
39808
27320
50249
19468
21230
20717
26167
22963
17355
26308
16939
36285
53703
47304
53653
16628
14439
18460
58171
53016
44792
27697
9328
36877
29911
53532
3992
39663
15024
40395
24842
56035
30734
27228
22111
45425
40216
3308
27231
59991
3782
9936
35897
35938
49996
7712
13158
57309
31929
44464
59501
49545
18459
24950
50491
3994
28209
12027
53704
20178
33934
24980
56762
28501
13715
18773
34719
43800
47677
33989
17133
44898
10035
46752
30367
48377
38780
27925
49962
9541
51172
54156
25407
42388
51708
21692
12214
6730
24181
39202
58740
8733
45969
46859
24349
17092
6614
13736
4927
7186
54658
45910
57817
3866
12383
8787
36524
24005
19492
42390
31702
15434
59437
7564
57663
9313
56861
58828
39806
53132
23956
35782
41304
59217
24180
44139
21950
59742
25287
44774
12306
45546
57593
48662
17077
15584
35218
16369
28146
22248
52810
22172
13976
51654
44169
10184
45377
45657
27925
26640
55377
47972
13231
23106
11189
4950
31674
23212
6228
40771
4330
27133
14979
44589
11567
42234
35980
10364
14571
48515
18975
39092
6518
43488
15063
6703
53837
40865
51693
45244
29811
5050
35996
11848
27434
47080
46319
38324
39851
13139
20495
10146
58060
21575
16531
45116
22910
35448
25907
10753
50779
16540
46085
14508
20126
3047
41542
22368
26577
17170
26534
58888
7348
9519
5997
58719
18406
14619
49377
57494
21201
36451
33855
9487
18859
17109
23897
5654
14898
33805
47283
17449
40660
59109
25591
33858
56163
50186
3602
56400
32589
22627
38924
5221
46102
41870
34318
43624
4151
38193
45283
17252
33711
30723
9670
21492
43724
30695
57785
43823
9775
25404
32369
38804
19378
41784
35075
39402
11341
11912
29208
56853
55782
38591
19594
19734
5910
50616
46507
25179
11657
32365
51721
10097
28495
19761
40223
51168
9580
11666
4676
17074
4851
34679
29838
4463
4058
18101
51823
9406
54260
41767
23957
20583
35292
30985
39951
22320
40919
3017
7775
43842
17510
25169
52486
17744
50434
38514
58352
34178
47971
10585
29297
9471
37977
58811
27581
23947
34999
13398
35477
33684
9318
7802
41922
28791
18568
50023
38388
44883
59175
12892
59411
44098
7954
57124
34777
50728
41937
9845
36466
38922
15300
16238
5883
27446
44248
21388
8027
58561
56080
20149
38357
9274
3475
38271
13823
44215
51679
46195
12994
42797
22614
28815
54240
18178
43249
53828
55740
29701
31254
37390
58978
57646
16633
36518
26314
14526
14412
57822
35803
20925
38763
34488
47118
41711
30950
20164
33490
51489
31657
11452
26370
42386
50635
42685
7612
25365
32693
50419
10130
57215
38097
57405
16871
51614
17791
3326
13583
32173
38155
54903
12426
17210
51833
53383
17271
40379
10980
30761
57321
26980
17188
14344
16805
26088
24253
29075
3290
34502
43782
44973
39937
20869
51183
24152
9107
47354
24844
55772
47600
50443
55711
4719
53451
10042
44898
29914
33163
53272
4763
40991
16379
19238
23186
15413
9753
24268
41173
23011
23823
6212
54970
52827
57050
28160
22150
56587
33831
3570
58323
40514
58162
44531
30586
34212
28573
21263
26185
27801
45070
7368
54807
45858
8005
11514
22837
9693
15323
22432
44690
41162
37277
18266
19184
54342
27722
50120
41818
15757
51551
19107
24827
16257
41255
3019
39877
58569
51547
11612
4484
16773
59317
44287
7521
26952
5117
15911
25769
52321
21280
57646
24176
22235
6694
29856
54565
30057
50046
42003
46061
28374
4175
33145
31914
36116
19329
50519
21158
58236
16149
35217
24771
15864
13048
10241
41997
14214
12191
27516
31394
41270
30355
6084
45510
17496
45767
35809
21150
43515
39327
49799
44792
9395
17607
33011
20384
19635
30553
31365
9805
57017
10733
5803
37902
47431
14638
32901
43280
16272
38767
35371
43025
47607
24050
30743
14822
35157
14522
51212
17323
16978
35562
41672
26585
13027
28135
11994
8268
18665
54684
15023
49304
3821
54047
19289
6036
38221
20159
3923
26435
27635
20781
46699
37406
30653
19690
47362
26995
47230
24989
49053
27312
52838
24558
30290
19177
10066
9349
49458
43875
10379
26601
25194
56744
34592
45945
18896
28534
14598
54414
41666
53863
46242
41325
47483
18624
42521
50948
16131
19238
39706
27895
32202
32014
19428
50823
23724
27024
38016
31736
35451
7692
23218
31576
19366
7765
40257
38160
28117
23749
25795
8970
23221
10431
22496
52574
15045
31319
8429
19886
33465
10601
46697
44150
13073
27209
45532
21401
17580
10153
5132
40315
16846
43710
5290
56301
19231
59067
19607
50698
8318
16617
37268
31425
53626
40340
52995
33614
56358
50367
30059
41786
9374
27979
38486
4610
58286
38315
24746
45591
8787
7644
46760
34750
18229
26745
50314
22200
29584
25964
21030
41198
22307
48276
50033
5241
28195
54121
30994
12609
47758
40793
51642
16699
20515
27649
11640
49433
40670
33245
19637
32361
50324
44232
58740
23962
50134
5340
15288
25978
52713
41397
43263
25807
19983
28686
40057
38065
34858
32456
55401
57585
37755
33406
46246
53597
54009
42968
29353
44190
29369
30078
34191
14510
20732
45846
27920
43445
10468
42123
40610
20425
33119
8121
33221
56760
14660
9346
56687
54349
18771
27512
36407
13402
12628
37329
3331
19115
21909
12496
35624
59724
23618
20742
4606
12653
16944
48750
25370
21903
50795
41431
56947
7921
40921
9868
29222
58880
38393
44046
20504
17443
7353
5772
52895
53796
24044
22078
30438
8069
45348
57198
30903
33738
54058
3374
12798
44587
52019
3536
33602
11655
37756
4220
36870
58246
23921
10792
28691
10978
59872
44442
41020
35364
46813
4477
16318
9707
15053
33621
35559
14845
19971
37426
41784
24345
8657
14244
37507
53178
14427
38623
24772
50113
12450
12221
3701
30642
13139
50600
3895
27065
22666
38460
34986
57816
42101
51414
46851
24114
10304
3385
26412
11485
16405
59446
20938
16235
25431
47715
12733
48530
59916
49883
17466
35959
54690
14045
13238
28541
6216
11374
47219
8167
22060
34260
7055
58685
26226
57590
23490
35929
36299
57634
50849
33948
53952
17192
22520
5787
40284
19706
29930
4478
24232
8160
21560
45556
36296
49174
12924
22377
34878
9236
7161
27792
38615
29536
46462
42005
34630
31498
53875
3748
58270
57868
10132
16197
58100
40724
18243
47420
12247
18818
45421
58500
27162
36310
53002
17500
4357
58895
7758
14541
38847
13367
58430
33919
9787
27339
9464
16076
36659
31950
26864
21806
55874
6197
47153
48486
27317
43111
19540
49181
10954
49643
8460
37269
59438
18106
52303
49404
35731
33064
42432
4893
11703
59645
13692
51682
42634
55950
4714
14217
18114
54613
21077
41094
14046
13200
42597
11430
53932
28934
38170
9560
12368
57040
52393
21343
33320
40774
25337
43759
6981
43029
19349
47204
56182
58216
4529
32823
46514
14774
3624
57573
13997
21267
42083
13680
28111
54574
44828
13303
34785
18123
10725
16254
25745
29410
13137
4339
12079
53315
44121
30427
48838
9389
19745
35451
28797
40700
30926
4130
7467
17832
24752
21841
38005
53432
59956
39495
12776
44068
47664
40265
27040
4654
39440
5989
43596
44933
24763
21651
12522
31131
46413
9027
8602
29568
31195
33393
35513
9806
55654
10675
24013
18179
37501
44170
34500
7795
10439
45580
47326
24171
53353
14695
48315
20277
46439
48187
46617
51769
45758
42656
30668
38754
6686
52638
37518
20941
39940
43613
13554
9791
54254
46242
3747
25278
39792
23381
46374
3562
58498
46567
28948
22463
43731
59766
59179
40808
5074
13370
6191
53086
52281
40587
18376
21763
54684
31488
12718
23612
34549
35711
42248
55928
23726
47422
22197
34895
53104
4612
4257
24485
28138
7738
53697
50284
44139
23949
25131
42056
34078
19360
58908
7017
5101
47551
41289
54340
31678
44026
20717
57251
47945
32640
37805
21171
18242
42608
59323
13267
35084
28493
27657
6679
18907
26904
25358
52132
23653
45969
25010
34741
59758
20467
39627
6547
12095
13714
49531
11474
9547
55278
24665
48744
42554
59070
16520
16843
36321
55864
29728
33324
12187
23409
33182
46914
16142
17032
39175
42206
36905
36471
36748
46067
3714
57807
12925
38320
26781
34864
10393
10488
43719
57824
23557
30155
15727
44657
39297
23522
57654
13133
46453
16403
37425
13556
16737
29997
12370
9259
48323
54525
51308
27941
4792
29802
34778
43073
54508
38071
37347
33128
4673
3516
23704
39373
39985
18788
22613
18446
34259
40540
31246
29539
42195
48186
48812
46038
44014
4282
59937
38387
40069
58408
43069
31730
42586
13627
38759
47733
18999
35749
33869
32433
26773
51111
27411
32908
23721
21549
34204
45243
37538
53629
50573
8889
3232
45220
33490
14948
45961
18501
10653
29203
54403
16948
56726
47692
42309
56477
33537
9481
51186
13000
31477
33952
28940
30546
49218
55669
55744
11383
41175
15132
6482
17560
22658
17282
55521
32909
47108
26897
13231
4426
6209
41355
38098
43980
17295
21815
57591
11540
44744
19677
31785
46481
39219
40057
49497
53781
46376
9638
20876
6064
41391
56231
57496
30779
17470
56042
16206
31585
50439
6137
11269
4910
15285
50189
32785
40603
27297
42244
17759
58051
50938
50340
28130
20746
47310
39966
46925
54440
42635
57178
8581
15167
48997
56519
27095
49634
6588
5933
42197
41113
31263
40562
36840
29960
10830
17654
43668
5560
29371
54586
4389
9625
20032
34408
44361
5057
44963
57637
10431
37881
30635
17532
41155
19881
24685
4455
58703
42327
13348
10345
22121
24926
20722
31634
26840
10788
33680
31932
41565
58955
20447
4855
58582
48182
23997
19796
4255
49440
49909
9127
43136
38708
21328
19947
36608
27088
30996
24304
21716
7135
36711
49545
58367
21532
31559
33113
15696
5995
45694
56702
57461
10138
27414
48514
50739
