304
44191
53928
55624
11903
58158
41949
21286
4451
50081
58810
54768
26169
56842
9569
21849
22448
42639
55985
57294
51090
26887
53477
33727
37412
37756
45252
25445
37067
59452
33777
55829
14498
17285
31162
59050
28128
9195
41123
25906
27578
8594
4207
23825
55615
20385
25145
46547
19479
54952
46988
29439
21478
12336
55094
27968
43200
19469
7387
59826
23316
49834
17371
15212
43344
44518
10388
16303
16467
21051
19717
39824
59272
12193
31535
56659
36063
21506
22670
40496
13252
20780
40183
13510
33266
55514
59008
5354
15109
22411
14383
28960
24508
49568
25441
38904
22478
7404
30340
18976
52099
20810
50768
13275
15831
53086
43548
17495
26186
23256
29602
13060
7966
48800
52341
44173
5473
21596
51814
43020
28562
3661
47113
16883
8672
55848
22258
24980
6046
15646
37102
9663
18930
3001
48906
39330
34957
14857
23230
37401
4904
36836
57481
56258
18664
4409
32854
10336
40427
59376
41357
12226
9399
5460
13000
58290
12795
41166
30125
34660
19422
13620
14111
5328
58138
41740
54711
25764
18354
8752
40010
12407
59031
20407
56208
19575
46595
21432
51066
14795
25911
8418
36497
35769
37860
26744
19495
30950
6265
58386
45595
27897
20348
51416
59752
4909
13358
21611
36683
7489
49066
28615
47988
54224
14610
15182
32607
19813
4881
33977
21831
5031
6649
56379
5596
45237
35279
55803
45225
58350
10951
19845
31491
7114
3686
59141
10766
28698
29279
3350
22674
27692
46959
18838
59134
47004
40124
28521
32530
35552
45662
7629
22479
49671
43459
9009
7022
52838
48526
14315
5510
29023
23390
51105
54540
43457
11812
48762
10506
3958
21525
36883
15974
42655
14904
27277
53185
59077
35219
20807
21374
19891
9365
8627
47900
29700
42833
57928
38754
12134
35516
4757
16488
20770
38169
26400
6587
47157
26492
32859
19919
54970
21484
25383
19857
42628
42524
40271
35989
15892
26060
8102
45934
55666
35799
