1476
26814
52557
58876
52018
39287
47235
53165
59170
27570
48081
30644
7799
18344
50408
32221
54059
48274
49750
7852
11785
19920
54696
31356
11745
58079
11248
33559
12865
43395
55643
47161
51602
53845
21010
12327
38839
24468
24277
35585
17968
43770
56977
13102
24517
46342
59347
12478
25268
5172
48788
49563
16337
3508
38865
9182
23688
20815
10112
25592
3578
27407
14165
50651
45309
17873
44811
28305
16588
47372
29230
4831
5449
35038
36546
41222
37118
10767
20100
9099
7141
44376
20175
27199
5187
51813
47339
47557
47243
41342
26653
19607
34971
41583
47020
54946
6427
36056
57607
13729
31538
14339
50633
15555
32174
30455
50866
51961
9636
10498
23585
6511
54846
42245
10224
15666
54231
38044
51384
43431
42305
28495
27144
9292
44427
35761
16240
35488
51765
33217
24725
34468
4036
55335
22280
53459
16527
57599
30597
7360
19762
40834
27538
37261
35888
58923
14720
31684
10542
4261
54506
19540
17108
20608
25266
45503
12891
56221
41261
38219
35146
49029
40678
11077
55486
15813
59188
41719
55958
30800
5378
17961
32948
41721
44624
57594
52956
58628
36556
8998
8921
4467
19348
55417
25256
14526
24187
39273
35076
43121
23433
4589
26470
6620
24792
41570
37983
23359
59314
30291
14572
6861
49380
27563
47356
28734
30158
32552
25508
28074
44592
28802
4502
47995
51347
48471
36320
4677
26627
32277
58029
42610
56325
40579
8678
17388
35725
3370
37864
58704
43096
44265
56456
11241
12233
37475
41803
27061
54586
37156
28285
43174
32616
25429
16543
46561
57642
41471
9218
53866
48043
31471
44982
53687
23149
13213
16728
17522
16705
48018
29036
9139
43771
35790
39339
43663
17095
37988
26207
47902
24156
35950
50915
30004
44377
3178
31034
4480
11256
35419
18508
22358
47030
56512
36590
36397
49304
28361
30341
6271
29149
24945
8331
33856
46077
37983
24532
10423
3107
58536
7994
13779
56567
18994
32014
23681
40463
29117
27874
7598
16520
9759
6275
41806
19592
3686
22021
44433
6393
10026
22345
46003
5898
27818
4263
6792
39985
26862
10478
50984
47356
43174
32849
7077
41517
37586
10504
19279
9661
34720
23759
33780
9320
37559
47853
14649
16831
36645
20382
6649
8972
32185
32311
28091
15029
34675
4795
20927
17914
40968
53030
55608
35810
56550
17245
51289
11664
50638
50742
12435
42676
13356
19790
16153
42836
51749
58040
31273
22312
25655
3509
17781
58511
41698
36304
38760
19648
24972
49170
45161
16483
52572
51963
58293
47914
56284
10620
52351
47942
32474
31748
16859
10221
37212
7966
19949
11462
11028
28769
29233
39159
22006
40065
20252
31431
57601
16149
6830
48263
40945
20149
46685
11096
21379
30875
25682
18014
26888
39452
23803
9628
20599
37030
3839
55773
30903
10650
16551
43353
22848
28642
3730
25777
48307
45977
35027
32836
52094
49317
37760
4772
17051
29263
33816
21584
22554
42061
46304
20021
53988
31358
45515
31417
53908
12799
44804
52514
15061
8293
21304
14705
38713
18951
13735
34702
39470
57848
34440
40469
10603
36039
54283
16053
4522
48579
9892
29776
57128
32279
27257
7529
42796
47719
12288
12141
44347
15660
11177
57341
7101
26399
17607
33309
24555
9959
29179
35933
45865
29189
6599
39640
43751
34735
59869
41016
14940
33121
55186
29596
46067
54372
37205
44702
36187
23558
18540
56247
12225
22748
55406
26682
57880
26680
48342
45702
29055
40358
20544
52894
8536
33661
28477
50759
29892
47880
11358
37850
10829
10778
26902
3264
8093
20033
46595
23218
5102
39111
34174
3328
52482
40011
55926
57112
29213
35442
37694
44483
25650
55166
23677
33903
5883
28553
23313
20605
53713
59779
20332
24743
32864
34578
37347
32053
17455
16205
12523
32883
19662
52964
43406
52687
10844
56030
36517
22672
42502
30925
54712
25616
13215
49942
3918
47840
47502
27968
9191
18439
15441
11704
58951
21270
16360
16610
16643
17173
58457
24011
29505
37295
56047
42489
53886
54357
30828
23241
28579
6795
11311
28421
58082
31335
29658
25405
26940
50099
24826
57620
35038
40239
56490
18692
21974
18173
22348
17970
45732
50725
55795
47654
25361
32387
28444
35078
46788
17390
18491
19706
28387
36557
23626
41823
46321
51315
39776
7360
52093
8172
33588
41764
7414
5463
49318
9003
55147
12993
26835
19404
26202
32537
46803
36833
53984
58944
30208
15196
30994
54003
20435
54172
47510
48620
29776
40346
18187
18909
59668
42003
42980
36498
11293
28253
12580
53014
17555
27362
33655
9855
18422
42082
20869
10826
37591
59117
48481
22836
53305
5640
51808
32170
55826
58958
54560
19843
18417
6098
19115
13894
30251
20630
42542
17980
37112
58312
27424
15629
37223
6708
28636
6738
40156
34137
19236
35819
48450
47751
25414
25144
40759
41336
6965
46892
59868
37203
41686
30850
38760
40744
36851
17285
49520
29074
9727
19840
43370
42069
29525
5298
53799
58880
40755
44117
33559
39768
18527
7701
51548
36556
45226
57968
53442
48296
15384
35987
30788
57081
26464
23426
33718
56967
25176
44765
53029
42993
39966
41588
31278
14923
42220
54132
39594
57717
44403
51861
52946
36250
56683
11449
12335
41352
49076
37711
33673
27469
54365
52625
44951
21926
55423
7943
25442
30882
28839
15216
45596
7715
50668
58622
8456
26947
28903
54309
39765
36413
39616
10068
32257
25562
10358
56818
33960
54328
31296
27762
40647
28374
37878
32327
6715
13064
6014
29640
31065
4854
30776
31132
35563
55902
3909
12581
28537
5080
12324
28413
23842
52906
38833
17252
23376
43685
33736
31930
18122
46970
22422
29666
30396
51867
31011
47920
49981
23194
51929
8215
20686
14793
43382
22689
51198
56499
34214
20992
26461
18364
23575
50047
7502
12408
3036
32534
21483
10033
48629
42113
36533
25850
20015
41464
41570
3989
48563
27809
22687
17297
54480
5604
49887
45106
30611
26862
27899
27308
8536
43959
39713
32439
28197
30792
44188
32924
22358
17814
3428
32461
48960
14823
13777
6567
3872
56862
43795
6577
29206
27480
41446
11042
16977
34916
36813
3758
13442
40162
41337
20484
37594
51818
38704
35848
31786
37539
47770
41128
51478
42653
30608
20659
5057
34182
27803
46822
52418
49382
20241
54376
53880
22181
41485
42710
38120
59907
28955
55510
5305
32649
46662
37260
42537
18211
14659
11841
3202
55715
32142
54533
54202
58690
19665
42706
34701
48276
12326
55873
8582
22290
23797
44442
31230
46064
38283
51542
15416
55495
9593
23667
55037
13152
39497
10119
51821
52543
57069
6728
29320
11094
5558
4758
57089
18781
40718
18747
24611
16857
14965
53154
35956
25303
32867
34294
57795
19481
25373
27392
58363
9695
56682
34521
29550
10341
24775
28544
8138
32788
53435
40343
21032
47736
18900
16762
34378
37343
10409
47421
8813
13424
9472
50620
37047
37614
17457
10873
38162
25284
58857
58490
19100
21206
32431
15973
13609
54181
28256
5969
47697
44739
23284
28992
38550
27038
56776
42102
18223
22836
16475
19180
23112
13272
40562
35860
38274
18277
50449
46454
40730
44223
47761
8385
30107
24556
5524
7752
30481
27189
27147
18180
11096
28925
58103
25997
56273
34471
23996
39568
33123
27553
39492
37702
3607
24222
21367
54151
4654
4396
5727
36188
31441
57431
16993
20517
35560
50644
51506
31444
33147
3430
26621
36400
13123
56569
46596
38244
43698
45905
27884
44182
46132
44263
44856
21813
38571
41972
50614
43769
13766
32305
48877
14216
46504
13571
52777
17556
22564
9409
43094
39739
20324
17744
53453
25748
23774
25706
55770
31063
34548
52645
33041
45392
47414
14094
37025
14311
54393
16519
35173
21826
26070
18476
29559
25473
43161
39901
57621
24896
23656
53677
58840
16243
16877
36259
5012
41099
19193
24859
59996
35239
31403
52794
46030
11587
41933
56135
50801
36478
30131
25764
31090
53351
39714
44094
6564
25504
55666
47520
51695
16005
13058
33779
4039
47399
24438
5679
24321
36145
33091
44330
56879
59886
45662
13592
28824
11735
50773
22390
57671
15654
31528
22728
34707
54827
21040
7698
28229
13381
8654
51968
31800
14530
32207
18837
21954
53739
48511
54821
56554
33925
28992
30547
53230
55717
58920
41139
10942
53691
55617
44653
18595
10313
22600
36263
46998
41688
59760
25424
50188
23104
38050
12370
31601
50538
27273
13314
33093
23101
49053
16184
30080
41403
13615
53656
28142
14005
39756
26424
27752
49872
41827
6937
59893
40302
34148
49968
33983
29719
53664
3738
27038
44103
50524
9014
24328
7165
40606
32334
32707
19635
41550
32460
29634
12395
43442
9290
44171
17568
48366
40012
50525
27718
17807
48061
23841
39242
40745
15110
32589
47729
58699
27372
35215
23532
53180
52908
20026
36904
52697
37554
14020
55626
38946
35482
34374
19358
3634
14701
35011
18754
18430
54147
28296
36862
45941
15866
6702
17040
54456
41018
24117
51152
9538
40201
31440
29726
29432
10242
58128
50448
30697
24876
56824
51149
7261
45553
35915
6339
8623
35998
23787
10268
49497
37730
4828
3593
35532
45000
31444
52469
11984
24866
28923
31576
7188
34529
41317
37929
41635
37999
52286
33008
32432
21493
24105
31487
55814
59761
57972
44295
30324
52959
15120
58222
48315
32195
37326
28169
35462
4288
21564
5705
53548
52130
5968
7649
12571
50776
51353
22698
3454
26459
31900
16481
43504
49781
58866
12326
32654
13131
35588
42125
12055
53788
18134
41900
13198
27402
5078
32522
49426
39659
18844
25074
