1539
23621
19928
13152
26388
43344
12285
28773
6498
27341
30848
59149
3301
6389
20898
38415
15599
46020
29834
36032
46477
14127
33740
10698
53519
48042
21313
9237
49732
9700
40644
28081
10789
48911
56835
34063
45085
10218
51759
26229
28656
13330
22151
44021
21449
12881
28069
35847
44627
48365
22329
19965
55800
3266
18339
28497
22501
3493
44938
46059
32443
59243
30457
28800
43244
56305
41636
14233
34435
8481
39477
53010
31840
27597
14414
10521
56852
33482
51877
42856
28969
48987
21308
41441
8056
41948
21634
46369
6099
21976
57716
8647
9867
42246
39960
23084
34532
33879
11310
34873
23511
34975
28133
56501
38461
46852
18067
56978
25232
34280
49518
4883
22356
6834
18186
40725
7759
41139
16469
32003
54600
4079
18212
6362
35423
11144
25169
54866
11629
16703
47536
18182
38205
18506
36080
39395
17984
41743
51475
37858
3461
10300
15509
50088
17286
38139
47006
18508
45040
41106
33598
47461
11721
9246
42661
6425
30845
26688
35398
25280
53694
58272
8876
31157
13840
38660
6189
43288
46989
6536
20455
28036
38796
25483
18181
42332
7066
20667
37688
53627
37576
24472
38523
24732
39150
49332
42355
39595
39964
13033
46169
31579
18891
10287
12269
54531
16519
57375
58005
35614
51865
23076
13387
22777
14872
59646
9790
44348
24886
58762
53199
5607
48836
5100
17645
40273
14967
23066
31513
25232
18997
11254
52739
56390
55782
25655
19493
29511
43173
59400
19496
52598
5210
13612
9830
38348
47878
10525
40688
45527
44326
31437
11291
20725
48273
45420
5461
53971
24380
19846
12849
11346
10391
25782
33230
25701
53675
46909
55740
31276
8723
37308
28079
47134
14382
24095
31388
12098
59482
16636
58675
39607
40812
59562
28935
14191
8934
32904
13499
33003
26730
22602
5771
13603
41249
57138
17333
34093
6754
14075
10493
55142
27261
30733
28520
47493
38839
26464
5642
33458
30049
4595
44817
20058
48232
13541
44494
11132
26221
55738
4955
53595
12615
15226
44433
58559
58900
12021
34998
33205
5387
31802
33601
43220
56919
47530
3556
31729
57915
9078
35500
31980
43159
48088
39609
31193
48534
6314
24166
52810
18630
9213
7035
27251
49187
42684
27565
9461
10180
16614
38604
28736
22154
10250
55212
20503
48002
12258
55755
6475
41100
40953
56441
54713
35068
23220
47913
29447
37339
24666
32620
14233
11472
54981
14556
20071
14283
52971
30863
8406
42331
12639
45634
4702
17524
34925
36622
49129
38916
44638
22324
47894
51402
22482
4739
25595
17218
21168
39407
32767
6853
14266
24195
59909
16455
43369
14602
44890
5122
48830
21632
14616
34144
56291
29323
48184
53354
53058
11113
4794
48521
34747
21833
3828
56127
33624
36201
24928
11751
25131
27166
10031
20882
28624
43050
31441
42255
42768
23917
35140
38111
31032
49650
51108
6476
52742
34929
21566
46651
28590
50009
35626
39199
58389
36981
50997
12096
22004
59733
52495
4961
35422
37288
22386
37609
12840
35618
12366
32901
22192
12258
29123
13479
21161
52429
23294
35248
38147
7088
46406
37886
24069
36120
58045
5989
23337
15221
25981
54800
11621
32464
50853
8292
50016
12649
31462
47406
54274
39361
44212
27244
23465
43851
9656
12843
43502
33062
7711
41014
18317
27638
16979
7319
37481
51560
11448
40159
57064
20644
44465
53264
32807
43543
52838
20472
57810
46656
59758
33589
8906
15316
16389
12061
38140
23106
12448
24950
22994
59267
29034
13569
34118
27750
35146
31743
8672
51346
41779
28266
17205
38386
39508
14922
42517
7256
10020
29608
20619
24036
10621
33269
33987
16991
28199
38282
35437
29372
16282
59088
44957
42692
48471
55547
41809
26205
46779
7238
39255
8235
28629
4184
15790
50745
12646
9209
56410
32701
24231
33324
33572
54241
30035
46543
45600
47197
5260
45746
39305
42902
49038
19065
51528
42814
29449
4388
5211
17812
46579
24344
10489
23483
40561
21272
52572
41983
44571
13867
38420
57001
38913
53160
8550
40850
18296
58128
41320
37190
36720
38687
16301
40305
25293
59081
44770
19810
42145
53641
57160
12689
23300
25856
22716
19734
8555
22497
9453
59423
20050
15730
18762
9511
38712
11561
23021
31119
46368
11177
42821
8189
29747
27075
12751
53652
15008
57458
52182
47921
56894
29509
29379
21357
51837
26744
33665
58595
44479
27745
52776
4218
58654
34220
26816
59009
30065
13755
5429
28731
32273
27271
47030
39289
17030
12989
38501
51609
57328
20639
52925
5566
33891
36801
21502
6237
7789
31452
55949
18291
57602
25705
58694
50303
28468
42848
3104
51072
53498
27903
44421
36656
31156
4412
29472
37159
55287
14316
41968
33859
49799
25610
47835
8841
45849
33722
35230
50559
52891
17148
49837
32144
33546
22376
17376
55917
13684
37827
13383
3702
26078
50298
47462
3796
13598
7718
56591
28956
31280
32869
28882
7664
41043
45553
50032
16382
10118
11519
50713
4436
29663
13859
14002
37376
53708
29527
35589
15374
14836
38612
7109
47672
9935
52091
19473
3176
34920
10985
12627
55038
31944
32450
35895
39336
31065
51319
38015
44957
5284
59310
21083
30774
41967
48813
18847
6850
45548
36546
19643
58729
23349
5649
44351
15326
19605
21134
58827
50470
45952
49474
42657
8258
27605
49380
58199
23832
37123
34613
15230
21564
55760
57001
52395
49386
52259
32476
35704
23562
21956
52404
36214
39660
20454
45606
59307
40862
19494
30454
25289
27438
52149
24273
17262
3180
26303
15645
27015
38393
50532
53777
38832
48216
53162
12670
7691
5196
7448
12364
46896
22230
17734
24367
39653
45834
32465
6322
55595
55714
44943
47287
59776
57163
54927
23291
13065
34336
57362
15388
11358
10441
6476
20074
5928
57913
30692
25956
46608
35075
45633
9974
48141
36166
27921
38140
54660
27575
58121
53314
17085
16938
16334
10645
11975
4146
30225
55172
42309
27723
40716
11680
54271
11179
35010
16580
31248
17659
52925
35715
36655
26452
40833
50669
52615
37679
33812
40925
54713
41568
27815
56396
58054
30899
34942
11263
29887
8126
59801
37145
8296
44618
52524
31167
42475
5428
34077
3989
56115
10357
57090
46759
31438
21214
9831
26990
25673
28430
48018
23139
23592
36653
26777
8956
48049
59874
23808
37329
23765
30615
27086
19732
32524
55236
43028
48063
36407
24023
14749
48342
14074
11549
34456
7472
59514
37396
25964
31218
28137
15349
45212
44277
35775
27278
31248
58169
30733
58650
7915
25493
40968
12146
8711
12115
28289
35321
56820
24680
12802
7024
24327
12918
59769
13134
5716
31864
54676
48917
29558
42622
50984
9273
24224
18953
17484
52475
26128
49973
7725
28106
44787
27819
30210
53862
45733
48422
54225
25300
21769
33183
9584
39691
34058
7226
58879
41120
32344
7309
29371
7559
53956
9907
10612
11051
8980
17801
5811
4769
52929
56852
24824
17320
41054
50667
36503
27651
49317
51917
17181
22740
20403
19109
33246
11520
54349
8004
56467
12068
34701
3056
44227
43150
44294
16702
34289
7166
32676
57852
54815
43401
25332
3983
28373
20424
18840
3458
58820
25943
23345
3457
31461
14552
25608
15400
31955
58725
46403
56703
4743
40982
27696
5565
49157
21860
27819
48499
6420
48197
8746
30758
46705
3962
18885
19811
22499
58120
57399
12665
32969
22598
20829
57494
41940
36929
12832
7207
11052
22627
58773
47158
17769
31954
19471
21020
34081
58790
40204
16607
25879
31678
19319
8849
7464
41395
22462
38587
58361
34165
40071
33808
57442
44236
19699
4270
11859
18344
48398
32295
36534
10540
8645
44934
32594
42663
31251
22524
42520
54701
39940
32631
7935
10948
7042
22082
21567
5781
47858
29920
30983
50649
49413
13195
36846
37989
12540
42825
29561
10556
32482
37480
19804
29131
25067
27074
41540
33062
55851
53363
11607
9407
4603
18083
41143
33897
6646
56272
8230
17197
24586
49127
26505
58976
20742
24843
5177
50848
18906
56903
20739
51716
49299
4518
48146
37185
11678
4268
57053
51271
14874
12970
39622
9707
28092
4288
27143
16475
29674
24389
58896
45036
56968
30372
49340
57581
18121
32990
45087
5993
18622
22265
52670
13134
45868
6629
41029
13108
35069
33162
35646
39124
12586
27488
14940
39289
21875
39108
38251
33287
36722
17088
22633
41767
54192
48963
13283
18348
54120
33663
33778
50213
4239
47093
10574
43406
12976
50309
42642
40583
12682
35464
36425
46373
4525
26339
8765
50821
29357
13640
23432
47888
4071
52946
12694
8750
11321
51614
53153
56274
34939
31092
24540
41715
5847
55913
5039
21602
13447
36100
59820
24471
52077
34879
47082
18555
24338
45070
25532
56014
16528
15683
58315
23520
14961
59658
43457
11557
15911
14183
40192
49267
42739
55270
49824
56919
57456
8902
33844
33665
26178
23334
32212
29877
49915
52670
35989
5511
24728
54392
29600
11628
59568
51016
14667
46536
26769
37438
3357
9852
48097
57325
23587
44705
51541
28051
59724
34243
33869
18184
56752
8445
40258
18595
19958
50751
52327
9920
45423
32681
5041
10940
50417
32065
28256
5960
33369
36856
41119
6988
34375
15743
52010
7827
40936
55288
22801
47863
53147
58014
37590
12455
30983
37046
46755
29325
5975
6725
36500
59549
37463
40364
54177
25684
49512
59415
33876
25582
41829
57273
41178
15209
21858
10368
26143
49118
49841
14399
59193
19324
18244
14011
39159
53546
4565
31601
15031
48962
16984
10085
22609
39735
33708
15990
21190
39402
3529
43927
19743
5036
7520
31941
48668
5941
38121
28295
8742
37250
3583
28453
21069
17768
29591
34951
51267
59663
20469
12616
20490
28616
9386
8718
44263
10480
39714
30749
49027
50537
32522
38154
4169
22485
26481
11058
30155
27191
35082
6437
37039
57917
50010
11227
36211
25186
40173
52494
55643
35647
36602
59737
53321
16745
55841
41059
35727
16559
57008
48222
34277
7894
15231
42407
27549
51546
40428
40715
24625
