1112
21015
9396
44665
7085
47399
13400
28196
40499
57354
59227
39426
57176
36720
28990
55523
53038
25525
13648
43388
5763
54984
12042
13407
19002
17305
35791
11883
36852
37970
42303
23725
43657
49092
45948
43414
58022
54792
22308
6779
42118
33638
30099
36050
21113
59638
57002
19916
29939
37271
46673
7707
54620
45466
50557
4410
40963
7823
46466
43451
59403
56287
16787
20145
34254
49388
43566
43913
45904
41758
4372
22574
18767
20849
41037
13597
41983
17346
4982
53009
44592
12461
59480
55465
40805
21075
42557
32599
3417
8894
27003
24879
7158
29618
29784
4809
56410
20880
52244
8788
31453
37624
24580
38310
34752
36104
46238
38870
25900
53111
20663
50862
31934
25017
16411
11393
12843
45124
9942
32498
43052
35194
5598
22308
26196
30521
56823
26426
35383
44304
3304
51890
13242
36859
10599
7444
25624
43794
24889
14379
35296
30363
12133
5993
57666
7893
37728
7989
5907
47155
14147
7499
50115
22535
14886
21855
16808
23806
50289
30759
17017
14160
55140
22572
37196
39910
13422
18389
52001
48071
49439
36164
43012
16577
56009
12106
41958
10399
48961
46968
16579
51967
8326
8959
6471
15894
17495
20221
52967
44987
12335
32171
32006
37200
12747
38741
26535
5727
56763
33505
20684
5038
33868
24328
4034
58199
58686
40908
11870
21240
16664
43363
47748
49749
26586
59037
26297
47572
32360
44480
15272
43482
4796
46695
34899
31521
29763
23374
15753
50756
7827
54029
24495
5932
46641
6512
55527
48715
7975
48892
50412
19414
13505
10580
45573
31483
38036
54011
18558
47239
46607
43175
44998
32688
51154
12184
26993
10340
33213
40562
36677
59225
29540
42127
35357
7205
50862
31112
37203
47646
14192
49707
36651
55218
30645
42501
44929
15844
58753
24017
8708
19481
17924
9773
59191
52243
42153
19076
54128
20247
59810
32651
13595
39465
18207
56080
20401
16720
59488
25425
22390
19614
56571
21864
31199
37165
37396
18983
40348
44443
32836
23501
31525
57806
8837
42815
33390
8505
35233
49886
14691
40295
21536
42824
32142
41882
10792
21308
56260
12510
21305
10947
22648
28373
29327
49456
16232
57017
54372
12446
40042
34848
47469
11718
42328
28254
43603
22303
13278
7345
38525
7749
28431
36121
18259
53650
9496
23759
58464
54841
39035
20617
36147
30298
44438
27744
57747
15610
30589
11612
24550
31725
7391
4766
12471
38642
4577
59018
41518
21426
20185
55970
58582
12883
21112
15108
12159
22114
59755
29321
18837
51218
32104
49898
34860
16100
28137
24700
19191
50710
48058
54326
49387
50254
29369
22590
44549
5285
49987
16173
57368
29488
51514
49076
31990
51033
29208
10555
38178
53756
14201
30470
26654
11092
23893
4061
16673
19161
19975
54925
26852
16418
34606
40030
8167
33253
9607
25597
41017
23059
43174
39335
45046
15677
43948
52858
38136
15817
36966
14256
30642
8472
26351
13550
19410
17987
41499
12174
6055
9664
20912
5703
23604
36988
27146
23682
18396
41269
21059
9339
12432
10431
35895
16694
5648
14456
51390
56321
50447
49260
37436
4935
34034
43449
3886
11790
37952
56258
27377
13570
7113
7945
5537
16844
7478
33319
10282
24868
23571
27533
48708
5094
6838
46823
47767
40666
10891
54779
8412
4036
17649
52892
32639
29997
41849
13218
53571
30773
7093
40957
50822
42201
41000
8372
49459
20742
55167
45331
4283
27905
38462
16055
35554
53599
6430
49373
56912
18765
52850
12745
4245
10473
14290
45029
30032
38523
19686
56913
7690
59175
57478
40130
27752
15831
19455
17506
20133
15992
36323
16943
34028
45832
22859
38617
6779
23750
47792
20099
40651
27651
13483
19616
49781
43002
4972
46071
35652
42141
42666
51474
35444
44259
53205
52555
18758
15185
21036
23097
35133
33456
51098
7870
11994
47071
42611
42962
35592
37671
12403
52202
12746
3716
52393
34835
43912
53756
24736
45069
3155
34796
34616
58961
51465
54154
43910
37425
36122
54736
39357
29235
13217
15912
31281
9970
25549
46189
23967
51572
28784
37968
22333
9190
33734
17250
54765
56178
43683
3284
21011
21204
57375
27351
7403
27191
48628
50982
46363
10989
12106
39823
17570
8854
13511
25658
46076
34364
31828
14594
6454
44558
46650
26667
53976
50774
38720
12845
34238
13337
31249
31016
25375
39911
28793
48556
41907
24114
4431
3373
17208
15614
19104
16914
6499
31320
8554
3379
50899
3591
29502
37424
30159
9752
19563
25707
9041
56689
37778
23273
30836
9745
47614
41843
40359
21208
4287
58781
14864
12193
45335
24538
48096
24152
54892
6304
33192
18932
51263
36099
16142
29732
4248
4177
25111
35333
58256
58626
24050
16507
13777
42962
47786
24351
57984
24734
28460
14899
15045
37372
43692
21869
12340
9311
21143
11702
37144
55430
34026
36420
55390
33175
56122
10644
26619
45406
52396
14590
50904
24361
25321
51481
58971
25643
3463
31569
56868
19399
18958
55001
47747
33963
54970
21739
34901
4406
42960
18686
35787
38797
6144
26252
15480
4219
23883
33106
40311
6054
15683
46105
33401
10889
52261
18307
27672
41728
14604
28044
4032
10271
55974
22204
21107
5446
50718
18176
59188
17048
4693
24760
33140
10847
44347
50042
25908
11901
28725
20868
51834
29345
46665
26317
26927
5611
47185
48622
35076
37972
50890
27371
56295
38416
47093
11265
16281
3713
45343
5834
33839
29228
23414
19176
42741
4068
41216
30596
37565
8561
33519
36730
25612
36162
12857
26686
42843
51805
29664
13271
30494
29418
35869
54257
43104
35245
59614
41335
25667
4098
31914
25931
53096
50753
55221
35407
48832
9408
37674
23764
51327
55164
35531
51207
44106
14931
19547
42528
7522
13923
26673
5044
38191
56958
38063
7565
45647
48830
46905
28643
35161
34672
36993
43672
37879
21699
57276
40070
26673
43821
19331
54761
19093
28990
55327
45167
53603
40151
59117
17461
27206
54738
11520
12477
32597
25917
23712
7837
54448
43163
30756
33850
17544
6399
51795
52973
24262
56811
24322
3522
23373
28311
22609
17026
29984
45659
42358
19147
5835
12049
29357
24195
5068
30832
14902
36246
5356
44630
14159
10076
5435
43816
47706
10884
4943
8484
13719
11691
28610
12624
17795
26000
45446
38153
31193
28561
22550
36878
6672
11802
18654
37412
43457
35706
56708
46100
47381
45149
50654
42522
54811
31757
23762
34452
16308
47831
15854
27573
50521
57787
10628
9151
56097
24128
23929
16400
30284
25464
41060
56222
16335
23364
40634
30366
26347
31511
3629
45436
50308
18932
4343
40330
15142
55702
6452
35613
33653
31951
35920
41998
9373
55696
48163
34929
21042
19178
4074
10324
31399
18392
16568
56607
47987
59203
36751
52230
21873
8579
48188
29020
41656
51075
37184
35257
4498
48987
3409
47560
53529
15405
4927
30861
6712
53233
47341
42079
23832
25760
16697
38848
33386
56035
59083
56725
13057
15917
42183
54296
43789
54377
34460
54236
57445
54516
29793
38074
14293
26013
41673
52321
56673
35640
42977
33647
16285
5372
28598
40635
35453
50629
30357
28996
6735
34108
53220
22944
58529
9015
34740
53158
46428
45624
31677
32203
15219
56483
36337
