781
28928
10105
11841
4979
30487
28022
5583
39639
23631
38586
40366
16180
10599
12601
27566
53503
34912
42830
24854
55494
17533
38372
52077
37343
29937
32621
28235
6668
4675
20640
30528
42151
38249
50258
49381
3119
43441
46548
33920
43726
16845
52018
37040
45556
45251
28045
48201
18658
37140
24109
53855
32220
40864
30881
22775
48896
47690
39872
55329
23288
18665
34235
58028
36389
52524
51571
12290
28723
47661
6096
18786
31272
18689
37257
33449
47037
45112
59445
14962
50795
48350
4092
37531
43294
20710
32957
23069
29345
7210
16000
53236
42329
43174
37583
10490
9523
50122
5352
59757
9627
8336
27697
15198
44487
38330
30003
37087
58461
59808
40712
55463
22442
22886
42995
18707
50416
17941
46292
32570
11358
14937
30067
19468
22928
47744
17543
58880
21543
4401
10856
13866
19102
29264
32523
8200
42160
40001
53853
10835
55552
31115
31346
53011
36880
3161
57455
36010
29058
20019
25216
58323
37485
40347
46651
13783
53763
51352
32515
30807
28576
55483
54623
11494
46542
38148
49973
20066
20420
12843
51092
31533
35483
41602
18878
16083
55528
19142
46175
55917
9886
24552
33756
59000
40500
18795
49989
21990
47173
51479
22377
44578
51973
57007
23017
12516
27768
47179
58472
5159
21289
5922
52581
35378
3119
58947
30933
49820
47532
25017
25730
16859
17429
31502
56308
50698
31339
10642
5142
46136
30886
15770
43254
46744
27031
22121
30756
44431
47195
53061
53391
39880
12085
28593
16023
41117
47648
33368
32124
44235
6069
57542
32821
49342
43566
36689
4548
45460
40100
42733
7820
42174
29378
24995
15128
39747
51591
46574
41937
33630
4838
17524
41105
30242
13265
34868
35832
28081
6415
59987
19471
11083
37537
43204
13634
15579
36298
55550
43158
33287
47004
29577
52269
8682
4423
54038
36971
28454
8222
55055
16549
21875
47422
55446
26528
55751
29229
15323
39694
15722
28954
56183
34567
49423
33864
23901
45150
37903
57211
32913
20502
12972
46470
57799
48179
13072
23835
31443
3556
23203
9085
38647
59883
46593
55631
31327
33631
8519
39880
32427
48056
21518
20585
45973
20279
26321
38601
42580
41253
41988
21120
32312
5986
53538
15784
45978
4260
20914
14968
50460
4042
58171
56725
14189
31183
47117
44382
24192
22822
15924
37510
22108
6615
31492
51569
18926
54891
28745
9030
19767
3678
27413
44987
13796
39101
59356
34442
31591
31022
56399
23734
35257
33620
35382
21375
20775
30693
49754
30395
35622
27175
26037
21403
5478
55759
37485
45284
15412
46054
39957
57881
7230
32171
48822
26472
39895
32560
4295
7587
24861
44467
22792
5415
9605
38531
57665
35327
28000
46379
42307
52077
7188
12582
8055
28449
26366
45698
57329
21521
5825
14064
23616
53517
45292
11616
56015
46672
41457
53019
22486
43499
9543
15068
12104
32331
3179
49593
35149
8145
24342
54582
42169
41788
5457
32457
15884
43167
24146
45315
7621
38293
19330
6034
8972
19642
49122
38268
6708
54202
12242
31114
39260
57280
54966
44316
56041
51756
19295
32186
55166
35613
27901
49827
24665
29701
37573
33437
42087
39976
45720
52476
5724
50212
47827
26522
7832
45278
20496
47171
9234
7879
21072
23174
18928
21669
56583
24687
9374
37320
27010
38961
48076
22853
29912
40313
41579
57923
54760
34051
21293
55065
39878
57839
45415
31002
20369
16230
37877
51438
23986
5413
56252
40222
25221
38410
51641
24685
27897
15816
40788
3705
24383
53809
10408
35715
36230
6817
54957
17867
29404
4208
47093
13485
31812
14517
4645
49092
29249
10645
8312
13042
20056
46029
55916
42560
31858
41188
39297
24048
12859
5118
41583
37270
35387
13596
30077
24315
47483
15717
36989
36742
27118
9536
26054
30255
19930
36998
17646
5147
47495
40623
27928
8377
46134
49110
46927
19588
28490
31473
9978
13340
42084
15463
46856
24876
23399
43614
48160
15561
5294
4995
29874
48651
56408
27561
38617
7723
23314
23778
18206
49238
24512
41931
53267
46913
11393
11152
26108
43472
50522
22265
3585
50614
16804
21617
3319
56414
57827
30013
23603
28247
20007
18070
39985
31415
59634
14615
18030
30326
58132
33511
46896
29136
31692
14592
6844
17812
23815
57420
7405
37711
41188
32422
3764
5959
56600
25524
24394
29619
31600
24073
21418
36157
19776
18410
40383
21093
8770
15339
54632
37828
43080
19007
37941
56375
53174
25236
9533
11170
58336
53877
18878
57604
53312
16644
23125
41684
54796
45475
4571
14207
55254
34498
19889
42006
24828
10000
58504
23447
56950
14795
52251
31358
47564
21211
50081
42274
8289
31668
12912
53613
54056
6508
28576
5827
16722
26201
7484
40188
6182
33586
52088
12581
11748
58928
37516
58811
45944
51012
35380
59763
25288
4348
29920
33226
9935
34405
34229
6692
28439
28971
37128
11161
54558
23966
18451
10314
30153
7770
45138
36816
48186
53151
57612
45103
37156
10636
57274
38791
10124
31833
36746
44114
31258
58591
59331
15954
45722
52439
49823
21091
59266
