2057
19280
57287
18624
56644
34017
10037
6548
9924
36580
35664
47227
25810
6135
25743
17772
20894
20869
13040
11190
24889
12297
21584
8828
8485
12436
22435
42347
50530
46707
39619
50244
7720
34673
27480
31680
21240
41547
14699
23990
38233
32705
15377
7452
33653
59555
34728
48210
16634
7485
21753
10093
58786
5768
13544
30603
52280
55716
34376
19336
3925
14076
23409
54378
46956
7430
36888
28356
52915
58436
22532
59783
23291
34200
27160
28425
21100
33062
13144
36026
49924
40060
29483
8198
31166
30735
27586
42488
43860
12283
33739
18658
19572
8958
23021
17825
36898
14979
30444
11002
31393
36702
28389
46029
9941
43280
40547
53734
16125
38242
42571
9107
18892
53091
28459
3474
45957
16054
12910
38112
31843
45345
36813
53289
33946
3557
34889
45730
11152
55365
48544
43653
54307
25838
28118
43073
8362
40881
10086
28880
19034
44878
11996
28619
7886
44831
42842
14536
42658
15429
25073
36033
39064
17410
15836
24714
36180
14722
4241
29396
41591
6445
17846
59214
13103
6022
58331
46079
5482
35960
49738
3644
6926
35215
22728
47419
52126
5856
39310
33181
58283
55113
44098
31390
52184
42756
53446
34747
10060
43929
58452
4977
51704
17978
18695
16726
26264
54730
19308
18103
30614
25153
4143
44133
46552
15547
57032
18033
20838
40811
55728
33298
59871
9615
59893
8326
23487
58557
55782
35917
8672
59909
41755
5011
30230
46897
15209
48058
11776
27625
10958
49752
11062
9129
14288
53864
32301
57509
53798
9170
16978
37979
19019
12794
19837
15593
26442
42054
3178
50322
16701
25016
9477
39467
42373
37995
28277
12400
57576
17294
43693
4378
34142
35289
22625
15237
18905
27208
11193
34674
4147
18600
54425
54642
43539
41350
47714
32517
22378
40903
34608
9648
45117
38350
42164
48209
22929
12171
30801
58675
22802
12765
4999
39666
49503
14277
56829
10916
42896
52350
51571
53505
43231
33774
55125
35891
52867
26221
24816
57382
12297
5609
23947
13960
38991
55108
12953
10863
59973
33880
5716
38089
10330
28494
26517
13521
8528
32960
10118
36289
17776
51968
39047
3315
9819
35716
55979
55480
8447
56099
35125
4530
12752
44836
25707
45741
9234
52700
18862
41365
26045
16010
11057
37617
24337
28838
27081
37515
15539
5139
37827
31015
58422
44184
15311
34024
20936
36353
8765
38600
33541
44832
50240
57438
22938
22289
38609
14833
40425
50240
42219
26818
28685
12181
42007
10294
54360
26956
48975
36332
39049
9044
19460
6706
31929
25370
37231
6533
26003
33496
34436
36986
23545
7030
35490
25957
22315
37921
27761
22883
12499
22624
28692
37725
56684
3809
20228
24227
29495
55425
14468
3560
47134
32518
3678
28140
59495
50449
5364
11738
25410
11580
34504
38950
34844
42096
20823
49511
50221
25119
8443
25434
32514
38159
46152
58986
31033
39846
32865
6452
41799
48702
35196
12223
58151
24033
21025
25730
8550
37651
22787
26487
59286
12718
14525
23953
36948
31935
58355
3141
53037
31742
33102
56061
21640
14854
5368
24120
27742
40013
22465
5393
25965
53146
42055
46727
51912
4215
58277
18867
22902
48843
27390
5071
59412
31697
44054
50848
38159
17181
18343
53240
50706
8533
39131
49724
29238
26339
58218
6796
58092
42091
5602
8800
49478
42665
47633
5884
22762
41891
34462
45851
46709
50814
47663
40761
9464
12947
31065
32584
8087
12737
5326
10624
12756
47267
12988
51993
10233
24105
14223
9271
27979
51636
33908
42712
3640
58782
37255
9118
13836
32592
55463
24951
4968
58596
10526
27451
7418
6112
10460
24008
17376
34676
31465
36047
55093
34524
23703
34201
16139
17589
36962
35483
17229
25351
23460
50459
4813
41812
40498
5488
32639
37269
11951
29516
43309
57967
57139
31908
37094
48926
37950
10149
57195
42001
24213
37095
21541
42766
44326
46082
18099
7140
26958
57333
33075
13526
52682
26761
11510
45080
11835
4626
6055
30632
45212
54579
52694
50088
56650
29376
28036
32114
19779
18995
22609
5376
10076
16776
10917
33846
7690
18702
59596
49480
32530
59213
13494
24136
33163
20588
24275
10465
50669
23223
54790
35328
23217
54099
47337
17580
58582
20720
43738
11804
44294
59764
12368
54416
35646
3337
15529
44675
24744
39714
28685
9810
18013
34707
34075
18777
53228
48624
35208
8607
21337
11327
59308
14756
46901
22659
4132
57720
46687
53318
13178
4507
39159
21840
18646
30367
59707
20680
55292
43408
4133
59433
57319
7059
13737
27804
46745
28223
45375
45006
21441
47978
59135
43163
26780
18798
7681
4199
17825
7590
27514
12121
57079
23103
30561
12586
30847
25711
41127
27793
3860
56419
49717
12161
30299
5498
14384
13312
8854
32154
36040
38892
30085
32257
47853
6226
56516
36722
57349
31136
53734
53096
26557
28969
18167
54965
47162
55064
38528
39439
6990
43433
47388
59527
46752
13681
37711
35041
25750
22373
31392
38836
31113
3694
43765
8516
16580
31678
15850
54747
36377
28123
12185
60000
36886
55632
55384
57027
27889
46000
46937
11739
36312
29764
57365
27857
8391
44066
53269
57520
13417
4600
38056
18957
31820
42395
37470
51344
8970
30137
8797
41905
41269
46348
47363
47745
16085
59733
37226
15282
22486
47161
46496
19936
8717
3640
27597
30729
21218
33602
37308
30477
33033
11256
27479
17888
56925
47843
24541
11435
11506
45384
24084
36891
52535
53821
43072
52221
17916
27426
51583
13738
43507
21137
37698
28543
55224
42780
34705
6958
39754
15203
22804
17118
44307
8977
23803
54744
46292
35758
24725
48205
17881
50874
45022
41401
6994
47138
28744
41332
45703
28714
40078
58274
39163
18233
10982
4124
20881
19335
22199
24494
52715
47894
45261
12463
10538
49773
42944
54718
46699
11011
49831
50623
59716
22060
20965
59714
40979
22217
57200
9374
54192
8768
4505
18638
52633
38060
4397
3940
7112
34088
50471
19014
59805
30616
39971
24520
17772
20083
57922
57597
51199
53832
55449
3002
59311
36313
43067
26325
35052
26759
13631
24300
38398
21555
3611
18240
42564
44657
45002
10779
27756
26967
22006
38636
7733
28881
16185
35792
36609
13110
54707
35042
17507
25895
41825
14466
20792
23281
41512
29598
10120
47415
58372
6698
19324
52506
42068
20212
33786
49841
59628
15042
12437
42843
41606
21133
40149
27605
10600
48526
59973
53481
33751
8674
52915
17626
35244
35316
12124
44533
36418
46941
22998
32051
10755
28216
12550
41097
28216
18877
46501
31127
18533
17114
40395
47047
51967
14190
18587
12822
30204
50159
34113
44128
49087
59923
43748
59647
48522
35064
31622
4703
44951
33702
57077
10679
42132
13494
36007
27194
31665
55149
44881
36050
11839
42899
5581
18342
22399
59773
40706
21820
20864
20368
58292
4718
16693
32154
34293
37793
47350
32780
14190
37745
40932
22282
12264
26806
29857
4639
23015
29139
5904
20598
10539
30045
47518
34642
3936
59227
43967
23832
17585
28536
59680
45568
16908
37753
9853
38574
10602
42985
59602
43908
3557
22178
26613
27868
54694
12575
33399
47430
15030
53844
57915
38989
4980
32870
5320
28716
27903
38019
53378
35756
53935
44313
54414
13907
44611
26344
30697
43131
56289
24010
40920
26750
18720
33466
31834
50146
28789
32639
54615
41434
41775
54885
7836
15085
42905
15778
36866
22514
52693
20664
36905
24082
6358
3061
35776
51137
32622
34561
23776
44979
37871
59164
30949
19384
21375
24332
33667
12233
45710
17068
14645
48043
21262
4900
3728
36541
25488
39463
25234
4578
38933
12123
13521
24469
25454
40688
21992
19254
28922
39086
55551
16212
38751
9433
49995
52833
30873
56676
25163
18436
19392
9716
22612
4990
30283
43878
30563
55145
25678
26896
38067
41990
58430
43887
59580
17923
46321
46810
26385
45694
45534
5474
8641
57218
13751
10104
6936
6694
34820
36273
31461
29725
4118
18014
19314
50640
37919
25338
49782
42761
8125
34381
48472
24415
25694
41157
10545
59216
44722
35901
57231
56804
37223
8020
51332
57726
55511
41288
43040
25071
38863
27536
27720
7979
51184
29068
49480
5485
56187
56108
53156
3223
45630
52538
42174
42272
12221
33280
59679
36057
32037
59002
21963
22344
33713
41089
49416
3306
57832
43050
37679
46145
42475
20058
23938
48398
55661
52986
19445
5469
23147
22532
22342
32806
52639
31266
40324
26604
52354
27358
11323
56593
6390
51282
18517
18010
20498
15397
28098
37567
53487
29449
18468
56859
53501
59250
6402
55002
32126
17322
42923
54323
52208
42021
5840
25945
11579
33980
16010
27573
35941
56261
20782
8003
41941
53303
7196
40676
25855
34440
53291
22575
59333
9744
52738
48558
13533
27837
45642
17591
25056
37972
7594
48439
6123
52812
29366
42341
54817
29932
4252
20596
13761
7722
58575
42346
39492
25951
26932
21583
14167
27681
37163
29658
20688
22473
12994
6962
18726
15851
57326
32487
33628
29375
28707
53149
14364
27911
23699
24408
4769
17526
18668
55772
16459
55329
10615
6066
14237
42690
39491
56222
45254
13380
49215
50826
7506
22016
19722
49250
23523
16858
24023
34465
52082
33851
31222
32509
33973
33592
44498
52130
4400
45793
44797
51960
41778
3059
4853
7515
45324
20374
46824
19932
36284
22425
55592
31495
3598
42110
6920
35242
37259
32113
31570
34459
3361
16456
10393
53118
58545
54946
13069
22995
54488
39239
47984
53933
25939
43060
27862
43896
48452
33450
12700
5712
44939
42556
3055
7654
50366
39603
14566
43846
39798
20389
47190
26435
43637
8957
22395
10718
12338
58130
22888
45334
21127
41151
21423
29682
28070
24294
14665
32890
26024
32896
25207
22097
56466
45840
42977
24364
44120
40784
14214
33723
46622
28012
24312
32026
58125
52859
56715
52561
48805
33327
45498
8788
57496
9186
27669
22228
36201
26952
4417
53521
39094
18596
39147
28011
52436
31359
17928
28229
14550
11027
56879
53308
47854
34990
5977
43933
6387
33458
29233
55456
32384
48284
33735
8776
25444
14101
43716
49432
47388
32998
16219
24001
30770
42964
6705
19852
46606
47222
24428
31304
6355
41769
38248
49802
40211
59227
6848
5587
59248
36142
31972
37558
38794
28298
49136
38534
31830
42118
13130
29787
27032
41595
53819
11161
30730
13252
13847
15042
24566
35567
13135
33568
31177
16026
48362
15804
43886
8736
13312
51518
34462
49865
26646
44581
50632
15840
34271
11992
46780
55982
16889
11934
17858
13103
36952
37129
35716
15160
14277
37198
37923
50618
7352
31130
47744
31246
25455
41120
5471
41815
52325
38968
59084
32085
52962
27173
54331
31192
42420
37247
10633
38987
10847
52876
30393
21618
15078
4940
15590
36911
13262
15968
27717
58808
50022
39538
34129
49875
44968
17728
29185
27992
19357
58891
9863
13970
48404
22244
6225
5614
34680
53811
19585
58484
7399
21310
36719
4042
47650
38380
26128
35764
48348
25645
46567
17741
52846
8363
11618
16523
27146
44634
52135
38866
3818
53014
12480
52056
29836
58102
23464
38578
23252
31277
8253
23240
11179
31848
34153
20732
11605
35918
40903
53573
57259
26314
4813
32964
22470
36411
8070
27800
24580
3294
5883
6467
10277
53223
6005
41530
44839
25581
55896
51080
26669
10696
9897
39996
29351
45705
55502
53909
5544
49728
26039
31252
26538
7345
33478
35864
11761
7734
7662
23416
36159
45237
42586
31706
40451
46572
36588
54030
14370
21355
14592
49091
6573
18297
54910
37300
9194
42035
24474
35628
21080
19588
46192
4341
12309
32903
8773
31245
38307
35510
58162
56549
29240
59092
17967
52868
34560
25804
59870
45475
32724
48802
44904
39146
14511
21068
37222
28526
12550
33843
51006
4875
43852
17725
26537
47430
4412
19988
59203
54112
47193
56688
20501
30031
5641
47411
12285
26641
19771
7846
54716
48237
27980
7073
54245
43032
35320
28276
33092
48022
14378
9534
9235
15436
33851
46283
20293
49892
27395
12671
46436
38876
41538
13277
57265
8364
35190
10814
53851
18320
35620
14130
45730
43321
16032
39630
24360
16025
55370
23220
36248
16981
30933
24608
22385
23360
33471
23897
53902
27259
40466
37354
46329
16577
22278
56221
39289
40817
32195
49417
10507
55889
5536
16807
29029
32180
42212
34621
28397
9098
55218
7564
53202
4393
17681
33132
5421
10577
11759
36977
14484
35159
30070
15281
45561
12614
59940
6924
46466
10781
36644
12649
39897
32386
18374
8498
27888
23059
18284
56944
37181
27139
38025
47207
16943
25252
52293
27944
12009
27809
10920
11864
27773
14633
37058
26745
7595
55756
56486
18283
57072
32364
15186
9007
41456
12416
59787
23103
52106
6507
42672
23798
12228
19367
54102
10487
32125
24794
42961
4725
42128
39253
11067
3654
52032
40475
49322
11627
35000
6051
7083
34500
14923
47167
13814
55604
6897
13355
55692
58012
51399
44182
19124
31060
37982
10132
14603
37514
32068
45184
59843
5942
19397
21348
34255
27827
34095
17755
21426
51280
8160
48552
8420
35636
22509
58996
20964
44837
3004
41935
44421
3152
45653
19897
34625
21128
18011
39637
49285
39109
59319
13896
25955
50650
48480
36475
25138
51257
12360
17072
34847
43916
47071
32147
50136
21448
45730
4604
11448
49083
34154
17357
21656
32348
59598
56078
