309
32869
6271
10310
36839
52005
3289
28776
25046
4230
12252
7337
58055
31959
55897
19084
10692
8586
47283
20802
26845
35959
58831
48062
43277
23090
39608
53900
34718
18449
59764
18385
7041
35434
31358
13493
42404
11898
12828
11374
52430
57991
19917
27371
13685
3746
39005
22448
34528
30218
39530
27092
51133
53056
8831
41059
35805
25218
44824
59658
54688
23365
39938
47386
29281
11517
26013
11510
34503
50239
13503
28320
37072
18966
24812
29176
23020
56009
49277
57379
16367
33858
34439
38570
28774
15141
40532
56758
10237
25051
34561
30056
23528
3093
20875
42369
30267
40813
24947
14800
39954
38545
14277
35174
38197
36386
59336
44639
59464
26784
9256
30093
19663
46075
20750
37403
50247
52818
7723
14673
36050
59185
15649
27740
52537
55588
59158
11788
8972
13716
42182
40258
42288
5022
47904
43357
16443
14704
13859
27875
21657
44772
23992
18127
29279
31824
7808
25213
35013
28301
14483
19641
26283
24404
11470
17121
9247
55233
3465
38197
9092
23813
14347
35658
53859
16644
40975
4296
38501
37985
14284
45628
35340
3818
23196
49392
24699
17417
59114
4768
59179
8683
44525
4066
48816
30084
8092
56607
4663
47083
29781
52714
20010
54800
22564
8443
11224
41588
59640
44197
56111
39469
44677
25337
57272
43655
8092
4177
55081
24836
12414
16397
34869
47042
39180
10343
51449
30530
31456
39088
25755
33813
26908
20901
35293
15995
34929
6382
48769
29495
54754
14758
9099
57769
46631
53232
46069
9337
50658
41459
3924
12014
49123
11732
28721
37379
28170
9470
33505
10730
19822
24115
26937
13374
26553
39870
22230
6610
10600
23181
43284
43288
7842
57692
51782
59386
11566
7759
35848
49677
39125
20817
7295
29690
34832
16201
50175
23651
46484
59533
8571
38587
38254
53800
41894
48539
59766
19915
22660
57362
57644
28700
16421
17449
8825
33216
8389
56290
11510
26645
9080
11676
34754
40294
28456
26414
34718
47991
24570
16305
