937
16024
38900
40329
31971
11401
28502
47780
49095
13807
36621
29374
47726
48789
37384
29096
4861
15227
10031
55333
29957
46360
11076
53105
54075
8260
37020
33864
4716
27924
27194
35945
52765
34218
50013
28902
25564
16053
38558
54333
23772
12491
43547
28960
32030
38680
12817
25873
55524
32422
20287
19201
12958
34559
54064
19874
13676
14647
52824
32298
51221
19511
27353
14334
6110
34757
10953
52642
10624
25938
19721
59392
37616
51688
34275
29406
45330
48246
36232
21736
13315
57736
50293
15784
41431
33053
47878
42821
38723
19834
57974
40426
35249
14119
29840
34701
14136
25307
9451
46862
56382
4914
33398
44288
5005
16703
9750
46633
35628
24889
23942
11896
31424
5501
6393
37123
42921
9886
3633
25047
57251
31777
25253
55100
33686
14371
49843
52744
57777
12064
28332
9488
30998
30661
25077
43245
39652
59152
3649
30981
21052
28624
19887
57984
19711
36949
4359
25515
24758
45374
3175
56365
13475
57968
37299
32756
46949
8214
36120
31313
31928
24352
31965
29041
58907
22089
58501
4956
36748
50072
15414
48854
20080
59464
41570
19361
23974
29804
20108
50845
21504
59326
46731
40964
27425
18393
34895
40966
38070
45861
32081
35942
22634
55598
41656
18720
47707
59279
13623
34779
12957
21367
33127
16498
21613
49475
26931
4933
11304
22956
21336
31690
10932
50312
22076
22324
49198
16378
44285
10805
12022
39800
44989
32144
28903
17254
16880
49345
35054
15240
57728
3076
40103
29827
20644
34033
31703
24674
23951
22481
43719
8253
25636
40110
54207
3832
47201
36599
17269
58188
42294
56261
13908
19102
32456
13620
59864
47761
19111
18706
22643
56197
28188
13100
54467
16619
7921
43520
32182
48211
50561
35543
22228
23658
46809
36225
10541
56748
43150
16700
7702
20021
38690
46230
58313
31015
52860
55301
54628
25874
49485
26874
54107
24135
39009
42771
52802
44270
45319
29368
7165
7045
36055
9333
44434
37450
51922
28405
45940
45142
47372
4005
49382
34923
53034
34330
47872
47613
11147
18988
9438
59727
11063
3084
27109
44306
5483
39288
17761
15289
23938
13433
51170
13313
27316
3441
54307
5470
44981
48534
48024
26526
53127
44013
55801
53524
52954
45048
10052
52315
13072
30774
40889
54002
16981
40377
54131
57260
53192
3955
46502
35470
32491
22366
49160
18366
4601
14745
28303
47146
10406
55519
26383
38922
29463
32679
35168
58061
7719
36535
39171
24567
52822
53998
38538
14936
37067
3764
29073
59518
50614
58443
57497
34228
43014
4381
58983
19520
15687
19001
30152
36529
8342
5788
33844
56813
42491
52817
28234
43000
36423
8308
18577
24541
50296
26566
33611
41388
4142
54584
47131
36156
21170
53413
55759
34125
58360
25151
35112
10109
51323
11026
50520
49572
11261
8634
30162
26961
36296
56302
44029
40661
37976
58949
42046
47719
6878
3610
55338
31119
16868
32870
35039
45744
48547
10286
35363
22263
9840
30132
25969
50342
14110
14908
20297
8251
44653
57816
56597
15364
48231
33452
38352
49670
24234
6842
34040
24195
50120
11465
48247
23328
44626
15945
50612
29729
35477
55187
11921
57282
17287
3081
5461
34379
23079
43352
52774
42985
30179
31549
52658
29235
9668
7444
47175
19346
57831
46107
58984
17043
44545
44160
59528
13715
21484
34911
55498
10233
32974
49356
35053
14198
59910
54981
57032
12484
44712
16858
29791
8396
29302
4506
9860
7829
12376
35054
37247
24127
34863
14816
27193
59746
38259
15651
9838
18461
43367
36501
17182
55773
26950
24168
43736
29616
15228
5247
40267
33295
42859
3389
52623
20067
53421
33091
38851
53334
45940
22348
53948
58928
3073
49300
26245
30549
28209
25736
38785
22780
32551
39670
28430
16379
31977
43709
49832
6109
17458
12783
41144
12969
30654
34518
25644
40384
5210
29003
28994
45557
14790
21946
54524
55147
47466
46279
35497
46869
19053
9526
30375
34835
15480
20242
44538
16217
46533
28606
3955
56782
50679
38870
47715
8018
43688
24093
22386
48365
48959
58081
35219
42449
58884
37360
22703
52998
10690
48321
51188
17931
21645
40537
21947
7092
39061
12226
37172
49703
51844
21176
26020
51489
47242
36411
42584
8403
8471
46714
40405
11508
50025
7972
59879
31464
36454
21460
42537
46184
54018
29561
43976
12959
59678
55226
12519
44716
37366
41701
31246
21098
58901
38694
7432
35654
46161
18132
55456
28311
11764
51161
44268
46792
7188
8113
34839
50125
33690
56457
53108
45722
7707
37666
12195
42953
28501
33507
16512
56625
53963
14317
33473
56169
30478
54978
7795
38457
59616
10390
58235
36081
55296
56585
17796
16852
50463
29724
24503
50833
15992
39261
19693
33562
51452
59811
23011
59017
28919
34977
46482
41430
41184
56651
53481
47019
23950
24626
46723
29424
4317
6394
32894
43668
52583
39678
39173
51652
24165
39420
24826
13636
3180
31446
13967
13101
46540
22803
39738
54631
59077
49285
4815
10089
14534
47870
33237
44905
6276
3764
50421
30555
57611
29399
44617
33680
4552
58848
9376
53189
34209
42154
51338
16208
8731
3737
8128
43376
23073
51660
44982
28889
39982
35039
26308
17603
56013
13688
43275
8407
18662
59558
5444
59339
20637
11450
59058
28083
18711
42228
25991
45490
42545
11774
15982
41489
28749
8285
23930
46411
25360
50277
20201
43109
49237
23891
26051
19402
9223
6508
48446
6501
42724
47350
14184
35390
19403
6174
42046
40125
46555
47661
24183
35978
35179
13278
37191
23662
46324
39823
46854
49450
50423
32442
16921
44055
21266
21967
55326
28896
16329
27358
52382
43450
6879
47634
45616
41583
51625
18230
45954
44425
14402
4702
10816
14416
32446
26184
52176
24585
46321
37302
7019
16692
47344
27574
30386
36737
16455
23459
52119
6338
15136
3090
32170
36932
48290
44510
59535
48158
38791
8296
4893
6922
19335
57432
20765
44589
27156
34500
16346
38514
34734
38959
52224
26640
57785
42387
7484
31968
19206
35103
37403
15274
58337
8801
4661
33893
49783
56386
38261
18842
