1242
21756
28295
35457
25920
32059
25307
58495
41153
48854
52877
20733
20148
49114
3005
10831
50932
51383
17983
32951
26094
48178
32900
36775
9125
37178
41193
46992
54826
45467
56397
32390
39649
49541
41538
54152
10118
18616
5911
48820
51902
58303
51688
35925
51090
8421
33979
35373
36576
5225
13892
10920
37706
24049
29658
39260
17790
29481
59672
25920
41437
15952
13598
56230
13374
18218
49331
22080
57764
23113
25606
49739
23056
53693
21320
21920
54044
46374
42820
24001
37769
43789
30099
3127
49536
58161
26414
13344
23238
55813
3173
9829
52278
7641
45828
29775
38909
57187
56575
10317
11838
48186
24040
48722
37412
3834
5989
44867
37867
36964
59307
10752
23834
47235
26708
12092
13082
36864
51941
55963
19239
57126
8987
50834
5673
14523
10281
34321
51010
40716
44535
28674
34628
49073
11572
26783
4028
5555
17270
24968
27508
22064
3305
15474
11835
8078
17762
42257
33399
26283
29579
21856
12401
18400
26075
44571
32719
57912
53333
58151
55676
27525
44467
57586
55107
16700
49639
24260
44062
18937
29079
53469
37244
9535
21257
38124
20452
12002
50669
25941
18224
49969
33775
38017
22843
51123
26733
50235
56278
11342
35750
59001
12408
29337
44104
3262
47797
48160
5962
40279
57551
55376
5487
35146
21428
22953
5070
47446
15792
22155
32955
45121
24903
16192
49554
24343
12756
40653
56576
15502
14180
20869
8542
54234
43892
29876
50557
28685
51776
32074
48259
29434
22605
21612
48931
7593
19235
26874
36208
53961
15201
3591
46697
59520
28935
14896
14263
51361
22779
7472
39345
24653
31675
55149
12403
21397
55570
29038
38496
13507
56069
48613
13076
27084
28495
50228
59363
14589
56925
31244
28275
23534
50544
30709
4799
32113
54749
15399
24596
23806
39511
18585
13612
54555
17204
58307
7390
8172
43849
20175
14521
7375
59248
54199
10991
57539
44263
48359
59448
35182
28166
40105
47958
52551
57764
45823
22877
43858
51761
46252
44764
8810
38963
42830
55160
40126
36404
24611
39402
8796
5773
46609
44460
42202
27460
5554
34677
23631
46489
49048
23367
51884
48486
28082
16427
30933
34423
15234
12815
31071
38713
4269
26170
25666
15950
36504
46725
34572
48088
36033
41752
17075
6241
4668
22682
14337
53205
22919
9734
21804
11693
30360
43479
12078
48162
16011
37998
24013
17663
25572
23556
54134
24962
13210
20228
35485
6791
25333
52450
45552
10825
39303
55366
25108
5141
39004
51217
43192
30013
20456
29489
59834
39378
42471
34355
45387
29113
24403
13186
39917
33870
27544
15726
16544
42103
18219
33814
26427
22748
16395
23914
34831
23014
53744
29800
3204
9250
24856
43736
47181
36109
40375
51126
40334
22640
11238
59945
13123
36558
18373
23051
19360
42794
19327
45850
16288
40745
56301
57373
42440
47055
17749
49332
15889
28532
45938
4963
9984
18773
4506
4078
13781
17275
24711
57024
13315
44976
6975
46637
47171
35228
55020
33304
40536
16324
51094
48741
47064
9463
33751
32187
56606
31505
57452
20139
46014
56672
29072
51260
15464
11244
10599
28251
35992
38926
44856
22470
19154
57028
11248
40616
45015
58237
18104
21935
3617
11475
5870
25623
41574
41070
36339
14120
24545
10934
18392
38411
39728
42293
8365
37683
7361
34127
22015
13987
10344
46660
42747
33683
50527
10599
39965
14613
6014
41436
3706
57739
57934
35676
12602
44867
19628
53428
46454
39408
42427
31814
9047
3202
24739
22744
45181
52181
59244
3598
41084
54294
45970
4965
15319
28040
48663
41382
25225
40602
26869
11810
43908
30443
37345
47448
28396
33147
38840
59576
18142
57578
55298
7473
49694
35725
43962
32092
35175
39544
50293
4165
21010
10362
4735
56950
44838
21668
45029
39966
59722
30162
22878
57124
36850
45136
38146
56816
46694
11717
26709
27133
42993
6010
23541
32606
12214
24015
58003
10073
6932
19796
33745
49887
21361
42792
44616
56964
55888
32667
10313
40489
41852
47750
22615
45668
3247
46477
11499
31523
3519
51116
26567
33522
45944
42339
48445
38447
30885
17964
43528
42804
19661
6256
37470
24865
43980
58408
47066
15373
6047
13356
44354
40793
3776
56716
21247
8120
39461
15256
56995
11670
27024
21458
17784
13615
23427
41655
6873
57449
18447
25759
8652
21277
54143
3918
37706
56886
19493
7317
36299
10670
55427
17862
45036
45988
50639
19576
3101
3961
31290
35759
30274
35436
23939
54252
47506
20731
26531
12041
10436
32761
46582
54164
54200
9799
56606
57547
32712
29414
33476
23100
44001
46347
24032
20146
41825
59572
16447
37009
51525
8096
37064
40959
33537
30872
46458
18274
38503
36746
26528
14998
6160
3501
34190
54235
27813
47316
36736
44804
5051
14261
14484
37494
24441
57994
32170
25363
41098
42491
46750
8117
8425
52323
47313
52362
20533
38710
10303
52873
53226
45136
39567
53725
34819
56256
27378
39524
22243
28893
43114
52306
18677
50540
12816
38806
33049
47746
44324
30899
3673
18693
43312
48600
28554
17502
51847
11635
30191
47304
16452
41976
28084
50915
36409
46553
52004
13215
46301
37732
32030
37725
21258
48126
14658
29343
19776
22006
34122
29408
5497
37106
20486
54085
37291
42548
57804
17664
5922
21181
45579
45638
27451
23258
20755
42421
30891
17499
23357
30218
9681
34620
38092
33547
16072
59044
54138
9851
31577
40555
31140
29395
22592
21052
4169
13299
50802
47358
11478
7278
56664
34540
47780
33523
4844
57390
54077
47575
8664
19941
17360
12593
21949
3852
45144
56349
36488
16906
52810
3230
22125
6830
26113
7198
16523
9418
34196
27788
55304
4321
14873
35134
46073
9994
43155
47452
5869
52372
7591
51115
58548
16211
38880
21250
5240
26149
10560
49343
35108
57389
54906
15986
4968
10506
28710
29134
29210
37503
19314
58618
16104
44537
49435
5846
32003
15770
20546
23968
38692
52608
50131
21828
35384
10261
29935
29939
53919
40166
17451
39763
59244
22655
26866
8230
59910
47034
27899
8942
21035
54214
7014
17725
9286
38213
33907
53663
55788
41162
57388
37383
16443
19415
57939
50450
25097
8011
17109
36408
3342
3472
49886
14494
13614
33717
32287
49279
47940
25005
21750
40466
50929
21880
52894
11550
23762
3109
29722
31678
23637
55593
8222
30567
3796
43358
52047
26838
37625
24431
25354
43148
23970
35712
6138
46729
38708
48794
8609
49753
24552
9302
59477
32837
42554
14968
55532
32682
52502
54497
57331
22618
54845
13118
30374
55876
18400
41634
53668
43987
25926
33136
15956
16101
10136
29514
43682
59556
21079
46884
49982
28776
42336
13264
9186
27513
30507
58829
29283
57175
41816
27200
9493
11964
15069
17062
34086
52800
23030
24446
5395
23094
13553
17618
57011
35943
29357
20187
47150
35165
34670
54014
51626
35737
46989
3454
59251
13538
8897
33543
16378
55824
43907
25219
10813
33779
48602
49070
36216
57427
13603
20699
35477
39771
13074
58678
59851
45025
56286
41120
10256
26796
50913
5053
58424
15127
14685
15146
10826
35063
13062
44495
43103
37838
22085
18033
11988
5448
18200
50949
50919
54219
10240
18471
14996
9161
29974
21753
34761
22958
8238
40533
32094
19137
35245
27147
8291
49462
12661
7222
59235
14278
30760
22831
16751
44544
27894
47475
42072
50872
17230
30750
10030
56212
40874
15658
50546
27664
32413
11532
13066
25078
27058
29291
24505
57570
11856
4666
54503
16890
40251
8173
3417
56018
13659
11435
49200
34017
34691
29152
38600
18366
27707
6047
16618
7811
32057
5279
41057
16504
25049
47631
25880
17673
51104
15960
44295
43512
10444
57585
16735
34569
54541
18851
31733
49315
43838
29740
15875
35929
31606
29319
6160
11788
10329
41316
26881
9692
18168
14701
12657
21254
10995
57318
58279
14679
48919
54690
29963
15320
27335
17787
54800
52556
55932
34032
28680
24972
22513
22648
28255
52248
37037
58913
9289
28244
40194
46521
47713
19649
56339
14555
22552
50839
20347
55036
11709
54059
33240
40438
