1643
7992
50283
50183
27879
28791
31222
18511
40036
25149
54975
13423
40580
59071
8039
19887
34217
18132
19431
25362
6399
31263
44847
41657
19569
22697
6476
45122
37582
34516
4721
43993
11855
51306
54908
41301
45993
41155
24049
4907
16891
7459
40333
15934
32079
54232
10197
36822
22141
23340
21777
39324
23547
39513
19713
31365
36900
3028
17965
44646
36246
44724
11824
34228
32646
24102
23304
39843
5162
27769
30199
31624
39339
51849
49623
19126
39499
18107
19592
12144
57785
6900
53459
46529
3050
39956
41294
12049
39676
3687
50577
54834
45605
40904
50259
14291
19860
8440
36201
36991
45963
44827
29652
35663
50147
24363
57633
27486
42451
50922
13284
29315
49919
19961
16785
50671
18605
14309
15820
52616
12571
26325
55295
56149
30559
32439
24622
16129
4248
36927
12505
7700
59312
45333
51655
7712
59491
18522
5192
58626
14208
22489
26872
38188
39504
58489
27605
12886
9237
57920
19335
50892
51016
24914
32040
54702
28616
26915
49581
36869
37802
18605
19798
31389
4546
3997
31625
16502
12239
15239
9789
33433
15102
55219
37015
53825
13914
3789
52753
53220
44846
44164
41834
42385
10666
45043
36697
49785
32182
59494
47602
19482
47576
20349
33252
46425
26840
54386
21330
9826
55049
20167
35563
50289
12216
3716
7068
32362
16367
18668
21434
27040
8774
42621
17246
41150
49628
58139
7491
55169
30959
19217
32449
21782
19337
38841
55736
10866
32858
14874
22102
29326
54888
28884
40140
18504
5911
37508
58898
55015
45849
30092
28168
28634
20151
19523
3797
4507
42237
15470
27290
40387
8856
53476
58753
41726
35225
26187
59316
47796
27630
20166
36106
17484
32751
43472
7006
39490
31222
55039
4245
20981
57443
42461
45076
3737
48638
6318
34070
43853
59478
29741
49761
40507
17348
24647
56503
12261
3044
49864
30397
17938
57180
15043
35857
9387
29766
49795
51460
33150
24496
4776
12206
54453
5096
44908
39647
47904
7597
7902
23569
53850
6322
46285
18874
24782
33275
26410
18694
29312
24540
43513
39950
39672
49837
44248
55367
30718
31154
19130
19423
29671
20471
36110
52378
21770
31762
56612
45787
43591
50757
33487
20707
19829
44778
31546
28471
46154
24856
13362
15698
46614
15353
48187
26866
18528
45016
21283
55291
7206
42522
36430
31843
44050
16638
54756
54168
47064
16587
17396
14535
5899
54459
46385
33300
31772
47692
29356
29335
19751
28589
14738
32464
13002
33997
10248
43974
17818
25891
28046
55047
23083
41909
14087
42219
42976
44835
44464
48843
54225
44232
52830
19998
9113
38488
6106
17599
31712
39268
49070
53602
25906
38018
45253
37714
44290
52292
18996
58062
30832
8802
9145
52517
43364
32456
46302
4385
45089
5039
26027
13809
39066
13739
24003
47274
56627
40426
18304
57813
21042
25075
38345
49872
18578
26679
38402
57700
32299
57830
36303
24121
58771
8979
5375
54132
52097
46873
15924
54349
8049
25121
38058
46584
57430
43727
32840
15924
5044
46194
3543
41367
7903
19887
16299
39616
6136
16392
29858
36161
23151
51230
51735
23961
4744
36225
4638
47489
45201
6826
36675
29285
34698
22089
40318
26724
17974
33761
51192
21545
19562
58255
34003
46548
23622
34427
42908
23798
34002
10669
27331
44151
20439
41071
12260
28089
57008
14818
23573
19764
52325
49194
51092
5962
52786
24930
16981
45213
44229
45491
10280
50101
57674
5608
9545
34458
54122
34763
54172
13021
8443
9026
56357
6189
53445
47149
32182
59667
58450
54036
48059
24167
55535
5538
44985
30380
34500
3046
20882
59634
5597
49577
51543
46836
10894
18029
44463
52606
28638
18074
7479
27931
5876
18635
17652
56003
46196
32142
42907
16134
29306
42630
18085
6709
8300
42799
3504
52010
33672
23374
9951
29210
53999
39111
9769
11338
30476
28338
30896
32867
50291
44853
15909
57377
48067
5379
51211
32947
58126
34979
6853
40175
22412
40057
55134
50324
50560
44205
21433
8879
6342
22993
44993
55323
25820
35194
40927
59975
38858
57865
33423
25890
16200
13725
5119
44192
25515
46816
13752
7371
43833
14405
37184
26236
49652
57004
29827
16472
58470
36406
40779
10430
21776
18738
40158
49066
24263
30058
18880
27679
30109
20164
58891
55440
23891
19219
30930
37184
14929
33578
7175
13803
31626
22084
22667
40391
13644
48182
43637
29085
22949
44436
34743
32801
41266
44925
21532
36140
15707
45791
30868
45616
14711
36398
22385
58919
9664
29923
4634
6277
29950
12487
51721
50260
55546
23846
5534
40159
27703
55577
55344
55383
16186
55771
56331
16278
16038
52715
42336
18890
29005
8933
41548
14448
27998
11386
13216
17278
33902
29041
55100
31044
57064
32414
42426
8659
39531
5053
52814
10427
59084
8884
41838
50601
18470
41403
40609
28331
19355
3770
5676
37067
53666
15715
4781
8322
42656
7522
48111
31912
51803
53177
55203
26380
47111
46110
28144
34296
18557
44292
9443
10012
45103
24091
39417
24803
53656
48752
10875
21529
55787
8885
39838
27308
31546
33582
8614
44701
5190
58055
5172
36382
33713
40514
15129
39833
34454
57009
55197
8111
4232
18245
59760
33454
13059
6343
25867
56162
19652
23873
42835
51265
16047
49391
32796
35772
16941
31054
31571
28718
5028
49260
33495
35291
33856
19571
38323
28306
34007
21222
29081
5801
32148
18129
45550
6067
49982
22648
39486
13021
49572
46548
19944
55159
51425
53197
35538
33032
43072
30150
56415
43485
34326
3140
5675
58555
26518
25881
19417
55441
10179
53774
15943
41976
18139
55622
51093
54170
46257
5649
12102
39142
58161
45519
48967
16365
11764
31055
34346
35806
7358
30120
33232
19158
18503
11762
56390
35706
54571
53493
44529
32646
20387
24451
8394
26939
18346
29883
37813
59874
55043
57782
50336
57764
41635
38095
23932
47746
54860
11631
51683
17171
45768
10892
7043
40397
36383
21637
6905
58911
11731
11316
17833
57584
30491
42236
6175
19292
30094
59127
25829
45148
40917
30014
39400
11113
32117
26629
30831
51007
6594
7822
53788
29681
10853
59379
13005
15379
37517
11792
11523
13224
34195
41728
4300
24482
15245
56265
32477
16625
12686
45498
44130
24713
13638
6468
41352
11772
53469
5866
12299
38841
21773
12591
24931
11852
44280
41169
10537
29888
49698
25688
3338
35853
39797
8091
43136
35125
59459
10369
51629
28569
11448
22816
13414
50130
54107
54227
25266
30078
22617
29358
57314
26363
40086
48169
16035
6907
21495
9649
40613
32692
43849
31446
19754
23765
49230
58763
4328
13329
12618
18547
32901
56484
53141
54857
20842
18540
13136
15575
29107
22088
56996
38790
3963
21137
17943
45177
37274
9521
54834
54496
36436
3921
35738
12649
35785
56376
15815
40224
8958
9367
26514
18427
4614
45703
29608
41846
48076
39000
11458
3141
20651
9171
40883
53702
14219
41228
26260
34019
26315
40946
21466
44621
52013
57508
47160
11341
41179
7193
42489
35433
10407
45813
32668
34172
44690
43835
23446
45251
38383
9506
49996
20870
21517
5213
39120
10128
44215
18112
19948
52899
48952
37328
22401
21925
52295
35970
10048
14960
50807
53817
47901
31722
35827
24960
11133
22009
56827
19446
24196
13666
50799
24464
45769
46998
41953
48548
40380
20742
25710
59191
49989
8949
56183
24448
35324
12446
16750
58377
34458
16845
19094
4668
37645
4488
59159
42484
46481
33451
33255
27835
25292
9521
12876
34049
19715
8546
14736
54583
23985
41369
46248
49984
44966
8741
45531
49822
23573
15646
40035
9122
47052
55235
15297
21286
7310
30418
5481
29808
14286
39697
57802
18122
25012
40075
19306
48589
4544
27824
21996
17689
39561
28294
21446
59223
58692
54020
4048
3283
52926
26258
13924
38425
53063
19263
4322
27591
27972
31356
30490
57450
59841
30756
4565
16993
56480
41139
31272
29116
38327
57339
12603
41228
25528
57980
51278
24045
26263
57740
23618
10851
45080
14313
51752
54683
38328
11821
10512
17557
48008
50784
24991
33841
12815
32259
30136
54158
10605
10290
20623
52769
27407
31658
33103
14333
57692
35489
14155
40520
9391
45120
33364
26970
43855
15722
41173
12677
27601
48423
27383
28723
48022
48658
27544
37392
45204
37808
34459
4198
42555
21749
21946
22356
17034
15998
16900
16825
48634
6445
37731
21281
12316
59978
50589
29669
40730
39905
17271
29468
17681
21290
43943
22522
50561
48942
5430
28541
41048
21528
14787
12883
4589
41420
10470
54515
9277
5947
34695
5229
22310
17137
48978
5557
25067
9485
12878
6973
17696
50352
16016
14431
23463
24843
17376
18320
10952
34127
34240
38535
10357
53311
30574
43198
8382
4167
10271
51710
24571
51478
55015
12246
14144
46456
58791
51467
35556
39708
57731
22978
4283
33735
10431
56417
4214
3136
48986
15855
28009
56607
35072
48402
14177
22270
54726
58643
55777
17162
21068
13606
45135
11406
13036
33039
35449
30291
23056
5718
19624
11208
51569
31319
23467
58839
32978
44086
7988
55563
34858
5121
8735
38564
3987
6538
20745
10059
49229
55410
10670
46210
53092
40239
29802
19065
41459
48786
20429
28048
4964
45957
5919
55592
58201
58307
47459
39645
53228
18102
29056
45696
34132
59225
32647
21821
53980
32732
19082
7982
7579
13622
48165
20379
57602
16173
30183
26545
59684
46368
47384
15291
29350
25636
12806
37241
31801
7997
53102
21181
17577
29879
40755
36778
20805
43035
13622
45489
47140
11632
20408
45378
49197
7606
57654
50488
39147
36827
50780
53777
38703
47007
51133
17680
19584
31740
41742
34792
43177
15600
39295
56541
25155
38415
45969
47708
57679
56693
28155
8599
55310
23735
55766
7563
45189
42541
40658
41511
57871
44255
50228
12461
38423
29612
28574
59706
47999
54705
52277
46714
4963
46473
4189
3216
28407
54406
14535
49228
3092
59883
51370
42913
19582
50323
38636
3941
54292
4830
9432
25507
50318
41485
14792
9297
18335
50465
29956
7222
28856
8523
5503
9126
49184
3096
42798
59378
34907
58005
15059
12168
30964
41677
56972
20510
30358
32171
49855
48939
36606
42339
31557
52846
18117
24311
10951
41219
42798
16459
5567
56647
14657
44943
49385
34342
5766
46672
52661
17056
54594
9105
32572
34013
49849
26990
43762
40912
31484
12911
10378
18804
59765
20407
53387
33752
43406
46842
28601
57731
45984
14828
45723
47762
49468
24307
34728
49384
11795
38139
42791
49508
32258
34606
55190
55275
13821
52359
58648
36351
38521
59561
49288
46568
55031
21245
33078
44855
49833
12660
24630
5799
20886
42936
17606
23819
57907
36570
58765
