657
8464
37588
8303
14143
11805
57796
24267
33764
41975
28338
16323
12379
8540
31803
45307
39817
31021
22110
25289
50418
34266
22099
20426
11065
25287
34547
40178
4267
3905
27979
25495
11038
32848
4316
28431
53561
15917
49453
18031
42459
17339
58832
46919
17775
7625
50850
23127
24071
25095
20396
3673
5859
25146
35512
14294
41500
39345
30258
8188
25425
39381
52567
8354
39975
27885
30166
5119
26377
17784
47837
13667
35638
57071
56166
51270
48752
55657
39603
34303
9769
36260
11805
21044
3991
4633
49220
46768
56407
42171
51764
52485
50266
56547
28287
20520
21259
24692
42746
14588
9960
49831
25780
15597
46271
41571
48451
20429
22684
49013
57182
4260
41435
7911
3895
47901
41549
4737
27019
34581
12791
58333
12046
43168
51460
47342
45022
20500
42097
19856
14218
10771
36695
16550
33782
7356
22421
21290
39433
48797
9189
39954
38337
7745
26776
12153
7561
52262
55720
7411
45592
6706
54602
39783
50973
11995
3765
19966
43670
38091
37204
31943
49545
25527
10445
15229
14837
34265
35338
23381
30890
30047
29969
6947
5842
15434
27891
55274
41803
52327
3711
59235
24501
4455
55518
7120
27896
18165
24146
40735
10897
12280
55266
5157
36682
26757
59558
21029
7395
32051
15380
41047
47234
14332
11206
40027
57727
40704
45146
14021
9837
13409
25164
44600
24767
15320
19319
56732
34568
52262
45356
56336
5211
13083
35662
45853
43263
55792
44120
19478
3018
48776
18685
5402
42366
31457
22459
17105
45511
55980
57096
48919
36336
6640
35978
7246
15090
16470
10931
49388
47613
21795
13905
44738
58483
39451
57029
39784
41146
47417
15064
35252
8713
36192
44286
7021
54743
36733
38351
23907
53075
37665
49242
54727
23250
19828
24620
36943
23422
58402
43513
27019
40686
19945
57518
53815
21734
11788
33064
49801
39590
7052
52278
33289
19350
29482
52653
14518
6774
13121
7075
22551
41269
12129
10610
33611
58953
31912
19041
56514
7853
59096
13817
57331
43787
53814
19614
6201
11985
46193
17539
12386
24605
46127
23991
58036
22938
43106
43940
21855
42276
32278
58107
10435
34211
34511
11746
24540
19316
53255
38457
50385
31155
8942
9120
20985
49196
59018
48673
18565
3370
49915
42105
22564
51318
58286
49249
19933
49718
35491
27386
45130
37501
5057
27444
4105
15907
39162
18587
51104
35995
41201
5963
33137
6688
30909
50629
8497
11238
17466
41746
28963
4594
3559
15213
34745
36857
41230
49549
16204
19072
14761
24257
46875
53100
46788
14815
22920
48034
21004
24949
30795
14148
50520
44076
5108
19712
4126
45636
45453
19170
26297
35418
44457
43139
38844
22307
41966
35517
30826
19348
56493
8987
57182
40969
37588
42175
46752
32817
28583
33744
3635
57043
5744
58836
14220
13799
53714
56071
21117
11186
58428
56938
42263
38721
25300
59843
12388
28002
21404
23056
38205
53852
43789
16685
26356
43798
24302
50890
18183
57779
33045
14966
6391
29875
10161
14380
4930
28970
43866
25522
26817
52730
42497
54235
50048
30327
34285
45829
22852
58040
43667
46092
52483
32385
38730
8277
52253
58474
29823
49848
43042
50608
43970
29717
54341
16451
33764
28186
49062
36639
48310
57580
20215
25109
28060
42914
33973
49504
36241
23825
48137
46955
40397
56184
50395
57461
26567
45710
21520
35833
16373
5811
52803
9070
22496
47186
29763
19903
52811
27349
54739
39254
30551
58360
31447
32156
10165
44525
49573
17432
35521
56067
44709
51792
37785
13041
46910
38808
8530
4108
16157
37537
25471
42105
56915
22468
28903
52938
23714
47194
23459
55923
40557
56470
24621
58224
44276
22829
53320
8979
52909
35606
43879
12489
40609
48008
20849
5877
13296
16751
13963
38551
48595
33686
50458
47754
58686
17101
44595
42408
41293
6946
28027
49483
50720
50546
53830
13517
30591
25419
11565
32351
16167
4701
9458
22898
29977
51299
19210
24797
11141
46257
16482
23832
52247
48676
23672
36920
36134
57361
3149
21194
37000
13337
13447
21818
14486
19829
51707
32896
14937
22685
46176
51392
11639
19195
55866
57950
37262
18294
46331
46242
11550
59678
51257
56108
47332
5198
14858
40527
8005
33663
11239
46812
12556
6428
38427
