1806
50146
26911
18516
5604
50832
16973
54252
45080
51897
12505
23637
7668
39803
32233
54249
15056
21956
4500
16790
29021
35746
17297
28971
36170
30434
42035
52783
29703
50782
31302
9779
12790
43110
14747
36500
11955
40524
7629
17562
38968
41835
19451
21390
54408
39430
26387
41050
54196
51159
16238
14652
22707
7311
50786
38355
6362
18673
7952
49903
51510
25819
11455
26826
47771
18436
56095
39818
4579
47155
46316
57166
40855
6465
27208
55417
52358
59839
14906
42341
10513
11666
9609
33082
4907
59552
13263
38688
44285
44989
6452
57268
48163
11258
26518
32662
40797
30050
30120
17562
41005
57447
55205
54008
50165
29619
16742
53393
14315
40749
40091
38680
17277
3147
14206
47825
21987
46464
58409
24875
45468
14121
42829
7794
44365
6462
53934
46144
18737
29509
59715
33447
44980
39254
43809
15704
14918
51882
59081
49699
25295
25354
46291
6699
9342
13481
16763
55495
58002
18179
45504
19967
45906
50118
21031
28638
7940
56353
8830
46950
58717
16215
14894
8780
19794
32146
34233
31030
44658
55318
52860
49407
22471
35234
53410
53474
27132
3215
29713
26475
55265
43239
22041
37065
51383
22585
56336
59246
21123
32446
11995
29063
5883
28166
43836
35589
15635
38153
8275
43250
22159
26184
34064
36936
58886
54541
36250
23817
13040
25954
15180
3319
24151
4855
7795
5957
19404
51120
16815
15729
45372
16854
52918
57825
14376
52882
5863
8977
48611
15209
31775
45689
16182
16817
53535
56607
53433
10854
39096
8021
56813
56783
30378
51110
49558
56897
20293
35941
9143
59148
43005
13920
5068
47531
28146
15180
38810
6129
22697
20926
21057
29548
9537
5961
4976
56628
50550
30398
57896
33490
55863
48825
8524
13556
3226
45515
54399
42290
31507
20051
13256
15798
59819
46447
6254
10933
49555
4888
12091
45536
38926
14423
14999
44206
24374
33549
51326
22441
47003
47014
3428
17233
5513
27505
51883
47871
25939
55287
11476
44307
11078
50968
32748
50663
3486
53045
47190
24311
19691
18724
57024
38834
59948
29771
58504
20111
49039
24646
24415
16745
44916
14445
46417
55167
31115
20417
5606
5826
56491
14893
8461
29371
24687
27573
21091
24705
10286
58194
32039
27320
24688
5086
29244
8748
26113
14595
32261
13506
8807
32459
46810
7172
25006
33179
17031
55986
24990
56914
32547
20917
25779
5434
50418
13670
22943
18842
57112
31308
44519
28958
48854
25993
28546
50978
39636
23729
37983
10848
3314
20426
8893
30465
4431
14292
47078
12697
39735
4266
51320
47071
31578
6908
47955
18955
25073
7577
57334
39406
47923
32544
52500
57273
43640
33069
10495
40117
27365
48034
49367
46640
57997
49119
22999
10633
32321
25412
34367
41138
8312
43495
15189
18876
33765
16670
33303
11207
17996
41788
57121
52077
15655
20894
46472
5263
37189
28229
55581
33389
52909
6771
11489
50133
47706
11135
41897
7288
25364
56714
59771
33701
43517
39790
44855
15783
36685
15088
4555
45398
58043
59377
43552
32606
46016
45685
17615
12085
31220
21498
27147
8304
42358
9237
41708
41646
24763
37064
13047
6483
26439
46732
39355
42057
12644
46683
19833
41374
4095
37530
25738
23666
43390
25382
48817
48556
4804
16392
17631
24371
32437
19543
39068
42223
30772
18705
30334
14673
3157
32673
48012
41717
18999
31892
8914
27787
9541
7879
31584
14405
40724
38279
42594
4568
48882
10641
7664
46259
32184
6962
35613
9782
49119
56708
38838
17691
30625
41742
33868
58483
45917
42751
27460
4319
41073
21673
13978
7914
38500
28781
17635
48462
52948
35184
6919
48651
48926
58644
14923
23617
18114
7731
28680
30793
32859
12272
47405
46610
13269
51216
11388
27129
9939
16860
7586
53910
31097
31241
35919
38105
3122
5846
25264
53727
59374
39929
14401
46551
41631
18024
51157
36834
25969
4240
55008
20609
38011
53640
14474
19281
55370
22785
18647
4455
15333
15916
47814
30912
3660
25682
59273
37335
46574
53616
9857
12111
11713
34608
6380
53156
15944
14816
26106
24214
32775
8107
40384
29898
16857
26049
43486
30102
52143
18087
51383
33725
17877
8060
14931
27402
10832
59412
9787
52944
46818
21293
25636
37505
59174
58305
30813
55122
13269
38101
47700
27902
18365
37990
14399
23901
37849
36191
23936
17370
53729
16397
3733
29628
56785
49509
59338
14189
25183
24139
46966
25414
25530
31843
10193
21495
47012
15950
7639
28622
49085
38103
27844
18412
12062
15003
44227
7274
18567
44752
4843
11140
5746
24790
41508
33781
14416
27564
50474
4595
58417
56802
11216
41209
28883
46847
34154
43979
4601
20021
44013
33293
29717
4017
35973
19681
45742
52577
36716
30119
52386
49376
55782
12802
33450
59595
51214
18487
15185
57986
34704
49490
10559
18481
6269
44236
30381
5640
52361
18178
16908
36612
35091
56110
22718
31907
32507
10956
55862
15312
38982
15326
24033
3899
40061
11870
57685
18768
34578
9833
57981
40258
30098
43809
24543
53412
59101
30922
39422
56218
18742
50980
37472
37878
18519
56147
25376
55775
10742
27993
4006
12630
9623
5358
23656
6866
55154
50144
6876
17850
19749
11734
33991
44207
4253
33396
23365
12102
54271
7305
22249
50814
19127
9878
22377
37953
15385
5158
31532
50912
9253
22572
53486
51429
20817
16990
9244
37837
3409
51395
36975
18755
41857
6971
27922
40888
50685
56914
40424
58607
22401
5927
9645
6020
56885
49311
18004
45704
5263
6244
17386
36992
36305
7110
58332
35804
35416
51987
39682
3859
39383
47668
31697
31849
5812
25072
50916
6074
27001
54974
14547
20539
57817
25416
41289
21267
15097
6018
57314
17938
47966
30839
37953
58779
58258
55332
19721
21675
29187
51788
47175
39996
45639
20647
33805
18039
58486
8725
5785
25351
37241
16242
37532
38212
6455
41225
50367
43383
41904
11336
48896
52767
41567
11405
29410
29093
6387
26461
22178
55102
4032
43826
34625
8879
9191
55973
44489
27839
22128
32075
18580
19429
40303
58770
41707
58378
4043
58751
57412
6669
7061
40819
7292
3017
28958
51309
40644
12259
34525
28216
35256
49204
54369
33931
27222
38420
25630
34711
19337
14114
29133
8723
57323
8429
14818
56445
45555
18923
33344
7354
20078
45671
53286
56151
45724
43184
41310
36393
12067
25477
49553
28738
34783
40618
10691
34290
46111
59114
6798
21087
50645
14874
33647
23177
50197
7060
35759
18157
28094
33393
36549
49688
26547
40486
21750
43055
39650
7096
3599
41752
56502
33207
11857
31871
15560
43476
20457
3460
46305
12290
18057
32731
36380
10284
25275
25522
46722
46805
19095
5198
33393
14480
36475
29091
24151
7228
59035
27272
51394
47625
52032
22110
22025
30398
39814
54036
4366
42937
29114
54178
59931
31171
38879
5945
57311
51369
58679
59879
25785
25563
15046
32869
41426
22132
18342
14280
15740
10635
23130
41326
49399
20714
36881
58728
10344
6263
6736
42078
3069
21773
54662
6099
6283
52637
10990
42524
43155
23345
30155
41963
54666
44402
7330
4673
27464
15386
13636
29348
38826
27525
13010
45281
46912
12499
34512
49568
59372
21284
49659
28627
11459
3955
44822
55194
40158
24359
36824
34195
7984
37526
8706
58063
32325
18776
27102
35884
45899
10427
33782
44657
51421
40109
20663
14815
46917
47177
25359
3608
38203
44761
12365
18116
35405
34407
33455
41515
6287
45049
59788
21630
11419
49690
28439
20589
54536
28950
10710
59590
54229
11547
11699
25200
16188
5870
57822
57298
19438
39167
57959
22066
30810
8396
42449
43159
43277
54336
37697
47723
56677
14093
41684
4137
22576
45264
52327
15153
58855
56568
24608
46745
44203
38850
7746
11699
25138
52992
12946
9161
27594
15668
23880
46295
31128
15878
19505
7865
11104
11412
15660
56724
25540
34653
8573
18492
58955
51762
55490
42090
36261
38101
31440
38175
29709
26831
30424
14937
5559
4377
11852
56957
39490
52960
59987
48668
36819
36502
29598
49776
10203
23413
43354
52505
25654
58845
44736
5728
17428
22043
30288
36167
40252
27489
34543
34937
13159
19768
42035
14535
13444
59492
47217
19692
18572
27472
29228
57121
14615
23364
47131
42755
28124
24146
24887
19031
36952
22102
5576
7761
32230
49610
46834
37781
27243
43380
55649
42916
35232
11188
23842
53076
4066
4060
53714
3266
46921
57949
23587
50165
42324
39598
24370
55454
54216
49095
11129
57090
27039
44151
39444
50204
7370
9786
6408
33193
44229
56673
58127
48322
26426
15323
20654
9488
33123
4762
57787
55553
27225
37931
54142
36845
53449
37124
53386
45281
9133
3127
33158
43489
23528
16013
21357
45772
32987
6396
16458
7614
5404
23040
24473
59295
20991
46635
49939
37717
35070
54494
22606
51712
9730
9354
21573
9515
42828
47173
24729
7824
17000
52991
51516
22242
36109
53832
48711
26935
10857
46874
33814
31211
18593
18896
34715
23442
14177
31845
33312
8493
34710
29866
55162
16374
27529
53341
17087
11864
51081
34837
43745
46345
25431
36437
27348
44407
27637
59099
46572
14771
46512
48534
45846
12998
17513
22096
59817
53980
41193
50751
20550
48205
42060
8841
3147
59216
46887
52562
52424
25729
39642
4027
4115
45074
35725
17399
56212
23314
58316
7729
19353
19360
9575
42255
29681
13138
5948
34610
42975
39694
57982
52172
32934
27806
57995
14401
24585
32657
49936
32500
59562
9507
14894
55696
26329
33708
51296
43982
54035
4598
3687
43021
57896
48229
54796
46180
23998
3169
25635
7985
11117
12990
18916
54778
8894
36361
54867
12389
59873
23220
40802
20128
6804
42135
8574
45271
20101
28496
57794
12351
47303
40747
27680
53783
57176
57499
50119
32310
19442
55988
55582
18119
21723
53408
42872
4673
37125
36936
56744
59038
3206
6137
12854
58545
35673
43119
38202
4598
43768
20762
31283
17156
51260
25966
32517
8191
50975
32892
34478
51707
52406
50267
23497
16847
26333
43292
22745
52551
27670
48133
3259
37809
14395
55128
17820
37956
33145
7274
59488
34348
6041
12203
14376
51422
23146
51582
8634
41601
53569
25609
18437
9204
52710
27119
27043
46062
30108
50378
8555
35812
41228
4440
55087
55426
4323
34311
25515
5882
21678
46525
7603
53215
8272
43583
38305
36454
8292
33115
31783
34784
18201
50730
12568
14245
55268
18592
55618
51264
39339
33299
6438
28751
26677
57538
38806
36738
33542
28589
38224
34060
46318
41160
53181
50623
39408
56092
47701
14617
24543
47857
26225
55611
59562
48345
58921
42251
17551
8045
28246
11370
32450
16919
3082
27330
52893
38272
15138
33262
10982
9924
12605
8686
53544
8175
12202
17757
56261
29579
3503
31333
18604
49227
17195
51766
42811
56174
25505
55599
39233
17722
10449
11174
5485
39459
29420
24418
56382
39424
31609
18355
55328
16391
11435
40049
59582
37658
53262
9374
51283
9150
26420
55233
34350
22128
36364
54326
58706
3548
12190
51348
5321
6716
59347
6960
37881
9314
12949
50514
35545
15881
24438
15042
13825
16742
42694
40116
40800
5209
37296
11248
46483
28992
31767
23390
34515
8529
9884
26859
53446
28921
54748
28675
10293
11120
19344
52090
44361
21367
6010
27026
9500
5181
4660
39798
45542
6138
30121
7805
57739
44136
12992
17391
8237
39857
57761
5373
28159
11727
3231
15557
26742
43519
20338
57325
12268
20265
15123
8846
32951
50730
52042
59525
42404
42810
26916
18476
16768
49509
22085
44474
53357
17373
27683
54678
21264
36439
6648
22773
10663
24648
38403
18544
24349
37491
8007
3217
40714
45834
26105
13331
5286
48985
46023
15402
49188
51370
27354
59618
54626
