765
8469
59334
44063
43130
48207
3778
52942
33664
32839
9732
20038
11532
50377
16644
10092
4692
40575
34035
22181
55026
42820
10529
51396
43985
28925
32455
11778
23164
34952
38925
49136
45757
39491
42079
40842
5215
37637
54361
52411
44564
3602
16327
11007
27228
23890
23832
46296
19680
8284
23549
53929
34994
48740
17409
55232
34906
23409
29481
45133
42705
5731
42809
28652
22713
30760
5225
26656
8308
4237
53248
59724
27260
11706
58249
25995
3785
31369
40450
35933
44220
44375
46810
56953
9067
26717
40355
59545
17069
50454
46710
8851
18546
19032
22837
5290
37267
50915
52583
19099
5648
43908
47420
24590
3763
52023
30129
14947
9045
28038
14701
52657
26371
55557
6165
34628
14044
11203
37772
35351
23573
40705
56286
37232
22068
53999
44238
12102
6732
18607
43042
49446
29887
55129
56340
17248
9442
53897
17508
53053
5343
28175
16283
55622
42340
35144
30760
11950
26434
45691
21741
6101
3274
24145
27969
40768
27258
39637
39451
39691
5666
24521
39326
57179
16642
3454
13102
40811
27748
13446
4858
4303
16486
51670
30934
5426
33135
47415
52768
4552
37892
14324
47650
13337
44352
34887
32222
45888
31983
39390
49483
36299
33630
6453
8036
49764
8242
24144
39624
44624
52447
23160
27383
58086
37431
53321
30487
37079
49313
14139
48389
7470
30922
6410
14458
21534
10895
53982
52259
51479
22019
7101
44900
25496
41835
36965
10517
38634
14451
10177
50820
54621
7112
50806
23209
25017
31159
46805
17137
24510
7323
27435
15663
34567
58558
3286
9591
23689
26042
56531
3026
40766
41601
22918
12650
42961
27788
23991
42585
35540
53693
18193
30713
54854
5115
47696
35367
29058
24895
45336
48775
14951
12474
43453
18299
17478
7847
52038
3963
50492
17331
45338
6578
19330
10474
33680
54125
39113
17020
13561
48226
58229
23360
35780
41224
37392
56665
43792
41362
16029
5978
30835
51959
41223
5834
3883
39434
18996
29122
12019
8639
46143
43602
24811
48348
4461
48835
13185
26858
37718
11932
25963
21997
44623
7754
39843
37926
53688
52230
44274
37607
29459
45028
11380
47846
37557
3124
23646
52592
33594
33279
34711
5997
44045
55165
56533
16663
11581
18875
44288
4245
46268
46831
36333
39231
12944
34597
26325
29703
28479
40028
13455
6444
32717
39283
16187
46594
32907
23364
7895
22880
6099
23173
20064
51396
31331
55276
45495
31795
6578
10394
10048
29450
24975
29852
9667
16166
5844
28905
59003
43720
46156
47921
20483
31077
22145
41534
9429
26946
33664
19694
24027
40963
43104
22085
44279
23104
8331
3822
23523
28312
47737
21153
36431
34894
17676
53040
23003
25095
49116
54897
52569
7345
30723
34996
50315
42888
44276
25682
31666
50669
3331
21826
45522
59141
7119
6479
3527
51734
37281
12069
48756
43806
36816
31561
48120
15535
20905
52435
54903
47535
5256
9823
48660
7507
31159
24745
15051
5323
43156
17781
30462
16660
8294
49218
55944
40799
56419
46275
20805
30788
3538
11977
21067
12730
57901
54826
59512
43408
10290
28843
16947
39298
40057
40974
6628
45851
26875
36321
38521
11624
36992
35379
58423
44239
59984
51556
14280
43165
59542
39522
6494
47342
8400
38091
26426
56606
56417
35935
33709
59518
51646
24949
38737
56123
57241
45847
26840
24962
9155
42660
36968
43022
46609
18582
7485
34508
7977
26554
11540
39694
37892
12292
33221
35870
20066
32091
31585
59371
10747
32186
3947
48198
49871
14336
5564
40294
44809
10435
50672
37714
25726
16635
27958
14673
17763
52511
16622
53507
20060
14287
19229
43881
5261
43844
4701
56914
17292
35851
38301
28293
37108
30596
4428
7755
20125
58802
14397
10750
22977
28814
19244
41044
25490
13217
14937
23360
17147
49554
24460
24621
29871
22757
24607
59598
16289
12618
15263
47789
6920
52741
7546
40042
7295
47957
35249
9232
11807
39642
3412
13988
31717
15722
52129
46622
38201
14123
42918
22738
5322
23800
8007
38518
34493
18642
56764
24470
58993
36871
51032
25453
7012
22736
24566
39770
59612
22031
45889
7129
18050
5294
46198
56568
26028
35186
20239
44668
8307
45983
36707
33036
3327
30577
12183
19772
19501
32753
46488
23370
41266
24139
22936
52522
7460
9830
26730
59956
53240
51595
15201
42547
9062
34423
23410
39545
27229
59820
4270
12673
56268
5497
44364
41751
53452
43789
14350
53330
50819
3234
23080
19412
15769
7813
47801
15564
32199
53272
29891
31844
56612
52000
3110
42937
29819
26794
47100
16975
45963
56017
32873
59783
54998
14048
33291
41349
25114
52368
23883
12012
32116
9964
54514
35835
49866
15636
15794
49185
55540
13648
39278
57321
3600
58746
43149
22281
12894
5680
27552
12619
17542
18053
12945
27799
26327
39661
27388
28706
38178
9265
28680
30225
48016
7939
6987
4182
22630
40366
52592
44980
15229
26591
45411
7876
30140
21330
23170
