1731
23073
14696
7858
36954
15358
25952
32641
32521
46055
17037
12050
28884
12353
16385
23252
14649
55442
32313
21910
45213
46456
54491
37963
24031
28828
7625
14806
56743
6218
11430
48832
34829
34719
7465
14821
33967
42531
49676
12017
16219
50278
39350
46723
3548
9591
7966
19633
7408
28298
32322
22772
32452
42010
7054
7315
6124
53952
49983
27689
44845
59558
54255
43659
44736
38261
53452
16960
35819
43751
28338
39517
59144
10016
42000
8382
44330
28978
38252
33545
31328
4774
14125
24382
22288
9764
40480
6378
42371
7644
9714
56230
51864
26422
3142
28476
31487
43248
53965
35068
39285
26131
9930
55004
20109
35773
12366
30489
51486
33888
47875
42859
43301
23157
59969
23218
11185
14775
43622
42394
3855
18155
44711
28279
54711
23944
45441
30145
32964
45792
40200
50612
40968
55851
43608
47735
30211
42737
8198
39066
7390
39005
50813
7462
34494
17454
54374
41607
20098
48487
27636
29797
33241
25314
49695
49232
13158
13099
19731
16577
51270
59842
57740
4219
38035
4216
39637
23886
20135
13553
58619
33678
44667
48773
13900
28920
23955
58290
28301
28035
10625
41063
31359
26595
53797
42992
34550
10744
59672
52887
23690
19909
34333
53768
36851
23013
55457
46540
39716
39442
47519
45653
35418
55967
8713
49825
49727
21614
37093
42312
18712
50298
6982
29208
53567
42677
39458
42680
53052
14932
27318
18779
39085
40674
56952
31768
45480
58156
51175
37508
12961
6284
4682
22352
15796
38165
46043
25416
33269
33701
45239
6902
14811
25751
32117
23487
15232
50208
15955
39284
58027
34235
49385
56195
39480
54399
3438
55963
7136
3499
25084
16563
15927
39477
32382
34609
29827
19856
54922
45467
48033
43729
48693
20134
28663
59079
41179
24019
4326
45032
34780
6335
15123
8167
44415
16161
10634
14514
38417
59767
28960
57706
54572
35108
24627
12802
14462
13801
10311
39076
32390
10963
35733
39974
48224
37433
54406
38239
4665
8297
30895
13300
46595
31417
53258
56267
15068
56330
46311
36762
56562
53223
46279
14564
21722
18677
28008
10863
15375
8812
4172
55041
50068
58776
41167
48173
35559
54943
42707
55183
47657
32512
23382
52307
17994
11608
38800
52784
45608
23355
9573
12921
16916
14854
31443
24952
23097
23563
44169
28433
14399
51988
34656
48310
36701
50547
52280
34984
50042
11513
28577
36389
53896
28649
48706
33895
41058
49858
16026
11361
45708
34096
57499
33778
40866
54090
17694
19494
11043
11849
29182
16786
13867
29716
19776
37767
48017
29831
28639
10989
18362
34166
38453
58519
41995
3838
3748
18603
13536
3590
28444
30208
21045
31598
35568
10436
38523
38195
41025
33212
48835
9958
38487
36481
6656
11596
54989
49172
58856
52921
23505
45160
50909
19878
40229
48767
58451
11401
4266
40462
25091
17047
23307
12432
20117
58982
33876
4322
30140
42298
55573
13298
10933
48947
26476
22263
53975
41421
19562
49071
41432
40799
6853
59806
20566
6451
7424
17913
39911
12774
6516
13770
5766
17825
27407
37566
33217
50115
23748
19128
46689
38296
18336
7975
43760
39702
10110
47370
40791
16511
57143
54390
8039
58527
34275
17671
54577
20768
59207
41026
51464
40691
45830
40873
15941
8304
34520
47481
51218
52827
46604
28668
55455
38448
39938
20445
5697
7189
33948
39468
28795
47298
8096
37564
12517
40981
36590
18243
39988
43878
34285
57640
23596
54642
31188
47758
6470
35599
45051
33559
57378
31436
27324
56845
42305
8615
44087
51155
55255
36141
58987
56039
11836
51526
26668
52468
51495
7881
24841
30272
6118
56595
23317
25496
23351
20554
43190
18472
46888
33750
43808
13226
14542
44157
36540
22402
23109
32029
6256
22436
7978
15320
18556
18869
59342
59055
25247
8692
38027
50401
58003
39144
57438
31640
53545
55421
34297
37849
25982
7721
3493
30081
13247
50750
7973
36919
32942
37710
11679
24919
46799
35428
42334
56311
15077
37236
31241
22736
38510
34310
55357
8455
23952
30236
21967
57995
28743
46206
30474
27660
40150
14499
14071
30319
50301
49018
9561
5280
4305
15821
23280
52081
40952
38255
26186
13603
5586
6142
11259
31408
59431
47437
51742
11855
7134
15885
9050
37881
35200
56630
46792
26242
44777
25402
22128
7951
17628
7072
42618
47387
16532
43408
17943
16517
32299
38423
25083
32829
37391
21576
31681
47166
31198
25447
17399
18713
33441
12737
58103
46153
11901
26476
6383
37032
50023
26265
54940
28674
25399
18500
21677
16803
4362
56654
6821
25952
22691
54207
24736
51181
8667
3767
50000
36769
30707
43643
10348
6678
29149
51821
15542
43957
16583
46769
23305
18098
35656
7081
15035
40509
10498
7076
42766
32434
59001
39641
3816
49227
15652
32149
7784
34709
37712
24256
25942
36502
40180
25068
56338
24785
15910
55940
17149
7201
9248
21361
50827
58678
45579
3002
53592
13792
47271
25312
47148
48031
20811
54513
16252
51476
37035
24319
46329
24264
9807
16622
44943
47119
56781
14495
4673
55382
16047
37368
45818
13277
58868
50937
51371
17951
34449
51200
26813
10294
59326
50048
24634
32714
3952
34219
50831
39374
27930
46670
21208
48143
45623
17751
52734
8456
25259
33645
13660
5175
15197
13790
51197
28009
37773
50669
34971
9711
12863
25925
37509
42906
31297
9600
55620
10381
18534
32492
9322
59680
16755
21238
29983
18194
9086
35852
6775
27869
27196
10563
52095
29342
34173
22846
52097
32788
53572
31652
29645
50736
15396
9140
4654
20417
7197
14104
13064
3508
40643
35754
55481
12493
43311
46209
11787
57900
19435
54605
45855
37990
14550
47960
5063
44693
23607
34145
18071
54048
50981
36719
9833
12860
26377
55504
16997
15066
49005
49358
26119
5841
55070
33636
56892
50601
9011
33145
12794
24015
24765
47513
25243
4541
34140
8987
59710
26403
53324
12287
24367
15939
56121
23378
57332
46056
37908
24434
23915
13028
44749
44780
52300
23997
50426
28515
20986
30371
23470
19379
33057
46519
51871
32263
28555
22968
36173
29739
13008
34668
3393
38274
37136
17108
26052
7017
4422
28269
49125
32655
56539
21057
6079
5946
29968
35157
34961
19026
3130
58337
56856
53562
37892
18029
42828
11225
36607
3726
44038
37075
5025
34280
42523
23790
31209
57030
16399
49121
14022
20644
9188
40667
18161
33747
43835
47998
44423
26080
31891
16001
52115
34405
3081
58833
22057
20776
11079
44445
11344
19275
43571
7088
59685
40287
27298
33186
26194
4152
9880
47564
39649
14246
19735
36149
23748
16832
59598
37567
33318
17489
29476
17592
43528
45823
26996
34816
22360
23809
50553
39129
14445
44267
6235
35568
39441
26978
36956
27853
20589
44892
31767
30980
58350
25281
25290
22458
18842
38975
41637
25649
7344
45728
19812
9764
24946
18430
50061
40967
36034
40774
34629
4210
34385
12632
15349
55814
14234
30081
9638
27397
40719
53896
23158
59567
14228
14689
51985
11990
36847
16040
51379
15968
29793
20569
16394
12970
29853
50546
32921
26914
17663
8754
24281
9997
47456
18720
22958
22100
55515
6365
45229
51445
40546
13427
8091
59353
37100
39286
36951
23055
13292
44319
56854
27547
13025
7072
41021
3024
19931
6974
48659
16827
43626
36097
23143
58468
27553
14265
12595
29897
48972
36178
38053
25705
44472
53778
11715
59336
27367
45814
54628
43593
59697
52340
36106
55732
57094
10384
22852
18823
39030
30797
50595
54016
58768
15425
15111
47321
3649
49710
43011
35220
29458
50064
53877
22921
14644
12201
56444
42423
25294
40516
24656
9070
6166
41826
24825
17717
33476
28895
19414
47121
15217
20315
4728
7384
25437
43558
25025
45413
23032
51305
22616
27322
47308
13272
56078
55775
26291
59380
30115
12050
43950
26199
31914
29622
16747
6986
18044
10797
39470
41034
30393
54750
15732
36403
10395
10166
26162
38445
44454
53656
19593
45647
25158
32941
6469
37808
22435
29785
13651
26684
47545
57772
23381
4182
29110
15896
50277
59416
34433
12570
21178
59422
24928
39055
29805
4432
58066
29910
51061
39840
8467
45754
53699
49773
49307
53314
19957
52065
11774
7925
35642
14776
22585
8022
39502
34220
28234
38991
3141
47975
17916
53138
27365
15027
43580
27990
53765
33179
49150
27191
5473
4386
49564
31559
50354
36447
19553
43466
9266
4188
45612
43264
34121
56716
24831
49412
56107
18551
36032
20595
16022
30579
48696
45252
54914
36787
32917
57454
26987
43718
14000
44417
41049
23278
55276
3361
46504
18398
23991
24467
33080
42532
27243
20118
9122
26373
34312
48527
51326
25683
8753
8452
55510
7397
57365
52748
44053
34049
13538
6530
56473
19719
22139
29189
27588
39045
44227
32671
19643
32911
42383
59184
48652
49458
49381
17997
33269
16046
5684
32349
59451
52109
11687
20950
50329
23657
5577
27030
12313
46417
7652
3410
4322
44220
57544
26377
39781
16958
43768
26219
9661
10198
48176
33226
24030
18435
7659
44773
35017
47388
32869
44584
51467
45123
47769
35516
28279
15780
24424
25266
6490
48976
29297
19523
58833
37822
32799
3703
24289
33674
55839
16748
36416
57284
27775
32870
37110
29285
32378
56719
58549
6494
41425
52146
49421
45418
58798
9877
27918
35171
56092
58370
4767
23536
42747
11580
16412
55485
5683
29961
30241
19471
19668
5044
22550
9414
48298
52817
11801
18984
50006
24364
29761
49547
33240
20673
11342
45803
13102
14577
27067
59126
41337
47872
51326
8049
9335
24185
41262
40453
27404
55121
25697
3247
37783
12102
9661
44216
9439
57144
24090
4946
39519
28510
55862
15216
18331
39284
25748
5122
52155
30380
42509
3685
39474
43950
53749
18952
7589
24449
16921
6897
24518
36327
6052
18331
21990
11377
56351
56089
34664
59852
5307
19854
36249
59782
18480
32252
37018
44836
59535
14531
37172
9290
25928
53740
38069
18775
21566
40835
57321
14621
52685
8346
38067
12264
44627
18660
53706
45287
23663
23210
4954
3119
46274
42391
50945
6533
10861
54695
24253
43463
31423
16437
16416
33443
44202
3119
25167
13428
41213
26186
27884
32911
42712
30014
53954
32432
23875
45231
16531
53750
35077
23140
17550
28691
41032
39521
27928
54196
14515
55930
15458
59437
3859
42201
18696
28985
19397
14326
9606
50583
45717
19044
21194
4923
41257
19106
51728
3625
16498
48432
3024
38783
38872
38756
49545
48295
40377
43392
13469
9930
19094
8178
58861
45069
46122
44408
31007
11912
20029
45094
38703
8920
28882
17707
28847
45828
52520
14841
23940
49781
15925
50945
34975
47303
40889
58864
43231
5321
53529
32458
43757
32741
52825
12107
26951
56255
20646
59545
23222
7673
7923
49447
40507
59544
52152
21866
26474
25781
27663
29729
59904
6214
52986
5287
38364
35314
45367
57503
33177
5339
40020
35391
8407
31507
39180
40827
11267
44367
14331
23991
25251
22027
51490
41263
33467
28890
54439
57853
25902
26278
31698
9144
24143
26747
9209
19288
33611
52615
19712
52078
5149
4289
3187
21588
38455
48102
5822
55462
55798
34210
32665
27442
16791
9859
30081
11034
38797
3275
25631
39058
12888
29136
55224
50442
42166
37726
