1129
54587
17204
29986
39653
22409
42232
11732
49240
4353
16913
51359
33181
15433
20046
36581
3365
5572
12887
43001
32676
49462
55066
18916
51651
13879
24788
3615
26781
14502
57140
45158
12228
15358
51119
43271
47175
47275
44574
14808
23019
13782
46118
10077
56807
51025
55388
15089
3783
21313
32822
58118
40710
24785
24978
8214
5037
48996
31473
48594
32126
10109
9961
9455
37389
40546
18541
17808
13412
6138
50095
33568
37060
49779
20331
43840
52989
52352
33446
12560
38874
58280
46455
58410
4472
43812
53676
16287
40011
42554
48317
29951
5901
29956
51127
44000
40785
55841
37667
38200
45181
19990
33838
52636
24231
17848
40628
13344
4651
32364
20440
32969
21592
36321
57163
27628
30085
17074
26562
49922
12073
16545
46291
58298
9693
44959
21640
18576
39700
33259
41960
3071
54769
7309
12294
41740
16678
39904
43597
19901
18008
16358
23855
12945
27668
40421
24133
3995
52554
29719
11554
17254
53671
30398
43627
52058
40842
25356
16446
6670
15098
50572
4508
31710
38474
48138
19739
43913
15738
11777
30720
23968
5157
31285
8048
8744
12471
14230
42352
32380
49032
17487
18618
58773
27046
11119
55486
39235
22675
6124
20512
49854
9776
6922
54418
59530
41616
53376
42498
4387
10565
10962
55401
36578
46832
12741
46963
32406
18005
39714
10494
25894
33934
11390
28391
40484
29099
41121
17496
34766
7321
3037
28129
44085
5289
34888
19532
21777
8249
18567
10026
26291
23178
13559
36971
46722
34188
49949
50005
12302
39599
13249
20425
55592
22244
14047
20298
59213
33787
37965
34183
12484
5022
16314
8254
42055
32577
26187
33895
49064
38995
53533
55783
16397
11160
42985
17721
50933
21610
30399
15042
21718
49319
39583
5044
21444
20070
30785
11733
17852
34031
32152
19107
59984
18678
57252
34969
59047
19574
23708
27248
31860
17606
47237
56356
10166
52350
10306
53598
3914
50334
42731
27180
15428
8582
35269
24596
51263
6231
5431
4369
42268
7847
12894
19096
59719
22412
33566
50788
42076
25446
56370
45364
29989
51459
22724
41282
28056
9995
25344
35476
47993
58648
24194
55051
13569
47180
45985
46476
44412
11800
44213
35379
10234
32794
44143
34039
4741
10638
58211
5972
33758
52371
14093
52631
38588
39183
30501
37998
28968
40503
6087
54391
5810
37810
39792
29736
47773
46600
42208
50989
44835
6443
35422
11463
41607
53287
46091
42915
48831
21599
19846
16944
53638
46874
11010
53070
38058
15748
8501
11643
49886
24786
49481
30095
53858
6157
36598
47218
9511
28142
43570
33814
21423
14203
29820
4131
10577
32446
45594
36715
39277
54466
30526
34388
23785
50429
37982
27257
30192
25269
57899
44002
19468
4101
54818
15498
12497
6316
14436
42026
6294
20069
49255
23099
53302
58473
37913
41265
58452
22709
57982
35520
5864
34078
35709
24110
58074
50509
5314
4503
35571
34834
38855
43828
12057
4078
45947
36083
47374
47059
24941
54680
11023
31637
22029
5759
8474
51192
24500
50127
16398
25158
43443
54398
58858
10412
34236
52352
43922
20317
48065
12698
10998
17786
20268
46791
12424
47288
6187
47756
36571
11835
13412
32600
34223
48032
26833
57793
39412
52638
53399
53326
51217
42500
45435
12389
27190
43553
38290
28071
56360
25009
41980
51732
53151
39800
24115
12335
22127
28003
24564
4126
47687
16200
10687
42402
48797
46361
29232
42346
48469
20063
17142
34766
27197
12684
4001
38164
28322
15422
21562
48585
31229
10076
33701
55950
5687
58728
4205
20398
6584
54353
20931
25459
59891
45989
14737
9888
40227
21578
59751
45860
26183
58543
26980
58597
36796
33540
33120
40949
50058
52893
11253
58988
9033
32742
18715
12137
38449
54400
11138
24517
15091
20812
46239
6572
13238
47558
36652
26902
5076
30198
9914
49319
41828
54013
44785
25027
29307
4893
18711
12411
6503
56851
3413
42441
49981
30255
31852
16277
42230
5612
33367
20274
55512
47223
16784
42446
50314
39808
6326
46936
30956
32272
12881
11785
25214
52544
59035
14530
47981
38087
32032
43754
46075
51540
26424
43493
21877
14073
6190
11768
23986
30497
25805
5561
58430
53400
31166
44146
56114
43195
37923
52909
14571
33327
31242
3834
26554
18994
50465
44154
45016
37061
50329
6851
57154
34050
50040
35378
54824
38720
33746
31230
16086
47859
37310
48969
13947
36722
58983
25214
18897
47983
31838
46784
26788
52379
42078
45802
16576
33224
35010
43294
26852
25917
10109
51290
15136
55216
17659
34501
5179
55586
34367
39509
40142
56746
22335
5945
11141
54048
6974
27582
47921
21889
3581
59657
30329
58367
49330
55551
11552
4738
31589
24130
19079
56367
35473
24588
44035
42379
43989
46600
57177
59041
40216
45963
32430
21177
19556
26211
18959
50144
57001
56076
34300
37733
6586
24130
33783
54153
4371
21553
19845
12469
41230
55223
13749
42632
21052
28427
15026
10885
51040
43347
23767
44659
31003
36173
48130
8550
57374
23736
31806
43586
52009
59147
4285
5550
14765
9731
41911
54927
44741
5312
21260
27470
51236
59545
11834
58764
48413
28944
19872
9161
26144
10574
10384
56705
41796
55671
57684
45894
31449
53899
56361
42445
21309
53057
42559
19810
39384
53768
29344
30514
52005
56858
24523
15511
7998
30735
16589
29311
10158
22199
44843
10612
6008
29961
36485
8509
47774
55360
46587
19149
32711
10484
44392
23402
8646
46697
26499
40300
59939
45736
53027
50480
31682
38486
33834
10580
16825
33345
29690
41727
59427
18843
7291
46068
49960
12098
36251
57890
10191
32536
6612
18589
41787
27563
48077
35864
29206
13757
40762
57034
41002
22244
45204
10156
7218
55996
9339
49179
10108
53101
3466
54520
20153
28382
12915
25939
18145
36637
35215
56764
57173
4100
35348
52802
14543
10185
57151
9330
11818
3409
59513
4687
55768
59076
18503
18818
27080
25936
25176
46851
9857
47649
57312
33463
57653
58258
27855
43246
54975
7846
20596
51374
31090
14562
14526
31951
53879
36963
57776
38905
43131
14544
15370
48716
3799
44783
36923
3075
37295
31289
25765
6216
10877
59180
17343
18555
52701
9163
19660
5002
40815
3515
36868
18016
56040
34110
34618
37541
30415
44346
9306
37036
20314
44199
25248
25088
27646
55834
59571
40234
21435
55910
47441
19537
45190
28748
4656
25561
7918
19857
36796
3296
47710
4790
50402
41320
38454
15431
22859
30314
24802
10031
21692
7642
27742
6459
37571
43172
16584
36605
20951
51051
37424
55221
36850
41146
32535
42782
4338
56673
23604
12175
41139
44216
4565
29076
38008
43743
41335
25138
12196
33812
43788
20869
54803
55066
37029
11813
40136
6735
32841
16935
10111
20879
18811
38664
34327
55446
10109
24237
23897
53130
55977
5145
18457
44053
26003
44983
54008
38680
54889
3941
18523
44856
13306
45255
45571
22912
51774
41121
26692
4971
31270
13584
24967
24584
12102
10688
45589
13969
56939
3613
22444
37691
12956
57809
54177
21058
18403
3699
41861
3069
27424
15943
59023
49815
53326
31402
31509
7654
33691
3772
54434
24457
45536
6063
32672
54683
33665
34827
35674
45417
19686
35290
11861
46470
40671
47093
43170
52858
41206
43291
51647
54322
12711
3630
39372
8681
47191
41183
34071
29147
51851
