214
45849
8356
48435
17502
49693
24794
36490
47547
4993
49073
10643
37415
4729
41278
37499
36099
23147
47364
53421
14658
8102
56675
33303
35095
30307
28055
44556
45250
5967
20013
46149
48749
48173
41180
58824
54621
52204
12944
8638
37127
45330
57819
23364
54375
11581
53635
49873
32856
54338
52425
8208
5479
45700
14008
13391
7450
29027
9050
49373
19275
39992
18996
41110
45858
34616
31800
30601
37397
20925
27025
54121
55138
37009
11877
29010
13154
37543
47525
40517
45732
15131
59184
38886
49548
19734
3816
7520
31987
57677
5623
7492
20313
16277
36135
37248
35401
55524
11402
31884
12208
47722
34279
57861
44354
4339
41988
25781
54506
8328
6473
46875
39098
7370
36663
48812
49332
8417
53174
10573
27416
3129
51997
33391
20237
40203
51039
31962
20468
3223
24071
41070
19810
12053
57528
16125
4601
33398
15134
29927
22598
42609
54282
24306
39462
26254
59544
53221
30871
59918
42292
6436
6194
46799
42059
58065
45316
57794
9045
31073
52236
16360
27761
34446
41457
51288
55740
38594
30597
23446
16673
38480
39619
14816
21500
28503
43581
11317
47714
47248
35652
50143
39960
33752
44322
37886
19161
55709
48225
51664
24365
53043
33475
52452
36881
40073
5327
18647
21490
34798
4868
33322
35602
13112
21312
8729
24477
34065
48953
40512
41557
24562
36808
22680
4170
