1066
33758
32147
8121
27879
7466
17432
33180
40444
34117
25689
38617
11716
12841
46636
10616
12142
37902
25079
25430
41649
33383
50855
4970
18371
14342
20234
17452
47426
23307
11312
21071
39791
20850
28635
22109
54167
55474
41764
14558
44326
6326
37791
17934
5461
10693
47781
4162
52270
29190
53150
46404
43543
23347
50132
33822
50022
35021
23070
8661
55566
36602
59048
29573
22161
43391
5856
46042
54942
25815
53550
15329
31184
30304
23847
39999
11803
53592
56137
53478
8629
58723
48020
10175
44275
49373
29202
58783
18222
38993
51442
42786
11938
16118
21820
47780
54647
18987
11949
52084
57470
36626
50380
23476
37838
58500
11886
24784
46582
57072
20900
57038
58071
26740
5106
14542
57181
8333
51939
3065
19986
43436
42637
28033
11127
45670
11097
31435
53430
33908
43274
18985
43877
4249
11207
8440
10780
44891
32252
25545
5042
44627
42023
22377
35954
11297
40095
5793
25369
52763
51732
13877
38856
21941
10181
49474
49119
6290
38710
8557
29717
49509
11197
32785
56517
49160
24315
56783
39039
27646
38901
17452
6512
42295
33234
37386
17965
31793
55079
57245
32360
7355
34426
57726
33049
41220
25471
30150
56416
49917
49532
53081
26044
27586
9222
35922
52959
51863
26193
26985
9395
42911
37664
21695
59407
10240
38574
40367
3666
53489
3338
10561
30196
55523
17781
40092
46676
6343
28359
24007
22507
50096
32123
15110
41416
23710
29042
4291
22214
50467
57188
54917
35903
50412
45376
37107
6521
28443
38326
22419
3997
17886
35186
50132
19875
36440
4719
51355
18570
48594
5360
40558
6666
15209
54439
23760
50430
58023
54398
28318
43366
24636
52441
20759
58531
55826
54634
54094
50895
21588
31683
13059
24574
56375
3297
31464
21314
38696
33765
40739
40395
29535
11146
23512
10998
7303
50100
25889
57567
12972
39305
23750
57401
12790
4408
29005
4064
28229
45036
28424
15231
20222
21709
31869
25451
59057
3109
55847
4338
4221
32800
15977
48916
29605
59222
18797
50307
58440
42214
44810
29242
26795
46860
35241
4013
30938
24314
52816
35037
40047
32323
30940
32911
4552
19286
21257
48394
41353
28479
7318
38297
58598
41882
18860
46414
55984
56573
13906
14333
27110
28717
56870
45870
22390
14915
57934
30674
33039
37000
45687
50496
17669
48621
42768
19209
49218
15405
33369
30985
7923
38065
59051
20682
12558
11242
55675
31015
52851
11703
55974
3805
40763
47679
50242
59661
8767
24079
36371
49179
14912
19339
46201
27770
28252
56309
39346
46302
37856
16720
30765
47270
46984
19699
51411
9922
5612
23470
44443
42564
52134
10145
9319
25650
44561
56588
18172
52157
36269
9163
49179
21720
56343
23323
48615
14178
9740
13191
13894
38511
42704
15402
40124
33916
50761
15574
44984
59583
11485
7175
50039
26188
13533
23263
11642
11485
25483
53746
27711
6635
16869
41980
14919
4202
18190
42989
12846
35734
36203
52309
36136
34515
12600
27378
35902
16889
48883
26052
56353
12939
26383
29406
53616
18640
13265
48073
3136
16200
14261
24094
54065
18993
24656
9628
14203
34535
7021
39507
45997
22033
47760
15616
30963
30745
54393
53379
17335
31735
21093
19871
31571
10314
36041
8689
44030
6916
28066
15455
35760
27623
8172
42430
55422
37117
35868
31068
53585
7246
9895
44131
48992
21093
15965
57295
33148
35665
53304
25822
25777
41342
19311
44789
17521
48184
41424
27784
41791
48770
18349
20817
47193
17029
51747
57784
15985
9575
49454
18887
56793
50917
36069
3549
22365
29735
33628
29084
57617
35004
37091
32644
57936
56888
51573
11240
26312
43916
25931
3682
41526
41566
38254
42596
39339
6388
33179
16150
20934
28105
26161
56440
16641
28030
22854
22605
49532
7444
22626
48493
17829
31776
31914
20352
44785
35388
15301
36239
12703
6248
55512
6596
44335
24026
34342
53509
12617
46820
54207
27184
47419
22430
58388
8715
21516
23565
15703
57889
57101
29775
44054
37609
41818
17915
30160
37265
40576
8519
39842
30564
15220
7293
50279
40625
53414
55992
53349
37802
20824
26304
52317
28898
19468
48792
4351
50505
39351
25896
30093
12075
25188
41561
24566
16160
26432
34921
22723
34757
28614
50308
38463
19409
11872
7034
51619
35592
26778
27474
45725
58412
13637
27445
56661
57536
3666
45537
5596
25050
40741
33107
46515
35452
19259
15763
52176
24636
21440
5988
38878
13763
34653
53193
16250
26372
19118
42404
23298
49242
14259
32865
47704
43771
13760
31501
44632
45632
30464
29336
26146
58035
34283
49392
21907
14907
57489
16533
5972
23787
57286
29167
42868
25464
5083
16598
28774
33634
23616
30050
50058
45691
39630
51794
29475
26477
3045
44616
34472
30177
43140
56644
57811
19945
29657
21481
44390
54630
6851
34743
51766
31688
29177
23788
30917
23205
25866
20255
25768
21250
19595
43355
17584
45188
6841
43480
55920
29455
26570
16276
18299
41047
8095
40470
31169
30184
4124
21172
58810
17363
10702
42270
39292
13227
32042
27069
46808
30252
16108
17187
17736
30007
50388
22010
3533
6843
56944
43775
46509
33431
15826
45427
6932
33239
9134
49703
36191
52456
40640
49250
30516
3364
17723
35059
39843
9470
15876
44981
55673
17004
19883
59035
58284
11043
39151
43261
26373
10280
56664
48958
9115
31082
7654
25483
13204
22829
9755
50174
23375
15797
21027
44924
35552
40000
40108
7943
20021
53114
27519
50041
30777
38238
54663
20999
45808
13078
29024
50533
28198
25053
50342
36379
8377
34737
17667
5233
46418
50227
14207
20853
11717
31924
34175
33237
7651
36759
37855
33759
37550
30300
37442
42830
31047
26264
25369
8718
3436
11275
13994
52350
58104
34783
40295
17370
22738
42941
33864
32249
8511
28645
33502
8000
47888
26844
53309
25242
57723
34128
23863
43326
21192
11786
24757
7009
18038
58790
52760
23647
54834
55293
20685
22981
33715
11646
36402
50931
42155
38727
35127
8813
28879
16695
3686
5298
37221
27433
3837
7232
15322
4831
8618
29082
7873
50163
35483
57883
15371
5641
49618
36286
58605
36688
5389
6613
6218
14016
4465
20030
12086
53195
52883
15487
37095
47020
19269
19622
42625
22675
9439
26097
28691
35502
59777
32506
51656
50665
13034
31606
41070
51591
47496
7083
53600
32049
53576
48296
35329
52112
39538
10990
37082
6241
7848
6152
44105
50195
57922
13474
15411
15346
33720
32302
40262
6163
9043
8436
37389
42297
28526
30290
58802
48680
11226
28973
54076
13777
9989
50052
18668
49185
14284
38593
13429
43236
22648
6660
31775
48402
26621
38368
34013
5068
35030
16685
20819
14616
34321
47638
24345
19715
41079
18701
38807
37998
23756
12797
11261
42683
50620
52022
58560
29134
6839
26992
10552
28096
29304
7416
10510
20296
21866
5499
14318
21724
17844
51491
49957
3272
10238
43978
24350
41864
