1664
51062
59052
18217
47827
30445
17816
15314
54760
13406
5681
40527
18540
53042
56682
46795
57705
32747
17674
49673
37361
42747
43483
49335
24861
54783
9275
24877
48451
18004
13836
5216
58579
44933
40254
6021
29187
24299
39223
41191
35332
41766
38624
44248
31969
17808
46829
9251
11678
58102
56817
25030
40929
50897
40227
39099
7296
40292
20687
50578
18176
51812
38636
55432
15451
37434
25065
55916
11836
30375
31334
27355
46772
9658
47307
54375
17931
31763
14452
33510
5687
4481
7668
40393
17066
20039
18383
45212
5929
46992
36229
41386
19714
31821
41823
18106
51158
24878
45690
31832
39403
22457
10956
54197
21838
41513
38384
51093
25982
52512
56891
21994
11945
59980
11850
59254
15966
53039
49726
32997
53861
41120
54754
49600
48445
9277
51781
6466
36121
22306
34563
31528
51643
24550
12460
12661
51637
16819
39084
41845
32008
41545
27308
8996
52248
45846
47861
13015
26484
23634
45174
40218
14769
33714
51928
15281
54895
51474
28728
28605
30738
18920
25948
9656
53605
23198
41455
54917
48798
50545
28518
39699
8912
47601
21551
7139
24501
55277
45124
36139
45059
33538
34703
9463
6145
12582
29760
6208
34709
32233
30684
12839
56470
53403
24259
4998
26216
14623
4873
48221
12563
8903
22591
15833
11449
14893
55338
49964
15335
54097
30244
34811
38162
22219
43907
57794
38630
57645
47838
53780
3605
36355
4365
12936
31860
27620
19686
10906
28147
37582
15484
16648
17966
4476
31876
18987
10187
58114
58627
53727
14194
32366
4212
28500
47120
52875
17590
6051
56225
38156
11863
22746
51779
57567
32833
4665
28820
14968
56878
34917
49954
32313
54621
24111
37027
59052
53908
41355
44547
27643
27620
44170
19236
40299
37985
11651
21679
3212
46028
54079
23219
25139
26897
43292
46989
34186
3557
58547
47375
58473
33939
13107
4097
41855
59715
37410
55852
44839
13878
38077
22300
57022
42263
59688
35929
6276
3050
30952
33082
51284
17646
49330
12280
27632
51774
46718
49210
8051
11605
35575
59942
3392
37305
31542
32429
46901
6717
13449
33203
51873
38842
20952
58588
29360
3567
42869
16868
39670
52660
9073
59924
37110
16603
27083
15324
10577
34796
53614
50430
59178
17144
55449
39418
20340
12630
12360
55231
18872
8912
48249
57274
27449
35428
27635
37955
34023
25579
24597
10509
12356
59895
58722
37759
24340
30177
10203
23772
10660
28528
6135
20581
44875
31841
8807
19344
47779
31962
3249
19749
13771
10054
14602
6319
44608
57206
28991
56923
7197
44004
56497
38557
53484
11459
41209
3492
6392
59037
30843
43102
45797
52998
30458
21221
55179
44309
12054
13528
6313
9452
28619
57187
42032
51264
42140
5484
21802
42037
6182
35980
28976
32511
14044
42638
42328
24880
17141
38554
19011
39835
51528
4493
9161
12142
35943
45067
35230
41140
8848
57053
53474
49872
41201
54420
37918
34533
6992
6268
9786
35655
18382
26961
49570
25001
27568
16787
11159
43998
17698
51008
20071
41371
8521
11269
17677
12626
47764
35794
58187
8620
19173
15039
22203
25364
52775
20693
58272
37801
36166
48564
28831
45084
32186
40166
48962
17831
36021
27643
3919
50224
45931
6610
35346
3856
12503
16852
52815
30854
43914
3243
20119
43126
12354
25021
13109
26578
17737
3320
56767
6634
50050
30075
28442
31471
11700
36693
47771
18102
30484
8334
28309
45519
31172
56910
29478
14779
30417
48210
24523
27969
45738
17701
7769
19399
40139
28956
55086
24763
9357
19233
50312
41313
40278
34001
46143
4129
43387
15381
57613
50018
12405
28278
48320
30221
23737
9816
19937
37671
55475
19970
7674
28782
34803
54030
35236
16416
15457
18321
8257
40208
49665
54589
43724
57129
37379
42138
54128
36849
49431
12299
34184
54394
28969
27900
8770
40060
25893
23378
53370
25927
11353
31986
44611
29877
8017
53199
51342
4409
6341
10656
37316
16467
44928
54722
8202
46711
23684
5530
17134
37059
39305
46750
44864
59004
32125
42705
20489
12752
54288
6560
16800
39713
26220
23488
54076
38662
44684
19611
18739
25285
9284
47061
45580
14954
38110
31290
26400
50838
29797
40568
32832
33284
19434
14739
15639
44251
16051
53274
12257
50965
19213
55669
39533
12773
41408
32464
20673
56946
21615
54666
10041
55198
23332
23481
58182
18915
51463
6865
3282
25055
57115
22946
30489
33150
34062
8597
32661
17196
40420
26877
25529
12655
59572
20450
16635
15110
56626
40637
11810
20813
27163
49749
56577
3559
4903
19250
50807
30241
33553
32437
30109
10848
31654
12785
13623
45465
32408
15758
34118
55462
17717
38147
5273
6897
39731
49974
23492
23513
35178
31652
59558
19817
29318
59810
25355
28396
49380
25874
6120
40302
18466
6512
41336
37407
10543
15483
24269
42355
13113
37492
21245
6219
20577
12924
50016
24951
14279
12445
9873
5507
3268
40421
43457
18453
26363
49423
12070
46451
38852
51780
18534
51913
37482
46355
14833
38396
18503
28646
13410
49376
13639
45492
48219
27241
6995
52886
30323
41523
13978
53178
18593
52107
3913
28897
11980
6777
33292
52735
29019
33086
40133
44918
13386
31105
4921
45938
10134
22351
11430
24459
5155
6812
45979
42666
59165
12369
47266
6577
33544
5797
6446
13966
12707
7915
54993
37188
30609
27362
45989
40077
6055
8591
4808
27351
34213
35816
50260
35490
24255
33931
10230
34392
53039
50057
53235
22418
15333
51766
29835
17610
24927
22848
3288
13249
56293
4945
40439
24449
30779
27087
9200
47379
13658
29726
40499
9710
45831
10526
28317
15986
23180
48065
53859
23689
23177
5378
9372
44747
16537
6445
16065
31793
43259
5757
56868
6111
43800
5821
18591
29076
53599
40574
16966
51997
38287
25685
47373
34577
6392
47426
47150
14569
27055
49933
5966
4084
39651
14186
26596
52860
6741
38168
10116
4479
46187
57506
51912
9805
18551
32285
26543
45198
38355
28535
53531
31116
29426
6834
21336
31229
24929
51557
48580
3876
20474
30456
17946
34925
10822
49419
3966
31031
42231
4944
39615
39798
42526
12990
35515
38950
53636
6621
6701
5456
40264
24849
9264
26237
8767
33032
59151
37683
28611
7893
4217
38066
40538
19799
56093
33111
27555
50809
51527
45490
11853
22317
27392
10746
36293
43992
9958
51244
29905
4805
39760
41223
22270
34912
32086
56326
28326
51976
25093
25619
18774
34853
29443
42185
30054
49102
8529
17333
52862
20309
37888
57711
43403
32631
27028
23372
28188
29627
34799
59707
43738
45714
30291
37209
25123
27298
52499
42106
54575
16637
48285
23345
24981
23216
21662
32923
6338
33556
23994
30199
39908
26486
49944
4049
31161
43166
12667
23528
27990
47492
23540
52305
52506
49137
44001
28945
39110
12862
12272
3597
40380
54502
53460
57652
23762
32680
38343
31975
33630
32583
44565
26304
19334
4153
51773
3143
29745
53322
59943
9280
28855
46792
7133
11363
4127
4970
25842
3802
20816
43318
22956
16773
58901
56089
54195
39426
39508
46127
59532
23495
50592
45222
56655
3584
38222
53999
24997
44286
40793
21995
52950
34327
40042
40796
54826
54028
12883
59115
29851
25881
37758
55133
15027
34916
21854
41815
29048
46028
54574
42841
18390
52378
7867
4334
21158
39135
53375
33848
31924
38515
14369
25185
28791
24840
46454
33143
54019
28644
46374
56095
50829
36892
56127
4005
12123
19430
13766
7631
40480
3608
44130
21457
21459
52007
16520
55750
49249
9689
56214
8991
48551
47896
47849
27698
51686
32682
34296
43447
42274
24364
40465
11730
34272
49143
25733
4070
5693
9144
12787
50292
46540
15554
51295
42674
3858
53628
5886
7274
14096
37344
50383
49069
14689
19038
7454
36295
32605
38814
25911
26122
35546
48797
59765
14156
7051
14152
20910
29516
28131
15829
53585
59071
9155
27521
23126
7046
30507
35749
13445
20927
26273
28219
8332
24891
20013
22949
20580
29675
50681
53357
10535
8991
41871
56576
11685
27174
29037
59645
49514
36128
54446
25594
36696
14354
54329
39269
6948
15487
12908
28304
48026
39016
49324
54251
21921
24793
4244
53853
3574
49922
39372
15602
18394
47468
49989
23857
10251
38282
5085
3040
9705
38062
32735
58201
22253
37914
6983
4070
21985
36195
59830
45086
19373
10847
31195
18056
44263
58260
45926
35988
41253
17822
28278
13402
35744
10353
30058
37729
38835
13068
46392
14438
47810
3226
16853
56320
4291
13758
24741
32660
14733
9403
29341
44249
36777
18695
39194
40904
25260
21245
35865
18834
49854
41794
48149
9808
32101
27178
31485
25445
29628
8514
36664
19173
4274
9223
20800
54499
11475
30846
18244
36766
58937
31112
7794
32772
19783
28791
21428
45919
27844
4548
26252
9671
11391
51868
52748
11143
17744
39459
18876
23786
44341
35639
36434
12086
53777
23085
11059
30657
22849
29424
33916
9551
24918
58413
13903
8792
31719
59974
32475
44781
9060
25330
31934
55882
41624
20132
27720
32074
38955
10267
20732
53670
57371
8523
42960
24132
41197
58173
56793
10711
31268
37310
39300
34856
10919
7986
29042
10941
23236
3892
37065
23514
45973
24536
18901
36564
22328
48045
8503
41712
39061
20481
8813
37430
59316
36715
25969
36188
48911
34428
56271
51505
12988
56504
21768
4503
27495
5782
42746
58796
54377
36761
52280
45199
25968
50478
52894
13452
21422
22112
45101
41397
47276
52577
33938
23974
52463
17094
12488
19128
30709
13445
57666
52066
16813
10165
21944
36007
59325
37288
27177
16993
35610
28078
49529
38730
22926
8809
10948
5167
53036
54310
25371
46380
10369
12538
15731
11698
20051
28339
18751
34236
4345
16881
55616
49446
28053
54186
52184
10590
40210
53671
15420
49003
42317
15479
48832
30911
55664
14668
23592
57401
54614
29073
9904
14195
35333
56595
12226
50034
10585
56001
43876
10239
7997
26918
35512
23296
10412
8039
27999
19639
53210
15857
3907
7698
29271
7297
32241
51742
44238
52620
8414
26436
56156
17134
55273
16844
28643
45794
36146
30419
10839
8906
38655
29498
3544
48442
42630
32891
3695
9177
5856
59883
40014
29747
42621
48924
17625
18108
53621
44215
13296
30121
59310
9250
35275
7557
24692
43713
38248
56989
23597
48795
41644
15506
14234
6433
7976
33975
53854
41177
35083
33042
5688
47124
41080
6055
36311
42839
40115
26131
43940
10382
51785
24151
13391
13739
4771
6985
8930
40611
18902
9727
13236
23638
30690
50147
14256
43755
15402
17699
29057
34496
5638
12323
20575
57941
25523
51216
24764
32159
33053
33578
57763
30403
3873
48721
37489
8558
19022
28123
55850
15417
14107
36718
6997
43045
27649
43765
59117
33824
3238
42249
4617
56057
28668
34669
33633
42182
