1542
9766
58401
30207
46910
49829
10803
53895
41686
36709
42578
25811
53375
33235
39763
19266
47717
19226
40358
22669
38540
22298
10431
15689
21732
41178
44837
53545
47884
15346
5123
36399
6305
14350
46022
42435
50190
44886
38604
13769
6336
11780
4559
4799
28306
34814
32322
56967
17577
20174
3386
7179
57800
33055
8447
13656
19094
8241
47539
26111
32783
54969
30368
25570
31304
17340
22206
8261
38720
55739
41577
38559
10751
27532
36977
10656
18943
34895
18148
38789
56708
47848
29178
27179
39305
49004
28234
14997
56935
35907
40743
12136
12851
44265
32524
45477
42012
27640
34638
38769
39917
42348
33812
54195
51920
55780
44805
25438
24065
15320
44871
45623
7907
37096
47111
31964
9473
22965
36597
56393
39224
13309
43970
12615
18160
56881
17233
23950
56818
4468
58837
11600
53710
48696
23485
42826
50638
22621
51536
27512
18810
33458
27693
32379
12719
39096
20607
33398
13714
50564
15769
52542
45750
40567
41713
33065
59804
32839
49745
52901
14440
16355
44436
31144
55792
51828
32737
50252
49605
44002
48745
50240
14601
49271
44037
3439
47742
21788
30517
30699
45913
9407
15142
41606
55785
43664
51052
24274
5618
54219
34635
9789
37077
36073
51805
9319
22742
21354
28304
33241
48097
54648
42220
46502
50250
4950
19232
44249
41681
52919
32082
56389
46413
16047
45165
13987
4569
17800
53167
3676
57570
29093
16653
42561
41635
37375
53083
24809
58450
6134
27395
38064
44039
24501
23753
8768
8455
36171
35200
31680
43214
34586
40945
9946
48904
34111
22243
32651
20244
4006
3490
15178
34966
13987
35017
41529
6426
59204
23272
46268
54393
51714
51482
22633
48466
37495
17989
3941
6660
49455
25934
10678
39735
15642
10369
45450
34955
59367
43513
8960
59366
59208
50261
45550
9667
49534
33820
44870
38809
43953
18689
51356
33267
8544
45445
54610
8059
13053
25565
3202
18133
33526
10637
27475
37713
12549
15890
50253
29491
35026
16793
21202
30089
33221
25332
31016
3617
43136
38683
42680
25810
55617
49341
29413
32516
28889
48457
32681
38395
19807
39265
38857
44879
5230
53238
3518
4066
48762
24862
28065
37769
17082
18473
5009
44764
8244
50056
44091
17007
40553
31832
19755
14950
27172
36287
48521
47169
25012
36674
43712
32109
51899
43997
34071
40308
58446
17481
38176
57518
48811
10255
36679
52371
58159
47025
4178
50868
54100
58951
42873
27737
3842
21107
40898
55632
55375
38259
58271
51631
40259
27988
46914
53048
14976
23704
54767
49698
16903
29474
45334
12371
7787
47303
26030
9628
10533
38327
41226
43791
14155
41752
18570
35803
27528
12868
18205
35446
31077
29631
15111
48386
10630
46123
23718
5365
43189
17787
6704
9355
45337
10325
26930
49033
57592
14762
15914
21256
21727
6620
49818
20004
45010
9650
28851
3211
7087
31390
25057
12056
55594
46970
43041
5889
36384
22167
54185
20690
6890
55812
9431
43037
49956
34876
21365
55523
23987
20867
16018
52828
9404
26216
18297
53122
55006
38324
21679
29862
59044
20886
52949
12653
56279
20690
49789
58278
25282
17615
33983
57699
57204
32989
45123
44980
53050
4847
46637
23830
17687
21948
58040
36916
15579
4563
34018
32156
49012
31643
17550
42130
39872
16133
55225
27525
41358
55209
49421
54472
27089
22542
10482
33218
9237
5436
8489
8331
43606
52543
44903
14232
15190
12560
31977
10276
17141
6929
46708
17359
35317
43526
27731
48863
51540
28389
36931
16652
23524
35753
45237
37506
7595
23140
25279
20891
26192
46845
7818
3210
56079
40005
39602
53257
18927
3201
21671
11234
3472
11532
12775
41684
53696
15968
7700
3968
24155
42352
47589
57302
35989
24495
29347
25168
13581
9790
30738
14648
20112
29412
15004
33536
59778
25827
6315
8457
14790
49986
48485
56980
5341
11803
57083
54925
37710
43507
56684
49635
12821
51837
26185
47995
14408
46626
30452
46047
40166
8569
7028
9107
36091
51219
29676
37434
9784
51439
55423
14549
52877
27565
3647
48609
13085
8069
23125
16384
20591
33537
11310
33156
43700
13843
26301
40177
6506
53785
3729
17230
19175
42928
14837
12188
24628
32997
33830
52815
34312
16267
52215
14852
39211
32670
47601
48127
52817
44015
23216
50530
41231
51970
4298
22705
53798
42632
46434
14276
46694
40357
36104
55593
41535
49042
50312
59339
8280
9393
39730
55118
9305
22158
17057
44622
7143
51760
42554
26120
56615
6791
41487
17544
49132
19741
11094
17250
34882
36213
26548
26081
29458
20058
23638
35709
8790
59715
40042
13224
33957
25323
11929
55461
24930
13048
19588
51766
52110
5610
15937
36243
13670
25635
35106
16525
31510
41672
33478
5033
31648
43819
17570
30518
10444
27969
42823
30721
36897
48938
54126
43901
48486
14101
18193
15222
5921
25484
15057
23665
37666
26975
42646
35491
54505
23168
57859
49360
6538
56452
44950
55146
58785
40638
51458
32442
20551
26678
29306
47711
31981
26485
27657
12175
54257
26672
6977
47106
13858
57661
47955
17300
11614
5664
44728
39516
58364
27756
45339
50131
49791
58476
53433
39955
52837
39497
35147
29976
19035
43158
9027
12895
38373
55938
38505
10203
10605
47288
50069
32646
54216
49602
56912
44436
36417
52735
26486
19306
53369
6074
59651
3519
56587
22808
11946
23268
9799
8209
54644
31739
19622
22809
34164
41928
16439
48174
50619
21784
35965
40600
31930
49816
51872
35821
3172
45359
13860
20943
47517
22333
33036
17559
30782
26112
40014
28313
4819
52359
27932
51389
31114
49936
43636
22566
24604
33300
48065
56561
10199
40342
3009
23418
12157
19314
11234
28889
30627
45741
37528
4837
34444
15016
50616
43529
34595
23097
58232
27439
26940
44550
49572
58430
37237
32439
35370
27981
46835
38747
4723
47938
54926
5111
30565
54704
31717
14242
29785
39506
53217
12535
50290
57351
54257
55354
7331
14786
25403
9648
11528
30074
40491
57217
59382
56577
29877
28183
19246
39728
7620
16462
24692
16553
11402
35361
58539
41426
24335
44201
38306
38943
36103
43621
44520
50464
4875
54912
47299
41635
4007
18315
6846
16544
28808
34686
30726
28597
43763
57111
37281
33296
27360
46343
31223
14017
9278
23339
18529
23687
21061
41903
4280
45277
57207
51684
40440
13891
56950
11094
3604
38662
56381
52798
25715
12530
45993
33064
6935
52270
20402
17239
35723
26979
6377
45961
51469
40491
6668
44815
31167
31982
51830
50770
22312
44152
53340
38249
57616
12343
17998
33426
34085
15291
47920
8531
33780
45373
16319
33761
23448
10338
50240
37345
35440
17743
17103
45211
12734
45132
38640
40303
44854
6769
49093
25960
37948
54815
46000
39104
21743
44103
13584
11912
48536
35668
31654
7450
15951
13023
24014
32570
43364
45484
27316
3294
4348
43290
32067
3120
48163
43899
18249
50569
44877
50006
39232
40893
24058
53185
45215
39054
14984
47667
11597
52859
55393
57295
57776
26726
25435
11780
47985
26381
36028
33060
28119
51508
48471
52408
11578
4432
36807
17705
3744
48770
32060
47292
24985
53048
37624
12508
12849
18194
13820
10145
54422
24327
32973
23316
42583
29712
25981
55231
33894
55550
23395
51729
57567
30280
12441
36918
23567
13476
36186
54694
26312
54296
28387
6259
40321
29086
53305
41549
11481
3105
27098
10884
40503
13156
31955
25325
41044
11046
31267
12528
51681
3569
8962
50438
8159
53021
35114
19793
52345
45582
41777
22872
31562
17394
41484
16524
6914
36693
28157
48766
19126
16293
7003
52813
39442
9157
25562
35539
36143
20532
33081
27218
56618
16203
42375
25064
51672
45582
55167
5246
13604
55496
34835
33230
10064
43333
34976
13097
19764
32369
18045
54764
11379
5465
53607
15183
40402
28195
51463
35032
38758
22860
25649
7427
28764
17498
20430
46970
47394
52643
42425
56694
17886
25324
9888
44078
29642
19094
55979
37177
7778
16333
17352
22398
17407
55760
21093
16621
43043
52237
6886
6119
17254
23745
28033
56691
49348
43706
4509
29836
48373
35525
41966
35499
19460
23050
23751
20032
46231
59456
17675
49124
55112
45026
54735
49314
48008
35674
17385
35679
42472
14265
46399
36527
31537
38796
25479
40901
23689
34405
33122
19577
50273
12568
57529
31476
58826
47890
47553
51482
34405
9600
35670
39793
46894
3727
55460
32143
29667
54605
41935
49072
51603
52292
24920
35646
59469
42888
15616
27016
52947
51214
8389
3466
26475
48546
37233
24740
52342
7119
26933
24142
55886
12155
22728
37878
31116
43724
28855
48692
59649
48257
38121
29504
6370
56239
37264
6123
37107
14504
51506
41628
40094
59911
14218
39485
46059
29198
50731
45309
10644
27444
40980
29098
34537
38297
25240
18289
13711
19012
29301
21845
40155
25271
47184
32916
15852
29855
25491
52954
38257
52284
46717
5404
10761
12574
53294
14490
17279
8972
40478
59177
46696
39857
24138
44096
59681
29672
9097
57953
19366
52829
20388
59039
44535
11632
36635
45570
19969
17160
33097
37256
6659
11364
46048
23108
31576
45936
23152
11236
43181
20077
45861
4761
36567
9640
46074
45083
27507
4952
45263
37574
53039
16702
13642
56391
55161
42765
10670
4634
20763
8174
39643
59702
44834
43525
13662
13339
19565
3907
32646
10252
11747
33149
8283
21229
32316
22220
56442
58435
45009
5783
44150
38863
21760
21750
26260
29245
7979
12624
6322
16368
43170
22774
16126
22477
16702
38573
46183
59128
9510
13784
59116
7388
11393
48573
29775
42358
39206
50087
57226
28941
11812
54635
55564
51513
33017
59899
4433
14843
4761
11168
47157
47716
13531
49624
53788
14292
34008
38583
12525
44573
42095
42740
37802
34141
31849
41908
46489
29579
21978
32408
52544
34592
35776
12380
55616
16182
6505
11940
59365
20025
37900
57290
33544
23738
19555
45298
40060
56378
12264
37933
24751
38099
32370
8072
47872
35499
17650
9547
38128
46186
48951
4999
56082
48018
