236
38002
31249
17456
41075
57638
19504
7053
35115
22429
53403
9545
28744
43669
23203
8218
28998
9173
38756
37665
55894
23806
24113
38904
6121
31083
5773
59303
25154
36775
43933
55219
44152
51171
44623
47731
34327
58751
7005
43172
38561
34406
52071
37501
40136
7446
11205
46186
41321
33282
34068
45923
27754
57599
49855
56422
34984
56601
12749
46245
38125
42351
19725
4915
24035
45639
41071
19362
46454
12854
8481
11301
49026
51602
37089
9341
47449
23480
37962
3376
23614
19935
16128
47174
57793
55024
8375
19550
14650
58868
46256
22927
36676
36762
56068
5951
53301
39003
39660
59077
6563
50283
38710
16710
43062
30525
12328
13907
39226
19067
14843
33448
20933
36685
29958
50995
48135
35359
29125
16858
36595
10581
55406
18129
6541
56715
27612
42309
48336
4588
49552
24198
50921
37584
43231
14116
45796
6928
43647
58880
56076
11236
12875
31468
14069
48525
16995
15815
59065
19848
52827
4312
21286
22616
58216
45211
46391
22302
24664
16659
13276
4224
27477
22892
10026
54235
33415
36622
33900
59654
41228
33676
32694
3098
50314
26226
19466
32107
26539
42561
14249
26523
21037
4997
59732
28541
7724
27928
36067
31384
3767
28553
19075
59346
34658
22439
36460
54269
49975
10851
44135
31561
44816
32916
33570
46186
24301
51138
14040
30267
14707
36348
25858
12249
28027
20325
3168
36365
55128
33872
44720
35145
48002
40515
47626
4369
28303
50802
23479
50981
24308
35072
35494
5897
29848
23743
38326
