1379
3568
12497
27073
59811
56263
54105
55500
57239
58971
57480
9463
15719
41443
50730
42583
31777
41639
7130
41507
52339
56258
34947
45908
22948
7561
10658
39839
19008
22940
22683
3506
14689
10593
39726
32584
57746
45274
27960
26061
41822
54530
38891
17775
24680
35974
5517
17872
23128
11871
59343
26656
8223
26200
51372
12234
18518
29332
21740
13351
5495
41788
19662
21228
14856
30934
39628
32762
13301
51396
48000
11480
46954
29363
52267
44732
54360
27791
40757
59190
30912
31897
30735
14978
15479
15282
59572
43981
57440
9052
38013
57497
26462
50678
9456
33223
5805
38326
44319
11941
39988
48193
59246
31050
17087
44278
58101
54251
33110
23826
20869
12609
50668
55637
53730
25659
45223
5803
24948
54596
55515
17276
24006
41339
47198
29055
36952
20676
28028
39444
13260
8549
59464
18753
34087
12866
6569
10631
9266
22907
57001
32596
14653
4474
18741
25803
54563
55359
37387
51492
29811
34570
45086
59062
51046
25503
18896
42001
50640
16200
23463
59238
17812
21325
6980
4066
48314
13629
19890
23348
10799
16979
40700
32421
6960
19670
17177
15369
45042
29628
50245
44958
19704
48353
53258
4336
6757
8668
38984
43061
42162
27003
16020
21505
3153
3001
59972
19187
33944
49475
32906
10417
36603
55371
15818
56548
45826
9055
48188
44459
22095
53979
48553
6431
16878
9051
49142
42728
43106
55155
35005
13492
42170
21817
42672
22882
7224
43570
57620
33995
12944
54402
36102
15083
51389
30281
58686
47974
10249
54240
39517
3016
15438
44557
17035
47697
45091
25972
58175
59871
51421
51160
58631
3079
10138
14893
8098
53379
52030
48609
36855
25882
21808
55829
19584
48478
12966
26618
30444
57948
52488
16288
7862
46033
56541
50095
42995
33474
48265
34036
43596
12493
18225
42965
27470
16703
33644
11300
9049
20162
47764
39883
24078
22546
7793
55038
34454
52109
49476
54286
22235
5068
34120
22146
48795
19812
50062
54560
10414
38224
32323
26050
57485
50455
42517
56546
22046
30082
30610
45001
58029
56262
39820
43760
20008
19409
12770
29785
7695
7324
37790
25336
12659
13305
8713
53904
42819
4466
33983
38514
46430
46576
5011
38285
26385
24716
6731
51635
29663
10240
46942
27185
28904
20765
6577
9217
6111
29074
25858
47910
33623
58244
27431
46496
10796
25778
46168
59684
54915
10888
52182
35437
36931
51726
51753
59230
50701
47634
14560
35831
31747
54872
13385
40784
47065
52794
37918
28318
17465
6224
31548
18094
21629
40232
23929
50479
39501
15664
30504
39523
31768
36264
14664
25925
8782
31968
44903
16438
35448
50300
23104
28203
3993
5134
25721
58790
47781
38526
48554
4071
9902
48609
25923
20449
41764
18034
22507
26582
49300
14770
28724
23760
19158
14657
25274
47706
30318
56982
51755
4090
41400
21236
50641
34063
14045
15598
57255
36010
23414
9866
21950
53185
57261
32774
35675
19869
35557
6539
21079
30727
53969
57794
47519
50493
50901
10660
44318
47042
43094
43314
20588
50652
31540
44075
29508
40651
52748
34763
30916
27687
37321
7579
12370
21226
40045
52006
54153
31420
7933
50509
34706
30867
4079
47008
13699
54356
20154
28042
3934
56030
36157
38226
33124
12656
44042
41548
10263
56461
22699
40215
31095
10488
15221
40509
36624
43549
54966
44640
50269
33602
54331
20149
46052
14533
46301
23530
11512
7828
8777
49475
34750
50224
19392
7804
42421
16203
38014
13376
59514
51861
45735
31258
33107
32048
45161
44205
16378
18860
21743
27503
32950
21455
26120
59929
5092
21453
38096
17318
31986
57261
11772
9566
23604
6197
17460
13417
57995
17110
59394
34749
4325
54705
31443
7645
27634
49655
4071
13572
58164
37511
7117
51501
34544
19602
51333
26341
5750
8332
45264
7991
48897
13022
44716
26106
59246
19285
10297
49397
22654
48000
37949
27515
32956
57898
10637
40063
56644
56882
13875
42951
20500
52723
9719
55404
40937
33387
20567
45037
49777
24591
19856
4439
12147
24107
50257
35343
41575
15683
14010
9175
34150
56206
47331
21761
59232
21873
35220
41540
32770
58102
9488
27314
18666
42136
13649
4835
33103
27502
8162
11651
16949
43179
6898
25972
47122
41129
23093
7944
21136
22028
30897
54035
4621
8068
45276
54500
35623
13679
17804
45321
8141
3043
44610
57804
57740
57202
42156
55476
27788
37007
56293
59453
39536
22680
9848
44000
51764
34074
12477
6760
8503
22434
15448
54629
18304
13813
47717
11754
21293
45486
50984
40589
23244
17227
36848
51406
46304
7040
49893
17706
6801
17007
50538
16234
47770
22816
48715
43120
31811
30346
14945
19948
19642
25796
25245
40758
29939
26386
20220
34491
42914
9412
7619
5773
57762
17433
41301
56174
35018
59443
15012
49675
42798
18495
33594
6493
3111
16308
53415
17463
50289
59340
20650
34366
52773
38249
18051
57359
56832
39647
50371
50464
47101
41466
47875
32333
8623
39069
55140
7843
12805
29986
28253
42531
44877
42181
31106
53986
16004
11875
57210
6678
54015
9201
31997
40603
31280
8946
59523
55968
47457
23384
32525
59530
36942
31672
49767
21923
29423
7214
21917
8876
20056
48685
38660
9060
55388
49135
29111
36212
40961
32660
58520
25903
20130
59520
43158
43824
5976
29487
8431
41750
24167
9774
33022
25038
21324
22708
41566
50463
45730
10945
22945
56020
44188
48169
36943
31102
53496
12602
37283
32731
15409
43919
34724
6714
21725
14353
23555
12381
23252
32167
5260
34931
25913
44358
26885
24085
6889
29128
54195
3792
49288
36165
50453
56412
57118
32212
50175
59993
43015
32004
50703
15799
23081
11635
52216
54677
50670
33764
15243
5914
20480
46881
26737
51885
55080
14548
29861
20826
25604
6699
16442
52440
37469
49613
53161
40375
6332
52355
8433
47549
30730
55012
32761
35599
52388
57939
4502
4763
13964
16258
23896
36838
40187
18725
53777
50365
59327
23663
28425
56876
43007
52958
26267
28962
16345
3617
13331
30454
16939
15780
38331
7897
55034
24699
27208
55627
23309
13267
22238
7104
21348
48233
13106
14462
52914
20919
33248
44972
31256
39233
50729
59583
8723
50231
26840
19671
47862
40307
16521
19138
59715
7059
13420
23945
15771
33722
57979
48071
47529
41720
51077
54785
23219
5124
55673
55466
17828
42585
30656
17698
8026
12298
21543
36406
40161
17223
58037
33097
25734
13071
54907
13710
37582
27237
14073
29400
56929
14148
57646
29279
32040
41497
10921
58365
25722
51360
32268
3731
36733
15955
11472
38964
35558
18149
47379
44637
43442
8727
41671
3075
18364
16704
52265
38112
20823
13740
11591
10566
15315
38529
23864
10810
23898
47529
29511
12454
33652
49434
11462
52438
57003
4432
38956
26050
15248
56774
39977
35808
19698
28217
7011
45887
29011
27837
29369
25022
41328
51950
51913
8523
51720
36809
43841
54827
54075
4914
19493
34979
41231
50778
37920
35307
41266
29264
44019
6650
7719
49157
42479
41171
45372
29100
39637
33399
14015
30163
56776
53840
12110
43705
13187
34812
14290
5808
26050
35993
48606
30683
14262
43803
34373
30000
15673
38353
53329
15462
7433
25809
24379
17042
22237
24283
29808
25442
9823
38654
15437
15680
8367
32723
53896
7173
25425
9209
53765
54522
34031
20464
39587
4543
32097
12225
34587
39394
3653
33356
22050
46129
52393
54859
36871
23055
48595
35336
37850
15143
27538
32905
21018
25200
35609
51513
55593
20321
6734
37021
9702
11803
33255
15538
24499
22919
40594
46296
9339
12370
7396
28007
15360
33159
52846
14809
11035
53197
56509
3104
5673
54535
3046
3518
22504
59065
57154
31309
39929
8298
30192
6148
10196
27400
3638
56441
52655
29173
5496
37427
35988
6284
27933
4153
39054
59966
49827
5999
48475
55189
16429
4180
18955
22918
36626
30892
10868
37412
30339
21403
13317
42037
29497
21018
56642
8222
31856
9517
47755
15823
45875
36891
32245
21302
30781
5613
56369
49213
21758
20410
8345
15661
26206
37231
32322
42524
11228
59063
38748
6762
15619
44787
39380
58068
49036
51983
33291
43721
42293
58127
47049
51258
48048
46688
55697
8170
31557
37055
11775
18556
43551
9272
51534
20179
38756
57651
22172
23139
4009
31428
48675
35641
27662
48800
16154
29135
49803
16413
15774
59257
38768
54495
50933
17581
29167
13650
23392
32930
44805
45227
19219
21487
18074
56873
14760
37015
28952
50653
4940
8181
18526
41000
53343
56516
31906
19156
6350
24184
14868
41946
11784
6269
5360
24276
50671
23731
6894
25925
27547
36059
49523
24033
21683
56181
25046
3438
13315
44475
53942
37935
47892
31039
17840
5468
25377
35726
22183
44323
9462
52316
29737
36013
15848
31846
21507
32407
55690
48158
52890
50342
5186
21257
15446
51267
53667
29540
51788
49129
28442
40190
21426
31047
27438
9403
34318
43964
11936
18367
51695
11058
32234
52952
