1298
39298
7936
10660
30723
37421
52069
45111
38597
53512
57627
12588
31909
45301
22954
30304
46471
32404
33125
49871
41737
8840
22821
59140
42692
3318
53533
22944
51771
32867
19542
33470
35932
40058
27527
38658
54290
15175
8419
29563
23060
48796
11308
7716
58948
53556
48986
28140
32512
12241
23464
24170
59811
26065
37600
58928
20757
41422
36257
53642
45552
10560
21308
24885
21622
42517
11142
41536
41436
56528
13009
14178
40605
44703
31065
51227
15607
25304
36320
17619
58666
48388
25554
39731
55867
17658
53094
6061
4189
24436
32659
3553
36241
39694
60000
41427
20595
45620
14185
18374
46956
50949
51044
59040
39578
56618
5153
13032
45109
52473
13647
42042
37383
13004
35808
42808
55788
19037
9031
29126
14001
38285
39209
50859
9755
33412
3188
19681
19935
3296
6061
34195
59067
59451
43710
51337
16972
30506
39728
32501
49946
53589
51881
51058
51447
10672
55251
58346
35854
12796
30175
49641
5871
9640
4294
53027
33200
36034
15231
49968
33043
39915
3079
7328
15549
21826
13496
59305
4507
22835
26233
18786
13494
13161
31694
4008
39947
13875
36047
58891
32621
38185
44238
3307
37042
41956
54773
43857
22426
17582
58006
47665
54006
29952
16577
46822
58668
22020
57319
8836
58391
33783
15588
44983
44468
9391
57444
53327
8172
29368
29205
10776
58600
15691
40598
53954
49295
18328
28648
36404
12519
55183
45640
28496
30857
37326
7650
43800
15697
4898
5781
21128
13123
46768
58482
29379
19275
55745
26942
14621
10308
12120
39630
46905
34854
36293
22317
52316
52916
38344
57821
24451
57721
35957
15113
39235
29876
38639
34586
23484
38437
3778
25986
18289
31603
34756
40430
25344
44326
35030
5587
21312
26729
37832
44500
19502
42944
22182
42865
13895
8679
10060
39099
53448
34522
27383
16149
52382
46405
3461
9986
7088
13688
8325
41432
26639
33493
34101
52987
12132
29831
37506
3533
34143
27444
8414
52860
22194
31432
5741
55911
24385
44446
27234
32354
40359
57350
12112
44079
56227
57259
16853
18102
11141
6748
14597
18714
49715
28083
10593
51888
41614
9074
28320
38586
50801
9065
6801
21496
54250
38089
27554
48370
57972
15831
5301
23061
40211
33498
35834
29751
49435
15929
50483
13772
43973
32731
53409
31457
25902
10764
29100
37113
10752
25689
9170
9765
6596
10418
27519
58837
10627
3205
55098
59538
44014
23335
19975
33947
13284
26078
42068
38217
18357
4176
46461
51508
45027
22647
58195
7047
10177
25107
24770
29549
56456
4542
37248
4768
36956
35903
39083
23341
11604
8987
47095
46091
37604
13491
31652
47863
51334
21929
42386
55790
39485
4041
28480
30522
38687
42443
8819
9976
27836
34205
57311
21567
48356
40655
58140
14534
5821
46111
18953
37608
43840
15747
47507
34852
41811
36639
7082
49730
50400
43396
25007
22328
56056
46263
6122
23175
30942
22532
28262
55131
40156
48138
18186
32986
55072
52303
8418
21545
50269
58533
21354
53696
4285
13170
42851
54823
25092
54294
41031
5404
11339
42034
21930
41743
19054
56461
14195
48645
11444
45336
26465
3445
17333
31714
23078
29523
8996
5802
48574
57666
14882
14162
41817
15094
6884
3991
37780
6628
54148
20004
54541
39690
58642
36758
49542
34789
42495
28570
51998
9767
57554
26111
35732
37029
44234
31796
37085
16388
19873
49081
9061
18911
31551
42314
53560
25888
3912
10688
28254
56751
50304
6102
57678
4816
15791
51860
5891
21022
45577
45138
9458
38591
59666
46873
28897
49125
47711
16638
41541
7239
11315
43366
33100
37575
31485
54476
23387
16746
15080
47269
38681
52173
17808
20220
29829
31778
7129
12775
17548
23930
48307
40352
55340
48873
6047
38935
26166
57152
6010
50991
57949
45390
31306
21393
27598
53485
59756
21833
10000
54836
10769
51253
23777
9633
45261
7079
26404
58023
21678
28769
37900
38846
57895
57999
26554
5517
38802
45098
12379
34057
56607
34401
32900
52664
9587
43393
19708
59231
23463
16506
20623
20638
12300
29246
11696
6073
27392
33130
26029
22899
14344
51410
4453
4822
34739
53025
5026
59259
5697
11982
29973
10379
40017
12919
18994
53165
8552
13833
33335
20094
13162
12022
4656
6821
10521
17237
43007
17676
15511
28424
24489
47240
42743
55571
23649
59344
16425
7210
19562
10343
52689
18321
51967
53013
6816
59523
41106
38310
16344
46529
28885
39983
16477
20924
44255
14929
49679
37823
5562
48071
19416
26315
14866
17031
23013
11785
46501
57255
37671
15255
14082
8297
7073
19123
4848
43090
12393
7821
31638
22759
16938
47777
59300
55199
53181
45590
38867
53107
13420
29538
57554
57430
46507
43584
38420
51524
52846
51029
54160
53994
36658
17112
51461
25729
26003
24206
36320
57907
30156
23573
57351
20283
41385
13409
11011
46910
17552
42753
34857
37409
11903
22826
53258
3234
5539
26992
18530
30824
25552
48529
19314
25044
57660
44264
51028
12880
10454
57422
17299
35821
15667
33467
26738
53182
20521
28215
33268
25074
12096
58277
7692
45015
14995
47043
56999
37161
44964
35064
12365
40045
44936
14947
6968
8292
15660
38302
21609
3133
42870
58082
38308
38640
19848
42723
31057
39859
43758
36813
45814
29079
41944
3369
28969
33372
43139
23540
3949
9090
36098
45353
3772
45394
55224
42088
10375
47660
39415
18115
8571
3831
17394
5877
46699
40440
51495
43733
38598
44236
56967
28989
9569
53478
23336
6997
28053
27456
6538
26663
47601
45141
22577
12144
46099
56662
42497
5242
27291
17503
6690
30502
17074
21132
58382
8035
11238
29022
48030
11247
3744
35149
58974
40167
47023
57591
3448
58378
8931
48430
40978
56000
12784
36393
24841
31754
58997
54624
16496
49245
7986
12693
34879
40225
15893
43016
43191
41054
47634
37978
57973
30296
37116
45961
31452
55126
59049
59524
14383
28678
51541
43283
46714
17321
10436
10691
52699
54253
14589
46905
47184
39835
18983
4195
8703
19281
8479
9506
11437
43030
26818
44887
41466
43167
52728
7414
6191
32563
21087
3964
24523
30061
29479
38704
32560
37136
25421
44414
36266
6786
42697
14973
9374
28343
36789
37795
48870
19904
40644
22339
16040
21728
40401
39684
52861
18579
44691
29401
36986
46962
56587
23280
28403
53377
18412
45129
19961
10896
15328
26968
23863
22858
20292
22053
41157
21579
13526
22739
41608
15234
31094
51623
37752
37969
32070
19523
23362
47944
54307
19953
9284
59768
28423
5240
40576
12809
44836
53996
26761
49379
37647
34711
15152
57611
50288
42349
55440
48135
14632
18092
25173
37733
8601
48384
46292
14012
53442
6244
37428
18810
45930
59728
54133
27787
6681
37941
35795
13748
22517
11696
39102
4454
59658
19247
16595
17710
31801
37682
4002
28551
8064
15650
28806
21082
41260
48838
28770
46037
31827
44139
38365
51688
36162
32738
43806
38062
35037
24363
25739
49841
19684
22473
7884
34092
6559
38574
33989
3906
23090
40286
25835
39306
38737
40257
8078
32362
20028
29611
17565
58306
49391
35758
46942
59667
40953
41736
52501
32627
44490
56475
29779
22924
29666
7485
34468
17264
39260
33380
33776
53637
21696
13534
10346
52164
53372
28830
12533
46916
54398
41012
52818
38737
41725
49255
9380
16097
52097
5775
8945
53864
40177
36424
35927
32956
46964
58961
52666
33399
32021
16451
12777
53046
4298
50111
11562
44579
15275
18144
16911
35124
32444
24470
18760
38958
29186
47165
49975
59948
3706
6143
27657
45726
24974
45754
43828
3976
14932
18428
55034
41316
5457
42972
16989
30341
42837
49373
21292
10769
7958
27468
15127
51596
50644
50639
57457
11196
14105
13276
41446
49944
47598
22860
13793
41452
16410
43440
57064
28525
27494
50102
3197
23051
17803
57420
18728
12766
16682
26404
48176
24044
49497
13602
4828
49534
5525
16889
53340
16491
57088
44232
12481
21024
34568
31150
46571
58778
34046
14650
24245
8148
3790
13833
47287
49380
34257
11560
23273
55407
34326
31245
28006
40172
26602
43734
35814
37161
19324
54540
3302
55491
22261
48742
9946
32485
12668
37349
9594
53218
10845
37269
46707
44227
14239
55789
34824
40759
38294
49071
57755
26062
53516
54223
35261
9731
14399
14830
38489
32813
24966
38718
23920
11285
33551
13787
3589
54600
33373
25219
17903
3941
56422
43425
35043
10260
19991
10497
