254
6009
3821
45247
36975
50707
11663
8736
24325
4659
22585
33002
14039
23201
20057
3887
28803
52102
30840
19785
57404
52449
16355
47764
46928
18554
41343
21515
45427
28912
47893
37156
35618
28722
15632
5804
52515
31862
10443
59665
48825
13802
6532
45138
36126
51781
14525
48947
6503
32190
42373
48830
16769
28244
26607
37248
32031
42490
9458
19405
31238
40007
32285
17789
33455
8781
13719
59163
38151
36445
39401
29012
20181
17728
55574
30896
52072
24257
37208
28188
23574
32160
3831
8041
17741
43055
58349
50035
30656
51969
49356
41901
13887
33079
42068
42317
56391
32981
57592
30663
48100
47361
56034
32603
17474
14469
5450
33824
9280
30910
4063
48721
35881
11653
18518
27069
36509
4924
21078
21527
21311
48529
17048
46299
50716
55089
24063
7279
12474
43074
35631
34068
8016
41786
13738
12471
45578
13923
28153
41954
53828
45916
22827
27582
20717
25586
10057
9159
4205
33987
45788
40037
34469
22282
35827
58745
47620
38201
38279
47331
39773
18235
50661
28579
21177
10812
44572
13578
8942
51018
11576
51930
8373
56088
52589
5972
13317
23912
59993
47921
11776
45524
52428
34346
47625
28781
22112
32671
52532
40643
56810
13936
49723
42762
53029
38407
50017
56585
18417
18641
46106
7791
13464
52288
40090
11417
38112
30728
15786
16710
39019
30490
48084
8089
59250
3935
13297
20021
52139
27469
31729
57790
24270
58449
28911
19165
15598
25889
40471
9487
38528
22238
10910
21580
47488
18264
4797
41562
35636
53241
56134
11791
5207
23315
14947
26528
40705
7551
41021
41765
39622
41694
9297
50052
36551
