1114
52822
32752
44496
24020
25107
59779
39152
30682
19240
37965
22551
39591
9330
10802
35536
10746
5569
10858
9130
36704
45391
43238
3099
9420
24922
14118
31672
20280
40048
10313
48239
8843
24285
44818
27292
20118
7766
40730
7463
22181
50571
13807
10282
7391
26014
47721
36988
25457
26521
56502
46179
20716
40335
16046
40017
4994
32930
25941
40936
5811
57960
15452
11892
47238
24560
16830
57268
9624
11653
4192
25388
36126
41029
50630
36708
58678
13836
53049
52750
45568
32884
48057
44701
6869
21311
22625
32404
11655
26979
58325
36047
58698
52354
10580
39827
12433
5150
19037
37579
25917
26710
4160
33211
45345
14426
41384
28882
45861
4385
26336
40099
58976
34469
38100
48458
25345
49994
27471
13622
43431
5663
42080
15840
40233
24519
54280
42306
11460
50653
33947
30874
34665
32841
14226
13323
27612
56956
27752
16761
35602
14907
33548
14735
18408
41984
33385
50414
22691
24427
49590
55338
25729
10988
20065
43679
41712
48019
51365
50662
30182
35128
30385
24033
12910
53986
43121
19599
27593
23132
51805
40619
25641
6218
31429
6430
50442
38144
41994
13664
32213
13323
53448
14755
18984
25677
39974
27074
19591
46805
27997
38736
14989
21972
9509
19069
27527
55715
47653
35049
41008
4844
20343
44780
21815
20163
5120
32180
43634
30430
54828
59038
19163
50285
10486
41390
53225
42437
9119
54657
5979
23134
53269
33996
26192
6452
46971
53894
40396
35880
29615
4938
57346
27578
59529
11706
49156
56986
27091
35099
30942
50974
11019
18443
40738
3977
16525
48149
14333
50897
15912
31026
43330
3850
18445
27729
5865
13261
3730
53386
52125
44855
54319
23381
7898
48949
7334
35334
40739
33050
30732
49986
57025
39161
32463
52973
45777
6967
20199
33496
5054
40284
21809
33726
36061
31128
39706
5089
38306
4104
11036
47802
9956
54028
51094
14826
9977
19513
51178
12916
27602
18122
33243
30213
48731
13226
35608
28398
40692
9646
49171
5715
21330
8375
59308
7742
33217
10636
9459
24413
3606
47677
37473
42185
28329
52573
54367
39102
22194
51003
42600
6106
57674
18880
26923
35332
56971
5045
5870
25959
14814
45361
52225
43404
40756
58548
30314
19198
6932
42755
27505
26653
16118
17091
17210
23312
45822
48759
36699
18956
54951
34994
24140
15339
22349
51248
17192
28767
59151
51432
53624
13844
54992
52852
15954
47021
50757
14193
46974
18113
24837
25996
43587
14576
50998
9508
23578
56181
10363
18585
48037
9625
35718
49070
54516
7400
57845
52837
9330
54908
19383
25253
6984
6316
6799
7774
49516
38614
5951
34966
11229
35706
25640
32108
38813
51453
29516
34502
32301
37673
17019
53354
30364
16834
51851
38135
28656
55807
30225
27160
50829
35074
19247
55442
18160
13324
59300
51194
16348
49285
47134
11203
34015
3290
57267
20195
42614
32686
28238
31510
32396
6737
59405
37910
32436
32531
30383
46755
48482
35443
18897
7557
49217
49487
33167
11207
6833
26224
7698
54923
22183
52183
11173
43493
24043
33461
45518
20779
31668
40723
47718
5598
27578
51869
29679
18964
22200
19179
3310
45105
18983
27262
20345
7841
24258
3614
53388
24337
30042
29522
10715
14919
41283
7880
20428
25296
3647
40882
47102
11459
55232
52827
8344
16515
30814
59529
58743
42925
36704
20267
12650
34990
49072
24347
23980
16857
53759
35367
57604
44577
12245
51155
10132
3763
19796
49332
36130
23602
33562
30836
4935
44861
58576
28367
39923
3854
24592
57389
26052
36101
57843
23396
57575
46755
11701
32076
6347
26413
47912
21675
17210
45435
15921
32193
9447
8517
38061
17509
36348
50577
13631
35596
57202
52721
50166
41588
8534
22693
54771
39990
59166
24747
23924
39525
32011
31988
37747
27026
33976
14587
39719
15126
57714
45483
24627
10650
35572
30076
3280
11136
17355
26939
9965
54325
14316
12110
56626
31801
52992
53530
52952
53425
21166
51234
38961
33678
17425
8208
38774
42346
51281
42673
54333
49819
6503
35859
50153
42290
19384
29984
24007
3428
6511
48270
49566
48997
50539
37204
59164
55354
17420
41047
51628
15321
26405
50736
19245
13791
7903
55880
59127
16266
30320
52005
36981
17086
33761
59021
36263
15589
49087
17104
20708
22417
26204
42071
22036
25419
45210
19587
18532
23165
23814
47448
41929
46814
49334
3484
25246
26342
38643
23544
40900
9171
26106
55875
7632
16836
33944
5785
56445
33242
49712
58839
12743
20449
29395
39364
33447
24482
14585
30276
44404
49770
15968
22842
4328
43272
20873
9845
5933
6468
14930
55750
23865
55373
11554
21084
56920
41815
12030
55699
57246
46053
36586
58307
29931
52413
37534
9837
9793
10071
39617
51080
25007
23134
4644
38654
30897
51318
5912
42243
41783
19792
6461
33769
26800
31203
47507
32233
48553
20659
3014
44965
53702
26574
13283
27273
54953
57104
16266
31317
56215
19760
37841
49553
29423
46833
42982
57443
40098
47594
39584
27426
15740
34266
9948
56042
3234
14670
36782
22705
19153
3758
7893
40475
48198
35110
8049
3125
52593
44843
29293
7799
27034
6004
24385
43592
11294
29135
19017
46584
28239
9314
42793
41469
59649
37190
19254
40655
25792
23998
5656
30557
10218
11107
4464
48919
30022
35233
36307
3449
41614
46843
49898
42648
5310
5308
51056
50429
34011
53922
53924
10752
48055
14411
24566
33072
6094
40484
29129
9055
50721
50699
36941
21073
51814
11037
36967
8095
30252
15506
17043
59514
34871
42805
9388
46906
50995
8514
31775
56944
33171
26585
23400
58607
36103
27950
52739
59406
53758
41505
34343
48914
38557
36229
16706
27070
15318
30011
4978
5604
30487
18386
52201
52825
38008
49935
27422
52260
42467
28450
27830
20602
10744
56245
19197
47537
17315
9067
25158
39029
49770
32210
14909
24627
41026
6343
38706
5671
50436
4949
7317
19316
40263
56473
29247
25911
31789
57977
33055
22880
47002
8158
25653
19185
37073
8929
37333
33538
5529
37528
15109
34507
12261
19604
18618
3121
37001
47634
6720
10255
37132
18513
5691
20804
52715
9692
33995
5422
17620
25479
8226
24434
4255
53423
30608
33410
21499
39193
24057
47935
32740
52883
36413
29657
20627
8335
17734
58130
59694
15149
6941
17218
49348
26067
27914
56242
15730
45555
54234
35347
29282
40540
16340
37295
39734
31712
26505
17371
7509
10713
24874
54366
6663
59918
45172
32614
57814
44780
23785
56710
44623
53153
55746
38165
5967
40966
11827
35693
29836
50341
21555
39227
36225
13604
18106
36334
39228
15315
53039
46226
45583
41595
25657
26015
12094
44511
27952
34267
43086
51574
39554
10647
44088
20800
23599
4147
41824
18372
55594
6449
38863
40115
15245
56593
36698
38604
12222
43415
26294
12629
59252
33192
59959
35216
28313
13705
30727
50571
18946
25274
23386
34912
20225
12107
4638
19708
23985
25131
58797
27930
7081
23796
37553
3648
16069
47331
9118
36643
31404
52436
20764
12486
11744
44279
16881
28011
19143
26052
28158
20698
16917
28872
47992
45907
25955
40347
15499
20939
31435
49281
11498
52975
24100
3575
3498
23548
44004
37299
32308
45579
16953
55428
16917
