2104
45385
54195
47093
11804
23704
49874
34323
10801
41144
40400
25000
16736
33825
57461
5077
53748
33877
55382
48347
29234
43464
31667
25115
28129
38343
43447
3292
54628
28634
33381
59768
31399
41005
56234
26574
36828
23876
38153
33723
57170
23054
41816
41789
37366
15336
11390
24950
38987
56721
28468
29308
30196
26016
26788
33835
54992
6016
18551
58167
29232
53619
31728
14033
30097
48153
11652
32601
48795
13259
39351
15475
45913
38682
7886
30260
26291
26265
22749
38535
27091
45191
46951
15165
28306
57786
34768
20435
28454
18393
4862
39586
19127
3071
50056
46948
47531
57483
40155
43409
16176
34526
27765
9338
22777
9568
43304
11725
19366
14107
21603
20432
10671
30518
42114
47005
33002
14898
57174
34772
52881
34654
56617
10606
20097
41893
28238
6632
51854
37511
52097
19970
21285
25470
13415
51483
57407
43019
14269
36922
17002
15452
46781
37412
54362
10817
34830
23384
38189
58498
50499
56121
9870
21397
23786
26734
22136
12167
37546
10208
19552
21869
29413
38209
33513
16172
52671
44277
3779
55796
28707
31410
18109
28828
14389
31431
45478
14445
49563
21313
40641
45492
23401
44051
19674
31216
30205
20525
9322
6181
57284
16775
44375
56521
43276
26920
19377
38844
33141
47161
10955
42768
24591
28232
51627
46047
33222
59400
18171
15913
13709
6198
44427
33206
42257
22124
13475
47656
28609
40262
3043
35791
25888
40235
37448
55686
23716
13915
11977
40534
34895
26786
37707
45337
59438
56821
9182
54039
22430
3861
8274
39499
56935
13816
20417
59337
14390
26165
5402
9812
57103
55892
47259
15820
6031
28534
47667
47928
21518
50551
34988
49360
48218
50600
17296
47920
34645
38932
54461
23072
59108
44940
40312
29112
28438
12972
38920
36038
52596
11848
53943
40833
3800
22774
48541
39120
46936
29999
58835
37690
38653
30105
43084
55899
45687
57607
59727
40453
3209
41740
6489
57530
41455
59462
19939
39565
5049
6426
37087
3651
46953
29320
24037
12214
7484
19815
59434
53135
9194
56721
24862
17407
14456
32880
29495
56646
57143
37003
46110
32340
24667
6793
24507
14427
53183
24289
4856
42737
7837
19001
6343
24793
18406
50480
7782
48405
22532
55488
33133
41461
48636
41360
30074
8693
7533
30247
42474
31959
47873
47528
15743
4925
37296
33952
48862
9304
11792
41013
17819
21790
49333
17485
25588
33826
29086
34455
33186
11750
31715
48556
35164
37556
57598
32483
38265
48630
56908
6914
29588
34691
31051
9656
18576
51930
53556
22548
41440
46116
26500
27479
27797
8252
6423
25827
54856
43546
59619
51355
10384
16929
38809
43143
51498
19063
49571
36280
32186
3320
39414
14394
19433
59653
14586
37168
24143
37610
34462
15402
4787
41011
23735
24591
54518
49793
43157
8131
58097
33895
55705
21792
19555
15007
40060
55228
17810
33604
48910
55054
49116
46250
16393
38923
58587
49596
57397
16494
38314
31529
7284
48190
46590
57278
52827
19941
47463
47851
34883
52883
10191
32953
57546
15312
8670
6847
13827
42858
49123
18906
13878
45918
18363
35574
10101
33426
19747
24911
7462
59788
48074
26799
20102
30064
31734
9701
9197
30018
58235
56998
4222
37357
59555
51835
38651
43399
57312
21859
37027
18531
59561
17263
22250
13889
3685
33732
58627
37809
42889
29080
52160
30961
13601
48567
51573
6897
44869
21001
27041
30368
3348
56857
29480
38692
50000
39192
53145
22089
37145
11990
23524
27939
4013
4762
33594
51676
36135
25453
51017
15646
38890
24721
23833
37695
10987
3865
24051
45901
38498
42228
56155
29049
30260
40171
47948
53584
59797
18223
25342
25179
59319
29121
12535
49747
36712
28575
45303
5207
51044
43466
55800
14681
54064
48409
23238
35819
14805
44246
58597
6142
41918
53239
10323
28115
16346
10145
32752
35059
14964
35035
13005
55745
28078
47758
4515
45660
8814
7816
22473
52907
27071
5829
5923
23818
55348
18888
34126
49592
38435
41744
24772
32142
43038
22145
8079
3354
42016
58355
53116
22567
25249
33012
33310
35694
11204
45771
21922
34404
4909
13314
5649
38626
5354
48097
48910
14310
37491
32840
26586
36768
19833
12847
39253
53121
12808
5225
22059
51933
32228
35126
3966
52728
52225
26661
41781
38042
17081
15877
6978
26738
34558
34206
59739
29951
7139
8238
53439
43507
32730
9744
56741
10095
56792
13447
55411
51681
41344
49417
15027
9787
20623
39144
26784
58208
22196
6118
52620
42186
44238
8147
19427
25614
54058
17968
45914
15511
34785
52647
28299
39349
15509
37374
17795
52722
14107
9700
22758
26359
19580
53247
51721
17172
5048
46973
26415
8188
42600
26250
18401
4627
5299
51298
27846
13338
59980
27343
44010
12404
28587
52599
6455
10050
59667
42573
49208
22264
49835
10041
3454
19523
54508
14420
45136
7096
55782
53981
55085
39866
44034
11852
39872
40239
57488
13851
39210
24023
15963
55773
18962
13764
16602
48190
10385
9744
54757
55720
23902
48733
49383
16731
13104
13640
39801
47494
20940
9783
23943
33710
25816
8882
46323
6290
21709
25425
9095
15292
44229
20568
24571
51583
38650
51223
6200
4127
17550
38516
18694
48042
36776
42514
26243
52330
31296
32386
9970
30460
47468
57845
43639
24393
26069
40205
55173
47401
4635
22493
37699
38492
48970
23956
55789
13267
17236
21565
30380
47959
53307
32420
34528
5058
39701
33723
12617
55574
40953
49811
16717
25224
37161
29022
54256
46491
55629
13880
15193
13536
30525
54097
28609
44152
9904
20076
45744
21499
40063
29230
43946
57615
5948
34140
32625
35367
33993
11832
54855
26083
42203
5554
8922
10386
38559
33872
3420
57143
33730
12087
5595
29622
31158
6928
48744
50973
20181
22052
34796
29356
23498
53841
27095
28266
8579
48732
13351
5300
19245
16836
50611
6122
10475
33502
33701
5923
50512
18490
55375
18585
14282
17633
57220
41773
26699
19667
20414
11572
5550
30874
25181
15365
50763
12465
24634
18467
46658
47937
44164
45640
48697
13338
41662
21880
35463
26213
32549
9588
50412
31401
52573
23898
59573
29808
43129
33871
8269
15122
51371
18889
16302
16090
7480
53159
38331
23830
46751
17705
10267
4617
26297
10870
55995
54943
14684
8439
58700
59541
26445
34961
12891
11969
6272
40505
38865
48379
13164
26035
48840
16649
22673
17683
18468
9192
13091
40061
53472
49396
9448
29326
49943
8955
25658
43731
51371
46446
43008
58368
5897
49469
59262
15597
15083
26347
20053
27535
33840
56567
21671
37579
17728
53077
13087
42544
19246
32964
23586
42170
37225
42894
35177
3208
54673
18798
48670
39469
49559
50442
37757
29354
39090
7104
17957
5544
15371
46355
32827
47108
40497
7178
35601
53191
56281
29223
21009
15651
58585
3105
41044
8356
8956
52700
47395
39154
52047
51469
7411
20906
13058
18371
55742
57729
23033
45849
39583
53455
5793
20394
24610
47732
55405
33166
51448
45224
25395
31032
30742
15674
26546
41076
12542
55201
40707
36619
38772
18657
14490
57827
27088
16148
26415
29651
31990
39538
47120
35508
27956
59452
52957
37224
40961
30682
32833
59315
55713
30291
53115
14255
17609
15081
12860
38467
5214
40228
37193
8639
19301
11662
21906
6671
4824
8363
11935
7882
39709
3332
35527
20270
5042
10688
51024
49413
14237
48466
17071
11870
50418
41646
43906
46301
48342
11103
55915
56046
22005
50257
51465
53396
30648
54801
50289
52014
43149
59590
25233
28601
30903
17676
27773
52188
52339
34379
21666
59494
50022
25919
54521
8900
33542
59576
29956
20944
20159
40781
16306
55577
4142
37591
37874
12716
58800
15117
4945
30355
35860
47471
8567
43111
50474
30187
10358
14511
10480
49626
57343
24448
34798
31861
46952
54430
7086
55705
53546
52040
36740
54111
34440
13980
48932
16282
40920
23542
48000
9854
24212
49257
38398
29515
30763
19557
22365
31333
26166
21241
42714
6459
51670
56828
36313
44601
25932
56338
9589
35578
3283
30747
43026
19160
59538
56431
50373
27024
19821
22515
22916
42252
47546
47604
36936
39747
54635
40611
37532
35436
33434
22875
15498
39493
10732
45871
31278
34216
19739
33008
42872
39984
36539
8989
8459
10905
18321
12736
59039
3949
26621
25867
10878
30528
35099
12895
12841
28769
4089
23452
13884
54231
50506
37416
14789
34978
30352
20439
43043
46197
42044
21645
33551
21570
40833
17169
53746
39925
37967
33920
10332
56816
20447
44188
13065
40416
12478
47385
36981
33358
9362
19241
42203
26337
5974
12654
45562
5478
25322
46517
10926
13337
3498
6213
42419
15356
8896
55591
5040
15843
59758
52755
19760
8451
14339
25278
14146
51700
17693
36985
55408
22557
54861
26404
3658
37692
27364
48482
23241
54718
12798
5896
54413
20098
3937
20448
23513
19520
18254
4548
40878
27630
44675
44254
49685
35346
52764
40040
49057
58787
52798
11122
42940
31008
26018
30365
3021
30425
59728
16154
10480
35145
58904
32416
3346
51306
48723
11210
6856
52984
10042
24920
7646
36748
8707
18956
18745
49177
45194
51922
29268
48071
50071
45107
9053
51212
52290
55054
35013
24202
48826
28766
57854
4639
9837
51660
14165
28522
25756
24826
27673
50453
11359
13872
44359
16607
5702
17959
33411
43786
56607
11967
13614
10493
4454
39266
50672
15522
28191
29495
10064
36908
38546
22892
5343
16999
22497
6169
18207
8208
36433
10929
31512
10640
48150
57232
42139
9093
12998
11059
44443
48633
43386
52193
39606
47756
23423
43832
23542
28267
46439
13005
33815
16612
29289
26152
12893
32785
24385
11936
3586
57998
11951
21138
32250
10252
52693
21760
28710
51046
22874
55332
29302
33643
22804
17971
9068
19187
50885
10472
32374
38488
39169
50638
47597
51200
9935
59516
30448
20263
34450
4734
34498
19379
20093
27649
44760
56208
25489
38562
47485
29400
15286
6286
38917
57084
26629
40889
52771
48840
48717
7622
34196
31880
11472
14629
35076
42942
3247
37132
57007
38331
16719
53569
38393
34490
11580
24280
26073
31601
46256
56596
56244
59538
19191
39386
20106
36007
45511
56595
51342
42649
44127
23615
43813
57738
50396
35172
45751
39056
25432
34260
25717
3210
21113
45351
52005
29767
12409
51238
54271
36022
25381
37819
56337
21186
43505
26909
57315
46031
45054
14689
45092
58440
11183
17476
27390
20801
34364
23604
21471
21329
15645
43731
38363
39876
44887
30145
55742
28979
5532
40596
38446
37882
42309
3895
23822
31900
29175
37808
31297
31521
45208
48525
10899
31625
21536
17093
19231
8365
54169
5953
40617
39252
50021
33724
24180
47500
10417
21579
4073
5444
27400
22971
51650
16819
9116
5067
9045
43582
4145
17338
13310
29008
15174
10432
38625
20361
13776
50824
7454
55248
25830
7621
21161
49414
20491
37548
13850
16149
13184
55626
16652
52183
17381
38039
18958
38296
25271
21188
43474
23513
47193
22610
11583
13112
40007
51929
13971
52823
43896
8394
37020
50644
58151
9667
41723
23306
35149
37708
10952
32626
43559
43248
55695
31700
33945
30886
10158
33127
9872
11929
16895
29220
16578
21891
58542
3710
16335
41346
6018
10864
26466
48128
13475
47934
42643
4522
4173
34482
56541
59833
8629
22035
3865
29966
9840
41046
49452
44980
49710
45453
58082
24556
21753
37715
16030
55717
17850
14635
55787
30939
6497
13877
31878
40391
53087
23962
6217
22329
16285
29891
41864
36819
53347
8694
36770
40881
52596
21349
21183
50817
11691
11557
9383
11567
52041
32190
25289
43626
52901
20603
6026
8130
44339
57942
46483
36370
16654
8916
56446
53680
6417
53046
40593
26811
13912
30156
18563
20272
57166
15040
41971
48108
5141
12466
4331
29851
54984
17340
34532
35770
52547
57330
39863
46411
12278
34707
26173
11372
36934
16273
41253
56864
34720
38175
46245
9368
15640
32631
59901
25817
31361
27859
11120
41182
35193
28524
45429
46197
18660
35315
6753
52508
4062
39028
35347
31227
20372
36595
32260
27804
49889
42394
55512
49799
53017
51657
10377
35802
37846
6103
45536
7788
8511
20595
38128
48431
29995
53590
17643
23180
12800
41638
54892
42595
25471
30818
53598
51903
52270
14809
30796
44931
8786
28150
48582
24700
51287
39630
16924
5395
47029
58204
13265
7589
53167
6041
35350
38997
48070
31793
13522
37624
26958
37784
3986
37769
34080
13126
20787
13327
37511
36399
4842
11894
19740
47912
3186
58767
11917
7054
39180
22400
20127
59701
29537
57081
44421
54993
36116
52591
9779
46364
11821
32074
34122
8741
47255
47530
16308
30576
55107
32971
38086
26181
34660
3378
17544
39399
23789
33071
32270
19092
32087
11923
23628
6609
3794
21522
15049
31253
5817
47705
45711
20295
16807
13313
17431
54323
14756
29594
27749
40498
50309
45427
48029
9656
12788
42425
17955
37707
34838
38232
17704
57480
56518
47690
43626
25992
43049
51897
10691
33911
31687
25175
45401
55439
53890
26641
36490
46645
26522
52046
44369
20408
16429
52364
34627
35161
28474
21741
43790
55447
17278
12096
58871
8123
25083
40688
14113
39238
59446
31085
12692
14096
58512
5179
57752
5896
39792
44788
25130
53431
38612
16345
43572
38636
17889
21805
57533
42329
46550
24877
35263
38726
20170
10016
15491
41547
54104
14577
14769
49468
45206
22150
8922
7488
4023
12926
27564
32890
23057
44050
28778
5774
55155
15022
34669
25145
47372
19681
26558
58812
3784
20599
56634
27106
17677
20140
6529
39888
9305
16596
10147
52579
45396
10069
16106
49229
39193
13677
6495
36177
32585
20383
51306
