1013
54169
59095
14724
53244
25831
5486
11568
41072
57778
23961
35682
20948
26951
55726
21047
32522
10452
34796
50883
43295
27347
4186
14979
44225
46975
50260
40127
3834
47648
27271
49075
55165
23569
30820
54004
19120
31854
47979
15613
34564
26935
29552
37993
53179
18421
10365
3879
11381
18836
58626
18021
10466
16334
30803
33368
13087
39015
25392
23032
5831
19841
42394
11490
23994
38075
41665
49402
15099
34894
40557
21819
20020
3785
32377
14593
44947
46418
19474
37652
9136
19325
36389
20884
38864
11588
29557
57690
19084
5540
34461
5586
30398
28942
18372
21267
26476
33334
41162
5045
57950
24037
29202
29613
4244
46863
47452
32302
35445
56423
19700
13533
29102
48998
30724
34253
39092
48379
15623
25345
22517
53603
9406
9835
8427
32084
49025
24453
36463
21244
55234
35974
7069
24473
39444
15530
5200
50582
17685
37049
50368
39760
42429
26467
52835
31583
41333
44269
56080
8090
16527
58785
35785
25290
49289
59873
46616
46460
43263
38926
57891
14818
52558
50189
14039
28734
21412
27100
50317
35432
32369
25412
13613
10028
22009
40830
12271
46567
38001
13931
14270
11959
41104
58887
57741
33388
36783
36953
14842
49617
3244
43369
13360
13446
7342
54268
33837
56918
37476
34259
9986
34760
55958
40601
40758
4845
40540
12356
58774
40065
39709
19766
47763
3851
42259
3641
45065
55773
15718
55936
40762
5680
40753
54480
57185
32443
23075
42377
14999
22720
49088
39573
29657
47317
48588
12511
7485
57177
12395
43157
44573
57168
50879
5415
34034
46863
32911
45144
53888
40529
57636
26900
26460
33751
32735
56254
54426
34731
20637
18285
36270
50051
44260
18423
22957
52546
34652
5511
54535
9065
50086
48586
53419
31616
11665
19395
30114
49427
3819
45596
52116
4010
42873
41551
9519
7553
18042
36376
53032
37211
54467
59355
17915
9745
41827
23091
33139
57109
13663
25419
57839
8317
39576
59330
14859
42119
56667
27429
39725
41226
11034
48830
25217
25884
26732
11137
29082
19464
8308
17854
10109
59512
6132
8193
8100
48730
17865
6892
51581
45584
19641
56739
17038
38957
35264
17687
39660
8664
12771
36955
53708
50936
13678
52312
15967
29848
17738
12621
28195
23894
46657
8882
36515
46967
9091
51338
4044
10871
23276
56447
13442
28428
21722
13136
59351
25799
30476
21361
55431
42571
11431
54218
22945
20713
42518
31808
46602
26648
42473
40401
58906
15219
33193
35374
5367
55454
40822
37829
12714
31250
42387
37277
53917
27460
38978
29136
44789
41167
19694
43433
36786
22723
57187
38571
49229
53603
10926
50579
22051
49535
5430
9809
30639
27090
53884
49444
39713
17729
9008
56445
32637
3789
27050
6985
43387
24952
13074
20933
4472
48603
54116
32720
58194
51920
39982
17732
19441
9539
20140
21104
30811
7382
36587
13481
57266
38052
15235
49143
4040
14273
6472
57298
29321
56609
8824
46029
46381
25169
34410
32676
34786
24831
58027
7074
9588
50611
28752
49557
57612
54570
22128
22822
28672
8203
37454
46078
19898
16879
12998
46916
38773
24381
20090
5692
51974
24605
44251
50602
11736
44612
32406
9172
18502
30894
28888
10409
58469
32822
26315
12565
31075
28820
38709
27535
40886
27156
6252
4843
29671
37944
16301
46213
10238
14292
54251
17544
30629
57158
8092
16586
3676
58428
45160
47981
29759
54039
13322
17647
5214
27018
54769
44634
28291
50116
24054
43396
52200
42264
45260
54682
47987
19355
45788
53388
23798
33552
46810
49047
37089
26138
4667
59190
29710
8458
5435
48898
26161
56005
29562
53922
16354
24431
54922
59049
34126
57198
31081
42097
14888
50253
43611
42856
7787
4902
33499
48938
24202
34094
59664
12020
39343
10125
29613
13803
4992
32002
3834
19486
38503
41607
43387
58719
46402
34821
33486
29932
21156
54823
12864
56734
58392
45253
5099
31546
46011
59600
55385
20769
57012
34444
6027
48331
55223
25432
11779
18496
45547
38445
21391
28501
28372
32634
41009
16717
28879
55688
39562
14944
42740
6449
5475
37099
19604
45440
46606
38861
26685
31794
23894
22768
42348
50070
43817
33233
57973
37973
43233
34776
33300
35815
38790
30415
7871
44990
8814
39665
43935
58111
27458
48495
46072
19881
46751
31679
49385
3291
19250
9590
16423
27444
55271
39683
28844
42429
32446
17753
55402
29363
9812
17087
47142
17374
45176
26161
35830
16061
39577
3103
7876
12415
13964
45835
17884
34308
57375
55655
37198
19653
42114
34503
27342
6445
39680
6860
22595
54878
36049
46351
16853
44422
18253
12140
47145
53738
33493
20778
6718
59624
26148
53716
18438
9625
50747
36901
12613
38676
43861
58560
9859
13364
8413
32998
19555
11561
30563
19800
49356
17258
12151
3651
49889
57222
6548
5718
20444
34714
34042
53797
41200
31310
55835
4716
54620
34567
11844
16532
55856
17075
21272
15981
24332
32856
7284
28969
11692
3665
30865
50510
45075
44931
35019
51239
34046
33490
46954
30600
48114
38592
59821
14229
46426
15635
4997
44140
50257
47274
43858
39068
49976
50706
53773
43324
11707
42669
38519
57803
54158
56852
34117
17322
3961
56936
29619
7042
46420
13686
39336
35166
37529
21097
33267
48769
52085
36783
27360
33305
49228
11987
29594
28245
19998
25711
22897
7715
27342
53653
23016
48607
9882
56794
49031
54183
12399
46507
9796
15937
43629
53582
31894
39196
16271
21089
22649
56189
9974
51126
44539
21777
34249
26494
22382
46180
57822
39302
17625
3474
21062
41485
58607
20409
35449
20698
35244
13968
19378
42534
48717
49118
4884
4390
39183
31812
55860
42840
7467
20664
20646
20589
26461
45801
17239
41016
41610
20723
56436
32476
27754
50233
28637
46111
19138
6466
22774
37067
34304
33566
59439
57969
48006
11539
54165
5467
4819
3908
50795
25110
46826
23988
14353
32212
29020
48172
44350
8824
56053
51072
19690
24375
51204
41704
17970
37497
40745
55122
15226
41020
28151
15722
29952
20131
25049
13243
22934
52865
42833
46032
56806
34409
53753
56152
9015
19280
28459
45806
39175
55107
50729
32902
30909
19088
32213
33193
32657
58029
51210
8349
5016
27069
42555
38736
30147
41697
9937
50332
54747
23424
13065
22293
33564
15189
24291
48741
34239
23454
14611
33839
17457
54310
29056
38446
53654
3090
12046
41663
12919
6372
5115
51919
3958
46402
59101
56184
15542
46849
35669
42251
40359
35951
49695
25536
55826
48437
25198
25154
27589
51459
15412
8189
48022
12244
58249
32688
35030
51443
