831
23031
29852
24222
22902
44354
55651
33938
15929
25542
42569
37303
36179
25715
18551
23395
58762
44263
6997
59782
46172
5061
29503
16041
7783
56755
53118
18605
58658
29421
46377
27439
3844
55667
21589
5315
24646
56031
55651
11288
19757
24496
14466
6258
35871
26779
22784
54715
58901
32922
41390
47440
51547
4053
48451
17797
11777
28455
25214
52022
36794
43695
27438
29931
21092
44647
31961
54229
12879
28170
46639
3480
15619
30282
55886
19274
15638
12122
12421
34206
35646
28181
52778
26398
35877
29980
6647
23098
5574
37189
20705
5875
25751
10463
22272
4457
45061
41169
37481
12632
19247
37070
30788
52048
50925
32709
15283
15374
39185
39958
4468
35312
10556
48033
42346
31888
13487
4800
38071
36393
22546
39879
30719
20521
59257
17771
40132
56610
7499
6583
47208
24157
21175
30396
33064
19940
35535
15216
45046
52466
54693
25535
55654
7223
40676
56095
30499
31779
39343
24256
29366
55753
6420
45426
41818
35899
13474
31229
4840
57301
30571
8543
8732
53529
30400
51135
4672
32694
4560
32909
14054
38731
15761
17847
33749
52604
3383
29006
4338
7732
30118
17235
6467
39318
34914
20312
36122
10257
16448
54130
18346
56946
51300
8606
55672
22548
47776
11534
47740
54037
45706
10504
54288
7638
37040
18306
58054
18247
18453
26862
9940
52090
21360
59371
24818
50896
11555
52309
7592
26993
30330
29617
47872
55479
35927
23288
35860
13832
15914
11319
54140
55739
45291
6534
48588
44829
22066
44950
36518
38015
53145
50313
12261
29398
27798
42397
19341
49185
47958
9558
7852
15232
52595
51746
40599
21302
58220
8510
53799
46973
11112
48024
36073
59755
14102
13140
28814
37320
44188
25187
51757
22236
50911
26111
38950
6614
28642
10657
53606
59542
18109
20409
33923
52332
34452
17276
41774
53434
48564
27530
57261
52149
4008
39309
59817
12778
45738
53434
15882
14878
29378
26895
15089
32175
51405
9210
49815
44308
12548
12789
19435
50735
34451
45478
44459
13153
4128
22106
19961
40859
13350
23286
38149
21793
55212
34305
44111
4585
31140
27863
19519
37733
52408
59055
58289
45592
56349
21788
18122
53912
6687
30994
43628
7552
37608
52080
34695
58412
38079
41609
37009
5388
54391
31671
7445
18210
14787
26552
4463
53858
19122
29510
49189
34866
24891
26306
58428
34381
57348
32217
37607
36779
55208
47541
56265
31874
54989
11799
30176
25074
37959
17093
54578
28938
38484
34195
6624
34631
40572
28294
58941
37002
34946
9622
31793
21254
29907
52588
11532
51586
20538
24880
31137
21004
59661
14805
30801
54271
6112
40896
6826
3743
54394
8910
19973
25927
37146
29351
25559
19690
25048
16707
26862
13240
10393
45259
19733
21200
15807
51003
31290
4766
6398
24164
45329
19265
55042
28307
25458
24046
48777
4473
53763
22658
51347
42099
47798
59890
31383
31930
32235
25773
32602
10336
30502
39399
51024
20675
50404
11112
38469
9457
32437
29435
24376
48975
19138
31559
50759
47344
30736
42480
28960
51869
30234
23774
51487
10856
3919
28124
26154
29581
23740
20495
11719
30488
14691
41092
59521
9555
20664
58891
55636
9220
8076
39937
30527
27752
25464
43955
49298
30699
48007
44215
10592
42481
10895
12948
42157
13887
15794
3301
41968
55010
34355
56047
13410
5326
54044
12477
42819
33939
48256
40615
4485
26833
36757
26609
26300
36418
39650
57080
22657
55091
7521
17508
44792
21802
21543
52645
10075
40268
12957
55273
19356
55444
16314
58619
36315
4104
15263
21050
12505
59554
46551
7975
37099
49767
18427
10699
53202
5638
56417
37930
36402
3280
20365
41949
15865
17034
9923
40584
13291
24858
20886
26054
49193
28667
3734
33189
50369
34970
35218
11069
26058
10660
31162
39697
31000
45632
41825
56403
35315
59746
8635
4936
23213
46880
23965
15611
20854
14250
14935
45648
10304
30477
21163
15819
24566
58586
42238
15800
22996
40474
9431
38242
7460
58603
46812
9268
21834
3855
40292
20470
41763
13804
5963
4332
43114
12179
3148
41763
40682
20073
53963
21539
43220
27159
18047
26069
23608
25979
56108
53453
25386
50182
33517
32184
7907
10786
48275
51106
57290
13906
11885
19007
46673
25412
13043
47844
38274
18594
30102
36985
24061
3995
32318
39711
36697
41003
36020
21578
22061
44461
16767
25059
48584
34307
8974
21339
47895
27660
15651
18416
29147
24087
19519
17902
55122
16538
12769
10374
45919
23319
13522
22347
20630
8829
48896
59635
42099
3704
45265
4145
33839
10450
21530
3664
35410
3633
16945
53311
43335
41785
51797
10954
14651
48555
30932
31897
35505
50740
22364
23905
4825
42541
15494
51705
58750
9786
58584
43429
11356
13699
30778
38127
19973
46112
54762
47905
45193
48454
38955
14962
7959
5155
17806
49942
55784
28652
30927
4973
10959
51252
37321
46591
46514
31730
32538
27446
32069
56848
47883
3869
3549
53671
45262
10115
8893
18341
37211
51210
38032
37458
35360
17948
8961
9108
19232
53007
30041
15121
40788
42356
4857
47759
32875
16423
44614
15390
57982
10221
16319
47469
29648
54880
30935
22629
38413
39646
52788
22375
35638
26939
45342
35104
36047
41735
22645
28765
8985
41404
24110
57531
31799
41241
3866
6942
46492
14396
51491
31811
12362
58057
15381
58253
34469
12203
22922
19101
14079
57504
