1920
40609
14555
35102
58082
31381
33030
48201
58302
33775
35613
51665
47051
28035
57783
6885
49228
31235
40183
28813
23954
45392
16813
12900
5809
31624
43781
43550
57816
30315
19847
58997
29068
31829
23650
52466
8357
20988
8723
20517
26492
43027
35926
55487
55131
40888
39277
19082
36323
8493
57288
7265
55508
36113
54562
14932
57470
43765
50782
30304
41610
11617
48583
10561
31791
5371
32944
16090
12592
26699
9109
48375
10564
55662
54518
42658
57829
27667
56654
56767
17103
11894
50191
6126
14174
40472
15228
18083
3525
54935
44695
45802
33012
32791
24666
48197
32436
35082
17040
34678
7293
47409
57356
15441
34900
4999
52162
36863
50366
27560
15464
18583
43117
33757
15813
53325
10866
58588
25568
52707
46198
37458
7867
27555
56622
54687
23191
23133
37429
27226
23759
50132
6284
12295
6314
41706
43388
17869
19438
54242
30164
23608
24831
53706
54073
22406
6228
5880
15813
5788
13476
12661
57892
3885
12492
45940
40890
30262
15197
16497
42599
53625
7737
36518
31743
37749
52080
13564
42600
41998
3402
5696
34487
52043
9748
28472
52246
17926
20854
34236
16401
13993
19698
3301
18123
22892
7227
24687
52899
30068
57564
54275
45719
18986
49388
19170
59019
37450
18975
37737
54546
56176
3832
46590
16744
7945
43884
35185
21934
24216
26157
8874
49860
54280
47636
38633
44764
6267
15522
4642
18519
35435
12785
16651
12409
16720
54007
46119
28813
17532
37904
34472
56302
28995
10531
50824
53462
33511
25636
16598
14551
18759
20985
27738
24371
11457
45343
22442
32291
53408
47383
13644
45331
37268
56399
49243
32704
20847
37877
36911
12440
43265
23458
47855
8609
38646
46451
49174
35526
56150
5485
7341
30464
8136
54200
57007
50780
27483
27243
56231
54740
34781
26615
51919
50120
7844
47840
33016
20991
21953
40955
21922
50188
35597
58064
27270
5919
46191
22850
10183
37217
18389
50069
24570
30185
47300
27449
18083
40652
46817
34186
3550
30085
3147
16233
26357
8394
8142
35458
57800
10277
57068
46297
45430
30415
52397
39381
57502
52849
30288
23931
44941
30750
25649
56423
48215
8883
37080
32273
58937
40343
43743
29623
42261
59437
4455
22323
13441
18690
44146
58241
11849
9368
55520
16076
27928
27428
40559
28954
37696
36350
15538
57596
6896
45121
37991
44771
35752
44538
44986
7466
41998
36822
24017
27480
40180
43370
43568
10437
30808
9353
9010
22664
31935
44024
51007
13592
55147
3569
30170
58248
13302
11023
14589
53385
44466
51184
21072
50119
35039
45499
57804
57578
42145
49527
27948
5479
48075
43086
29271
23276
45004
20965
18692
16022
47829
12032
11594
5698
46120
3503
53231
35183
14720
8345
44495
22983
10011
35341
24334
4544
47715
57065
55421
27560
50656
22339
22138
35338
58971
16404
52173
18706
25250
50476
5546
32948
28306
29656
24187
26859
36980
56863
35926
42705
7961
40020
23789
24243
24662
45760
5270
34210
36504
40224
40839
52917
35361
46797
11813
43011
39238
51482
58275
14789
15857
40512
25812
3118
51069
24819
17347
50622
6425
6101
21470
52578
31722
10562
38684
6988
49164
49573
50703
10859
15529
57086
40307
12572
59822
18802
16313
25411
5079
51132
53769
4370
42277
58330
43535
31801
51340
37858
9087
26958
11780
45178
25285
49670
29738
23391
31968
12202
24082
56956
26065
9014
42823
13718
6366
20874
36752
8592
24246
4770
7698
4676
39401
7031
37332
52638
29025
41852
43495
15063
47863
33463
40032
32601
29686
56568
16108
12913
56943
47261
4906
50299
3665
27521
18090
7742
57206
6213
33834
23541
32264
24486
19028
38901
36091
5304
30222
27649
35025
40248
26028
29484
57371
36858
40842
10159
18657
49244
57197
53953
48494
31854
36403
38724
42419
47214
28335
17887
37072
7375
21640
10658
38271
39181
8162
42459
34602
47349
33532
30729
32592
12888
27749
34224
4955
35039
8050
10094
16328
30573
3046
22400
24277
16607
14630
30743
31706
52324
8544
8732
41056
32059
40485
29362
22371
24267
36385
7889
12257
8563
7134
5576
38714
20264
56318
50210
34043
28868
59832
53956
30593
11145
43795
21431
38364
14475
7641
21349
7788
36106
38111
41807
22291
7748
49330
52246
28524
42348
44713
52104
15968
56342
54612
56320
51247
19620
39949
48609
19741
20806
14628
39552
41417
57783
13980
39732
47309
12714
57688
39777
50462
3528
37232
13806
3675
38348
37985
37500
55527
15147
37033
30640
4678
50571
27724
54875
41476
33083
26278
32275
41460
27683
10675
52919
12245
17494
46695
8031
46067
32112
30695
23013
23337
15742
28509
31962
52684
58675
51727
59414
29740
10414
16903
22868
8812
9662
27140
13201
8339
7131
6854
24243
54864
55163
39210
24993
23397
21265
40198
47205
12762
21356
19495
42965
54597
39080
48455
52055
9928
17707
25284
3599
53357
38733
3373
10002
42405
3896
16065
38398
20019
56362
42736
3835
52883
11417
32604
43589
45622
19642
7077
30784
42697
16570
20004
22593
58752
7080
10287
45203
16913
20003
31464
26145
39047
31564
3637
48845
3964
37702
29652
22897
5923
30437
22018
16172
3359
15340
16806
15064
36579
33236
59864
8021
58713
43224
53069
30973
25853
52981
51851
30879
49503
53281
31060
54896
48525
43558
29385
30785
31624
26682
17823
48021
52729
31064
20381
46688
35132
29466
41336
57772
40728
20901
51353
57074
16663
36098
10664
44686
47350
33861
50866
56231
30048
24195
31316
36694
31576
13138
54529
16421
12705
15226
48676
27470
54548
14752
32227
56390
20818
26191
15284
10108
55911
24969
27295
19781
35920
48813
37900
32617
44438
58421
58304
42186
28103
52095
33035
59991
26523
46197
21841
41665
8071
41178
23200
42316
22868
8171
19903
40440
55263
31596
9065
22562
49837
54713
11340
6656
34681
56347
11752
53946
19154
30552
27665
22362
41400
6421
19223
36678
11001
3966
17688
12679
3257
6392
26033
7168
32327
55708
7493
54841
18893
12912
54997
34707
32963
45880
36239
50114
43047
34266
3080
7188
26455
20662
53318
18487
58551
46497
16864
58828
6475
35128
23371
39873
7035
44816
30753
21389
23904
22098
15969
51093
35936
40614
46899
28934
18338
36072
24843
9116
18494
26965
28160
39437
8739
55069
42718
35530
33619
47580
26799
56772
54609
9681
50343
56212
15083
5085
55844
51160
19869
25555
56667
54156
8994
17981
56978
39562
41107
13311
48304
39663
30801
44372
22460
21822
35726
56631
45193
56033
20958
55188
18107
57229
59431
22088
10019
26418
9475
10261
9177
38205
51897
8977
10983
12035
48500
10946
21270
5259
28924
58816
54831
7809
54674
52605
9842
52621
45035
53365
7971
57283
44269
5163
37952
18419
22252
30885
38892
45622
21931
39042
37442
21401
53769
14479
32685
55214
4643
11564
37730
49147
48764
6758
7380
47721
8934
49266
47629
58815
56181
42624
17820
32425
39462
45637
11938
18550
41194
52262
39621
5148
17257
38561
52528
30032
48777
42784
20116
26040
23563
54894
22955
47045
10242
36062
29106
47547
14177
37428
39828
22023
46577
50103
59216
36260
11265
8639
4765
31707
11200
27524
14202
57048
58408
9081
26931
23722
10720
9892
11006
10747
44110
17485
24535
19038
55111
51785
35680
14724
57553
20876
8693
9080
42946
46884
30621
11234
4900
45625
54044
29520
43691
16866
53001
9231
21646
30770
7620
40674
47527
35787
4631
41873
48157
14897
11478
58942
57901
33410
33633
48574
20161
14733
45063
5758
21815
9312
39027
24105
26589
50009
25315
33732
32137
29748
29366
26992
57603
57751
6969
55147
59102
14293
46837
19196
33994
5424
59976
24502
38070
10552
51787
6051
27098
31492
5040
59105
30935
33956
46384
26506
4634
31268
33012
41092
20079
52629
53384
24608
15181
50851
21198
41569
26630
7313
45338
26611
23517
59255
11783
31810
13221
15913
24976
21583
36071
44581
11704
12919
29822
43524
57346
32662
45308
40043
3883
42553
45664
37725
15629
45358
37909
14006
57371
42771
12889
48673
46142
7753
54544
21287
52460
52222
42845
5790
17332
12172
40579
22774
9152
41853
35969
44944
3409
30773
45166
20895
46578
53384
15866
21279
9983
16349
13126
12303
17041
54187
42490
53559
47568
31994
36236
57915
24283
48541
18992
37190
58110
41334
34831
46157
52263
49664
18249
58632
56092
24234
58787
7757
10273
16352
8387
8382
7841
29766
26124
57553
34402
33669
43418
36061
55760
50163
28446
13301
22060
36582
47520
29943
30607
39177
33230
16694
38238
49269
31991
27320
41278
15108
58023
19572
55453
48416
27999
41539
18703
30832
8627
42717
11052
37555
6523
5929
4395
12527
30796
11880
41507
10591
5019
25556
16366
55891
38137
51997
55123
8482
26952
23331
14512
8628
36872
25162
24134
28671
15205
26944
34938
7628
54459
17548
29911
49550
47744
24713
41177
28533
54713
44670
52529
33004
46890
23864
31663
6550
50448
59265
57904
29847
9166
28197
18053
48553
6020
55277
22196
41111
13727
33841
11952
57441
46685
49547
39129
28761
22759
19912
28673
27040
58046
21127
49434
46492
48212
49616
18028
39899
57758
7135
32398
41408
57786
56723
19093
18503
51061
47129
54119
26521
38703
20960
24742
32130
52718
41745
4455
16383
56492
51832
45585
56161
24032
52161
23121
14013
56289
27575
46965
23438
14176
23445
53333
31478
34367
20042
10614
57935
10916
3379
6695
26407
32026
27894
21770
38956
8293
39251
38437
8026
21157
11249
9314
21898
7916
21959
14254
39662
36602
25875
55974
35172
46591
21951
39506
10135
45791
48833
7426
9802
28968
32225
30196
52909
12286
50649
17559
19816
29208
18069
30467
54799
40940
15313
52942
47702
19057
19203
19287
18583
17333
34254
4259
52849
18515
12434
15815
40097
44783
13406
25857
23828
55009
10000
28618
18127
18049
4295
24688
46333
50793
27651
24743
12863
31088
52156
47801
12555
12053
57262
26592
54989
33440
28218
54114
44370
22876
11988
37866
24735
19684
52457
28032
51638
28079
39083
48529
23344
36778
22113
15815
15920
15523
27526
7089
55253
4113
33499
57289
24382
21465
23840
45339
7479
12704
44166
46707
29338
18366
12204
11911
44467
31491
32262
33761
53627
58488
14532
5620
16937
25104
14333
26260
32183
20873
50814
44394
22851
31780
9992
57330
7604
48742
27799
58259
46196
54798
22122
26648
26850
36361
11837
45405
48329
57594
56573
20438
38783
56370
57713
15731
25776
33718
59221
5535
53541
33229
31878
23467
54102
8880
5126
11038
14074
11934
28721
20371
15809
26323
6444
47010
4993
25799
22507
51871
44276
52865
44304
19967
8756
18914
30578
46845
58777
4828
39120
25139
32455
30784
49750
38698
12330
41138
27196
45780
45262
36441
58720
19444
58105
33768
59059
50900
21175
17794
24295
36331
11767
31850
29321
27687
22529
45449
23618
48742
31550
3452
4905
57037
9448
30170
56117
26945
26628
24881
4976
33915
21305
12873
19772
12158
37620
26746
33583
31590
25302
44280
25029
37620
51068
5914
35062
30884
12740
57050
18773
21161
4997
22503
9428
10454
29546
9883
48838
7368
6473
8781
36672
29324
56287
22261
34444
12276
56539
30480
4828
22433
31847
10884
40413
41647
43746
49204
37349
17247
31794
29188
13134
13588
30803
49111
55284
7448
51667
39809
21691
34695
7939
33866
37755
7643
31449
34280
41248
33997
20235
54735
20347
29634
45804
12047
56722
42536
5984
4763
14777
37017
26523
51887
57998
44678
51734
55891
33144
10375
12083
48261
6130
57853
48387
47665
59574
22761
58189
39499
44876
57286
45637
15864
31509
39898
9295
16350
41434
27197
52433
5018
35180
26914
56272
43507
46143
9548
37430
17141
21879
35160
12674
47576
42438
28728
27384
6212
20837
42225
19122
14278
40754
7576
57808
6559
14523
22943
48216
34558
27163
42736
16485
14020
11955
25216
34659
20955
47892
17009
49617
29020
37819
36109
55345
10948
3871
21078
3785
39164
29235
26760
25525
20466
28292
21024
17406
57995
58955
14582
48274
37528
7793
51042
9997
26285
35366
21604
45202
40931
16106
35643
58034
20609
25046
57427
32993
31305
44826
31545
8242
10025
32511
42409
50302
21786
20182
17667
48762
32940
13053
13705
45789
12296
20497
27444
56382
22293
28451
57677
17187
40221
22663
38333
39871
44627
55356
23545
27501
55802
4149
32766
55337
30774
8156
39734
47526
