1525
33307
29658
49161
39297
55771
34516
41243
40255
8837
16541
38622
35106
23058
28454
50707
23773
17087
52574
13500
56367
21562
30212
20251
10906
18798
29401
31763
33804
41315
58102
20876
26549
39861
31784
3283
27732
49591
53376
22475
37944
46579
52860
5434
25938
54282
40960
12508
8176
37182
35651
30809
24523
53999
41330
7934
43522
43015
50855
8837
35984
52544
58436
39119
42917
53833
15991
51537
46725
56817
43934
12929
14217
50392
36845
36343
35752
58702
34164
18905
15114
35635
36523
37178
46255
36016
38723
54993
26559
41415
37004
53098
37545
27630
51741
59491
13007
57861
39341
31405
4192
22049
38002
53504
33436
21423
28073
6308
56751
21258
3110
46008
10894
45050
52694
6565
24920
16274
49500
4939
48114
41804
4550
38628
16471
3498
53470
28027
5952
42177
40497
13748
26361
24513
29505
4775
18985
14314
40692
42872
36893
15859
38397
23117
54211
12588
37784
39353
54897
58868
50384
7212
29192
26517
36397
17325
17247
53934
4711
29646
8028
30792
48652
15409
6935
40728
57884
12849
18862
9668
16533
15021
9368
4882
18491
38917
43453
16695
45057
12114
45192
46258
45954
35077
20220
49482
19353
28019
37725
35734
48741
45635
28735
28090
51607
10203
19764
49836
7759
43764
26040
22695
49331
18900
49685
30144
37294
23489
30964
10802
8441
24719
25885
19631
45028
15091
26163
31342
47486
23032
7357
51693
18256
42206
36603
14548
49707
43675
48361
26597
19104
27390
14437
53724
54144
31643
15140
8690
24908
16986
11384
5708
48319
31810
36043
5014
35364
50293
9273
32068
52212
22479
30334
10028
43096
58536
44989
50592
55495
58939
34264
42015
41981
40466
53997
17125
8887
32313
34423
30338
20206
46768
25454
37026
19155
39800
36977
10072
19761
54039
54280
19922
45300
22522
8323
54095
20909
10077
28818
58926
42986
41055
12964
29207
57358
27692
35316
8309
47976
32894
45598
39427
40007
7718
56105
21715
32023
5719
59818
34059
52026
19013
52923
29712
14901
52704
37809
12967
18345
27700
50110
23083
31752
31625
48268
28759
33673
38922
23418
14345
17632
3758
59901
7497
19112
20629
55607
29820
58722
16608
29106
59763
8258
34073
28645
33553
15171
19109
14699
29939
16524
32042
6247
32194
24836
39480
7612
8134
55873
4487
4684
22324
16381
28435
49569
20248
38758
17541
5539
9824
24127
23050
9330
53732
14025
25693
26320
26270
50064
20676
21967
26202
7155
15426
28424
24704
51097
18364
8843
33388
9673
19796
32955
17068
36289
27289
30688
23167
26899
12506
12531
11941
28773
45082
30794
35549
48110
58037
33654
49919
9941
40726
53774
26378
52749
36499
38404
39611
7828
17165
37188
33374
35358
37044
37230
10823
28387
55267
37779
41435
38529
49433
31397
46650
51875
29407
27801
43859
55911
41058
56027
14380
5481
52673
50300
36643
13143
32235
39323
32786
50245
3773
38938
38003
28182
5158
54248
57936
35828
42448
32550
14099
18173
44808
30296
34219
31786
28042
26653
55110
22452
23987
4904
17712
35065
27405
53542
52631
54590
38440
39060
13229
44411
59102
48418
23009
12031
34387
29265
33355
13566
46168
57364
9854
41767
30773
23986
41421
28226
35297
46134
46184
43487
14227
29251
13633
47617
46062
28826
37362
44239
25832
9317
33034
56497
55291
52332
58508
26495
51621
7982
10646
33790
19544
38490
19280
23419
13421
36502
13596
32271
44962
20553
31995
24180
24364
13399
56822
42123
31372
34211
40776
25131
22832
34672
44042
31281
6325
26587
43321
36231
54388
5481
37198
37232
4704
29000
14060
17950
8506
25094
22463
54281
39525
30147
25911
9521
10204
14476
37161
53633
22010
36265
52533
46621
43951
48551
51700
43918
44739
3207
39953
17119
15271
35589
34403
5488
19445
25195
57021
51083
47822
54029
49496
18711
45981
46814
4368
49592
59564
24428
14540
38871
5819
48502
28656
27087
47501
38543
30594
22393
15364
46110
30546
24745
35031
58281
22013
31297
51203
31899
54207
12110
50644
58630
29832
50316
53218
4907
21691
14698
41957
8525
56874
23047
24597
44176
55328
52912
33516
56216
6102
14107
38093
27233
12957
14285
21648
44717
12074
6422
4030
45366
39516
52227
11219
39509
13596
25690
53999
6809
50914
55788
49847
13651
11707
16132
32785
23827
14323
41599
57025
28495
10978
35965
8342
35704
21781
5342
56651
27616
9013
59789
49879
52777
20990
55698
26127
14313
18904
49975
5155
53695
7739
54219
9006
6002
9677
10400
57944
27117
43081
55078
41879
29496
18837
8246
24599
11765
59159
48403
5063
16848
9842
47693
54464
53365
56313
8004
9580
20963
41372
39662
29302
41632
43686
47409
26755
12773
18847
43948
30333
9223
10327
52746
48983
10384
38984
15348
29488
27869
40810
18165
49734
15830
15392
9701
28929
26921
51069
19045
26083
57710
16167
59098
7049
7645
41658
37024
56426
21414
34814
36873
39725
32039
8084
32013
51114
23572
26969
55500
38481
28513
49279
51694
55185
50776
4717
24462
51564
37705
24613
25567
34317
18887
21952
44298
13068
22843
55401
25939
28666
17774
7622
30183
50888
22926
43925
55168
8545
9736
44628
58706
16421
59073
54135
51979
37535
36207
34279
12331
19804
37441
54588
27933
37919
31315
16162
47485
27555
58401
32841
28269
5098
23807
23797
18096
30895
32701
58909
13232
48025
41424
19396
59622
37442
57690
13867
4013
34695
13703
53494
3511
18521
39609
38726
21653
24286
18824
30585
38143
26427
57829
59281
4514
36005
17484
30828
17895
3281
54880
18547
54126
52744
35126
49177
28136
48927
30796
55083
11404
33304
22778
41991
14075
15707
3929
36928
19206
28681
41261
32563
22911
4686
31393
22175
7966
25365
20298
37476
8480
59586
36878
53945
33074
34558
52762
51567
47816
34859
13564
40126
14068
56747
47085
22825
46197
48938
4358
8414
47378
43230
58924
43281
5359
45904
57746
55466
6015
44845
10127
29053
5615
8321
36999
5137
25488
31422
59568
6475
11281
18829
18706
16418
54677
7001
12103
19796
13202
10166
10743
31329
20679
36497
30806
6467
49763
10607
4153
43256
47109
48411
8567
35450
52008
57097
4076
26214
18871
10487
15009
42565
28337
6720
59058
46486
38226
46124
13005
19593
7584
50187
7621
32762
41361
7556
39302
55089
46746
6312
26185
22553
40957
42138
32150
36650
41868
54068
13346
31851
33322
17506
24060
20464
40884
8180
5070
51141
7605
26306
24998
22628
27267
21348
47763
23214
58971
39316
23260
35721
32443
13891
30057
45740
6769
13001
13586
39454
49057
47718
22877
34616
12699
38739
15202
36120
31019
15533
31096
37094
50798
29104
18273
31037
11483
50280
59294
32323
24845
12394
45619
54808
41438
58093
44065
52348
42778
54341
34257
4723
16335
4390
55789
38183
8074
48495
13213
3182
37579
48818
6654
8217
44115
18973
16305
14357
30666
18970
34063
42658
59558
40701
38143
27934
23199
54533
16576
59134
12262
58369
16780
48941
18174
51075
50969
14234
34077
55233
9046
51228
59473
42950
33747
3240
17678
54490
15682
14301
42097
16491
26514
17809
40123
9288
22969
31990
13684
27527
57915
36135
58852
8359
28558
23891
8324
24061
45336
34748
16155
44001
52196
22506
56358
41338
18856
50964
17211
28327
49787
17491
27145
14285
13529
39561
34321
38997
29226
51467
53436
4891
59913
25034
58241
39374
17251
21615
12060
16954
36951
20619
9625
45462
51051
20213
27400
46102
48707
57694
57632
28442
3621
58211
39943
35626
38743
43315
14516
53521
7250
30837
29971
58562
26949
14064
36019
35586
18588
44026
20237
33031
20940
52973
42863
45103
56836
51539
8570
39480
30006
56367
42678
40481
19617
3156
23868
10333
44231
18228
4056
52343
38074
56923
16258
5366
38340
47153
52464
7467
21720
19925
42095
11313
29596
24527
12429
33959
48117
46749
51345
46585
26692
11221
23468
9436
16328
20740
58711
57719
44128
40122
37478
49583
57682
56166
21721
40399
26355
35242
11163
50196
10564
42291
19375
50420
7984
54889
27029
37693
36807
45044
25377
10853
39659
43107
41339
47668
3302
13975
23378
35545
24071
31676
24103
40438
3750
55072
12070
57339
42337
39228
50024
33190
56646
10009
29574
4321
47627
39494
26462
28072
32199
23593
51527
49378
17570
20443
25625
52329
16907
11220
45009
37387
4646
4994
59725
31779
43479
30449
7691
9193
47823
42832
58483
28591
7198
16262
29821
5618
13249
25997
20623
44659
48594
33352
11883
32594
4397
36123
48150
40123
14618
37924
49221
31362
31600
22999
52853
8001
17532
6933
22684
4474
49595
19041
18323
25074
19761
30299
41820
26408
47723
58820
57511
21650
27824
17630
17479
30207
59283
54669
19661
55542
36286
10616
51142
56290
16709
36596
29790
34315
5652
21900
3895
17363
32585
20512
46221
44183
44880
12891
25229
54655
10722
12146
14212
9386
56375
5323
50127
19140
14203
6041
3172
8806
54129
49996
15784
39812
24753
55959
11341
55971
41382
21023
52125
44487
14316
4172
49797
56878
8460
47540
8749
39487
21375
21330
16894
54184
52998
25783
19685
56314
38505
12910
48146
5222
41557
52267
56354
17075
42718
9031
18530
20014
26725
12148
43342
51295
7876
32830
22854
24305
47865
38278
7269
42062
3915
58913
39024
35615
26066
36983
27188
54190
20463
41601
16375
59827
29036
18769
23054
9021
58886
21768
48133
37959
30656
51105
14415
8820
3484
46234
16506
41298
6563
49260
37425
12686
52946
54993
56287
30014
54496
19699
58438
45011
42998
33127
9428
40577
13972
33298
21338
7941
22504
46832
51113
32361
53828
48340
23654
37129
52035
21527
31944
28668
32678
29785
44359
6232
26307
29620
6001
40279
49274
11059
51193
13780
49240
20313
23932
45966
52419
13819
23608
59375
6937
57280
39099
3454
28881
21953
32683
27378
25310
26921
