970
31941
39890
16148
25463
24268
59647
32865
59526
52996
51133
21836
15305
7744
26101
11308
38426
26238
49909
22330
8418
26399
50957
34088
39466
20032
44730
44449
8432
20786
6236
32269
6565
19788
50851
57666
17324
57971
42341
43025
4802
5792
4450
36872
47831
52744
19259
7244
40578
47044
52664
13286
23727
18001
8380
14741
3468
18395
17805
13182
10703
48465
42729
26756
57942
52238
50371
50951
10254
34140
51826
16565
32496
25757
44662
3109
27809
58189
9847
59638
33987
16294
21278
48072
21576
11742
6856
5665
11047
34471
32651
46910
55082
43146
31299
5182
11383
13631
49266
35717
18177
57132
55267
58752
14711
55817
42503
6535
46307
57989
31852
33505
53660
24373
34281
8040
20414
35038
36401
21971
20585
43783
29378
14223
6145
58725
36964
23937
45171
15841
48888
21265
40360
28364
44449
39680
28583
53128
6529
38616
28044
55735
26935
28756
45664
10845
55672
42938
35614
58367
8893
23291
15302
46313
58092
38865
57865
38484
13207
54349
9672
19142
30743
59666
10314
32236
40937
32041
54509
21378
29892
23727
58297
38727
18531
5201
4116
23978
11121
42481
52979
58092
56886
52854
59417
15858
48661
25944
54953
42606
14989
21943
6446
32490
11389
57645
35556
43801
13852
34377
6725
9715
5408
20426
44915
37559
6391
21501
13207
31494
32756
32224
46128
38746
50963
19387
51674
23392
15572
3084
17027
5214
58025
38130
57661
53049
32992
8368
3247
12730
51838
31191
22686
28152
40852
4192
8688
44528
54666
22245
32515
44941
33502
43566
34284
38943
55882
32606
46670
58296
49735
48379
9200
31964
51940
53504
19986
44541
27606
18658
20005
39605
44682
49630
43735
28599
19463
7088
12357
3135
18781
33633
16045
13124
43610
13689
29387
8964
58210
22097
59752
57182
29875
5116
40590
55636
17884
15243
49002
8736
10274
9863
52763
53354
26841
4711
14494
26394
50692
31835
38921
33890
16637
21999
51346
48517
23335
31475
40986
39953
4262
22624
15367
17139
32145
19065
16932
54302
36260
22648
26540
34101
35911
28267
55822
47635
49297
33673
31647
37339
43762
14546
28443
55824
28498
5992
17759
24913
7020
35742
53126
5934
40298
57733
24370
32051
4303
48852
59243
31103
37631
14554
21323
16429
31299
12345
20377
42019
21226
8049
27449
32674
11565
30986
10800
14150
30549
33150
30498
4619
22538
42572
42545
43419
15414
7760
39357
33534
5568
40707
35815
7913
43370
33874
22367
8413
30402
20708
3181
53838
28943
18944
53616
29466
4159
40379
56778
44791
31971
19050
21645
35587
42305
7124
11008
14398
33459
54284
45367
27588
40226
4847
16989
33002
39408
18929
45497
37296
19097
13790
5497
44442
35673
43719
14460
35600
27578
31600
21286
31169
21615
48287
57803
35355
59103
10136
43478
30990
26700
17482
42096
12925
54424
38932
47608
54062
59810
20378
22444
32002
58628
26241
50410
38639
20684
37636
43857
25113
19708
49137
33943
59364
43127
33410
58989
47124
33678
42812
33308
55039
18104
49289
35505
37397
59704
20046
33774
56901
3141
48613
19044
29701
58774
43871
48980
29328
38039
34853
28155
50127
45867
17582
52605
36477
16965
50116
16921
13866
35480
21581
45725
51725
18671
26644
9879
24265
23844
4096
17845
15471
40068
25577
53662
37494
57511
23577
49662
51030
31200
7432
25780
17815
30470
49079
24665
35284
3556
17945
15077
28782
10907
30428
31934
7822
35297
12216
55297
32529
4280
3898
52195
50385
41040
54669
44784
10173
23608
14827
51008
36712
17071
15136
28266
9695
32336
32113
47879
59250
30836
11514
54530
44216
41712
3781
34044
56292
8988
6108
22314
11583
39660
18685
41458
59128
32607
35860
23114
10736
42351
57310
19474
37995
11650
8883
29549
39004
22035
52276
57530
31754
8517
47674
7362
6397
24357
29899
44929
40878
27267
19673
26733
34229
51601
37677
4479
53854
35720
39949
31543
45054
4957
25110
26089
47420
35140
46437
53438
55407
38171
9309
40167
23937
12973
48357
39636
28401
4427
21238
55548
11103
54804
53206
58205
40867
33606
24801
15897
4873
35320
17882
23056
52933
15144
11286
50755
49087
13707
38301
38454
40884
26723
28644
43216
48469
52303
23958
41082
49711
27802
14443
24078
45745
17013
54793
49209
44181
24318
40984
19672
36744
32468
17481
14600
40812
54504
40948
5027
29634
16940
52791
43501
31064
20820
29180
13482
10617
50539
51318
47356
8736
36490
44753
42216
8065
40056
44320
18803
56874
46313
32188
38116
44272
54063
30340
51110
47781
32453
15995
58600
35266
53548
20362
24005
39564
45568
32193
9201
21583
5030
47576
22214
43091
43298
21938
28013
34196
50861
57718
8559
57509
48227
48202
29836
55837
31974
15819
54419
45811
41863
46745
54016
30497
40204
38315
11440
48944
45044
13121
46275
5821
41571
45186
8115
33203
9158
30716
56746
57414
56775
10644
27466
47566
9349
20218
13490
16138
59238
55691
49306
42442
4903
58090
32349
6128
7838
44922
27047
6777
57339
25962
51865
24884
31898
34134
42293
41964
9417
58072
6577
29295
46709
19020
13808
16728
10970
6565
14163
31718
40336
25102
51635
39521
42375
19350
26550
55357
49505
14047
42207
21044
41616
46944
42858
22987
36407
59799
42121
46563
4610
26865
18548
24828
3314
24326
14086
26084
35240
50294
40287
51287
44019
22746
4084
33017
40267
9621
59924
14410
43343
15208
24303
44774
36974
29551
32322
57981
52191
42412
23118
41364
29005
46223
46647
21785
12367
29072
44539
3400
27376
17572
21885
55056
32780
45806
15682
16632
39875
35139
9113
44227
21656
47918
6618
27672
14502
47007
14789
6559
27676
10208
38707
30744
32302
36071
41785
24722
16740
57718
40357
19384
58244
13615
14397
32828
33512
5339
46878
10312
47406
35995
21769
46992
34565
53145
30290
58133
4729
7229
52361
28352
26177
55021
14250
37791
19161
13601
33320
52656
12764
47310
45956
38010
21574
30482
3424
49939
22116
41638
35890
26888
31838
47233
7656
40241
33958
37996
54272
14101
54373
33732
23731
28233
34613
57803
52813
11014
12675
45998
51979
46547
14161
3943
59595
28444
47177
26787
43914
57195
41681
4599
28301
36269
32266
20276
33975
54770
19506
28545
17398
59219
10837
