157
10777
4306
20305
36493
42518
37745
40913
50554
59287
52347
29371
16751
37505
7747
37057
28255
6126
6913
39349
7248
24144
45957
9641
3988
44718
58724
54425
20886
20314
28078
18533
20628
57712
49020
6682
23578
6194
28558
47978
31972
22146
27524
3267
33548
44444
43898
11040
17991
14389
47605
33834
23642
44052
45139
9099
16665
59894
59431
22168
52474
27553
50853
40391
47685
22260
29924
19913
24326
36761
24507
27980
30842
54118
41486
6902
45615
19085
22330
13094
29168
10494
35923
49677
14876
45757
45526
38490
4137
41999
53001
33696
54323
9368
21410
42321
56433
38055
53957
42110
21911
36871
36789
41224
30187
22514
57526
11463
56681
38007
23976
15714
37608
58110
17225
22809
50462
59208
4303
27612
42325
41804
34108
36071
18983
18272
36151
23288
28740
31882
54255
25446
36894
41430
10908
42411
48567
36226
47006
18762
39724
29931
58148
41396
11229
48368
3093
36864
33006
32546
57181
20553
3196
56387
14524
8591
50581
12153
