1092
6915
33905
29797
20439
33217
3090
38584
17870
53979
19583
54305
5649
46091
19254
16035
30637
51659
18241
49698
42272
44160
47688
33670
14024
10439
28190
9637
55544
36978
45866
36067
26887
41662
21540
6128
39883
40422
59568
48508
7785
32517
9444
12661
42266
52258
46088
38485
20641
26641
19371
51999
48039
6984
18535
44598
48957
52810
33508
4189
35346
27794
36564
3881
31663
49169
43968
15551
58510
50343
31882
37392
58047
48699
46629
19068
57254
41950
29325
38890
28858
49839
56201
28701
58143
39832
23316
44239
35423
31372
12868
36987
12959
34306
24873
25785
25050
29470
4714
44937
8514
10754
20273
22542
36063
56863
7025
31563
11573
8339
22039
59374
25349
41348
27204
41469
28608
13584
15213
54814
59763
38038
53081
49678
50498
45372
7779
40518
11103
16946
38888
33179
42135
40220
8029
15998
22682
11465
55178
30489
19839
23125
41849
51746
51644
13006
5693
10631
37484
15667
15214
31599
7549
20431
37529
29204
30133
21797
40652
23852
51363
19790
9686
55621
25805
21407
56565
5379
36028
21995
15241
20557
22047
12230
26049
43485
48648
43479
19453
14773
8698
42551
42076
50567
18107
27014
22879
56721
19270
11007
33051
34312
35458
34220
33846
23339
58446
12174
44553
19704
4370
26410
13915
29454
14727
12828
52161
33987
17764
44658
22815
31205
43389
22636
57928
24423
46456
36211
10733
53666
13346
48479
55446
58725
42672
45179
44003
35915
20297
17221
4657
37333
5944
21006
59504
36356
38744
28736
6266
50675
34627
8345
37368
17999
31951
52807
39504
35541
31574
55991
22232
30573
28389
27813
56627
45878
29851
42099
47830
26896
6996
47050
45965
44329
37002
36075
31834
32035
45821
41383
34408
53251
37545
45469
54802
20117
25500
49627
53125
53296
16426
3823
11714
33318
21282
18983
27225
59028
45681
31605
14762
14804
11192
3237
58773
25146
38923
3465
3510
39764
13712
10904
18473
32190
18101
44575
36348
53489
59381
50453
7370
41739
13332
28257
34321
41489
18956
13283
9556
38885
9046
52961
11798
8897
21661
14457
9276
35362
49445
27252
52782
57217
54364
27908
58538
38170
51889
28396
56478
48623
32132
3330
9775
7890
32470
59698
5929
24922
37756
13793
50175
10403
10916
16040
30201
52316
54408
58230
16036
50290
20020
24556
58366
7717
9799
14740
3859
28141
29656
4040
16378
57038
29948
51682
34992
50002
57350
47412
6822
11207
56941
16876
39983
25142
59277
40754
54992
41282
53818
46114
51131
48411
55361
18104
43358
14874
23241
23674
16678
6954
54710
23049
44942
37285
26479
46383
7826
39765
45285
37582
12480
36785
13060
10239
36516
12324
29253
8556
52510
16142
41022
18864
43586
56962
21713
5800
30682
26071
23067
52370
57274
28672
33847
32003
21273
28792
9811
8167
21640
27243
8610
50363
24209
8039
37607
29517
52487
29747
15786
36951
4044
31327
33818
38552
5008
57965
59304
40665
16950
57149
25978
38962
35790
55544
56390
25199
23513
16740
55323
45333
36316
11061
33428
6470
22035
55300
26992
53075
25889
56288
43105
10373
22992
4489
20870
37794
40295
10103
17766
50770
8314
32268
14633
29714
20573
51559
55131
5885
25839
54242
30495
16853
12827
27312
55112
43679
31736
35292
38440
7054
10445
19084
57080
25189
49975
50462
25660
24594
49169
31336
59294
30030
26495
20195
28566
17639
30775
10060
50851
30944
58816
58474
29175
53132
36499
58386
10934
43251
12114
38280
20145
34013
5368
7220
31608
57375
5494
25412
53806
36147
23831
55308
22798
17063
15825
40157
55961
12644
14887
44768
10259
44267
8370
15188
50290
37676
35692
48558
17866
52155
3517
23516
12415
17678
50523
47304
16756
23936
40381
42433
13518
10588
14272
32630
57337
25951
17303
58429
56023
26561
22744
22299
48353
33714
21885
42740
59282
56098
38003
38027
45341
34857
17548
50538
7196
46222
12848
59279
9088
29056
48660
31236
17284
10536
16194
40276
42329
34574
48722
7252
57840
18796
51447
19072
12288
47251
14022
14697
20323
31528
20591
11101
45331
48445
39333
37452
46073
3579
7512
30007
28780
25336
3671
26307
53895
9062
31762
58965
37762
23814
5240
24320
30559
30452
4073
32058
54747
10523
53907
54711
5150
58943
50706
38521
36057
27738
43401
21586
21562
42448
38364
56334
10349
42656
25737
40615
33908
55955
30904
50745
23300
3213
39721
25070
6328
28056
50110
36150
57103
33326
23648
45665
19862
6892
18322
18158
42009
42147
19620
49623
7750
30679
46125
28157
8352
47465
15259
8886
17004
27751
11551
19889
23093
22903
44674
51866
5679
37830
54950
39765
27449
20973
3414
35867
35010
44557
17684
12338
14362
55997
19195
19171
56465
46282
9474
56677
22702
21317
43932
20501
34473
26959
45469
21293
59302
29919
54782
47326
57319
25818
21298
25573
17515
39736
58972
13648
42849
11352
20513
23157
19746
49767
54758
40672
37501
31532
15172
48354
38738
6878
12492
54544
7923
36288
46583
24944
6297
31463
56498
58521
38498
29038
8901
20321
55270
46061
37054
22554
55308
59395
9561
57872
51186
16881
28909
5909
47514
15436
47002
48555
18901
26102
59101
37925
21813
27463
5765
11936
17176
23779
37860
30246
45839
11061
34530
35029
19083
24101
33593
53656
7350
43082
58199
39919
19374
25746
48054
46023
15781
35042
8225
14114
48799
16952
31657
17479
9564
32773
15155
29830
29632
42668
25864
28514
17683
16556
3992
49121
5038
11526
52737
37128
57990
28584
57020
11916
55402
33780
30090
51447
11433
29513
26652
26945
28372
39913
44218
13828
30996
58356
4573
33755
18870
10033
27611
45422
48959
30455
31240
42788
29286
45677
25560
56894
52492
8070
57959
38705
44925
31918
29293
53512
33549
19260
47390
24496
40489
29030
5652
13779
56499
48716
42346
8790
39036
47121
5421
30959
39364
32191
13912
52541
18656
54731
56222
21277
44980
19826
5952
7653
38467
51038
58956
18282
34717
28475
11028
53612
53086
3817
44117
41249
26837
5754
58956
40139
40391
26494
50484
56207
12264
40542
3869
56363
30653
3839
5624
19840
49963
49616
3471
35857
12236
15657
25050
28385
41045
19721
56134
7585
8874
5867
13175
16628
25322
21636
7552
39568
41192
5181
11186
56971
46731
44568
33642
31003
58181
45634
50535
36214
30881
29134
33642
12617
15492
9281
17762
53809
55420
7323
13619
24376
55644
24526
32459
31119
31265
3257
36572
59458
38976
58095
12553
55554
38524
49290
52636
9116
13067
24393
28204
10817
57174
48680
59151
35661
18171
16718
31618
56279
5696
40894
36416
41043
14568
12325
11109
49727
32450
53555
18816
13761
18270
36692
58598
20304
40388
15010
17546
13999
54658
33784
56216
44531
13656
39237
28708
21564
6078
35921
51258
50875
40307
59834
14439
53208
8421
47766
4866
9951
59043
6183
34018
36834
52897
26653
14504
24513
15179
25546
13457
37822
37882
32648
28098
7796
44835
13165
59253
55215
17126
20152
3226
56798
5163
21072
32803
52779
17572
43793
36856
42068
13120
