2076
56844
32110
55479
32290
5091
13709
43524
38772
39823
9883
40763
3027
48483
33103
17922
17689
10126
19668
13817
53006
23292
54889
55417
20219
18475
50505
18130
39279
38061
6567
11677
50438
39393
46836
21770
52758
28187
51714
38153
45613
15530
6262
45726
20377
32907
16473
39329
22323
48507
34640
41503
24753
7297
19590
42727
14171
56101
56519
8666
40799
36991
4484
34411
39186
27192
7450
46957
50822
17865
58800
17163
16175
52128
22275
35607
46968
25731
7255
40789
26635
58521
41435
36928
48360
54980
20266
25613
20331
12673
52905
55777
32214
48042
3833
35483
27164
18795
3652
12147
31937
47103
30409
35847
57778
9798
31088
50240
7193
35063
16472
27620
47218
29155
33797
56824
31024
15642
15797
5790
29194
3367
6114
50445
37102
43723
51611
22203
33304
28958
35707
48291
31274
31857
42076
52047
53486
15265
58392
23770
59307
14826
19712
21602
16570
20369
50369
55890
33304
39143
41853
53870
32788
51751
43561
56314
9562
42756
45775
8614
39006
6505
3425
3430
52450
3573
10680
28124
35817
34090
56698
14478
11779
45724
56469
4317
22383
42849
23444
20628
37593
23431
8991
25247
3601
12410
46756
6074
40366
54070
18955
37254
3456
54086
34370
46224
18175
45979
54230
32635
12972
4275
16446
13995
27289
53241
35665
55037
51076
28175
53559
10958
51736
26770
3849
10322
25848
45787
21249
48541
21972
3251
59432
28260
57713
21016
7508
53753
17675
32250
51156
51022
25501
48348
30622
4943
20407
42518
58255
21750
42849
28350
41925
16022
8444
34651
8201
30575
27835
5056
51480
24832
12809
31448
26758
8093
23888
26571
58858
23920
24810
48867
30351
44709
9371
33512
27712
31009
53361
15211
23624
12794
21722
31985
47842
29250
38404
36852
16539
38956
37306
44263
39569
7558
41157
23459
28149
43045
27337
49397
24178
3156
4520
24427
47228
5521
53223
5112
36016
20838
28215
27065
23467
18797
39174
3389
7369
22948
47776
11303
57010
23328
11048
46235
52766
49386
12242
43185
32874
52856
43374
52336
18767
12796
47094
14069
55517
47207
49913
37835
28078
22040
12964
13677
48545
56798
25668
27632
16890
29277
6727
41709
32987
54651
4176
11554
7650
27801
29306
12064
45883
16616
6152
44033
47887
49435
43825
21410
44625
43104
13816
55068
4095
44383
13800
28958
4387
15586
49566
39355
31090
46613
51261
25458
45946
25209
38735
42979
16688
12101
13343
43994
41490
20178
9662
17933
27964
36826
58069
49927
18874
28130
53771
26015
37138
42579
39569
14532
58947
52231
35332
4297
24966
28221
48985
54757
37367
14928
20986
22366
35168
12375
32797
29918
24558
27086
6925
13409
29971
49867
35971
39875
21003
8534
7418
34373
56039
24745
6806
32251
28099
10052
53920
29781
46886
51361
27839
23050
37473
5579
5774
28465
14104
5114
56795
57906
4810
57334
16801
9887
3591
35079
17161
38226
43974
19789
30729
59918
37190
46257
59199
15366
47510
30976
22598
47912
3898
30441
59889
7019
47643
20472
37624
55375
53588
33130
14995
7406
29059
7750
12381
54006
20628
11504
19876
53140
28005
14224
39562
42260
34851
9338
49060
22365
29257
50530
7388
26460
38589
22297
43254
32803
51533
14460
30139
49707
44830
32762
19340
54337
24363
33796
49429
5428
40471
3923
34512
20848
33027
56727
7287
6606
57433
33040
48800
38305
52573
58402
44118
15709
56220
49818
44964
41749
20437
40790
23320
29224
6295
48476
9686
48007
47173
54368
38734
17318
51105
49264
16476
43920
43437
37796
48650
25589
9774
40546
29925
39880
30103
57973
13105
39438
54595
55343
31238
12676
23499
36846
52779
38922
15093
24794
25289
8565
10212
44029
39053
42919
25430
21838
29476
40625
27611
32867
11911
23090
25494
35958
11222
5639
23287
13990
56571
23106
10164
53562
44179
57978
19691
47700
22752
29795
27432
35482
12206
44029
18720
48062
32068
43468
9154
5453
6145
37807
56521
57253
8224
55126
30917
16477
31940
40287
32329
52573
10801
9182
20020
59908
31253
30917
58289
36934
45733
42527
22379
56367
52475
55747
31560
24683
6951
57322
53897
56074
15271
34092
52511
25611
53414
58003
19164
47654
15066
11725
19435
45957
50100
6667
16846
41442
25763
54660
16587
21802
59129
55601
24269
31132
24667
58135
19723
51529
55658
24465
29256
42091
10832
15951
36370
25987
12307
12436
58552
30327
34551
52722
56988
26069
51032
29290
29792
17844
16452
57929
45302
13026
25322
7539
11125
56443
7031
37784
32121
32028
24112
14766
14004
24113
31969
37739
22906
7008
49390
5716
46928
50414
29814
49605
26872
12108
4326
23692
32812
51011
31144
22225
28857
37892
38639
53665
10319
16192
18805
11301
41835
42863
55578
45008
42105
3921
21601
27948
47872
3886
8690
31412
50501
45547
43903
28410
47741
39599
58419
11240
56991
57876
46598
38021
51182
49657
58975
5404
19857
34158
44104
55383
59418
51403
14905
23637
14873
33967
19010
39518
44462
56286
25066
45903
45373
45414
24223
11339
52744
30968
45767
15172
48999
12147
10714
9454
17484
56227
32352
40950
11050
10426
44223
28116
39737
35623
18313
39461
30560
38995
11223
17441
34359
59916
52289
49790
52951
48735
21223
29490
27770
8055
53689
54135
58022
39923
58149
53584
34094
58140
25325
28583
30224
9404
12342
31222
49900
9220
15200
29934
35674
21175
5692
31064
32628
31258
18595
3548
45748
14738
4254
21598
38062
7865
4510
47678
31938
3286
11508
36524
34531
55157
51412
33416
52104
52393
46066
57006
17488
21147
29233
6807
42739
42926
54752
7268
30364
39028
5812
27438
27986
10627
44693
5815
34648
26826
26388
21301
25513
44024
10118
41574
40058
40124
40649
55049
17317
42530
15634
4708
23586
30889
22366
8638
57790
12308
17469
23775
4841
7092
4377
39579
55743
10994
34750
21815
8351
42963
22541
14995
9688
21986
51008
16819
51998
28803
57414
37803
33653
11289
19239
59087
58713
54774
51588
39324
19104
8501
50894
29178
27369
24534
16586
31372
52002
31908
10156
25007
47090
41759
34126
28945
41188
23253
22929
10610
49490
4368
13487
38088
50774
38031
42592
45645
58455
25655
7784
14770
19702
33329
45678
31328
21944
48907
37778
36845
39952
15228
57542
7853
31311
40726
41654
11671
15650
24229
14321
48658
23098
49802
50954
8515
15684
29347
23249
6068
18293
25511
10440
57361
56510
31610
8925
10978
7984
3409
34475
13337
23393
24435
28078
44659
45880
20279
52606
45803
20627
34501
53369
55043
12883
5812
7317
30030
36871
40001
31887
25776
46786
55502
19024
6876
23566
28939
23371
59832
58760
15081
11386
35274
22644
41695
53081
45095
12762
52936
57499
26156
21336
28061
13292
54175
6552
17835
15782
9876
58106
54724
19027
55608
14478
37597
48114
22416
7507
26188
48829
30745
28054
31694
41406
31126
30342
6983
59626
4330
8333
8324
51013
27949
51512
6735
31271
36501
51705
9430
27100
44362
35405
19969
3791
27950
59377
50355
39789
49542
25059
52258
33135
20638
29001
53849
35834
35822
4071
56382
21676
47390
36899
59914
44711
33907
42439
8563
28025
18671
28313
26259
13129
45752
35418
24681
23056
14127
53827
46715
56624
9001
56598
7879
5913
31124
50647
45979
11688
57583
54939
8088
55381
42139
3147
42969
28482
44468
39760
45520
29942
8894
32371
15061
33727
56772
7003
6629
21468
7747
38288
46386
33455
10973
15138
32123
18737
45875
20730
24692
51916
8266
25177
39981
12795
31970
3089
29456
59292
14331
46446
48677
38287
21035
39558
19482
14473
15785
50790
27450
10359
36238
47306
19732
29610
49642
48330
37921
27790
48124
10013
10688
40108
12730
45543
27686
22323
28936
36406
15923
13474
57930
21811
56284
53109
38922
56282
6504
11127
12074
39557
12589
21465
30392
5293
4515
20409
52855
11054
19454
12524
31391
38734
28550
23431
34358
53357
33580
18596
22177
53242
34059
39349
30459
29898
5253
38076
6269
38876
34636
35615
20923
54353
4458
36571
52760
25270
18167
3699
3623
27077
23539
13568
49067
6167
5976
29748
21507
14151
54788
21951
26565
19503
36267
39819
16860
52730
26988
20456
35182
37850
32199
46326
3734
19202
56594
26943
19566
13971
15255
42908
40551
54393
35546
34877
47269
19300
17997
38527
31536
36768
11363
5161
23893
4903
58638
49069
13296
10821
4458
57394
23189
8943
6787
12585
50675
37980
29960
17317
59960
43409
24127
6277
24324
45761
11710
19411
12846
40409
49724
8397
55610
45061
26396
45182
25343
40350
47674
44467
12539
52917
13724
24830
15444
45114
13963
40909
13184
57417
51191
25046
28666
48938
31176
12785
21667
52979
35234
24053
58776
52856
8806
40435
50308
4401
52880
47346
33618
3497
17031
5580
14354
35989
19201
50244
30748
42896
23188
24754
51814
16470
45411
38905
7644
41227
46079
50592
33084
8101
39757
31097
40084
43983
49486
13296
53561
59079
54136
27004
33131
17845
21138
26202
7034
26459
26026
33770
44675
4241
18948
7663
40693
48338
52448
4391
20982
31628
14632
47009
3502
19625
25646
44100
55974
10862
32595
39653
14649
58526
53237
27457
27769
41429
8922
43874
47146
14588
22662
31177
59253
50184
57816
29844
11675
39373
5915
53142
53307
7724
23822
31498
9184
3556
35573
16522
50570
24959
18452
16860
54199
9967
28078
42391
13412
59905
20549
55830
25599
31742
49193
46895
34737
48605
26171
15046
40026
50953
17932
9068
30307
58155
48792
29635
3578
3924
31926
41784
58317
42795
52154
18935
5289
39745
27734
29948
27657
16544
13168
50315
22125
21380
50413
14901
56610
12914
41475
54541
59449
19620
8531
58078
27153
7708
41985
28257
39179
17612
5178
46681
9873
15998
36352
54667
24568
48001
10909
9497
59484
19171
36458
56856
7061
27238
29635
28974
42189
4054
39515
27400
21895
46520
21760
31466
28585
13954
53774
20937
8077
53284
19267
45624
49258
27504
30316
13476
35664
53998
30127
49935
52655
5251
36030
17301
18775
22980
8539
8994
56095
24399
14919
38052
39637
31677
10136
50501
16134
52514
28346
17473
7065
50463
9044
8806
14104
15213
4091
6145
25539
15244
30817
24618
38742
41106
5434
11465
20037
53814
51960
47554
20813
57774
16556
27507
42581
30158
40862
11479
14848
24139
52797
21515
47117
7879
44655
16439
40325
41099
17739
19551
44302
28598
45315
15805
4374
40896
3005
3189
53468
22535
36851
21415
19052
26030
49843
3770
19803
31794
23999
17155
16814
34271
14486
11604
45300
53032
29176
42747
43366
27472
27724
59361
37639
3824
13692
10014
47463
16631
58618
50474
54123
9126
15810
12731
15186
18795
29704
9975
46400
45818
55853
52834
33011
4610
26548
42786
49982
53199
33159
13665
10379
8233
9714
55742
12729
5833
28929
8076
18680
51895
40637
44886
59859
30496
54112
52481
32404
43865
30627
18628
36852
18919
3957
21275
3769
19629
11023
3927
41597
20827
49969
37153
49534
50243
14741
22939
43050
25831
17342
52190
44247
22464
29241
38748
45773
17495
55651
17895
41531
27127
56054
46172
9509
30412
38720
37174
30967
5601
18577
38695
47358
15810
52970
55116
49209
46125
57023
14397
49693
9066
17649
28762
33297
14080
29882
12005
48542
38555
31912
48065
34712
22430
15616
56169
49051
4444
11898
38926
22847
27641
26320
30830
42661
26757
58785
27756
37539
19868
57938
13375
42771
43862
49884
43889
51692
41982
14237
43932
51696
11899
47268
45573
27508
38066
9907
39564
50280
11004
7755
24709
18861
36690
37323
27844
43390
12138
17053
52079
11733
13588
53505
38874
20917
49821
35123
29675
30676
45082
20539
18894
26697
14462
18631
45817
27478
34118
21842
33604
22818
7794
57994
23113
5540
22344
39914
45730
44606
29842
34348
18017
26455
13982
9183
7645
19717
44604
6386
23821
45212
31431
27693
50436
19442
25569
8662
42673
58837
45641
39707
8148
46899
38908
20591
55964
48431
19903
58204
59442
49030
52102
13768
20059
24145
40249
19182
49706
36000
31854
13752
33159
23738
43093
15730
42479
45313
58716
41828
45638
55859
4006
10252
37348
32177
42059
12269
36084
33087
20031
46114
25346
9479
53461
4203
35767
34798
45337
44550
27492
37766
17250
36997
51700
14538
13146
30801
14244
17101
21664
12194
11497
44818
38920
33220
8662
19110
24939
24333
44658
12178
27115
38586
19407
20173
27403
35891
55308
27853
45391
23622
45120
52677
22101
40343
29124
15399
47361
37215
44508
36991
46509
35079
14713
20033
20407
38323
17035
58927
24207
5830
5962
16812
46105
28395
24232
23181
38670
10715
34710
12975
19197
16256
15143
52191
18522
53401
35365
40611
22381
31928
46033
42305
37563
6956
20675
47644
46927
55151
51141
39573
9716
47986
39363
5521
33672
7236
39954
38504
51679
47972
56494
6365
55299
24390
4187
50276
4640
3908
49044
32439
58147
55790
21873
25277
23961
23435
49521
12342
30112
30384
21370
11852
18531
11035
13933
44317
36940
48577
53954
33269
17426
8496
56574
13311
38977
25284
58878
40275
15642
7972
26822
57876
45408
14225
55196
23327
27076
54875
48341
22294
53155
59755
28095
17161
9412
22092
26002
9754
51127
14154
41696
21661
57044
8745
53790
12249
27216
49152
37316
44746
28462
20966
36341
20735
23862
57525
28831
52730
29252
37720
29615
48060
44348
30223
26086
9944
5206
54247
42956
