383
28044
34460
6850
42845
32736
50468
41351
12245
13896
31410
6571
28839
5108
56475
46128
50575
50540
5920
37234
40368
33153
29061
34729
51061
57615
56293
9841
27573
30704
4873
24734
28908
51371
23965
3497
28850
22992
54743
57786
47114
22782
33343
59157
11964
27433
17222
54485
38880
54716
53067
19744
33926
3696
13048
19614
11776
47536
4033
24428
47722
43767
53942
58990
33460
9508
10763
4826
44518
28556
43646
7634
8326
33980
33718
8512
11988
15151
28017
59524
57691
18642
56709
47718
24023
58035
9347
49089
35490
3300
46848
34704
35063
5030
42054
18888
43778
48679
13685
13053
49169
42769
9871
50771
25887
19947
59490
3175
41993
15672
23885
51713
40036
34284
38252
32644
22483
52572
13887
54037
40913
28150
16665
41345
45448
57741
19688
44615
35431
8156
5970
28344
26536
37522
8741
12960
54539
13834
43968
57467
51695
52104
34518
4946
48885
19736
3631
34012
36611
25707
44086
51525
58537
30376
54192
12501
34773
20925
50027
23882
47200
12270
6030
31830
7784
31842
23897
37534
47001
54532
39133
53397
39535
39365
55871
35914
34662
35089
46274
3692
56936
27033
34681
39558
12658
4864
23948
4916
13451
17761
5933
4479
17823
55017
24355
29610
32748
46058
26353
45146
51908
53191
39661
54157
47940
8416
42266
34059
31177
11071
8658
37751
3361
59252
6589
56981
49581
57896
52858
15723
43105
35907
29341
23559
53630
38936
18156
6078
45919
38477
50589
35149
48322
28684
26418
31415
5456
12198
31231
21949
5645
32633
56923
34186
59976
36892
38450
53823
31486
34278
8862
45213
34147
10297
48626
16991
21745
53927
49925
36235
33931
13237
25916
34519
15255
16393
38144
50728
57051
32472
58069
26698
40549
49465
35663
11957
8066
35459
19302
43342
32402
44067
41269
20477
5882
41997
30295
21390
23567
53728
15037
41042
28386
39420
57741
30629
11906
6106
50447
47652
49339
25025
41573
31922
43754
36178
32060
21283
27060
24388
52214
11463
28557
46102
56283
10031
3954
25958
34375
48040
14014
39813
38280
10397
29526
58099
39306
16611
34407
12885
24197
14292
22926
52834
21632
18694
17226
40290
40348
33565
41325
3859
42481
35204
48532
39102
7760
19749
31446
44521
52734
34471
6891
15580
12426
50302
28872
8899
46790
21002
6652
19681
26991
8780
16905
54107
35061
42435
57075
15337
19666
39452
32845
4344
35103
48189
25267
22628
56246
57107
11956
7997
8130
16859
