1940
24482
31009
45812
15009
38480
47125
21669
26949
28407
13333
51123
56730
42234
24660
23467
50098
5061
3998
19005
7191
15157
8081
53477
53890
50350
25939
37831
27415
39249
3640
56158
15656
47043
17389
40436
6575
55636
49421
24655
5758
54528
19018
41892
18582
45663
28253
48873
21190
8458
5587
58762
37947
9167
13565
37432
30449
4916
12907
25927
25842
32033
42200
55364
25614
29101
39579
31104
25900
22913
53375
46989
6112
50485
39407
47325
22216
31309
50086
36781
57892
21343
37839
42558
53334
44116
12623
34651
6466
30104
3829
26631
46043
8491
39733
54054
45546
4144
16865
35718
43307
14003
25339
26349
45448
7048
52369
43612
4313
44779
23845
52964
8032
50433
52519
11559
48553
37937
24949
28699
54890
59758
15660
43569
41455
29746
22270
16999
45630
32337
24726
6940
37640
24921
31605
57218
20199
37924
31622
53615
58168
45392
4372
52370
56989
34036
19535
42123
13940
51958
23713
51020
59997
25819
9311
59447
58620
35075
31774
48174
52624
43203
10286
28161
13282
14776
44318
37464
34734
47172
12142
30919
58184
14075
29787
54664
43410
22158
53218
50865
22261
58918
50668
55664
34981
47406
46007
19901
17654
57101
19926
44589
54366
44269
48631
51425
31558
3872
48071
26717
53677
44895
40771
13973
4841
38246
21171
47126
29592
47319
55245
4492
50640
23434
5796
33467
48551
51104
46986
39542
55865
29762
29919
19493
4079
42600
40662
24046
28759
35992
31593
44889
50136
44981
13882
30992
43810
43914
37038
7088
52921
31193
30249
30402
31472
59205
55231
29772
9974
36262
42877
43299
59077
22713
18251
16473
24748
12524
5682
7981
17185
6357
10157
21938
56732
4878
57220
6434
45690
46244
10331
15458
11178
9310
14112
34268
39773
26080
29678
15510
28234
42564
17061
27502
57010
52901
52564
28896
21157
18822
55221
14821
17667
50187
29832
43037
10001
31405
30523
24112
50535
39375
50230
54569
19823
12696
14467
36671
28174
5067
25232
34576
40939
31523
24580
19728
49732
25096
54993
19322
54002
31600
11075
13542
49553
19392
18010
46486
59150
44310
4820
10581
24371
59765
36184
38156
34377
45852
11276
40146
22947
13118
23100
41680
8107
49871
52216
3219
25953
20811
22473
48471
29839
57803
39701
5962
11188
55179
40207
52565
14389
35024
46230
54864
54877
31031
22383
22257
11615
50770
16873
8383
24659
29438
18708
4882
17557
31176
58528
3322
52599
38541
26771
52260
22300
43816
42066
51105
34534
25348
34526
47605
22544
57042
33634
53363
16225
28494
7742
4102
41920
46210
46416
29084
51714
7325
36163
55012
26362
51430
40768
58631
35142
44186
45389
32861
7380
17068
15047
23186
30547
9938
26466
51816
6429
47568
9229
30668
29423
3962
37054
52716
4084
24387
53714
25216
14579
32418
10950
37432
33103
32746
46883
43145
57155
44678
58371
17298
8906
30461
59585
27941
6189
52404
32841
33714
53156
9012
32604
42862
35869
48693
57789
34928
11380
13437
7783
35794
7045
43283
26224
30068
33159
18122
16342
57032
29685
52948
21698
57449
12987
35559
11197
19740
12610
36495
51246
10260
15420
20330
10165
22740
15248
31708
15116
57867
19924
56894
28090
43717
8013
20244
21327
15446
58391
59540
24473
23143
33792
33609
56161
14508
21728
20635
29699
13968
50695
13988
4881
20623
34510
47888
6052
35935
36882
54083
55249
49929
14475
26179
32768
24543
37515
59961
17079
40416
55772
19933
27951
28050
12804
42906
52882
24438
38593
22054
9942
5653
59649
14188
43459
21772
17954
36271
43429
44535
32836
29762
50443
59779
42820
31736
22987
48570
5264
53553
20761
11181
14195
21273
14115
42033
22244
8880
5425
18863
41167
23050
17649
57460
53576
34274
18576
27649
27289
5799
44925
4188
20424
17423
32371
51822
45834
16362
51856
3674
13513
9670
9048
35756
38455
32326
34255
32006
55703
34650
31385
7719
27015
4825
46828
53224
16944
12897
25048
38819
39950
14250
38674
27606
3875
43994
16197
47138
21952
14934
37178
21070
19138
58660
55280
10033
30074
48257
30857
15736
25201
45458
7981
48208
40240
42110
27680
17084
28870
59428
18680
29823
11992
20597
33372
29426
46752
46803
22091
39325
5560
4934
39587
33416
37704
58721
12060
28805
15986
58528
45809
45580
8388
11572
28832
54092
3006
27074
17095
56394
23803
8012
45588
25412
42624
6419
46768
12741
25136
5357
26398
15698
27480
59124
42130
43834
24410
58935
5082
15445
37416
49072
53014
8246
23080
53665
14823
43945
8827
47000
26128
54780
34092
42156
37966
43110
36155
20584
58170
21493
47034
7355
34349
7341
32636
5712
36882
23645
7978
7223
16212
53663
21837
31084
32743
15169
7608
28144
24798
51679
27684
30684
45383
52420
11491
50551
50390
35017
15653
52661
30614
4380
31559
35448
21324
36140
20351
5632
56887
5166
37844
32890
40580
54714
26996
35725
25362
48597
9164
27309
12529
45964
41021
33803
8506
57837
7497
14611
13871
24999
39620
12246
29475
22437
22535
5308
11608
36820
33769
54646
51529
20297
49778
39278
58660
40663
19136
8141
22770
4468
12451
4528
28535
37379
28153
38970
4470
22802
45770
57833
36739
7384
3053
13112
10269
35408
37071
55463
34440
18041
50904
40634
43556
21959
37208
45537
18894
51549
55697
8405
38120
40600
48085
19786
28517
27421
18864
36814
50805
58658
11923
15633
6113
32199
37922
26960
17065
58267
28665
28134
17840
53728
7000
44957
53167
50576
53440
54357
34245
53133
31983
33898
36329
12896
39315
39318
17061
22733
8916
40044
19619
43308
39804
56684
19545
25304
10984
4847
21970
40529
28078
17369
21233
12062
22531
44667
17750
37121
42716
17219
13531
27290
6224
53533
31401
20800
6353
30547
55970
48835
57634
58808
29986
15637
8749
19520
37511
43661
29334
21610
5646
30086
34152
44733
5104
10800
13109
54071
39911
13454
26624
34976
33795
30360
29676
47945
33281
45065
34721
8573
40520
27151
40263
4855
42598
48426
53677
47975
49437
48739
37918
58137
21557
45729
58761
50815
28851
13278
34890
41113
5164
53407
51103
51728
59464
46079
12389
13197
10843
53686
19739
32112
32079
31775
24829
40022
24977
21398
20527
37628
28492
7663
45538
57520
53245
26235
8600
46592
51266
58644
53464
12000
56865
14657
47105
52090
29305
42439
41787
54065
57450
54183
14148
16163
25335
26291
46669
40292
59293
35098
23718
55606
40040
43380
40115
46032
12917
45308
54734
23131
18824
59603
4690
36560
32191
18693
38197
20965
47775
40796
12136
49388
49608
24588
50741
13882
31161
46552
21961
27632
39046
34094
8088
14683
28186
30881
17533
6510
3024
9006
50765
57005
34016
53178
33395
18836
38171
49440
52907
59804
53047
17007
32604
15471
53492
41968
25494
4448
30503
15402
18880
39726
28547
14704
29632
55834
23414
19190
22865
16948
23519
11651
54578
32921
51122
56940
49872
42746
56177
40297
14465
40716
44762
23590
56798
27611
58506
26776
36848
7611
43964
59083
38574
26813
46586
37235
57400
35449
40465
56735
7683
41402
21552
8286
18174
45975
37536
43463
56650
59931
20473
53106
38122
52053
51220
6093
10289
4621
57278
19383
32261
21218
22621
14568
9880
7184
44387
13276
3863
43859
55961
26479
7829
46799
29707
43147
16283
57723
48355
12823
46731
27073
43035
48759
3264
17688
53450
38432
48566
27753
41423
46224
3213
33415
4419
14261
51573
25229
4652
49479
53419
14976
12322
8056
42460
38052
59566
26200
19470
17354
25711
59683
47149
25049
58424
5297
7594
42623
19433
8436
32665
10795
37216
31674
9508
27221
20309
4206
30639
45839
35067
43286
34746
33109
44424
27624
25213
21278
15423
49725
23952
58119
20833
22331
6927
50120
56559
22540
21088
33087
11653
53760
16663
43515
7754
50587
13431
35050
39525
41233
54294
3213
52416
54755
49436
9629
58673
48173
21279
44334
33532
34522
17083
49867
45687
33249
28580
17959
22047
14492
27025
31517
52833
36967
32528
56089
28363
27849
9460
37938
32146
25601
22910
36335
14741
42747
30660
55034
22971
40376
34688
4254
59540
30133
32933
53086
13423
5781
38864
4516
44818
3424
27429
37438
24266
15798
13403
57646
19032
10209
11209
45504
31239
23626
15253
25911
45372
29974
6935
31612
15590
45347
29103
10834
24693
21854
19973
38669
44983
7098
26591
6324
20809
50113
19573
22070
50997
15660
49148
44388
46659
44795
31036
12034
39204
4884
37494
55650
24687
9801
39613
19704
54195
35459
33270
58829
40924
53190
33926
49395
27207
15743
25549
19024
59477
37902
10796
9894
33945
43798
23108
9688
21307
42102
49251
54252
34256
4105
32781
11400
32335
43137
41762
56899
34140
48705
30416
46040
12620
26019
45552
56985
29704
19340
18789
22093
18292
8843
23386
41458
39984
40355
26145
9483
11832
10640
41249
28238
31024
22627
17056
27120
35251
51770
9784
31656
34679
12750
58174
20159
55381
3812
52452
47730
20321
12909
42946
6028
32658
15352
10797
17640
19778
52439
28514
55355
6815
22977
24640
11481
40843
25916
24060
7939
37399
3219
6571
26230
48730
47367
9705
5829
5157
25299
20449
48424
33132
48790
14859
13762
23956
41011
5805
52605
19099
21089
42323
45617
20217
30509
6663
38483
27582
58222
5840
34910
32912
4040
36872
35859
46948
50332
45617
3584
20074
15550
16765
33040
37189
36882
19865
20375
45757
19129
25489
59494
36952
11272
28918
36852
41447
36791
41112
12273
53120
8771
25794
54717
41388
28328
51540
19400
55265
16646
10014
53793
42128
45873
11987
26265
38968
37170
10299
14116
41247
23145
33916
31454
44634
11001
33815
38544
57867
24216
30728
47338
47833
27560
49478
24272
7134
53773
35196
9110
32792
47410
58982
6309
12125
58599
11678
5521
51761
37051
24652
58562
18062
38397
45087
58036
34797
26088
13123
5823
16292
8486
33124
13347
20513
32433
22437
44148
22277
44194
36249
22489
20488
11087
52538
17445
59733
26865
7276
7689
7989
18415
56454
27033
55364
43999
11671
47892
33475
54883
47961
19813
39956
4416
30162
9204
37848
19863
52610
10455
27395
33031
20829
8810
11782
59451
4850
57862
47223
39594
41876
23149
48256
21036
11140
51295
3303
24360
29098
37853
23527
33852
18459
14978
58393
51758
19518
50001
4446
21570
14018
10197
13937
39211
46033
16642
20494
19592
33530
25741
35977
18296
49541
58216
43890
23416
28780
51623
13102
17056
48313
33901
49167
20044
37488
4612
36210
58364
36826
26484
36794
25196
23104
12180
56525
14209
50199
23003
33319
10109
7009
42450
6007
37736
55745
37847
3856
4715
29229
26862
57206
12084
32561
18059
46456
33569
32635
11907
51449
26172
49011
18699
56653
46583
35174
53926
41482
17342
4393
15089
58957
48426
23696
20520
24711
6495
27172
19891
12442
54609
8254
48308
41621
50928
44108
7127
14890
31199
11236
17350
54993
32101
38039
15566
6656
49627
43797
51425
58685
57077
19216
49420
12344
23478
43547
17774
43233
21455
14988
11115
47130
42773
27462
56797
34826
15652
3993
7267
30483
17074
22687
32469
55222
23050
16185
22915
16261
5168
32603
14831
51573
38644
41519
36847
7392
45522
4987
11697
5633
51857
21803
33099
27410
47540
23309
36564
28777
18162
53724
4246
48206
27926
45818
52328
8592
34120
46110
47493
23354
52006
58553
6573
20876
11670
12984
39154
52356
14126
39263
33303
44917
27126
58292
56400
49143
44684
45531
59149
7226
53502
35546
47602
19655
29456
8400
56746
27696
5395
52584
48889
26214
42185
19911
44237
30795
29598
36983
12124
42413
44963
15785
6920
26601
40232
33187
48122
15829
55283
31476
7346
17668
56830
6175
30297
9189
51379
24981
53873
45999
25016
33273
4125
46659
12295
10942
42337
56986
42265
19520
52936
18477
17929
20617
38347
44729
11966
42163
20311
49256
56425
49524
46037
45899
32224
12361
48236
46607
59352
17255
42647
10098
43160
44846
15790
39896
35952
51953
35487
24460
46442
27103
50568
18494
59801
48516
26068
58578
36453
38671
58632
36052
47358
21995
17042
12031
31920
16131
26345
42302
26719
5137
44648
29493
28452
51931
28835
36416
5745
55477
24589
52404
36773
45656
13697
33435
31551
16722
47544
8831
13560
12112
48145
58350
29760
10815
51796
35410
22603
15159
9728
54500
8074
32150
58443
23844
56443
21282
48827
28768
57056
6827
31227
43236
17488
6991
46188
12035
59526
38087
47769
58488
44622
43461
11063
40210
5637
18891
30143
7280
58869
3187
