560
33855
37891
57364
46317
9735
9155
27895
53650
25327
4216
7773
18571
12491
53534
13812
44637
47855
36041
43198
41377
28264
18997
38415
3094
43014
33263
53298
24128
43434
31976
53049
9326
26271
40864
36700
21492
38445
20438
27789
25431
59749
53615
11902
14804
34320
57596
52466
37658
32453
58620
55178
38200
17676
40067
39452
6520
18000
23908
52904
4367
21237
57701
50721
14051
33527
4622
58967
56136
10772
51541
42581
36065
41240
13708
54205
53409
9643
36395
32575
6325
29134
30955
51791
36968
39213
59708
59002
24158
42167
50246
34014
42579
5661
20171
10494
19266
41737
8841
13620
22800
14629
19542
40666
10922
24110
49669
34080
56792
49183
20151
34924
38560
47372
54075
12403
12029
41886
3671
48996
44811
36440
57533
39917
28304
57590
8435
7479
30137
57792
44231
55816
24924
30227
44627
28173
33627
38607
35408
46485
29274
16275
3640
56764
21897
37243
21836
4713
11301
30669
45666
38942
48289
7514
25368
16513
42149
9974
32108
56621
15865
22261
13589
32748
19846
26285
23481
49051
49986
17612
42874
42030
51887
26187
51236
21522
15896
12159
8017
32479
50384
16565
41093
21633
51614
15486
16870
15778
57256
49178
59410
38044
45891
36929
49236
25758
36820
4791
47274
6561
10662
29314
7508
52395
42143
55727
47565
15126
27481
3076
45869
15170
19026
52698
13673
56590
25807
22939
4890
42070
55470
25147
32867
15330
40057
17132
27827
10234
17482
30379
35233
6633
32765
21897
47231
18175
25309
38381
44996
18077
34550
48732
18452
41401
22205
38628
19609
40047
56079
55821
26387
15076
43089
55531
41522
58317
5200
19111
17790
7966
30202
32864
28300
16560
16787
54180
27597
34350
36955
27871
49376
59597
17383
59451
12499
25193
49617
39792
9989
32674
46341
14574
4416
9060
5863
50297
36286
45079
3040
47997
28966
21989
33412
14840
57949
59003
30285
58755
52021
8582
52111
12123
36706
27759
27886
48927
23636
53115
30331
54060
9590
42419
56339
24073
38839
24554
31007
11829
5020
53022
20551
6756
37531
38829
35091
26603
42634
15253
20347
18901
55086
13506
18193
37851
59584
10240
34554
39107
29190
36356
21027
26567
44693
56908
5219
26046
43530
57981
59053
37287
45503
30037
22465
23326
36354
39465
13171
40084
29478
25381
56565
59353
49262
24057
55072
33495
56844
15115
13358
9638
30734
19609
16343
38918
41434
22207
4985
21301
18917
31958
26434
43253
5332
22421
22163
42740
40077
35330
25521
29809
4655
55852
51856
52919
6143
7957
21746
58559
46438
21972
28917
57173
11122
40021
10651
35264
57774
50931
38147
28190
3710
46348
47864
25125
43460
41979
46845
36833
10345
57814
53739
55726
31517
35027
59551
48258
25243
20361
12191
25977
50842
44713
12404
45034
56489
20666
48941
18230
21367
31570
39480
28198
13544
21178
58563
5312
5019
49770
58665
57770
4663
13053
53867
6640
54711
55214
35612
26852
53305
20470
42444
19470
4774
41376
18741
48608
28264
17752
55347
57438
54763
39032
55147
48833
45971
45536
51351
16165
9269
35032
12399
7602
22703
19514
18761
46507
57515
30346
29506
13813
53049
10717
27759
10154
26347
45155
52039
9044
3691
12194
53264
38245
5437
37187
58007
9976
57828
37553
54217
59828
5146
13739
37646
13300
27483
12809
59137
26295
50537
36234
8122
39280
12928
8431
22486
25335
40885
40718
33533
52674
38896
49000
16780
42718
51119
36323
21065
27457
12667
10890
25680
4233
11943
28915
42993
31509
49458
16303
55752
57321
6686
33980
19806
5432
31956
11886
29063
19545
27341
42723
57025
