225
41705
41480
54224
40105
35026
6060
10574
29245
50369
42531
7300
59407
6379
7107
23568
14654
46851
32504
27918
42490
47631
16378
43649
54267
13160
44537
40434
29564
8060
8059
38542
32584
15911
34355
19996
28908
25925
22411
28567
56297
58449
6577
24215
15290
25182
25834
35402
10929
45528
27993
22846
39685
13028
58533
29456
59199
24663
3447
38583
6553
18743
41538
47972
36849
43193
3917
25841
6355
47691
56814
9043
36120
53184
58518
12785
18277
51730
32101
26388
37777
11375
34315
34112
15087
50684
41627
26688
12070
19426
48687
24709
23309
32897
52104
7503
15318
19987
25402
24764
23550
30958
34942
52054
21931
10192
37990
38200
8086
10711
19503
47294
18515
53814
13370
20492
6096
38792
37239
4930
47043
48908
51770
29817
43356
18376
47861
57841
27391
27403
24006
36863
18290
43986
18787
45367
56171
42228
18245
4905
40755
33489
15259
30715
20879
34479
23022
21872
7482
16590
12263
54351
32229
18880
46024
38868
45645
24400
36437
54109
53862
22810
53936
30480
28853
59473
43106
39239
27765
9835
55910
13699
5044
38258
13319
46137
42714
34862
43945
55562
15510
22298
25434
27666
49915
37035
55434
31659
51216
30681
18132
23317
52676
35619
37739
9131
57916
18500
51550
3268
41042
37457
6891
53241
26310
45596
13836
31976
35014
42350
9533
22890
29476
43327
59329
58958
17491
25831
28820
3917
57333
42476
13525
28078
57537
30727
