532
52280
3014
3265
26377
31656
48337
10981
39329
43691
47869
9488
55060
27650
22987
20120
56631
18196
48724
8527
40472
33502
15350
51032
23520
28424
40941
47736
43203
8335
5254
38980
33967
54163
59948
32439
25950
26152
50179
50286
49569
38945
57986
35589
20488
19489
4630
55981
9383
45377
24394
15782
18933
4518
10708
20380
16544
44624
46372
12485
9831
8654
39427
20968
18333
16318
29265
52471
41509
17585
42258
31559
7712
15334
51080
12505
25659
13987
12088
24203
52383
6618
31605
9812
46827
28449
5151
34537
48980
7802
36110
16203
22625
12391
31329
16346
16683
55827
47383
7594
40316
4095
41350
46153
8054
43891
34460
41978
29389
45520
24324
36461
22477
24056
35875
17097
53474
48807
46108
41847
33051
11928
51374
57354
16040
56685
36476
44032
15223
53639
33220
21995
17977
38996
37234
27347
46671
22427
48224
12149
30626
47204
33508
51551
49643
13281
11324
32564
35817
16034
26332
46910
42625
31044
46948
28408
19371
32980
9223
44295
29069
57565
59620
6198
48674
42070
19416
27884
20205
50582
46222
33993
24146
3840
52616
46844
33374
44649
14719
4225
23384
53524
17590
39327
16781
11618
21700
29186
8337
57877
47037
17977
4129
29615
13863
20380
47234
57157
6628
38810
36993
39303
23634
15954
10301
32893
17912
4668
45380
35931
27584
55560
49077
11973
19606
37380
29604
27854
6040
19455
45483
51415
24918
51216
30054
55734
9300
36909
34045
11969
23414
39410
42503
14760
54444
29683
34457
48646
34305
35867
5280
27984
27160
12554
55810
30489
4981
20133
24847
51825
52883
54525
40166
14782
46504
57673
41090
24065
17784
10417
9446
49467
43057
12016
56781
43060
41032
46146
49203
32336
27512
50992
43325
47141
57439
30553
47018
19776
58001
32177
47543
40813
59705
33124
8615
37896
28265
39733
36432
48203
13160
29475
27552
33868
59211
32675
38397
45944
24617
56546
11800
55434
9687
36851
41539
22018
54201
30134
15323
26695
54986
14537
40627
45206
4000
13005
50270
3197
9355
49348
26208
21458
46438
32799
41427
45134
12755
54521
23697
44826
46541
14028
19411
41378
15689
19347
50158
38223
11293
54311
40126
45317
6228
49630
56950
16486
25912
42803
27160
33772
21572
43358
51010
34391
31032
17796
17699
37029
6724
15051
23150
8441
58290
55962
51221
45705
49972
43460
21364
40106
31636
38424
14943
22303
7046
55013
46776
57945
16241
45444
22002
21478
10554
27955
14339
15054
37198
31857
13181
59488
10449
53948
6206
59623
3483
32395
23546
10787
12712
48069
32811
18916
9655
46293
25638
28349
6366
43687
43263
43927
9907
24739
14180
57550
7997
58469
25300
42470
23326
47698
39429
51026
48844
46369
54386
7683
31187
57403
11087
49218
55055
12681
17049
43197
22024
57419
38150
40480
16418
42282
31362
39061
30349
28244
47908
24240
23587
28670
28351
57553
41436
22998
28313
53587
20411
54270
21810
24081
58210
40376
16070
51797
28130
52494
11245
13541
43990
42878
7560
3313
23208
17228
4729
54460
35233
13699
37408
12383
37735
3821
47161
9803
23755
40729
15152
32837
18209
45795
31185
54262
38658
39302
24375
31806
50905
44312
25778
9056
30069
34143
5420
13036
59604
40516
16491
49133
36085
20902
40534
29246
38531
19058
54606
54042
13316
24966
37441
31649
13270
30281
15969
15085
20908
36117
21078
10012
17789
46758
54592
4048
9505
45344
12104
