2073
19496
46843
30851
59867
6473
12999
25373
25890
16141
24961
58497
50079
32225
47229
42068
44509
4015
28779
22487
22030
18861
10111
35046
56075
41221
53695
11569
40226
45368
28445
52496
53192
31345
50845
43694
14100
41064
28641
29883
43673
35803
44700
11704
17035
10436
5724
29751
23687
37510
9171
10018
28452
11636
38689
48046
13083
48298
10895
32916
49976
41681
7351
4219
40279
42902
10037
30470
12698
18301
58571
53027
22307
38155
43234
11308
30342
10914
47161
58710
44281
4745
4666
46622
48447
41111
47199
13616
19057
31427
40736
59019
11658
36459
19938
17641
27136
4944
38428
16586
44730
15256
43331
11641
42429
19761
48480
44605
21438
32139
53128
59158
46400
54280
14301
20924
10980
6770
27955
29286
52881
5054
44568
13494
40879
25256
27556
57953
33076
48152
49382
56221
46578
53979
36288
18456
57167
27002
40572
25085
39572
39765
29500
25763
45269
19372
41736
13572
33956
17962
26660
23543
5836
30785
20650
12717
45840
52406
46066
17882
35897
24509
23788
34764
28122
25280
16479
16629
52161
47946
24566
51880
48490
30023
45183
40934
38591
17184
31656
30945
17428
54656
46136
48311
12776
28706
26459
22469
46141
38324
48409
32543
25607
11174
26138
41118
52590
28946
31569
20897
54906
57209
54838
54276
26076
20377
33224
48920
29446
48203
32613
34075
55114
39270
35614
10010
10642
25003
35852
55796
7925
36642
26895
44601
4450
56935
5657
13479
7471
11030
11871
36271
57618
31387
34078
20662
25674
54917
13722
54867
21272
13024
20344
15539
29026
14537
22951
6745
35270
38353
56630
45692
7813
40456
53460
29911
26531
37059
39571
45881
10159
32414
41576
8775
16941
51893
39975
40711
19367
58735
16790
36976
51097
15707
29900
51005
59632
53679
56566
54545
7768
36028
14207
25916
11714
36778
37778
29275
55772
45112
46016
53799
50463
43175
35394
29724
14493
58051
57638
49708
7591
10866
35028
19693
41824
46086
43872
43623
19947
21399
38449
11768
21978
54853
21027
18375
39553
55615
24268
50860
23811
7976
27068
21085
32860
11346
51755
25150
34785
11327
53518
45873
9971
20783
54199
13001
56996
34290
8185
38427
46069
41590
22797
59562
54849
29040
39915
41442
58205
5693
51391
38419
50094
5879
15435
49108
36737
8176
23108
4210
50458
46942
7659
52447
53603
51764
43762
48574
40225
27631
18777
5798
32650
32769
46424
55692
6967
17015
46805
47715
31294
4294
49800
38639
39663
11438
36932
55510
52078
48249
5287
23281
40666
19119
59408
53805
36318
58679
45200
12092
5012
6632
31925
48846
5703
7559
8849
13350
27065
46880
28270
22662
54002
14346
46806
44054
38995
23099
54702
29210
26073
40577
35753
33542
14005
57426
4162
24928
17663
8494
4328
59747
59474
14979
50915
23463
12215
17777
52345
45332
8077
35772
18334
54028
42572
45014
18536
47050
14113
31498
35476
10814
15224
11963
5763
7313
55006
54497
52284
52827
57601
49152
42638
14943
10351
51667
42565
14134
29804
44729
52971
19285
13161
56393
59905
50524
12281
5613
37102
45308
46703
6608
10041
42044
14846
28723
41793
18765
9046
56746
3516
25029
44331
29748
26197
17160
20744
20705
47991
8824
50154
17516
23898
57507
51950
35357
10572
10082
13627
37180
9206
29372
25241
23769
39191
49026
9266
19873
36059
27596
54819
16465
59883
59177
19629
12762
13513
18465
33444
27303
57589
35370
51902
18803
32431
6268
18215
4950
41071
33615
5203
36924
20891
55298
6679
42740
35548
24807
45562
25543
26952
33331
29881
24353
5636
26481
28208
8303
18226
55064
44158
24742
24162
42096
48556
43039
29752
47733
32521
37592
4504
17194
53281
45851
4281
28687
36133
24185
24248
46410
26716
47418
54634
56098
48595
32951
47482
32399
41765
31155
44794
24012
12897
39219
19104
51331
9730
3212
5130
23284
4954
25050
7317
30880
6222
8303
47832
52080
42129
50832
8708
46382
20661
29425
35873
51572
46117
50661
43440
35937
18283
31563
6498
51780
52374
25782
39631
8985
52935
33273
33840
47735
21718
12203
31374
24381
45268
29058
7573
30646
39657
46224
23721
38690
25456
44680
25203
19712
32250
6582
21550
6789
44934
53056
19712
5741
42271
43439
48193
57118
7899
11739
4009
30952
53480
5754
57012
59280
48050
35886
18273
15861
25477
9886
54233
11642
33307
46700
49470
15908
35485
42169
59424
25205
59327
54643
46121
35126
34346
37287
48250
51550
51350
27245
6206
5435
55285
32303
17169
28583
34293
15160
28589
19246
25585
6568
51207
10193
8521
9086
41398
14098
7964
25722
29912
36873
56758
58486
10908
41451
37360
45670
25255
23779
41862
42321
27610
21977
25605
43870
29492
39371
32775
10999
9031
32399
51473
8409
14167
39174
24792
39183
45911
7062
17292
10279
12638
3028
37610
34937
26406
50797
13311
31668
56160
27642
40244
50971
33969
15029
39445
34199
31815
46180
15789
39487
4082
57123
13989
18259
43063
25410
43427
13906
10871
46408
38218
35283
55912
49954
35482
34093
24678
49166
42542
36959
38979
9967
34132
24997
42615
22044
56403
40160
40945
48596
31072
39230
41338
13994
55749
51224
23536
17407
15358
37395
22136
31195
54970
43620
54312
46868
31483
13184
23790
49445
41515
59203
35763
53507
36164
18937
6002
47154
33173
10901
12060
42756
49030
24761
10524
31768
4900
3269
50829
47478
13401
45433
27491
22063
3586
40042
43013
36648
58353
6653
27498
18060
42238
45623
46092
21016
54460
59681
23137
24780
21384
52086
32465
59083
3343
29281
52639
33155
33712
51334
13625
21222
46165
39407
43508
49540
19925
33092
29423
7536
4466
28605
52028
20487
53683
51573
31724
53166
5124
20363
37951
23098
34452
10847
46615
33406
28431
19902
30748
33089
30487
3688
9227
33672
49360
7878
56885
27162
30257
36416
8823
35179
31510
21621
20594
29041
39094
8189
9872
19844
24024
9304
53841
44084
9980
28124
25743
28695
5078
40589
24759
4903
34137
8241
30743
11834
57380
13851
42174
24180
15028
27693
26309
39600
38227
6582
23635
55947
52706
39542
55040
52191
21455
4190
14214
43472
35804
5809
48092
48623
33520
6816
49163
39218
38431
13763
55199
10325
28531
3235
26981
8774
58781
23859
42285
31464
47339
25329
38714
42552
46541
39710
13910
19716
6345
25522
31650
36763
12740
59993
43167
34470
19862
36855
53223
30864
4362
38717
7186
21810
25036
28078
34152
36227
41561
51809
9373
38381
48549
49429
22721
50341
6819
49764
36716
10862
3351
52724
58873
41766
40679
50881
51592
6239
42655
9297
13851
36738
50039
5153
43860
51236
59907
27175
22746
8153
6097
4184
7848
14634
4874
15594
47010
36306
27037
13401
20779
3434
3251
38821
38617
49712
9520
44176
50488
19207
47619
19072
46863
28796
48914
25405
54468
52527
26423
8331
21260
14103
40436
28641
4545
54735
18135
24597
10001
54002
27766
50738
32292
49469
16712
17123
3354
59282
46492
11615
47770
7357
49671
15858
31777
8536
5965
48442
35767
7172
35702
40921
36110
4836
52639
5257
57524
42557
34510
21471
10320
5341
10100
48394
22044
10536
32840
37046
5221
32047
26393
35627
5219
41927
45076
38273
6028
25798
10800
47909
40360
31986
53659
8709
55569
50867
3444
5820
46571
17682
38381
52971
20307
35233
6196
32759
38461
32939
30737
53633
25458
40214
30641
30729
40178
43918
22196
26972
9260
15969
45146
44610
18776
33437
28296
57550
52922
37113
35040
17924
17659
8812
25767
59024
9198
45344
11972
27478
34147
7034
49480
4120
20279
41645
49153
29930
29275
32763
50773
14079
36223
11718
27690
19417
5135
17131
57649
19690
18945
52731
43382
48861
17909
22544
3545
34824
43011
59105
44623
26390
34808
3058
6397
10171
38929
57803
58912
27895
40749
47394
38291
49653
5478
10240
55097
38635
52233
37898
59740
26573
41275
40782
51107
6736
34133
38449
14398
14789
9476
39074
30211
10119
4340
19079
57204
35221
9864
32891
43501
49484
10099
40774
42946
27923
24207
23437
20314
12860
49406
40074
14906
23441
23905
53411
46355
16882
55306
53201
14095
46947
55886
24180
37816
59442
27638
38103
25639
55154
42025
22327
34023
47828
21784
48901
5736
59995
17595
11063
51598
4902
37154
33846
29433
47601
6800
8550
21504
47864
42422
50710
8911
45749
45138
57332
18060
34987
37903
54381
38077
51783
59015
59063
21503
28986
7639
10056
7397
33080
46418
19681
8047
45093
41627
37842
39776
43947
48972
53004
37905
30660
26772
21957
22389
23932
14469
25575
28788
32909
41561
37461
15301
18490
3361
55717
14568
6219
43588
32448
16708
18949
26694
58171
49603
33155
11005
57645
14784
37068
14831
29234
52567
53309
44250
16442
41795
20491
19191
18909
57732
46141
29611
54132
26999
38405
37299
19687
7821
43844
34159
58761
8034
16735
32453
17630
28553
51361
53689
48756
25768
22139
30140
43229
47022
12181
28098
10231
26078
30056
15710
25020
56975
59619
28190
55504
38971
23407
7359
23247
37032
54241
58062
59901
5665
20889
6260
50628
3787
52813
4016
44141
54362
9216
42082
23225
35719
29044
34924
36385
38697
54622
48930
54751
56663
49078
49317
48876
17183
15175
22895
26230
30533
27466
52631
35596
47354
16418
51943
22126
10210
33851
31494
9610
13623
35069
30759
10942
51639
55655
46231
35972
22603
55698
25348
28413
8941
15803
21636
8479
54509
13660
48838
19416
45684
48402
12958
11256
30598
49858
41631
19465
7872
53697
4173
36571
16044
8043
39514
20860
39291
55472
53089
22189
6164
34295
15830
43346
24923
35285
14367
27827
28210
19727
32309
4029
25054
41246
18300
28632
41619
28814
28841
5366
28807
8870
6061
8513
15806
28200
10711
12860
44675
23947
51512
5955
16853
25646
29495
52929
4188
14300
38896
43211
19274
26592
8630
17470
16390
18765
3377
49253
33818
6493
24498
56782
10310
51192
25995
8557
47262
31777
31853
14479
8680
5946
23439
35827
37436
7333
3770
10825
35122
12381
28438
30511
20071
11485
50847
19416
52896
47168
34588
36826
36872
44200
44260
25297
9737
52925
47717
26472
58448
59122
8257
44519
31528
53910
35918
37646
39653
56272
33797
6037
10445
10203
20560
17750
39451
23773
7780
23512
11915
42128
26310
35178
3233
39767
4984
13159
33922
4543
26602
17301
17863
46903
20207
29653
55197
17059
43172
25503
48279
9112
24759
26465
26473
57689
44953
55092
38608
24138
51849
40962
38244
22410
28743
24055
42862
39644
52678
43874
21728
56424
43548
42642
36371
37255
35369
58324
59776
36555
16577
24488
52980
19247
5718
53108
18511
8630
13920
42222
34850
13616
9635
27689
8744
12692
56289
20138
59284
5810
57040
50507
9460
20515
22133
31540
31456
6244
24802
42011
25895
32460
54370
47175
36168
32622
25437
8200
52929
19257
58147
38854
47959
59080
26025
16668
44317
5362
42040
9188
39042
54877
10565
18437
41674
34960
14176
5027
33225
8859
22109
27450
19751
17672
55725
15541
32087
59179
21393
16781
8793
6887
40620
36364
5576
27574
39114
39523
53788
36804
16895
8085
54943
18524
23228
55948
41041
23864
52297
12576
52290
31672
5137
43450
45773
20834
44911
39375
56680
6191
42037
9655
22907
57027
21732
58573
59497
16917
19484
51801
57047
48730
51179
37807
8504
58236
9673
18588
29257
45258
14458
31810
4430
58577
52555
7619
8886
11981
25934
34196
5470
34636
18421
45416
45083
23253
10017
16249
32479
56379
41425
29420
40197
5386
33690
37118
43831
46060
56113
19535
41620
7924
17650
18093
15912
27761
34396
43442
8896
53343
11727
45044
49666
40102
25314
24589
53872
39301
27112
37337
42991
23348
18836
41649
4509
49548
50743
19974
44568
52843
16302
25653
43422
10724
41759
4246
4260
4019
6869
20388
10811
26480
8632
24275
17791
32604
15258
40273
9670
24682
14907
29777
44243
13417
23980
24650
8434
9883
32585
39601
27745
13813
22464
33915
44651
37771
13623
20635
4705
6070
32655
12074
59703
42564
17717
22761
9080
57779
5331
29918
25959
45544
36520
28089
19397
36784
43989
52619
20211
56503
27795
16742
28946
39715
7024
52955
35348
53424
15311
10084
8294
6318
29144
4753
10273
55877
11463
34812
19340
10029
16981
30343
41323
50752
55745
59535
28815
55960
45229
28077
58062
19819
4144
18652
52987
22185
7131
14819
44197
58394
23193
42194
8079
29822
30614
36690
37497
3392
45774
19546
3553
29281
37583
39312
29284
17433
27680
8509
10285
48423
20963
46241
3972
13124
6815
32807
7401
51175
30574
38806
5744
36247
9671
57620
44090
32670
42922
36468
9495
12760
52604
24878
43629
15584
57807
24129
35886
11248
37203
28766
14751
44856
10653
46522
54142
25596
24611
45153
11412
10257
33313
45825
24899
46504
9481
54185
52712
4330
37067
44544
9319
26010
49969
48155
48104
59602
59229
43375
49570
17681
52063
50485
13774
3699
27778
3229
35710
46907
45041
29349
5233
14260
49161
24050
42578
26333
50291
27822
30831
46001
35021
15507
6871
7307
39930
45398
34881
21965
38604
51823
57165
55769
49294
54962
46732
45385
27898
34746
26009
25616
24712
35442
44366
37377
25963
15302
52066
31003
16695
43398
12235
43878
13198
11057
3569
32037
35235
51185
17168
10694
32068
6277
57778
54158
46480
37696
41627
41920
43921
7622
44378
38391
