1763
54590
5277
4594
8623
33354
29676
19841
32461
36181
42779
41156
44565
59507
35091
5560
24878
50405
8555
47258
26052
34769
50265
10785
55818
34475
33382
59335
53038
23772
4098
47588
37407
47355
19451
28212
46245
9301
27511
38287
21761
14038
30783
52532
42040
8022
34593
11433
8077
27574
49367
34726
8420
24478
17800
3736
26362
53183
50143
35253
41099
55137
21446
29660
12607
52229
27632
29917
30333
28359
43111
54034
34884
10502
26709
45864
35785
10979
32361
52877
43072
35407
3645
58392
54550
34923
41423
45348
19459
38876
29751
46066
52740
54177
36343
59341
26691
17663
33830
35152
20136
33643
19741
40780
4345
37181
43296
25211
35672
48495
43483
21430
19191
49619
10786
24962
14399
14572
13465
56524
8149
47786
32351
48385
28058
19335
13370
5006
20673
6125
54774
43215
47620
5506
42913
9210
48378
46108
19684
33923
54207
26626
34807
45777
56972
17091
16563
11064
23327
34207
29711
56776
36894
42627
7677
11784
25671
31077
36374
5625
29111
11378
29196
4095
20075
38093
51936
14135
10552
50336
55236
29800
19700
58148
38842
52076
17424
11873
25704
10305
20686
24031
31366
12370
35148
57628
14116
16693
11719
31469
55839
49597
6921
32019
21662
13491
20203
8157
17804
6809
19222
18579
10419
50214
43784
5814
35564
30909
52740
6863
6904
5160
34268
11348
24166
29636
30607
41735
52532
57256
48466
52764
31236
47657
57799
45640
3694
48822
42338
12641
23096
11815
32128
59234
47422
44706
57795
31120
3971
37179
50233
53734
14578
56871
29883
28939
43979
31590
44403
4788
57730
47465
9831
14976
38156
40078
7818
15826
20589
30532
55409
10987
19417
47093
30677
55673
39238
56402
56151
46044
11327
34084
55288
51090
54781
27801
59260
22719
6377
3004
34548
33159
32522
45636
37298
57892
53676
45861
22580
3675
3057
45611
58949
14045
3412
49859
9518
4586
29419
14388
23001
32839
58421
8110
44538
24295
35955
31341
39788
48172
38137
47057
58097
8392
22523
38872
20986
40960
12577
44002
32059
39637
24249
18364
3682
27033
51193
39220
18269
19891
36828
8417
41021
51654
41183
47197
28597
19683
49736
32780
57116
36695
59863
50708
55146
57891
51104
41638
24628
19534
22912
43612
14238
29943
26027
39907
38283
25744
47431
3020
36153
32561
38886
27770
8319
10095
11868
37052
28173
38642
35011
47526
35642
25192
51582
56882
53974
15419
28400
12854
12599
21811
37263
21872
45579
28114
58706
27633
56668
58980
49162
51523
55647
22817
16803
42255
16033
22684
42126
11531
31705
31089
58337
24016
5301
52533
16271
26811
22653
41311
27454
54844
59473
50821
53925
16182
11198
12842
44517
10820
25167
58207
8163
43510
11473
13535
33899
49336
24970
8449
30238
51973
18245
39059
11721
30306
42799
38280
7812
33733
37153
13234
17344
54514
17817
21701
30878
25957
47264
53288
48828
13515
52740
57634
42055
39663
8743
5002
49855
46683
18841
40696
28658
18137
18721
36513
23686
53447
30986
15705
20353
20150
54563
44558
33815
12245
37955
58601
50345
43399
57305
3550
13474
31433
6006
59584
32249
33329
37921
19108
43782
5441
32131
15096
17631
28681
56054
11447
36806
13136
6995
16460
31827
8418
44134
33837
9976
12884
44343
41253
16383
16240
25201
13457
3308
57706
12780
36159
23367
30330
22585
42548
49796
54466
43582
56873
32493
55195
47750
28081
5003
49881
43552
27940
29123
30805
4185
4926
55273
42412
49476
8641
34273
24958
14607
49578
34495
12542
21830
21438
42172
57469
59552
20719
31901
33271
58977
17235
12438
31513
56518
7041
42731
48143
57713
31262
19653
46989
48332
40322
46824
34240
41557
36853
48769
20586
49120
4395
4807
40108
21787
19350
11054
12439
55218
52519
13522
8991
9544
18996
19135
11637
4806
31863
12841
10289
23878
26790
33836
27074
58152
22232
31779
8541
11603
29722
32708
54237
7684
43763
47025
24919
48353
48452
13793
32112
11399
52900
15661
11955
20875
19242
37991
40180
16615
13108
35608
22029
27384
9667
25388
10123
47151
44644
5444
24701
9767
13389
7263
52776
46575
3521
15846
51981
20484
10753
41502
31388
53454
20686
16527
22116
3505
31781
30062
44792
38309
17093
19891
17346
37347
8361
6577
30850
56231
41011
14696
45133
37254
23704
9510
11537
39219
29787
49942
43794
43775
18521
49633
16983
23274
44903
52837
35978
43701
16350
14633
33428
46070
20632
11720
14986
19597
53230
26340
35599
21183
46733
3049
44107
51590
8092
38038
51045
20322
46023
54221
48753
17433
29995
51995
12556
8299
36161
6566
43011
5810
30884
46209
8288
49933
20623
20465
31846
24305
30149
14822
22929
7560
29469
15549
39830
8113
47093
49492
24581
30159
7397
7024
57839
33777
7461
12435
14101
31339
41699
31505
6844
45374
41313
38419
56357
57612
19303
11150
42057
5112
27734
21017
55422
26238
20798
59060
50108
4020
6694
59359
47889
35837
52862
57603
36448
20509
57949
54603
18137
49475
5774
55205
6669
13983
14867
39475
30027
13359
28210
50101
18397
5422
54397
55868
49658
19492
6414
34213
58622
39113
59289
20133
41080
33859
25910
54826
35571
46777
7475
51160
22541
23742
7995
22635
34234
8900
42012
35595
9498
43096
48915
56970
41151
59600
44622
59215
58507
36739
54770
27246
58796
9302
23818
7723
42417
19030
35026
44886
12878
24814
31879
48911
57466
19748
41468
25320
8876
23073
13587
47352
8626
14265
24714
23696
8340
10330
32432
48873
23483
22214
20792
15619
32080
57358
57916
47610
23666
41889
50202
27014
5876
58054
34474
34208
8983
19740
26481
32369
5021
49771
45137
48728
30937
15546
48476
6013
16844
42122
19265
41263
27119
28894
33305
27122
21870
20751
30352
32569
45497
17282
14809
44749
28364
9720
45600
5914
16520
57455
28065
28254
47075
27765
53874
40494
35415
5727
24437
43325
28873
28950
37471
49382
29016
20081
56284
41762
19923
30270
56693
52213
5933
40832
20591
48946
29951
42604
48731
24658
53912
51731
22972
22744
3511
10736
24660
38082
55191
6362
35189
35472
44349
30919
41051
32894
19528
6435
25944
48277
43337
16692
25381
16548
55325
3487
48943
52635
27506
48535
40197
31378
3812
3110
10697
33896
18638
23353
24614
38889
47611
20621
48477
33536
57437
58432
38982
23800
35115
58695
9494
13167
19836
20583
21348
49858
41984
21349
36149
7044
45747
54250
10148
59478
22728
21962
9851
10668
38016
21156
10732
19331
29258
31597
26242
15582
8932
59248
30498
23055
10544
3040
9933
58361
17634
6035
21599
26367
4104
16652
19294
25948
37545
13164
59509
13677
42682
15584
11701
26267
58074
35647
51678
47891
44127
17530
51132
22615
16883
12371
9370
56229
5207
10293
23527
30702
45802
33297
6464
51558
21522
21485
15972
21622
7879
55042
7296
3935
36477
28669
13182
7804
45933
34281
20785
40831
18161
32871
14772
55935
43699
40920
18624
34043
52721
20659
46526
12080
31260
3944
24789
48704
57390
45955
52604
50483
50402
33369
24241
41512
14086
28447
8821
35826
27396
43312
29118
27317
27044
39664
17454
34630
14977
7113
26149
20928
46303
52244
31843
42973
38804
8413
44898
47619
55372
20057
40779
43351
59585
49617
35313
51960
55287
25702
24449
48350
42450
25436
39111
19203
27383
57288
10847
40698
51338
47808
57377
47450
43517
16775
38617
48616
25984
33633
20687
21771
54855
6011
32564
29538
5793
18862
48660
26577
5081
11869
23907
57054
22130
47546
23872
58991
5448
28128
24283
53205
34501
28454
8134
11367
48282
3405
15911
26259
12211
24217
52620
29285
20107
33357
41348
9935
33131
40071
49609
22613
6898
13352
49254
58430
38091
57113
11003
39139
29716
30892
20308
17992
19336
35532
21093
39324
13762
34865
22476
4895
8672
35831
36924
17317
47740
48909
54343
53490
19841
34348
12115
27450
59296
33040
10659
38789
18148
18160
44705
14864
36641
6624
34544
58751
11020
22866
24945
49337
38312
17028
7695
22146
13904
18269
46760
26075
17186
48109
48072
24945
45942
16422
14879
23038
17302
56667
3717
16545
56860
58085
6545
36182
55617
29496
44393
44025
34693
59194
34139
41346
7321
57723
59596
14054
24194
26037
25699
35263
48413
58156
43918
55168
3446
36819
23202
41096
33089
54776
24670
59582
10591
14983
25530
27448
8959
21212
47956
57425
39306
39156
44633
28801
27195
7210
30821
51144
50623
36092
51237
45607
56502
35792
26851
45703
52190
12442
19440
9008
59195
28407
32597
30828
21150
51867
38488
56653
57818
30511
27323
30567
16124
20955
12095
40080
45858
6076
51645
33420
42647
42000
42650
28864
58151
23616
25104
36340
36535
22100
25600
16764
47636
36803
49004
27385
4454
38446
31196
22231
15750
29101
11607
40800
48554
58173
47402
6082
26518
21113
10443
27057
59025
12080
21525
29109
50995
21536
34815
38839
36314
23978
4161
43376
51199
58868
22556
46765
51270
58692
18153
31078
28034
59767
29694
55147
4585
22832
7153
42315
47141
16728
58578
19207
33205
52191
32973
45563
10315
47367
18606
3463
44902
29119
33115
38795
37337
58105
27861
6499
28212
38090
22146
36830
44253
24248
7414
50940
15015
32760
45803
40790
12479
27481
9646
27146
6266
53997
20480
7456
10056
53905
30683
8305
57932
44852
13081
28403
9824
39199
48167
26110
10566
19546
30193
4443
53510
3212
12697
29787
27323
6094
33780
52844
24753
50384
19149
29690
58964
36798
47084
28090
10670
22304
8073
49826
50717
35960
36700
26454
36898
16682
10097
40576
22493
5390
37763
34117
46252
19859
16625
44830
57605
17244
14956
11347
18690
43556
42832
26432
7753
44573
12775
12884
54454
50259
37604
10411
35400
44519
12826
41859
56060
41247
20033
5452
5131
41488
31745
13471
23324
7707
35369
24504
22398
21273
52284
32443
27106
44785
14799
13742
8271
19927
10326
54876
27730
45457
5679
35949
52603
31371
5795
11811
36352
33477
34469
20975
13730
45527
21613
37307
33998
50621
35316
31214
40957
33437
33846
5904
6054
39037
7380
45540
11101
58215
57237
14250
9495
38684
23940
41856
29648
28760
55369
40419
56982
56130
23635
28253
22970
22993
30180
15168
54740
57656
58057
4170
7787
23599
42953
55385
40896
47141
59801
19127
22840
55035
59618
17792
59999
7883
51273
14311
14129
42251
29559
40829
32742
37435
55906
18895
57346
55848
56195
38096
50319
51301
56141
59183
24247
16894
45632
32062
23225
49965
37643
47452
56472
36994
34545
37953
17335
52589
14899
11169
57244
47816
4089
57063
24527
28251
20902
42483
58584
12085
35126
40770
35995
36926
4348
39566
14506
7137
25237
25980
45066
48869
3298
52045
23890
11921
34980
41970
25257
41057
46089
26378
31383
45459
55919
42880
25760
14293
38073
10939
44068
31371
7872
14362
7426
4739
21860
51157
39968
8573
40384
18509
4018
14523
44459
15168
39520
50976
11210
24638
52475
15806
8409
4641
14251
45931
8730
20277
30611
44858
48066
36238
47992
28605
46172
29540
18580
38529
54817
4524
27581
16787
9449
21621
22229
37826
3588
11951
50574
16105
58924
41736
4974
10570
7864
29147
9872
53055
10704
27364
28987
8484
59080
54142
4711
34235
8162
59924
37260
26269
25003
53950
19513
46995
50327
52989
4475
3641
36450
40356
29002
13139
13540
57647
30703
35031
55350
24026
48027
