1493
31117
41601
14233
59244
23134
24174
6589
13222
4459
35549
49995
34295
36604
37853
48773
49558
38038
26871
6142
24557
13463
25067
22896
43333
33213
19946
26130
9650
55517
53314
41625
31174
29106
53917
38767
58280
24039
15188
4138
41245
46417
33968
55949
11433
21997
37386
4119
17354
54188
37678
36790
58134
6024
15116
59645
9517
7774
33927
21882
56040
36353
45363
40637
57125
51941
6810
54652
45943
4444
30862
15734
44174
14068
41095
28652
52537
58184
3558
23602
40046
11897
48177
59618
22916
19353
47037
27782
53961
18335
13846
57128
26475
35180
45322
50355
46776
15484
40241
30106
33265
5656
16661
38469
11712
15195
50863
34272
15116
55574
17554
44258
38694
25058
25778
13076
34960
18182
32219
29342
4736
47792
30991
56320
47167
14090
20847
37671
35599
36688
55220
58060
56876
35909
29460
18451
59955
23187
16376
25234
30196
49007
56349
20437
14028
22976
36905
42072
14277
24289
39903
20502
30891
37196
3995
30568
29040
37616
10234
8524
17272
7249
5983
39186
50398
23611
3488
49423
32634
27199
20250
21446
33113
53243
6121
19798
12350
51030
35044
26109
22785
59886
36222
7450
12568
39457
38134
51808
14205
20143
52833
59701
6823
48746
10292
12722
25989
45544
18982
46807
50908
48303
29900
11232
33394
44561
5252
40313
55597
53335
36935
22261
50268
56785
42066
48908
57862
52483
35730
32514
41804
54087
31462
6982
58040
39243
46821
58128
22621
10823
32243
25495
48833
51549
40371
19451
41029
43669
23154
13347
11158
55065
44450
14347
40400
44851
40520
51170
6002
8874
3261
53874
17331
34040
15110
57715
40348
38524
31409
20689
56063
28473
50029
8387
19472
43442
9412
19018
54115
47325
7441
50256
50763
16799
54626
43229
50381
11186
10586
33044
56739
35888
51760
10646
28886
39159
16860
44460
56672
38397
54484
7939
57428
36520
27235
42041
15309
42414
13109
49998
32911
15423
18417
22171
30008
30293
25134
59174
19636
26071
44960
36233
32163
4148
17578
26955
32549
45646
3299
59844
55369
18284
49955
56763
9875
40458
8464
48927
36452
17753
26456
35634
18063
24032
14408
38803
57796
42410
10004
19688
46952
55651
31346
12392
21603
16684
58084
22802
39096
44441
13699
33800
26210
32683
49212
10469
13338
53252
18981
59006
22437
34099
27669
27613
56290
18095
50546
41779
48547
7448
13908
46544
17580
19361
33548
39598
24133
45759
55775
54381
47616
31141
22810
34721
4912
57066
56099
15824
9887
47729
46224
36209
32624
20526
44511
34518
25927
23523
15140
47571
24518
39865
21650
59121
3492
19159
19331
26779
3188
48281
7967
37518
17977
8117
5225
8905
22459
16939
50419
28620
40587
19100
37092
38736
45634
15746
25666
57021
54656
34923
55322
56436
55810
52688
5276
32772
47180
37809
41014
56286
23763
23148
56009
29449
51749
31081
22139
39255
45040
31372
53339
40734
57616
45540
33862
34532
20997
38271
37242
14830
37485
31655
58364
57415
47946
33922
7518
39491
12564
53293
4407
23034
46863
36654
26579
9863
47134
21345
30101
34255
57312
53172
28075
55096
7331
29591
54445
59522
55039
8331
3290
52651
38730
56974
56735
44410
57050
59806
6129
24573
11435
20978
47734
53074
9997
29153
27939
30248
32221
38807
35939
53347
8404
17623
43474
23329
19295
22946
33687
34354
53889
20125
10441
52798
12946
30674
4387
6086
16565
52466
23229
6204
52936
32957
24651
10403
59393
4350
53436
26415
50658
29772
48865
25431
44043
57729
44144
8407
27382
34195
24623
29768
24717
47574
39653
53296
56789
13926
29302
29945
48971
6897
18750
52925
15619
4516
13039
58342
3907
41276
29825
13236
20859
24768
42133
36816
43059
12904
56335
56989
49398
55168
3628
27352
24467
14452
24726
6906
11314
46248
57988
11675
17663
18716
28160
26718
38104
28252
21198
15172
16169
56933
26288
25901
14681
44964
30093
22039
22871
45923
3596
40370
32133
34355
52051
30437
6100
24286
34976
24094
46152
16977
58805
28150
55797
14349
25148
45371
10078
39831
47492
55167
23308
16068
42743
24308
36669
21122
29445
22292
53812
57622
9156
31021
28586
6174
12549
3396
33269
38945
22760
49699
40825
59529
24868
39214
59628
36698
48914
48024
39458
26937
11980
14905
47513
3389
48668
30922
50320
51667
53081
44990
53489
33908
54088
55870
15979
42211
57458
8677
6747
47778
30041
13568
21162
3883
30513
37421
53835
18006
45626
28923
35006
3037
31300
59500
16676
39049
12641
8566
50465
15440
42995
30989
56622
55408
44435
4093
48522
28947
53548
44540
53192
20192
8943
13722
45666
20507
4574
51505
7182
21895
43690
15649
41088
4460
57507
57201
18825
54779
21243
38667
40907
10512
9812
46818
31948
23237
44204
11411
21369
58975
32214
23999
11534
40678
45919
56845
22957
4821
11195
8494
16855
4805
43598
5999
10725
9439
51698
39229
10464
53851
31908
13275
57641
36714
36843
24658
54421
7655
46017
30137
19084
55734
37038
18460
39013
37683
30263
15413
39837
46711
20612
56064
55822
23378
12613
41343
4029
42493
54831
27332
24059
6456
37627
51477
54549
35202
24793
18569
41386
35964
36434
12337
41495
58789
28740
57656
12733
32401
9848
35952
46059
52116
49428
11065
44221
37388
28340
6588
36291
58701
22234
43345
9309
9536
14095
19460
30208
15386
52124
35357
29027
37094
41183
9610
58658
50513
13247
46274
45216
56429
39183
4526
25522
34551
30041
40087
22457
37847
20379
49698
47657
26103
6595
13708
7629
22397
30172
13634
58641
40854
16393
52915
56607
40170
20095
55613
18506
49490
28131
25912
22411
22856
6667
29640
41233
14181
7051
41297
46454
21625
18272
44624
33054
49806
40826
41425
26939
58872
17276
23704
52445
56806
16573
31910
5388
21677
38841
56125
8208
40087
15002
54005
31141
30972
24490
25988
20941
16477
31886
40532
18639
24962
3971
21498
46668
33260
7416
24984
12251
16604
30236
27437
10024
30098
21854
52221
4371
40396
48988
15562
59349
51286
51699
32979
43256
33496
39765
27918
8714
49927
18021
27216
20262
7899
24587
34572
42865
59173
49835
56933
31994
4173
41551
9330
37728
23063
9867
24989
47056
33782
58790
8888
35935
34175
8871
11824
10600
29481
33370
47218
45532
20087
40183
45031
50881
55669
17439
48291
47370
37216
58460
25746
21824
45117
18556
28512
35957
10974
46080
28912
7934
10578
28202
49609
14584
36568
23984
38922
13988
15892
30266
5704
36589
39669
17038
11526
18641
50066
19200
35788
58143
30040
37685
25117
50201
53706
41982
19237
57629
6022
23065
19112
31798
49750
36058
48810
12495
33641
49188
13628
25136
15751
8456
26756
16040
49768
13019
49028
34562
38583
28500
56224
6268
27653
11964
11506
5573
6216
59460
10471
26868
36973
34951
52828
10699
43879
53860
21860
11989
14243
16128
30440
59101
19188
48595
29011
3150
48748
7856
30003
55943
56823
17383
45043
41675
36672
51565
50925
47508
6894
49916
16432
45701
48448
10535
24479
18772
12172
45483
42075
38754
36393
22930
26860
5031
5497
25663
15303
35656
55930
39214
17920
19070
18790
45952
22060
26419
4616
55268
12728
51062
56066
17172
45015
28963
13342
8905
4795
54937
41708
52505
41079
24003
20998
38135
48553
51324
20340
41831
11169
52384
47642
34710
30176
43121
38473
29931
10155
33497
53804
59188
35406
28602
49637
7069
27601
18989
58723
7058
34245
17314
46729
45514
25454
45788
44361
25560
46897
50837
46742
10718
22402
4197
54534
15710
6980
31365
17624
24716
6336
51188
24557
25301
38228
48971
6571
42318
58124
5582
30270
43001
33860
15545
14533
28311
23474
28847
20588
22274
39879
58033
30980
13546
13659
59261
12842
28573
31897
18870
5815
7791
37960
36421
38799
29868
10369
49684
32139
6460
15315
25186
48150
34001
34779
15148
13541
47079
21651
28953
44917
59774
58520
48894
9006
45629
5016
30621
17419
58019
36118
26245
50454
15313
27050
5120
18050
34380
50632
42376
45990
19163
45944
36749
58599
28650
29762
43316
59798
54186
19309
11072
45135
53336
25898
3013
9826
39695
34258
48693
12169
57221
44453
21019
54444
21114
46325
50861
9656
32714
14298
56992
28983
52794
26321
20116
31489
46263
40831
28628
40691
55322
51170
35720
50211
26018
31672
25672
33806
22827
55970
59687
25508
15638
52920
27073
38729
26731
8614
51967
29093
4814
14402
59170
6085
38262
38133
13880
25586
6702
21963
31458
7194
16996
17130
5775
19451
55159
50589
39194
41221
16526
51100
34154
15191
57067
20170
55838
20494
33468
32429
41025
54027
55640
25194
25922
40953
54912
46627
41392
56530
39278
47760
10589
4004
39408
33557
31101
24686
19247
28028
37577
5318
42027
36642
19494
27823
46579
27137
19768
34993
53542
54742
15298
26114
18060
34557
22079
6614
44554
21321
20389
9774
38180
31434
37818
48744
17237
48036
26602
44476
31103
24783
44302
17947
52461
31472
52364
3272
29267
55772
20939
29870
5742
30756
21294
23307
39900
31469
35413
57290
11544
13723
39637
8813
30727
36364
19855
50800
49614
30986
40401
56393
47115
20764
7058
7489
20020
16196
41669
42384
16693
46852
19810
12608
40465
50471
45047
20973
24032
46394
6487
53366
55945
7340
3706
11184
31658
7297
50204
16055
9634
3756
54682
20264
45002
22332
58132
11136
8470
49748
15502
45656
58558
33017
20517
29144
43694
20562
27897
26325
32693
54502
12359
20151
20979
56503
33817
40850
10419
45954
27907
5378
45045
47486
7698
11833
13865
35402
47172
42578
17139
7368
49780
47458
37906
44657
49560
41710
55425
9001
42217
30231
