1440
22760
46683
3353
43285
41556
13039
40267
54748
46540
41993
12973
24066
57683
20173
5224
23438
21434
9312
30280
59043
35971
43894
39729
7002
15034
16215
29043
50011
10872
34756
36849
7025
30430
25408
3560
24146
14419
7427
55853
59343
29796
3232
39151
24887
10378
26216
39984
25895
11416
3939
28036
24439
54196
20152
22952
34159
52474
4730
57855
30028
28307
15573
58269
27795
9846
35593
47964
3110
46520
19524
8453
30482
49879
52340
28961
22911
9218
19783
50225
45905
39348
45044
26736
41680
9738
47803
17070
11408
35200
38875
36057
24953
56271
44157
46912
11657
55482
58705
43899
16265
33752
14025
47520
11120
55352
55449
27390
56308
31410
30046
32483
31218
23822
51902
29792
33759
41807
11806
25158
46041
15250
39923
47348
54487
51839
6259
14579
39055
54968
39794
31898
11935
34161
49845
4948
24590
58034
51152
15653
27058
22934
5265
6223
44380
24528
12157
52885
48308
45832
42196
46836
17664
28755
37406
40521
59599
42025
14178
16601
24412
58495
15484
44260
47649
20380
50350
50968
55058
22983
24437
8806
3658
31357
57556
4039
26311
8670
56805
39391
7550
40981
7069
19928
5823
17942
24787
55225
16521
14629
11882
9122
43990
52001
12025
30650
49557
43359
47754
13272
47675
59781
17887
6112
6937
52926
20196
40573
51817
52862
7479
52034
13091
20504
46679
34707
10420
7609
10151
18183
48651
26921
10649
28492
5377
14228
17281
39551
23924
44724
5033
56689
10192
7753
4578
59663
15991
15490
14503
21747
4287
26250
50440
48810
40870
48165
4480
47343
45356
15638
9452
16882
25153
14056
30288
58841
46844
26740
28212
11883
6625
40488
12356
18605
18498
42264
35246
51428
41223
3198
37009
50727
17310
11605
3453
40115
27545
24471
15238
57043
14446
36394
16921
56340
55411
48177
29290
33497
25466
13447
39230
44382
40409
50548
15754
48420
9481
7034
34431
58053
42045
25898
3777
41119
7266
54127
10221
28679
17383
5138
18725
59422
40259
58137
45011
49491
5913
20053
24350
46788
21612
7586
5053
48375
56664
42843
8023
28340
43588
11548
40506
3719
36900
57676
36006
43041
8507
34287
58522
47660
23996
26363
34600
21687
18561
53901
18786
23211
33166
11303
19351
35212
3811
59272
45586
30421
49093
3920
28514
46570
32311
43910
36472
23478
39651
50421
3756
34034
56550
35269
7179
18622
54087
47230
58463
46185
53006
11265
6432
38609
54009
52087
22878
33064
11041
5449
31585
38203
14220
57797
26390
12863
59965
15929
6415
57227
54755
20849
13487
41576
36794
57566
40693
47868
31609
26685
13100
18996
4804
4743
59646
45920
32653
7645
51507
59920
49128
11104
47499
7218
48349
31000
4213
56783
6987
47574
43863
52659
29518
31540
34207
34571
40371
38824
20822
21178
49109
41299
11393
42166
17168
17167
59151
55285
39533
29335
12035
18728
29576
7258
49884
20295
22149
36454
45957
50427
23555
24613
13512
29068
9195
29752
45122
10778
5639
46538
7884
23589
47085
8909
53437
46198
17261
8188
17413
39840
3968
51841
23208
49472
24351
42391
11113
27083
14120
9496
56183
49881
58146
47010
43531
24706
10527
4655
7890
43463
59295
3596
3231
9970
54240
21888
51401
55841
49022
59216
29184
35449
11016
3837
40413
49452
27179
7574
19870
35112
51114
55564
45184
49546
34609
25742
25126
39785
44823
27215
5365
14490
31741
6997
55849
35923
45465
49184
53841
32210
52127
38378
44550
45704
36585
19241
21777
29230
47527
3648
19451
3592
48264
31974
23136
45830
29032
8938
20451
37730
42197
4223
49955
25707
25699
8643
15846
34569
14719
37956
59394
12604
27541
18500
44569
41650
34934
24402
34914
48846
4020
8689
44929
23314
19399
11474
31664
13096
33857
34185
3420
22633
27105
20464
28790
26791
26756
39274
55688
22860
33730
59973
4948
58917
46218
6062
39752
28382
28304
17950
21617
50594
29889
15452
18317
55211
21296
26591
30335
20133
20229
24307
29772
37147
51342
34627
48844
38196
11944
34723
52535
17843
43291
42510
41422
45062
41942
16210
10574
3067
43227
22578
31121
24246
24356
35060
23482
13373
39554
14542
41202
58389
22332
59425
58667
49515
45963
48502
17537
50704
6433
13487
34764
39838
9494
27242
25825
45664
58640
4916
58278
53863
54598
23851
6181
10681
53296
43344
12963
43604
32805
48489
55928
17843
31053
50704
30073
34140
11263
24208
54756
35478
10300
59166
45780
40971
20538
56348
41197
22153
53277
32914
39689
34703
51210
51044
11104
23108
24860
31538
18690
7061
25809
35399
53550
47658
23865
27541
20304
10958
19788
13047
51237
34232
55261
20265
13073
21139
52782
22654
29726
57553
55669
43791
20773
55886
38536
21068
29686
52888
27391
45107
43162
36658
16245
36830
9647
18333
11555
4584
30630
54009
11993
34696
22196
53946
31497
31877
15023
45484
32240
53089
58850
8881
28667
50163
7585
38305
35610
44396
36638
47802
13088
14373
5999
47401
50058
42424
9823
52866
22240
47578
12419
4930
14563
22515
49411
59000
36331
30376
58994
22942
44321
47969
3174
55367
4692
48810
40152
5099
45608
31600
26836
12062
59432
33856
27654
58544
43191
32257
50930
44907
7996
18612
27772
52120
53969
48215
59671
10743
21783
7469
28657
5595
3451
49392
51695
20362
59826
11480
45250
31678
48714
7118
56551
38928
49766
51642
3891
59188
11448
45921
27878
44926
7489
9610
8905
19585
46796
33985
35340
45758
30822
4544
15131
14274
25574
46565
29986
19766
45843
55854
46630
47884
39911
6140
58714
28872
31148
36504
34065
35323
9712
57256
20566
38166
38823
13806
27706
32680
59594
37249
45126
17675
43279
4355
43852
52301
27761
48553
49003
27667
3058
37921
22833
41940
16865
9223
19313
46326
19708
44358
43309
10408
9790
38740
19078
13714
19621
3265
37176
49656
39048
17571
5944
16761
42181
48936
23639
53271
21775
35956
52784
25703
27783
3500
24411
43867
19668
56230
56641
33256
32721
6356
11103
43044
33284
7916
17189
56681
9744
45450
42114
48491
25474
5084
4221
46192
41500
42646
16456
27537
42817
48219
6946
20260
42505
21116
55552
38515
35790
40758
40017
38261
40084
45236
38741
32552
15299
59537
22118
15345
27582
44352
10840
6418
59328
30657
27725
25547
57684
59568
50117
54615
17352
21917
32279
48841
24009
3239
35359
33468
57915
54254
33051
41260
58774
36815
25248
41649
36969
31977
20756
26857
11147
22186
42167
57653
41997
49774
53961
33408
47083
58559
45657
17015
19518
57300
18161
29338
56809
58707
20847
26067
48353
49451
4513
9084
29855
30260
30876
4181
28086
5830
44153
14547
16683
38631
30686
53859
25252
15269
54455
47253
43525
32738
36968
41194
30992
31432
31264
34053
53632
7162
45001
34369
19232
30572
27674
55824
58520
11626
39363
9226
35188
15508
13975
33135
51069
48839
59118
17480
15636
3851
26393
31428
24183
53579
19014
40958
42232
54873
29649
36980
26402
26365
55001
21815
30586
50903
53209
57276
42816
40285
3467
4011
4024
48309
15598
56470
54201
50218
9342
22982
33142
39437
58221
41411
16272
30401
15102
22218
39399
31110
37916
36739
47484
7983
20458
24724
16740
39240
21915
45192
58286
44015
49125
59912
9515
14591
29422
3597
34763
22617
22558
35330
49611
3048
37202
59756
42598
55971
46179
54966
22000
5685
46955
16474
21238
44497
47927
4970
11625
33115
22160
40757
29157
39936
58482
41866
55544
35113
17693
17897
49611
58926
52749
15864
3141
30024
3025
10824
41001
7749
52478
10253
5992
17267
18594
20553
3940
27271
45290
25748
48961
34046
19733
55908
47505
33638
52609
27484
48258
42696
9653
25379
12331
24591
25293
52439
45047
37978
19180
24884
48443
31056
20625
39516
7496
59312
45133
43935
33553
52577
21592
59556
55719
16614
26555
8030
20243
38646
14404
45051
23686
28415
41836
19083
10444
12950
35028
33783
34470
19909
3361
32026
44666
32954
59760
56979
18759
48046
7917
59724
21676
38651
45444
10290
21462
3599
12742
48961
10096
30968
41129
49547
17603
48080
58006
22601
41339
26036
16096
54841
13817
49849
42424
36018
35786
8590
23604
10620
16178
4206
7209
34575
14159
51435
8115
16090
46459
46452
58756
51223
23707
37101
22776
51492
58797
22048
58166
48861
14047
35488
12428
15858
26631
58968
27498
7689
29785
10625
44380
58546
38212
15710
17579
50900
37697
42941
45799
12520
12405
36241
37639
49489
17972
3668
42968
54841
30261
55765
8633
40990
55936
18861
52389
54519
9740
43741
16236
13405
6446
34511
30440
45708
12547
36575
49419
50442
8946
23953
8448
57731
7405
42534
37878
21414
14857
47982
48701
42752
38465
46919
46209
47824
46052
18057
40722
25914
24188
47339
43577
42737
37923
44977
27508
52969
21742
51524
3237
27156
29615
28097
9834
22771
40657
59977
53296
45163
42271
49604
19914
34266
43604
44731
58935
20674
31187
35819
9804
27063
30932
48519
19773
56649
38714
9522
54829
8529
44768
26547
17207
32268
39446
39558
16582
14362
31605
19434
12768
25508
43574
33379
9818
41210
35840
4319
35570
58056
25446
49952
28867
37114
26463
16276
29689
17690
19227
49652
4896
38032
24310
26637
59138
17654
36750
11830
48259
28328
58102
10511
7518
6341
3485
