1295
33314
55060
33759
37290
34011
10526
56735
10623
8797
34654
25830
18594
40171
10227
32124
40611
56586
49085
37923
23415
16125
21778
21272
14679
6529
57491
23169
24639
31566
53860
31107
30255
23162
4945
27095
50777
38048
43539
40488
42264
35083
38486
58079
50080
33469
18708
53071
51938
16925
11412
39493
12638
35327
26018
57686
48963
57885
37079
30040
50722
43854
13622
15788
13395
49804
50231
29322
45868
48614
23385
4814
43754
23222
46760
8195
42986
19859
56305
37464
16762
53735
35149
48801
18906
28745
31688
42568
22521
32773
36007
44126
8732
47692
30845
13565
40070
42936
47033
8915
50155
42901
22774
6191
51696
56228
21342
23833
12791
51094
36745
19384
44046
44381
3444
45658
51875
29176
31159
43995
9064
43998
49199
56592
10298
18184
46677
33747
36672
7616
8904
52529
52171
4947
41054
15115
22326
55423
55525
51824
7346
18853
27125
4756
32982
50382
53924
25655
34196
14820
14780
10093
33328
32409
12253
38526
59379
12629
33819
4790
13902
10557
23523
57135
7111
13858
30270
57658
44872
53624
25959
58350
37190
37977
18832
31229
43904
27795
3475
40760
20215
52756
8859
15613
25559
9077
29824
54075
37460
12023
48319
26780
22590
24976
45584
51735
13274
20085
21406
31862
43933
30076
56267
31409
43109
12398
19033
22811
41931
45411
12452
25361
9738
54133
27667
51575
50370
46654
18051
14125
17898
34945
5023
37995
23525
45858
8413
9725
8354
49976
49841
49502
26369
22867
57712
51885
26265
55887
53146
52620
40644
17994
21104
51076
36514
47451
49397
38217
19190
46180
11677
57912
41595
3072
55667
22757
11643
3057
46569
59284
19745
29905
21643
15390
44230
12026
58317
6001
31029
42362
28675
16415
44659
48158
34408
6441
30110
14485
55186
8131
21413
26681
4910
44091
30160
8454
33174
58617
23037
28963
59783
39392
25596
54621
24991
35802
12404
25925
59849
7143
25146
24423
25345
3587
37514
10816
23524
51288
26214
47257
28844
33161
8214
50548
6131
37826
18846
31054
13622
33273
59228
29447
3870
7305
54224
44911
24620
35768
21987
16762
10504
8564
53448
51659
4756
18302
36633
46330
30860
50597
13230
58915
11316
45984
36244
39404
19801
50251
9159
58200
10105
58636
6102
36385
26635
11551
6839
38731
36008
17688
54155
4600
40868
27455
17282
15781
52716
26784
13126
29146
20582
37966
14031
10621
58729
6677
46633
56366
14994
51518
21676
26027
38176
41576
46260
48656
39313
21891
36305
23201
15860
57612
20891
33342
54193
22091
8253
53603
19677
3801
30785
43644
18251
40293
28726
21799
21145
57217
44104
19154
39089
51663
3285
17973
35724
20542
8085
21353
57180
47681
13571
16805
30410
4692
51837
4836
48754
29825
16384
14078
50527
9907
12847
26668
6103
31001
47889
56905
56614
15507
51050
24412
47876
24705
34361
8972
26059
39508
58787
43934
21517
25839
21005
40368
14428
59658
38782
38939
31675
35679
14801
33078
30162
27811
50815
11314
5919
24374
23772
24503
50073
40351
11761
23339
25221
9490
6094
44853
18753
39068
49623
15038
36536
17313
31329
42333
57943
35432
51978
17366
39938
40835
54697
8975
12591
46005
12561
21214
11368
40617
18064
58894
38368
16018
9979
41696
13358
52293
3783
37860
23954
7741
21648
5325
48587
10651
53294
15860
4721
49395
50531
49964
4776
10002
31224
40853
31339
51234
57022
46094
58895
4132
11745
40856
25211
29858
22470
13942
29346
11711
6081
36853
45379
24178
51567
59930
17157
36271
50650
5442
35637
26168
46524
15522
5173
46280
7024
34377
35598
44167
35141
48934
27159
51317
30392
48087
48940
34173
17431
12391
41541
48291
35462
32017
16836
9526
58199
32298
45555
43306
14433
26744
35028
49611
51298
11319
30926
37554
27836
38522
24238
18502
59200
50443
32398
50199
4218
52551
40410
28768
18923
13651
25492
26762
3354
44017
31524
10258
56475
26681
47736
35539
27838
10793
34754
7254
46724
13244
31559
51014
48579
48563
25357
22379
28340
52559
9186
25877
20929
43121
22815
20635
21610
6304
54483
56256
3532
48437
37207
42721
27737
37171
16358
9282
19611
33383
43205
47787
33839
53939
31231
39610
40345
16870
19523
42849
29784
53326
3911
36686
49475
50927
44381
48246
56610
4406
21653
28826
40555
39634
35134
12007
8780
45520
47459
23337
5315
5623
23441
39098
14316
7786
32925
27085
20220
46447
34988
57647
43582
30870
40337
25153
5361
32549
33829
44258
50290
14135
54439
46618
13980
38550
14593
26987
51940
46777
28943
21754
42439
54457
16175
26695
4088
24768
4376
22275
53488
45957
30128
34278
37892
37490
28265
31805
16656
29968
31091
41464
11410
42476
26560
39580
43332
42917
55258
32537
47722
22566
18294
45161
49485
43152
50911
47230
25445
49342
23295
41666
26739
23138
25424
44526
50329
28936
54343
54174
27549
56525
48252
59914
12000
32304
21784
35435
52575
29398
46411
40060
30930
58062
27269
25454
10298
37780
26021
50182
7197
50200
10399
59583
22305
31538
37980
30348
26126
4662
43071
7535
6593
32814
16121
18409
18905
29470
19137
7847
37645
5702
34849
56615
49920
26158
7470
6751
32139
47020
36395
40565
15584
30825
10144
13935
48658
34495
59035
46513
27833
8985
41165
26372
39627
42593
22241
44871
27239
36415
55694
5406
26055
13658
8035
34620
21478
56634
7812
59516
57630
12200
14243
24603
32884
20657
14736
12802
4866
35646
52186
53314
3743
46303
34367
14684
3802
17776
21573
53848
13264
46022
42312
27355
30154
32254
27952
34659
30537
22344
29882
35442
40335
21682
41768
22454
17422
10354
52969
42442
33277
21720
50530
42349
51719
14937
58528
45261
27505
35185
47626
30743
10178
5732
59364
46085
21988
58864
14054
50503
31980
52086
37685
12757
19689
4000
19943
33679
53028
41936
6772
54765
53005
42013
12824
50935
39956
14261
11598
29322
5348
34665
21257
12025
44954
53494
19494
42543
57192
46676
7123
59244
11742
55746
28557
55447
5978
57949
38488
5030
4626
54363
39908
13311
30020
28394
21108
50404
3583
14780
37456
42483
16594
49504
8657
47585
36167
19007
11239
50273
20019
38749
33959
16570
41068
49857
13639
3556
29109
40265
42731
52103
27508
26517
53112
55841
3235
24909
12524
57754
38556
12219
11142
4263
46798
22915
46898
4864
50682
25450
36377
36347
27001
37186
25497
35874
57928
4571
17073
33472
8527
53373
43612
5144
17953
37092
27554
19578
48757
54318
10780
51649
48414
18567
56622
13487
36145
58439
43341
52914
17248
28480
31863
36838
10189
6641
58165
9475
15005
28074
36039
5753
24815
3346
59797
52975
44117
53184
44945
51129
55819
47686
26688
27579
24075
41885
30572
42870
25198
30686
15189
21628
21994
13779
16879
42863
50230
16952
50156
53169
37980
27071
7535
38608
29162
47055
45795
5287
24370
53786
25371
4692
18327
18918
23050
19533
33361
28958
37564
33209
10375
32718
15234
15478
8564
36224
25521
47328
26732
35014
6109
49789
40061
45357
34431
49304
12147
36464
3036
13441
29648
41490
38697
55982
40583
6712
40696
15717
43858
46983
6463
5670
20557
54846
54097
47376
37882
28710
4477
5708
26652
8692
46971
36211
46357
41125
13628
44362
38800
21469
10704
44842
19858
30656
51387
26745
51920
22564
20377
9771
12628
55504
30368
25872
44562
54721
3803
59071
8455
41586
46291
57143
48563
12175
25809
8636
32635
26624
58610
5449
9300
40453
17907
14252
53889
52932
50789
19954
36709
4723
10363
29997
59337
28818
48596
40962
48312
28819
19126
8640
51822
7793
17971
19007
33562
17131
57891
6548
45787
48487
42633
25399
8826
33442
10957
17495
13717
27457
50540
54990
52368
56420
40895
29216
36996
25075
41951
24854
50935
52216
57876
17526
37171
50737
45868
31814
34362
18672
50188
37350
27083
7781
6917
16024
33550
9353
17423
40350
50113
57878
30644
28009
52279
6002
4536
33386
48279
49346
47556
45935
31274
46886
18586
19017
23658
52085
11141
13997
46714
38451
38210
33047
56604
38152
22089
22858
51866
40265
52094
5152
46886
16000
47921
19491
39913
17477
27796
14578
16743
4537
43163
7118
11376
58692
8352
58625
31175
18171
22371
54361
19747
58568
37429
57687
50103
44010
24302
46766
26773
11428
18880
53522
53119
53217
47139
43799
48240
13711
7520
49812
