1843
17299
7483
11571
37980
42164
7431
25287
9493
56022
55813
59267
6549
53839
29228
13983
42038
12920
50353
22053
12022
32697
46141
3313
25043
7610
13249
15219
18994
44183
43249
14829
10029
23971
36985
33788
36525
55827
21393
42659
57140
7504
3433
24209
8074
11637
36210
15954
49831
13677
5431
58457
16750
46029
57828
15260
50612
32475
12120
43934
13320
53570
52582
4677
20735
54402
9175
36437
37375
44314
49834
38534
27127
26209
23310
36334
27538
30523
52081
41422
25485
16501
32026
48246
12375
43983
39445
22799
29171
14779
35999
42789
9027
54329
12406
20986
26169
36170
58121
27967
46929
40306
52624
11816
9485
46292
20420
32976
9157
15047
6719
41473
48825
52334
37023
41632
29280
28858
13236
33582
38450
13147
42115
51216
48199
54078
51774
23800
15259
40443
29165
46849
12483
9762
39744
33127
10277
56285
53705
40353
32018
47296
32458
10423
28125
7672
4462
59539
7957
21716
33472
20548
41442
9445
6336
23180
14599
27984
45325
25725
55437
55808
46096
45757
23961
35553
16663
27992
31366
44264
36206
23416
58512
38114
46938
52705
21066
32972
48968
9883
31659
20647
43456
37141
35165
42263
31710
33961
45894
41777
14639
44501
35851
45494
18539
58576
57952
23126
47433
8954
23523
31323
56667
4986
34940
3241
12548
31270
13615
23389
43047
15355
11627
28921
16247
23166
52812
49364
58109
54764
20542
33758
16922
26077
38119
29748
34827
59512
8923
56061
19736
32705
38468
24649
29639
8331
35572
40399
50587
31519
13057
47250
33217
45512
30419
26650
54963
12640
9533
6644
45383
54661
42088
12600
55830
31664
35576
8185
22762
37405
42043
19873
48782
56147
34109
31628
53663
41158
19214
13288
28997
30891
21188
15819
42263
13608
34408
22885
17901
5512
57129
13657
50033
9190
37731
10194
54473
8918
15292
22792
50990
8290
30345
26038
42817
53786
42531
24567
9658
5102
35759
43871
12138
26567
30687
56214
3056
59253
21592
50227
23544
51314
19986
40094
30734
16482
4818
44240
52254
27451
13931
33348
58574
15459
46410
22243
30245
44850
45432
40847
20278
28483
53947
46751
53966
48165
16472
46814
9878
55243
56205
21906
26221
31073
28205
21882
19177
18327
10179
48087
13920
24287
23267
22816
5744
30576
57543
44781
19461
4642
45681
50739
57031
33941
6063
52205
33231
38279
49397
20837
44809
40034
12251
57714
7531
9318
5932
13022
16962
54422
25415
44956
8053
43326
24967
18649
52464
50583
52830
36639
3939
34816
4532
37061
24639
23245
28439
6444
22893
51248
36628
13177
9288
49576
55167
55432
11435
12960
46402
34603
28723
44298
36259
28695
33187
33711
14806
19741
59152
33514
27843
36933
42400
39299
9003
40741
21522
25020
45598
54140
34180
56003
5508
17463
33062
5522
57260
9116
42816
9474
42603
16178
31683
28357
46730
41227
35328
40978
9101
27204
4536
41307
56109
33957
31034
33818
39180
59835
6467
15386
31254
32680
40549
9373
28518
20653
16112
46969
19721
23462
8173
17573
36909
17560
49850
44863
40852
26772
46197
5617
39020
30871
8666
55283
32346
13476
45553
34861
44925
54295
35084
5966
16276
49715
19375
5095
40571
17838
3012
26085
59589
46384
7876
37590
21340
56576
24627
31275
5591
4297
19922
41564
24703
59100
13340
29717
45979
5782
8380
25623
54190
11159
52447
17254
15736
45309
13883
50356
34870
57042
38089
4096
8502
35535
8021
33338
33174
48499
46669
45062
4437
29552
33229
45251
5665
28022
56868
58947
40606
7914
40800
20357
28364
24292
6677
29463
17781
40109
12289
5618
27672
40970
16878
50253
43951
43912
24027
43584
7478
55142
56575
26992
39270
48157
7300
20377
8033
13980
7156
34968
48262
48314
43196
53807
30094
13653
40853
11783
13175
4679
59291
10199
52283
22775
6416
11037
16176
18181
27717
23280
52754
41923
29018
26731
44922
55920
23025
43667
53147
53039
45867
53688
39633
40445
13417
25163
29970
32077
50039
17994
7870
43125
26480
18145
11899
56687
45999
53817
27610
47302
30538
35891
6373
38913
3316
32968
16650
48594
37346
48955
7384
46389
20462
18292
37257
30184
19878
34698
38595
52698
12034
30825
36782
38918
54372
21298
18090
21011
13242
38503
52989
33766
4882
31658
22586
58844
59672
14588
5573
23822
36447
23904
35043
46140
58251
15995
34900
57758
16060
29969
52852
58342
52245
20697
10694
57447
33954
46232
20223
4457
56016
15288
29404
31536
59027
4575
8446
44708
32533
48253
17014
24480
10994
46933
8563
21723
38889
26780
33144
24451
57031
52245
22226
50776
25195
48603
45855
15928
43945
47824
37391
12434
59225
3576
29310
55211
22885
5321
29068
18746
51337
12461
3720
44368
6950
38710
48517
57971
58464
19677
26998
55753
56609
58778
42353
39990
40508
53456
58752
57551
56510
57076
34712
46912
59849
3228
23467
10170
25488
58827
4863
47052
59783
16173
48772
53631
57536
40376
51840
9577
17820
49641
58650
53824
36544
30922
5825
22880
33589
19884
38309
58827
50284
33502
39746
28440
28970
26892
45514
39482
5841
48531
27663
42408
12533
32707
43096
8628
49035
15567
52973
30167
10843
11343
31614
48599
35737
18357
37329
35287
57460
16512
29228
58130
48215
37168
38681
24248
9880
31916
31262
56880
17507
59873
32426
5747
17665
23783
42975
5907
54167
25916
38650
16407
58815
17380
36799
12775
14568
11307
48148
20935
52100
32788
54195
28028
36258
11910
28956
29883
3524
35302
48732
51109
29808
10096
30809
16565
51001
26446
10710
54961
5747
27683
44583
17128
14255
50230
29745
41347
27156
31663
25894
54445
37009
35918
31682
43328
18796
8750
44444
13153
55111
25742
24626
58149
58844
51887
54456
56554
44582
39610
28292
51880
56560
35332
38954
23992
28683
43597
42080
39156
15280
45986
25910
7511
54951
17027
5681
33989
39339
27708
43993
59134
37625
5911
41987
20086
58543
50640
39453
33306
57598
40348
35060
52398
37764
27745
10272
6274
57048
32083
46111
20495
8664
5412
52014
36617
36881
44612
57978
49225
53401
43170
9404
40739
55537
52415
4302
23680
28988
37658
10877
28923
17197
52584
44301
58104
22485
34539
11932
37853
51374
48072
32234
18186
18110
3867
10025
14879
41101
35589
30631
48490
19536
3528
55548
28945
6446
57010
47501
16123
8902
25759
46920
24644
34499
44641
50825
44151
25916
44372
54429
52484
41497
49708
38792
30507
9527
57607
27341
35998
56935
33960
4824
38632
43338
5482
7917
42332
17427
53523
40812
34837
17853
49813
14351
50151
15538
49803
30306
6757
5850
12384
32965
44595
15195
47992
42596
22751
47034
57467
8552
25211
33169
27827
8623
30238
16009
44082
50570
5540
5043
31644
34766
56755
23258
52110
13516
52905
15091
34698
42217
47724
32300
39579
50018
42346
7897
31505
37493
5945
55879
12351
41562
17399
47815
20095
49038
28977
45090
41582
17594
36612
6680
27217
23623
54972
31996
39607
47497
50962
16335
33628
56076
45485
39846
42712
32162
9058
52650
6277
58765
55307
31803
52966
49960
8211
17632
29980
35133
59424
49148
32770
23710
38896
54166
17966
27985
52911
26184
53300
5537
12790
48867
15939
29896
14155
7341
12300
20458
46181
42830
33696
46154
39803
33700
24329
42518
47765
20149
7411
46537
50799
48803
32314
7537
9421
4246
5698
40288
30705
59715
58897
45576
35099
39111
57728
12127
54671
27393
38264
46955
31538
22982
49364
13920
31088
37639
14453
11767
29489
43079
14820
39960
59428
17191
25124
27922
20715
55208
5585
17468
47410
14064
14853
44133
53265
9447
28418
7710
34227
45267
36656
12562
46039
12348
47338
7758
38654
36487
44129
11174
20903
7198
46159
42959
58106
43632
3715
22819
33179
48424
50393
55794
41329
16080
3577
37168
23875
20518
54197
56731
53757
5115
58296
59848
58571
51583
41270
27366
48449
45628
58171
3518
40956
11376
54865
38863
35937
15584
55824
24057
22424
21882
46248
26913
3457
47173
9694
35147
53112
50555
45876
43092
15882
15299
53315
23174
51762
35239
5854
12605
48752
54355
18875
40870
50125
21971
18726
49384
57225
33762
47922
50835
45567
28861
5149
3714
32395
10190
59867
4313
45202
56045
40363
37997
38709
23778
51711
9695
46264
18003
35333
44509
16613
54478
41696
25362
18109
14635
19209
50024
35580
37476
59198
33631
26451
10319
16738
45543
51772
9606
43963
31585
47525
50080
4695
11567
12629
12927
41317
6287
47323
55597
23987
34208
14357
24876
46951
41417
18180
45252
52220
57889
10387
42553
44007
9513
38820
59696
51930
17693
57859
47182
5060
9465
24779
20504
24486
13596
41147
7427
51513
35689
37438
42873
55464
29121
43751
32191
17234
10102
45518
45880
56072
7441
33707
17380
51296
48476
44953
44028
23270
47624
15882
30460
39444
57578
39377
37444
4845
5760
12484
31306
3165
28079
56953
4557
32405
12651
4677
51515
49946
33574
49757
11146
38405
3717
42012
50891
48065
48483
50810
38968
42476
20187
16993
42860
49861
59615
52570
37558
55167
51304
9470
5345
44564
31087
23825
6354
4086
53291
16520
33573
42487
31508
54626
34149
20220
55861
27999
18031
51476
28964
10442
51573
15958
5383
24894
22428
41843
39569
47587
58684
28825
47549
24376
16702
21800
37498
58826
33180
33243
51453
31760
24119
51443
24136
42881
24514
41217
42807
38258
30812
55588
23188
42358
52996
15089
12454
3179
34578
50612
24193
47752
43777
22517
20608
49119
57260
6287
22633
29089
52517
9081
3200
13456
50103
42696
51091
3399
41043
13728
33784
25293
40793
40876
21779
45515
39311
21529
25299
4364
3757
45169
37572
32817
4813
32113
30359
51140
39314
16683
7581
51851
35995
47407
43800
38695
48060
13438
43249
31046
57911
54139
47412
23890
30952
42294
39492
5588
55037
6215
56002
7083
49593
47228
45833
7726
39519
54128
30196
10424
34735
13834
9139
20064
52536
39277
18912
32797
29632
45549
36592
23108
25808
54992
24192
40492
11675
38623
51006
54890
53370
37950
18168
41906
37380
26312
15686
9842
59898
9168
39040
54919
43115
16974
42999
17412
26482
42045
22961
54218
3071
12646
9614
57031
28514
41653
57713
52797
29259
20403
39696
49915
37885
18324
20723
17343
14127
17530
55616
44985
53076
53142
33884
24690
49509
53175
23350
23380
16045
42630
45588
14970
15968
48232
28503
15089
56030
9685
27690
17959
7966
17491
21415
51291
3334
6543
5687
46517
27600
59056
55910
28628
57965
37718
8610
28020
15598
51928
43060
13283
57223
10682
35106
44467
46080
28814
19954
22285
26093
41543
53924
45413
43979
49200
46371
19057
57829
13102
14439
59191
33495
50888
33594
32638
20785
24596
31103
16365
33195
11638
14231
36692
3979
6106
7169
35333
12713
45211
21459
6203
6153
28047
31148
21940
47718
54916
49767
46114
51647
10333
59188
47200
17785
57144
23938
41976
18586
8741
14045
11763
58053
16089
52720
29580
28239
36540
54209
16423
29692
52520
22963
47937
32714
36306
19247
55898
13649
17962
59052
16743
14274
6218
22394
44707
29585
29803
41309
23941
9218
50554
24872
24564
18500
14024
53073
16580
40820
25944
9892
42463
53165
29483
59678
5185
36587
15881
28273
56730
19411
36362
4122
25162
23666
48743
27053
49776
23497
48582
42958
20671
14597
55149
21434
42381
44888
20171
53712
42356
7482
17438
58282
32351
16424
15925
44122
10062
27397
17267
51045
48277
40295
39771
24726
12953
48483
54825
35281
37021
8063
53065
48010
14345
16529
10761
33793
47776
18715
5066
37026
29416
56547
11979
16508
36541
16757
44937
38459
9632
53392
22368
45769
38018
57654
35986
44461
44051
40112
8511
34839
29162
10738
55182
11409
54780
39801
59051
50606
47048
57746
15036
3976
39109
12012
22096
40523
19059
30808
53586
52218
11288
52380
12033
22239
8609
57116
30876
16792
33875
54082
8232
