1068
50729
14350
29552
21562
8719
7190
20908
50889
34369
23101
33302
33380
17624
57779
23856
42491
43290
56033
30829
53130
28793
54498
58211
20637
8543
11957
23210
14643
17041
30947
6039
13511
25624
49480
51067
56357
31586
34540
53248
32858
14711
10520
15269
3304
9615
45347
38279
19023
5824
41617
58688
34804
22243
23693
58186
23788
3428
19070
3493
36284
55825
57072
36444
34984
50237
57984
4404
10695
52150
46374
57325
19890
23668
56255
36935
3870
39165
21342
23475
29887
3881
46946
45530
12156
25507
23842
23497
43944
43636
56423
48969
18277
5072
46397
38949
41117
18057
7600
28586
19332
35473
52160
23001
5851
53247
3668
35870
40438
44603
16121
43630
30773
16111
25912
43693
15355
5985
55592
20313
5026
17539
28668
46474
3913
22733
40375
19208
59221
5060
44709
12115
41508
32568
15074
24551
33940
53697
14425
48792
59733
29568
14539
32453
58244
5515
40267
57552
43354
16760
18754
39005
8854
21273
47963
23986
53235
24491
59248
31394
10380
48712
59285
47839
52501
30934
57670
57293
52102
10532
42092
30528
45271
57573
39821
18315
26547
37187
37914
25969
6735
24144
5432
58234
25514
14811
10267
17691
6698
57318
42861
27466
7693
22216
47908
3339
55192
6433
28679
28323
48936
40644
52969
47782
46704
6172
33045
56131
43169
5991
27303
51681
8215
11399
19567
27155
59629
59026
12662
21938
38232
10064
33720
41977
14434
26021
31465
17341
20238
14584
40395
7905
22862
44522
11347
39296
27984
32707
26146
49445
26322
41687
17141
38411
37720
29290
58761
57917
39016
57435
36887
44856
32343
44797
52067
37111
24958
41581
15349
55851
52318
20217
3071
7237
15705
59300
50788
5626
9890
7283
54017
26036
24310
32548
59849
39395
39697
7681
57138
24581
14530
20307
48844
34581
26846
47900
6129
26855
35079
42764
5737
22686
38667
45187
27070
42084
4959
41097
7233
48740
42264
58965
52150
41969
7269
16255
57861
44414
48255
35929
45237
11240
35456
52935
25914
14302
32610
33020
5913
22320
21718
39773
58678
29085
31493
14721
52529
26782
53540
41901
5802
33180
5294
7141
26982
16849
3760
52744
55985
36721
31497
37826
12413
17192
8985
34309
4411
51290
59181
29353
56653
42505
31470
35492
30820
12082
21517
40829
47880
59081
54909
49546
57221
54514
41303
48064
40342
7705
41024
57884
7516
3519
14052
25351
33170
22264
59119
41809
51733
7670
25555
59858
35625
31142
55618
37258
7646
4704
38360
34792
56338
36993
40483
7313
39704
54014
23369
12296
3263
19422
30585
54795
22947
25534
28304
53234
4860
15090
39646
50855
56104
42480
21055
26622
3344
18338
57982
34895
33731
45420
48518
10851
19899
38858
37908
22666
51781
47707
11714
42132
18459
50414
20101
45893
58838
38580
51604
40912
7218
18695
29965
58134
16283
53546
40525
20711
24067
59256
24714
50645
44702
10176
55608
20027
44163
29609
3655
11488
36615
46803
37764
10341
7200
39233
34079
11265
59508
54794
37720
25135
51213
10733
33093
54944
45305
37265
24637
56304
41464
32262
16750
45556
31136
8013
23913
27795
54990
16348
18113
46824
5533
47767
11548
3378
10279
45766
16270
57107
12413
20154
7310
31991
39815
38237
19592
44175
6622
44544
34744
47214
47282
23869
39091
23167
6709
22791
15795
38184
46648
38292
55153
22514
45365
59563
36670
15351
36418
51379
8216
9794
55757
29669
34541
9412
58798
33137
39373
39085
17034
58926
19782
39489
14850
5009
37506
11964
48668
8740
46958
58563
55990
24596
46801
16960
16028
51196
35633
52389
59794
20185
58209
19868
8907
39692
11957
31783
39640
4237
18183
17104
44762
53086
27067
31759
33104
29775
46854
35663
58799
15429
18193
49557
28428
25408
12689
28502
9344
27225
18106
18385
18595
32748
9254
56123
6465
43777
9758
40655
59087
37814
6122
49530
32715
56425
43180
43122
14729
39673
10097
42364
8489
13427
56877
52288
49380
46839
59263
39210
3772
10679
51861
22637
46221
36847
31998
5994
59957
8953
46448
45938
17407
16149
26495
32435
47113
4887
7764
39682
36939
32484
53542
3138
22922
11601
19591
13679
33325
26557
48027
22191
52713
58964
42888
21828
25197
46503
8627
8612
7555
52369
50010
55596
36360
38985
24241
41667
9569
7122
22954
7392
52113
13931
23910
41187
30803
44441
3218
40679
38358
45613
16046
57114
7747
18637
26764
32458
57538
30403
3903
34356
39226
9883
47202
36135
7928
28167
39724
52445
24632
15815
34193
44820
37968
12489
16681
36338
11934
49066
48223
56414
35646
50607
44852
12598
59654
24241
58757
21668
52796
5536
27617
42631
11977
15912
12925
18260
9211
41552
33371
30997
27816
43018
53837
5733
40245
42337
20878
57306
16542
16964
37173
12772
56033
35267
8873
16572
38293
3182
33476
25129
17404
37689
22080
28889
50283
22073
9627
14991
8173
25870
26577
39069
40085
35267
37789
45594
36408
17022
59271
48941
58417
58548
40546
22137
10072
19801
51194
45085
28855
33249
53683
45737
52839
16060
58889
25998
42497
5715
36510
42739
49498
57953
10771
53044
20085
51270
32033
25765
48815
5247
37740
22113
52176
54807
55248
45930
35796
48448
11437
30570
17715
51529
43418
11743
36433
42435
13800
51114
6831
59743
27793
54862
4783
41137
49085
37815
10242
11008
41176
30709
15429
53277
22188
59396
39909
10660
39178
21622
4156
49563
14623
51283
34318
31753
50731
18342
28827
46616
54241
11238
15536
23345
3236
20569
52134
28706
3218
37288
47375
3302
22343
7305
22348
19758
55767
51949
22634
31475
20607
23811
33014
13005
41881
43630
20531
20105
8541
25958
21601
51307
57942
53300
9075
42296
21546
34401
8776
33257
24012
45475
12077
43129
22479
47299
57496
11408
59475
20384
28079
19902
43359
57243
15925
43096
23598
52358
57413
46487
3862
41551
32049
40735
54090
56331
59733
9096
20817
55903
53186
31379
35689
28579
33834
58703
23112
23789
3237
57057
20558
31720
4435
29605
23351
53226
43050
12137
5487
44185
47834
15824
23297
26313
33869
8012
26039
38168
47197
35978
30318
8120
40781
36476
58502
28778
46528
53178
33463
3318
14072
55530
42616
52676
45773
12453
24080
11514
28939
47802
54851
47812
27643
19589
11448
17116
24690
29375
31732
8397
22125
26514
16253
23805
31427
3273
53384
35326
44290
3781
40907
21444
8282
33282
46229
28685
18170
53107
40581
18513
46378
45213
41360
18031
7173
37982
26838
22362
47388
13207
5194
31004
6103
57620
13237
58952
37381
21793
39482
38598
45877
8770
15334
11815
38498
25871
36595
26711
49929
12174
9814
24454
15889
40924
32126
15561
42731
31302
15620
23500
54863
41338
26898
27190
15377
6861
54118
32367
22752
24001
14590
44193
41332
35557
46352
35265
52848
38068
6509
5291
28918
37282
15197
10644
54375
3362
4886
36961
17144
18926
57751
