469
25835
47308
38141
53020
11453
18235
57175
28158
34414
25740
16027
22962
56078
29620
43473
15984
53416
21642
6986
28897
43616
9747
31123
15374
20056
23360
8285
20348
31945
53281
35530
12775
24940
6656
40529
16903
54705
16985
17145
25894
55257
57447
26011
9980
15393
20705
29661
15473
56068
44734
20778
28116
45497
33157
16060
51544
24167
51287
17773
11867
39001
8946
42547
49236
34228
21813
8992
8529
26787
54085
28832
3411
25875
28692
22214
29951
35856
17916
14402
36869
9961
27745
7043
59802
27228
9232
7591
16196
12109
25824
26935
57777
12145
36336
16722
46054
37183
23926
28308
9156
7114
32431
49256
28229
8522
27722
6260
31730
22521
57495
19759
55446
49973
25472
35791
38667
58143
16856
19127
34144
50715
15237
47532
14439
48982
27557
44769
31689
49473
47301
53468
21133
27228
3210
15278
47176
28637
47782
30541
12312
53193
8715
57640
59494
50575
43045
37123
33613
12159
48903
3861
36441
11481
43410
26873
21341
34106
15141
15216
43293
41216
5154
34225
36415
19853
4154
14435
41489
52055
45496
30560
27573
6172
29487
41628
5874
59907
49358
26189
56069
19244
27942
28004
15362
52059
3282
38515
22255
35136
33487
16568
14334
58863
3191
7625
51013
59760
52915
28095
52913
25967
42259
27624
54304
32526
52348
56160
28667
56195
42208
3635
26540
8864
54546
27749
55638
31034
31874
47734
22419
32600
53716
58053
47612
49163
50128
29833
14579
18066
44696
53859
3538
24844
34651
23830
12758
55734
57442
37864
8163
13504
48120
13582
8397
26857
51414
29420
42426
21891
24003
55066
7668
26870
57760
55072
18985
15573
58501
38218
29241
42292
19453
49877
33509
5069
25429
59134
42363
8115
10505
59016
4433
24536
59265
56773
20645
4127
53124
33920
57451
41907
35183
15986
14956
7487
31847
50493
41552
34630
24851
27956
5539
50814
32476
14270
37598
10564
43744
26708
43754
21397
40528
42251
30259
52892
43641
37946
7864
13249
42059
8225
56716
11773
37756
51920
28638
27428
36405
37285
23063
56369
8985
50881
38417
22199
39641
7445
54531
20076
17717
23200
51290
56906
48964
23974
40805
17586
42003
37705
42908
59366
33410
38565
39187
57576
35240
18700
38774
54799
18951
4969
16064
35922
16665
21202
32194
41817
57542
28658
9655
6056
30872
9839
6673
26463
46640
49673
22777
33762
18091
11085
58441
42784
13347
6553
47510
28416
31357
5626
33307
21633
20097
47601
12854
4456
34302
45387
34313
37403
36934
52336
52130
41869
35298
31972
33656
24796
6330
17154
56235
33932
13999
49158
9775
9996
44761
43383
14511
50075
54857
34755
15946
42517
22303
43789
28275
11333
44076
52561
21335
53604
3342
22422
48063
40839
34231
15000
21620
11263
53970
24709
34549
12238
54695
45423
59610
34961
53420
52751
26308
48711
3859
42457
17693
15088
46323
23598
45763
9654
58176
3056
40730
35379
50129
54046
40646
32789
15775
10599
30576
39692
19739
11405
54199
40412
7542
52470
54873
29627
