1685
21311
30647
7435
56215
55779
48042
57772
19959
32289
18322
25638
3550
47652
38439
33539
21918
23669
46716
18555
25771
30253
40879
7692
45686
38295
44734
17494
46643
51142
35582
19363
18981
35377
16394
38518
43974
20926
47903
31482
29878
3916
6487
50536
16906
21403
51452
42381
40396
46984
10766
26389
25128
55077
14056
11240
44991
33381
20343
43995
53612
26023
7392
20387
18357
15290
19887
3619
52345
52306
5724
3914
8070
34207
42963
21274
24998
5539
49354
32331
22720
21741
56486
6149
31804
36948
5217
19753
16538
52794
43995
54829
6932
30178
38635
55993
27516
47145
25279
14504
52648
53686
51018
55588
11304
23312
54411
44244
6186
49720
27623
58791
17172
45045
59199
33514
6105
4935
23636
6938
57278
58006
20521
3033
54318
11951
53246
30751
40519
48465
4054
48132
5476
59485
23266
29932
7896
17167
4395
46211
11330
21378
22313
46970
27468
37850
6693
34958
23082
51210
24728
7385
25592
21772
55924
34290
42999
44114
27810
7821
23660
38573
55454
5611
55482
36596
19118
9826
3249
34315
9421
10606
29511
29611
13836
16345
26305
30368
6136
59790
4830
49014
36424
31832
25006
8175
43455
6068
51786
15376
11125
7892
31383
35980
28927
28577
6298
8953
14532
11426
12948
27093
34787
6528
49522
32180
51059
49998
3995
37767
35636
58065
48295
55524
13387
10468
53656
41048
10365
49207
44790
34566
19027
54448
17612
35092
33745
52704
24437
31026
14059
11785
58077
46829
54879
20970
48797
10187
40731
19987
24875
38038
22643
29539
37149
31041
16929
57277
26126
19715
41304
56848
27240
3020
42872
22536
10478
18784
15587
57136
55185
51338
54344
47079
48722
34859
44864
16517
18763
51282
32541
8720
45190
42893
9737
49643
21651
29735
26658
25695
30112
42070
17837
25378
58530
3992
58876
36639
20665
33381
10619
55060
20248
11972
6107
51228
16942
49952
45850
28971
27900
51947
56822
30392
9147
52369
32849
25625
18119
59958
26725
13226
8191
38441
11221
13609
34929
38111
34033
8321
56634
59399
4517
25236
12111
8356
10928
26986
7308
28735
48765
56906
6572
34535
18908
51385
30087
20594
31057
44616
59719
5675
43081
20619
32915
26835
50377
59626
11458
18376
27349
45035
58145
38517
37535
54296
59100
33685
31799
42852
55030
34614
26783
29368
10438
44018
53716
40959
17216
19984
55413
36992
32030
29416
51848
35961
5600
57411
37237
32416
12240
30308
24865
35083
33486
57747
26300
40895
5594
32412
49937
53981
26707
22795
57638
55601
22759
34643
16618
31034
27480
35586
29023
34923
36101
22428
52259
53081
47134
37044
24735
5921
36448
19427
32232
53102
56158
11942
33098
44557
24339
35994
35588
35443
33492
22179
7163
20293
11919
23739
18670
18129
42958
11752
9604
53605
32648
34553
27494
5604
3489
13252
29183
24465
38497
52469
39284
8033
35082
3945
24519
14626
28901
8644
9263
18820
26982
19065
10503
55839
6773
50919
29189
44667
25136
10374
35681
40494
26555
52644
9093
43647
57638
12151
50489
44104
59181
53107
11169
10508
28014
51822
26147
21647
13999
26475
11241
39341
12247
51878
53256
34305
5411
14988
52446
10114
39595
58103
41268
9434
22366
43205
26248
26233
14805
21858
31355
53589
31503
16271
55494
50695
13832
45440
42018
14064
47740
47662
41438
41729
11931
43061
15323
51821
56246
42417
15604
14243
48688
46133
11514
24434
23912
40047
48361
7219
34680
10638
21279
14588
16323
48993
11900
23485
49050
5660
26768
46438
41602
34734
30915
38543
25599
53579
6103
5960
35444
21695
28244
7413
10836
26982
35345
38758
30792
34740
35998
39533
25336
41579
19344
37173
38294
54666
39587
18945
25496
13471
55375
24932
25578
55053
38185
25871
56723
20250
26548
7747
47498
40313
21415
3932
4554
4885
32942
59701
48820
26724
55818
15267
26727
12737
11008
53639
38361
9784
13852
50528
37559
27155
29176
57902
18973
27135
35277
37597
45519
23291
14265
59219
19861
59420
41512
40610
37018
45749
46203
53773
46921
45707
16214
18957
39516
27421
27985
6702
13881
42056
22843
3754
19462
51073
24861
5336
49024
32818
38470
49167
26616
12408
36788
53576
53397
41886
13261
17248
46761
49780
49346
37540
7221
26759
38517
7394
22579
58878
44672
20175
33640
25797
3849
39495
7237
54914
12450
13028
4720
52950
58561
51259
16873
55215
22688
4160
53262
54089
17868
8519
44838
34787
43381
37505
28053
50553
58462
50349
34651
46195
40597
18663
28667
27105
24064
46041
25872
9364
12348
42372
34010
45178
55836
8917
28670
41578
11496
9474
39250
57030
41369
36734
14732
45819
26356
16050
24345
37123
23181
15510
23479
34148
46706
54076
35686
32895
56321
28249
33233
4813
26872
57977
8441
11829
14597
7435
6919
45793
37858
35037
11232
9770
16425
49495
58737
41834
18319
50166
32906
36760
59954
13394
19478
27287
10452
50253
11887
15700
58962
13377
43931
24871
14823
7624
5267
32160
23232
32331
12060
7288
27464
26843
25628
55216
4666
49573
21404
51318
29384
39021
41134
15290
45533
35354
46940
22586
15910
47551
10251
46522
18803
14396
27998
35161
38215
20163
42371
29537
12439
51973
23259
39063
11132
58297
42896
50431
30286
52514
43979
9762
54387
29698
17548
16442
24002
47609
39948
29557
50998
21602
44684
5850
15554
4515
49883
8195
59518
21474
49575
14672
4494
47320
20640
56275
52128
43122
35874
42971
49386
6212
29461
57416
13500
53589
32416
56129
8733
56819
25296
19732
15485
27029
13459
58747
51847
54212
3701
55605
16381
41896
33600
5436
35106
48519
6703
11575
21762
6367
3698
46840
16112
6083
44032
28936
45644
3777
47844
49250
26201
39772
42631
32252
23170
20114
9264
18033
10766
25854
34765
12935
6217
18204
33926
20974
53614
50898
45891
36815
12924
38413
38125
5259
49578
24568
13800
5406
31663
32099
41548
37555
46139
47342
38826
58753
12517
39438
31047
3873
52353
27223
21237
52683
18455
40340
27728
27220
27528
44696
45360
43736
19712
16903
56357
22527
12844
31225
11261
20660
49987
53148
52359
25666
17958
9990
27557
51463
33446
10479
47684
56311
6567
21445
41033
19388
44089
18930
58210
46118
18765
30692
18764
29376
53173
53248
55269
12943
53769
4096
6583
50040
42504
22090
31435
49646
31158
42029
38917
8794
25368
59280
45581
18678
7455
59750
30736
26428
48765
32631
39533
39718
34904
51762
30195
11630
28264
7902
32639
34882
17493
12431
37871
17423
38022
30495
16583
17535
22433
40023
34839
59865
4332
33348
6253
41748
35998
56975
14055
33224
21734
35112
7855
58912
32389
50895
11637
14857
21123
12717
55915
4022
49296
15753
6501
58910
21415
24701
51245
51825
20996
26463
42445
46026
28246
7744
32856
11943
31210
32650
12941
59150
6281
18887
9961
30596
44457
28576
51846
16401
37770
51844
17077
57044
48105
37903
51276
25155
58414
15976
38922
27866
34091
35804
23417
31489
14242
11215
45037
22778
7653
44461
6139
9488
39373
5905
12466
29603
55073
14863
43089
27830
12209
39734
6718
21715
23468
18680
43528
44032
16659
7197
8069
41580
48971
40223
25518
55856
44692
21023
10922
34393
39080
57828
44300
42615
43044
26735
56250
12758
4871
39515
12844
42832
17679
28351
33789
37304
7576
19254
7543
46282
32823
45951
37188
42952
9798
53815
31788
36692
30016
9282
56724
16888
25025
9683
34069
41708
37554
58019
14780
30633
12689
13539
24167
43331
14541
25694
17514
10040
54947
17936
10739
48220
15222
55710
11591
24168
56974
23768
26332
16445
55829
7740
57440
14488
59312
36511
54199
22357
34435
18699
51650
57081
53282
4176
43067
45873
40393
7996
59992
10623
46610
58684
6949
44015
16584
57711
29236
5196
55494
34494
29707
21042
46878
38806
50239
57071
18674
9072
29711
24839
51076
16845
41843
9208
12584
28568
16573
45080
36839
6071
5309
13087
45624
24990
27873
11478
28059
46099
14306
46964
10511
26652
43944
16757
52862
37851
30901
8967
15976
3892
6981
40404
50303
45209
37291
26802
21974
27479
44850
32861
11034
11074
42994
25621
9251
9913
54694
43532
48898
34597
45693
23903
20244
59932
14028
5907
59597
20536
3182
41881
49827
45722
43700
14373
57319
46605
57158
56144
25383
34510
12951
11821
37138
5462
20864
31640
12371
32646
21497
22637
37570
10412
45679
55120
55374
33503
7533
36153
12979
47788
18159
34170
7650
50597
17238
37851
37420
22628
28936
39608
6046
16126
45569
34583
37999
11634
15408
22224
35037
36679
38685
55125
59314
27339
56156
24865
36430
58209
57245
47328
45545
13765
53667
23071
52446
12201
58371
14653
29476
18269
59806
25835
16432
54621
3152
29788
14561
10801
23650
40772
52818
55484
7670
53375
39041
26233
3145
12734
22999
44799
46618
25752
50177
22258
19416
55175
59883
42647
32500
13983
17643
27596
20900
51885
26056
10518
55865
20529
42087
52595
43279
14084
22975
34599
39182
15460
41370
50212
40614
4275
30175
4809
16041
32728
23209
57950
14570
9990
21187
38054
45967
34862
4551
40890
9534
23076
28884
51077
52878
11261
25451
58507
16250
35468
3489
32362
42973
43510
34419
3098
55821
44310
8116
39452
44369
25431
20005
41768
35801
22628
58203
32944
14522
44973
7580
53318
57909
48759
29094
46648
16299
48022
20951
32903
12318
48324
41932
35491
56407
7959
6004
18458
30384
35975
18068
10384
24367
21917
40321
25049
36464
4222
11294
29602
12661
36562
5458
24720
35434
52724
5700
34058
57003
40784
37312
59659
20184
52705
41251
46949
37105
44184
16070
41316
3979
7028
37786
8684
17298
46719
18957
22523
14007
59029
55740
54872
35986
16734
52859
4615
45497
23507
39659
34525
15328
22606
16029
7511
20819
30738
26158
22070
11057
41612
54042
10725
18323
56638
52659
43975
35147
39730
7602
26971
26832
53265
3463
32950
53992
51884
54807
10992
3303
54363
29299
38985
25488
31631
32735
26451
8626
38566
46829
7714
41121
48561
38983
34688
4288
10504
56894
42881
11646
15528
20229
4787
14383
44156
52739
15845
5038
43944
37926
38092
22765
35793
14346
50323
33529
27903
31552
45201
54965
39234
3486
5785
40092
39419
32181
10155
45250
30333
44243
45457
50061
34113
44516
19663
58769
7238
16749
58332
3530
11370
53211
21052
36501
33688
6517
8421
6207
49733
43832
38525
58040
15554
43653
55332
34328
3238
8316
16652
32214
6839
12634
23893
22747
58002
14580
15848
26138
39545
56224
54639
42314
49632
29320
11591
4094
26579
20897
48736
45802
30407
47285
20073
53974
18969
40335
27065
47966
54473
6516
5258
58165
8071
18698
49480
59820
57943
14892
18511
17073
20106
13521
17850
18631
30629
7779
16816
58478
55895
54135
49432
14764
22676
9819
45784
13286
33133
46212
24055
32542
34597
47186
58471
21883
15342
