849
31505
29565
30817
6659
26647
45217
15096
24742
45023
41455
38010
24745
56708
24416
46933
36450
13961
37461
42284
41219
57828
27658
24299
47825
33099
49754
6829
22051
24861
53864
38068
46561
3975
29046
13493
15549
25070
48396
45470
19671
28832
18425
45644
57559
39841
45168
59968
52713
13771
20908
51516
37440
28049
8901
29100
46098
49704
7278
13182
18499
57139
53415
31098
13386
13049
11171
39693
3757
33844
36694
38546
18392
21014
3698
28320
53674
12477
16445
7840
37119
19640
48404
17260
45354
30718
58915
7152
27542
30067
36864
40744
56439
5651
56228
41019
33566
47395
33335
27130
42172
26518
8282
43127
37802
20777
4399
9414
25971
56560
38337
3151
34760
37110
10104
3660
5035
12111
32764
21780
35685
51254
49055
11052
28957
47378
23206
46300
46720
9435
18680
18379
13832
57610
46863
29126
51144
37159
46803
51955
3006
28434
46733
5202
9161
16474
11864
24160
27248
41732
27624
16791
25115
47246
9603
24637
57516
39459
36193
15230
35656
10810
26197
25324
43793
57116
27452
48986
38398
47158
29938
42139
42895
32581
27651
9681
12520
43873
37764
36072
55011
45223
46551
18109
46118
17350
57572
14426
24134
3368
4354
14508
43208
39581
29810
19763
3417
28551
17742
3373
23630
30656
10482
26143
19385
23374
43864
12821
8310
35135
34311
10686
29128
45153
43001
27624
54600
52967
7171
26501
41835
39411
11479
9045
46476
24521
41714
26670
16165
29567
59123
25511
29170
34210
17247
53314
3229
46057
32038
50968
47657
41899
20309
28439
31437
36730
25557
12419
46824
19733
16769
32779
21960
19084
54982
46213
12278
53850
38717
15965
35715
58187
19797
25388
25837
36349
33847
33720
45801
51188
42218
34038
16416
49435
35465
6636
7547
32962
39486
11272
29162
58800
54657
40888
29377
37493
55617
36755
18230
6588
52035
59004
18900
38889
44087
28530
35634
40762
29491
10501
45859
53060
19943
50444
24814
38144
43523
14349
44077
50794
32165
58529
41996
4908
51429
6029
15512
12429
10927
48428
3266
50811
44262
16943
46294
31494
21157
6931
33767
41736
20592
53495
22459
37671
3837
10985
21003
9471
21157
26316
36489
26302
30964
31538
19460
39085
15825
4380
16740
49411
46100
47569
44080
47201
9513
35454
8234
6697
51642
42501
32931
37557
13044
55922
6984
38616
59374
8143
53608
4584
50460
20470
30783
13436
38974
43086
30493
16628
21131
18318
21930
52452
27886
37975
21223
35464
34362
31592
55911
55358
43591
5743
24630
17207
35482
59234
42152
10651
50605
47363
28619
22984
17157
32014
12654
40324
52395
12819
41445
57481
4260
55997
39548
7545
21216
44052
45363
58802
27404
33962
43433
51832
4669
44917
7497
12720
3197
13353
17662
19118
34212
37116
45526
26990
50300
13887
4113
54089
24213
16981
43181
49244
21812
16418
47183
37994
35293
31541
21830
39405
57579
23337
32662
26199
44930
33219
27485
28498
3733
51336
6681
5402
4649
47760
56525
6700
52988
37418
43456
46989
36352
25355
15910
16692
25468
44223
26757
29507
45664
32434
30489
55280
25651
23191
47377
23703
34996
36933
37936
6257
10247
28239
23569
43634
53587
18178
48688
58375
17963
27103
58058
29836
32436
10028
22726
3583
14529
6670
3495
53946
3689
43046
39484
7881
20447
41480
6053
18406
5204
11246
37464
16779
18137
53150
29930
54556
44171
30630
33207
10977
59552
20514
8010
4974
5649
29511
18815
51559
37417
59262
11299
10181
26430
44553
17459
56832
8137
50628
18733
48015
17350
13381
38057
15640
9105
44043
4191
27501
23902
13265
3749
11890
46492
47648
26726
53880
39582
38075
36060
52952
19452
58914
57713
11060
50903
13974
8393
3992
43886
50627
27171
47716
10001
45179
41195
35225
10968
58518
4799
19745
25293
59123
37695
50821
4752
10550
8558
7737
10123
36045
46082
56687
52319
43740
5168
36829
58995
48138
59144
18225
9155
5089
50473
36882
18801
53527
51582
16027
59192
6029
20077
26197
4679
52724
56105
23086
44052
4717
24826
48863
13971
49536
41874
25909
22684
24398
20796
22197
47981
25399
46054
8821
56078
49378
8732
47183
19624
54230
7118
35795
7363
34048
20002
57829
58337
57677
28918
58699
4073
6903
16464
44211
48895
48188
11628
53551
34301
20291
19931
44356
33280
51150
15169
33792
38298
30268
41873
4252
50823
55535
37216
20251
25452
11514
29958
49605
41557
27526
18347
32300
31408
40664
7834
57711
38232
24640
30548
47175
25398
19337
26312
14808
53535
3307
58923
27994
40118
3862
32408
54741
30472
49009
40382
42737
57587
23104
49935
30082
42594
32184
48111
56184
3849
20059
11452
21243
8965
48828
13578
21994
58411
41403
44692
54365
14115
47406
6521
6463
57173
29296
47921
11764
32698
5900
31086
9527
22464
56508
38172
12935
22866
31001
49820
26389
34115
22600
40128
24566
51139
43193
36520
59333
33137
8019
57235
42318
20057
6974
31658
24330
40631
44508
57377
40982
32777
8537
44373
52737
49090
59647
21106
9145
29709
21330
12981
52505
26743
34029
5231
49737
26772
39421
32200
37356
22091
34732
58076
12102
20158
53070
58856
57109
11915
15783
6719
36353
51797
26193
10891
53777
14941
20298
43172
16415
53235
59514
24164
38944
42169
26097
49359
33641
34426
43730
40289
20138
53909
57373
36050
19411
45636
8458
56971
5748
57878
58002
24165
50737
19233
57598
24100
10346
6608
36715
37710
54860
53873
46894
6533
11772
