175
12635
56614
43383
10919
36796
15722
46037
23786
31698
11634
31207
58878
20646
10802
15286
38877
23459
51633
39156
20820
19834
32702
49853
23025
59452
59429
56156
51318
54968
28778
41985
18403
50602
14093
15124
33700
9715
34000
20830
22569
28059
24918
4218
10712
57179
43256
4733
26760
49944
19091
52914
33660
48019
8377
16056
12393
37133
22002
35265
13374
30851
3262
20836
10276
19763
25465
22401
13999
5253
38589
51526
38195
51049
36326
39828
36656
59014
20904
36891
19298
35584
55468
45731
56861
53806
11611
10244
32104
26495
44372
14745
39438
32044
18804
5071
14175
27564
51546
5751
20713
18869
44554
35186
48857
45491
17014
19986
24038
42112
13705
26725
13807
52992
18688
15708
36405
3983
36918
20119
22919
18415
56924
36474
35630
53057
3226
37693
18758
27788
7738
32609
51393
37513
35242
46211
10084
15513
8457
32417
7468
49389
9023
20786
36253
29942
51536
21079
12329
30910
26735
27175
58720
33157
23167
3438
56671
3013
14000
19883
58499
26532
53569
26535
21365
22496
21816
13076
49274
49733
3254
10822
57838
58100
16108
58994
