1340
27784
45657
13304
6148
8008
22246
11774
23951
17159
28700
30827
53048
8779
44545
54133
29020
52949
17937
16157
11249
28229
48362
58575
53772
50844
21236
58538
45506
8318
34395
42823
11908
24192
18135
18580
48213
47611
18424
48954
25122
18189
25668
7834
48001
47003
7037
41255
27445
24813
10129
40902
58411
36677
47410
17031
6860
47773
33295
26899
52253
3777
49456
4030
54570
32918
29978
19354
56302
12751
21454
55629
17991
29175
25166
9465
8022
55989
3526
20993
10270
3495
53619
5692
57091
47731
27185
12743
12763
16692
54403
58125
10570
28196
32316
36636
15054
43685
47474
19073
44819
36009
47465
4005
19383
10958
24425
44352
15611
55447
6986
25649
40041
8534
13594
16910
29947
53180
13433
30351
19930
36083
57480
47372
20529
42566
57162
3349
42213
14165
38607
30435
25676
26150
48761
43502
11679
9592
19060
18668
25241
40428
55028
31817
40697
25740
18100
59971
7235
53400
54095
13639
48718
6481
31650
22638
40245
29240
57402
57869
30680
28457
50502
20036
9759
45980
34825
21775
37433
34350
7401
13811
41958
56183
53508
58824
44393
52138
34050
59892
49922
59054
57789
46043
57481
47115
6669
50422
56445
37978
49774
51128
11523
25198
42106
34033
6232
49471
24324
18866
20067
55031
41162
31271
44167
44897
23933
24063
29094
40024
36010
51854
22847
59473
4904
25852
58054
31849
9686
9582
45456
58197
27248
48199
34362
54750
4294
4971
44039
43248
49983
10218
54360
49137
14569
55008
26483
33060
38592
35062
5277
13892
55881
46585
40282
28087
53856
13291
42327
34525
31683
32193
12798
9608
8490
13626
49569
36726
44992
4949
38273
34791
47735
24538
34954
53508
8142
47980
56126
39576
3877
13645
37632
25460
46245
48804
54638
16190
5644
54895
52133
24992
16281
9359
56483
26855
33550
58993
44270
32722
54286
33973
31258
10287
33305
23761
58875
42575
30938
59702
29588
51306
26778
11315
11901
55741
30663
25226
12157
15744
4167
37079
20884
13705
56635
57705
28542
19135
24610
16661
52298
28431
39258
29751
38517
39357
22146
22236
56169
19419
14748
44548
5418
35218
15510
34600
25848
3217
47544
30191
29987
11221
48467
42457
55483
51308
54072
6752
53496
49659
33511
41888
41207
7829
12060
54892
43510
31776
59403
50450
37873
27896
35177
53786
56235
13071
5111
26501
46147
17298
12885
24621
55890
25408
17232
50486
32098
9084
6191
7560
30226
49889
22651
7976
31261
42372
4230
21226
4522
48984
30727
18461
25004
32190
35310
15781
35336
53287
10780
42023
35971
47950
53692
35284
40504
43745
17119
42593
3843
50773
34050
51444
3552
56585
18521
35335
16717
58116
56801
37754
58816
20126
14466
17961
9437
47376
36808
4249
23418
19089
11766
47527
14437
21167
27953
14395
21106
26202
41991
45924
23734
21156
47217
38038
51578
48320
9357
46989
35905
45460
27410
55268
16139
42454
11780
12758
44101
31424
32152
22059
59812
27715
32640
33577
54969
38311
50208
24493
51830
5520
26546
15845
31818
44420
42734
4110
47536
50031
28505
46618
17171
37087
34468
37276
33203
27974
30325
26238
8349
41323
58373
27805
57444
16186
25112
19085
35916
28543
32728
25605
36437
28011
36340
5171
4482
16555
39052
3103
31303
51828
46221
45277
27906
56438
41898
15624
4863
7317
57319
12856
14474
46508
31594
15686
16996
26766
10807
42154
8060
8998
17628
21263
29607
49295
29083
44787
10838
27484
42322
9627
17161
43375
19844
15400
47815
50620
25437
38954
28766
50684
58747
34265
26811
44655
46981
22388
18775
12120
20868
56513
32147
36240
56309
52274
50203
15501
15271
10867
34522
40078
22251
10372
34437
18214
54956
34902
52828
7678
40654
35290
52910
35502
45154
50665
16827
4756
59482
36310
26446
16021
27896
52621
33398
47744
5121
20998
25112
58638
5329
23915
13806
24608
38153
4092
11846
22177
25228
11947
47758
19947
51111
24955
16828
28909
15370
11775
22478
29122
6186
26247
25731
48613
40854
17482
29912
8970
38360
19004
48481
41876
55874
59699
24926
47870
13109
41160
35355
11707
31795
50883
39856
42093
44637
17618
38755
20404
58088
12803
29033
25213
44059
43052
37079
38529
20533
11807
8816
16193
36889
36878
10199
49012
54845
21930
56365
38585
27159
15980
38219
13640
16066
32079
18115
31646
38941
14864
8916
35268
5087
34881
30567
31415
19931
24440
22291
42516
37458
44306
11912
48726
37701
43330
52557
17867
38582
46292
17095
13555
36591
23449
53363
49146
6569
32398
19911
45104
35637
14819
22334
19094
12539
6291
39858
58729
31655
40813
42042
30878
46495
22899
31862
51873
12763
31404
10810
55743
29502
59941
30144
29080
53281
7199
36281
35824
58277
35464
53714
6947
31502
8145
29851
30550
29429
58359
40009
57341
36224
4188
26455
7273
25848
43660
14188
26087
23341
53922
35278
22624
13797
31911
18042
20913
42686
55610
59935
24979
35360
30517
36044
52044
55218
48602
8098
4671
29896
49414
16801
41229
43251
35585
8593
16977
25492
52855
17689
18868
18027
43280
23129
6439
21346
21179
31207
36707
59937
30337
34443
5033
49534
50520
10239
3607
40804
30864
45454
56403
9873
57021
56558
54531
23380
42300
16228
55770
56673
28284
5338
55650
53849
15311
38560
11685
26971
53317
33829
8912
42459
18219
18142
48492
4996
29039
23285
10111
50419
12631
29568
12708
7501
27962
41743
11914
19384
59887
54430
57049
37970
5569
25841
25603
39902
15863
52162
12605
40116
45545
35142
18276
33674
38881
12298
4589
54075
53841
22573
40270
56668
54896
11273
20723
32921
23992
48888
32695
15289
44221
54528
29618
42587
53114
3060
17741
4284
53672
26851
57469
50675
28998
38376
12884
11559
6272
18934
35673
59231
23722
44402
11157
3429
45200
49687
15922
55727
46304
28537
33632
36588
3301
58405
21283
58790
54449
48902
46584
44181
18623
5047
3882
56522
43768
4819
35804
22363
55454
51755
17301
13148
7610
3313
32951
39945
8884
13610
5943
13157
4426
23840
28577
44296
24836
46709
35182
28922
21661
18333
5496
23018
46441
47938
11117
44063
3670
40914
3078
36085
36136
10551
11888
43227
52703
48445
8233
38190
36066
43367
9695
59507
53539
50813
16093
38541
53739
57604
3963
37329
54756
45793
54442
21762
52337
8922
45138
46616
44880
35020
17260
13987
57165
52739
41243
37334
6450
27772
35180
58268
10185
25180
10240
57197
42190
15445
22758
30534
13388
25080
52187
17520
32810
41996
11808
43915
53532
32691
35671
13801
54455
13149
28020
32210
26347
16423
21040
33143
53688
58774
26232
5629
32359
51150
36925
22709
30440
54778
59036
49514
36801
11517
36676
40207
24033
46673
50653
17970
53661
41033
43925
49002
31553
41802
50529
33935
16002
52863
37956
36804
47434
18182
23976
50195
9376
27036
22602
30102
43449
18849
20673
58574
30840
45137
12428
31270
21739
49308
19223
5176
12828
55229
21263
30932
26795
15111
49182
46426
49392
59333
54869
44133
47997
29892
22876
46167
35429
49581
13433
18800
15807
5054
59062
55102
31014
10695
16140
10734
34060
48036
10171
3929
18718
16701
41748
32269
21525
23768
10465
7286
3797
51718
6371
17052
49250
5073
11842
50532
24818
22894
33669
18976
46567
54080
55831
44328
15837
40937
12455
44181
16333
27496
8478
22134
21529
27455
29940
20474
24961
33351
46630
44685
48836
32564
39502
44084
55923
58710
50920
58112
6050
48141
57520
17601
39448
56524
16955
7287
41487
41457
41485
40457
24932
9245
4191
29755
22420
55404
33218
45792
42770
31638
46550
16734
32927
6449
4140
13885
45116
48904
5858
7226
36332
30619
6970
8651
14149
7955
40832
59112
58052
8497
12701
44741
32966
44383
48517
8491
18675
3182
28559
23809
53414
27467
29047
42191
11194
40022
27970
33204
21478
53005
58806
56128
56814
7672
44470
14917
52051
38022
14228
44244
49452
43834
56913
5373
27140
21461
30893
26616
20730
27341
48339
22170
31241
58318
55227
28599
46401
43857
10532
20881
7536
42855
40096
11676
15487
51640
24824
30406
42372
32050
35027
52484
11992
47251
24987
41833
17139
16684
34564
33596
53590
21429
49494
39776
25347
7421
15697
57883
51410
52682
20132
49704
50356
10423
42787
16503
42905
47055
5711
52735
33811
35918
33606
3803
38643
41319
48373
26442
23942
56725
44529
17523
17307
20885
33084
25437
35282
20311
5023
7912
56961
54996
22575
41092
57514
57973
3997
53179
48365
27653
41951
46888
58895
18069
49889
11477
45610
43581
56445
56355
55310
13583
17466
54716
29375
31337
47854
35765
32994
34576
43792
57409
33422
27398
