870
50162
31973
24218
45495
15206
48002
7732
20453
50607
21398
18242
13115
26432
36203
37316
52043
18015
39030
59672
5020
44054
11505
28585
42083
50419
55628
14927
12824
31050
3152
50417
40181
48325
16953
41441
22317
53743
7991
3300
50591
13247
9289
35165
57221
40431
56130
32394
40493
57943
54011
53957
3357
21523
21846
29999
45008
41613
20114
32059
46666
50836
5920
37240
13317
47277
29246
46941
37302
26573
20409
44368
49245
4942
53393
55886
21825
20694
42950
18857
50805
3192
18742
53994
30760
42667
52792
7719
49232
52500
36673
51761
15519
54537
47565
14299
30967
28091
32688
24302
18966
44435
55145
21749
35639
41698
42511
46735
28196
59181
50944
52950
37200
5579
21384
44721
53362
24283
14840
14985
25116
40493
54942
33164
24742
23743
7011
10877
35499
49301
20757
32347
55116
14160
35998
5421
40096
11319
56146
41899
39522
39663
13269
35212
35714
14508
23536
8856
16527
57355
31777
21836
54154
31448
26745
50471
36052
3561
32895
45740
15747
36797
38724
38935
43051
17954
27824
35532
3462
21163
50575
51258
14765
54458
41404
21484
48033
11052
27712
6987
21686
47969
8757
3429
11269
5458
47514
31756
42009
21699
26914
30792
45569
4339
26710
8471
5537
22028
8144
16022
22304
45255
20144
39756
6000
28647
58444
19365
53643
42573
50812
53235
39942
35937
32912
24512
41505
45494
30694
45320
11351
42669
56307
54534
5219
56393
39175
54716
30492
23313
32368
50016
51548
19396
55945
27952
21894
16846
48391
48959
37180
40439
8683
10507
16781
17687
54613
52856
56917
19500
31431
46731
10816
11763
16289
25396
44104
21199
40396
38269
48463
3694
17627
18625
40020
10760
41442
35290
7911
19250
37284
50998
53138
43497
50751
32768
14853
18040
9341
19443
18779
6897
7712
27604
16309
8076
26824
19998
12458
6347
35439
23448
35052
46716
21070
17658
32389
19988
25217
26048
22539
31639
8627
34168
42917
37742
13081
7645
13336
4415
34061
17722
10285
43807
18084
54395
43973
31892
48208
4880
11103
36049
50354
14120
14196
45402
34584
42973
46380
44930
59755
52474
40852
53990
56488
25470
18705
52944
11891
25324
4301
33674
10120
26599
15603
22192
22789
32814
19791
57950
40067
39645
9626
10182
40538
30783
21156
58693
18345
30554
58604
23478
51394
17770
50202
43864
17063
14621
55739
11979
27968
28069
49304
28897
21839
55145
42441
8233
54674
37704
6958
13655
59299
48883
53916
32751
3363
56174
11859
31631
24152
29791
50901
11351
25288
20714
25790
7301
50456
58770
18724
47524
58243
10862
23751
38525
9983
18089
39301
13263
20755
6809
29650
17323
59285
48540
51342
48769
48235
45955
14133
22390
20617
15994
53047
32525
57904
10683
20831
4984
37868
41899
34351
10985
25703
23119
27741
58983
6201
17087
32745
27335
45672
22933
56818
10715
31891
29399
21132
54054
58462
11179
13960
33689
17896
31404
49547
59640
8797
40627
36820
36543
52900
42007
27887
26011
58932
39157
27836
25448
31182
25343
48314
15056
11063
33622
31876
51758
39671
58484
48299
57875
46863
31381
19595
41114
46741
15360
44378
3701
14079
56383
41141
5507
50270
8270
3572
56009
26954
43384
55806
5908
15654
25486
32059
18381
37248
46299
7235
12102
25518
12473
38250
17694
27633
33221
21464
53008
17567
47723
8435
11495
18102
52520
54537
44339
25953
43236
28073
14725
9631
17002
16959
7232
20658
58563
30837
42423
15839
37076
46476
44346
34970
54963
5100
12852
22369
36590
20037
10529
49696
39435
41030
5911
5421
59173
56158
49783
55470
59079
28627
26791
15028
50615
48713
23832
51404
17635
38546
49487
36268
31617
15638
36012
4412
19753
30229
51512
46315
54170
16993
37384
53629
34732
34764
29817
26773
37516
7570
35417
52989
56863
27978
42907
42060
51752
9269
33226
57465
4467
40582
50339
36807
50573
23432
53666
7217
33430
47640
57425
13685
44797
54251
14166
43208
37615
44973
4270
5396
10651
26221
43085
45124
50800
7746
58698
38405
12334
30196
59126
53772
33845
27174
36000
3264
31922
3886
10164
31182
41513
45713
30850
24901
41557
53521
13695
14054
15483
45797
53950
50015
43703
33685
38052
5608
33904
6588
15865
57373
24563
31276
26562
30688
40324
49454
56953
26427
37421
3283
4182
3246
34620
48984
22798
21581
15387
34587
26145
50332
44111
28271
12214
35971
29491
51173
36772
17974
17089
14856
26571
58605
54760
36964
51446
26123
49341
5173
31311
22984
25788
28643
26664
27537
40965
49258
12617
16006
5869
5257
39760
5360
20958
9621
46490
21138
7043
18781
42668
17737
33546
41508
38095
12348
18182
22223
27748
11594
13424
58957
5800
8417
27564
34655
23253
58844
49249
46379
42394
35349
59823
44071
13971
46218
39753
30233
41732
59009
54274
15680
52656
50611
8761
53593
7608
39157
25429
13750
6231
23282
3716
20620
47580
26327
17999
49679
30959
27283
40234
28353
35612
42829
33567
58985
41467
31344
55886
36673
30676
47975
34150
10360
53989
39085
38329
17937
45778
50564
20243
14898
32548
21461
58132
13614
34183
34415
26234
43914
10490
11116
54266
26643
52223
51014
18422
10700
58025
55591
34026
34574
15107
31143
40758
4907
33989
13396
37304
23111
48786
52402
46819
22589
48554
56810
22328
10915
58988
24357
34415
36675
57050
12993
14150
48051
22973
12256
52081
31786
58152
29723
27340
52512
19675
53368
53411
22405
41915
10681
4566
15776
54628
37771
32924
36995
16368
59493
50653
52936
49606
8303
29618
25052
45770
58151
10128
31860
29983
28351
48112
17742
33782
34990
