960
38060
35405
5607
18898
50106
26039
42567
35231
24990
42782
14711
30217
36253
20018
29336
10303
35342
16357
31717
40018
38638
26116
19656
17916
27634
19406
24581
16967
23483
59444
25260
18279
4799
43079
7219
48622
13321
23497
31616
52256
55666
35414
35349
20417
16948
20403
28197
5899
52361
16109
28298
8273
58477
35375
29435
23947
20679
24339
8898
31200
32948
38559
42122
36520
39448
37811
11246
19384
7008
44913
45209
20157
50483
12173
8137
53794
58591
25010
17202
31818
44798
57629
20668
53676
23554
37543
49836
5673
59727
42432
30994
30309
50898
47968
36319
53263
19819
44342
41774
20430
16792
22005
6049
41534
50924
29813
42872
18861
32724
35523
11182
10216
58370
51958
53219
41770
50349
49762
34187
54189
3810
12029
33703
54073
17554
17078
32808
17598
37446
28012
24044
14085
17460
56229
45144
49715
41418
40994
40995
37739
48398
57141
46898
37002
22385
59567
51492
35701
8547
8470
9501
24678
36964
53881
59405
36861
34034
44987
18480
31906
10491
36520
50731
28017
23283
23708
18093
42870
25059
8837
21243
16611
7717
18464
12239
32607
42217
58784
59527
46288
47446
23720
59743
15874
48380
12093
26527
34946
45266
37881
40782
4891
7675
9823
29747
31698
41134
7943
10948
26855
44942
48876
18032
43547
17957
38852
38495
25507
12522
26295
49939
37436
55557
26653
9592
48255
30517
7851
36232
3069
42559
14866
56698
17575
54847
4838
39252
24230
8521
8899
59091
46817
46242
6760
15892
36200
38299
39142
10376
18944
33828
51182
43044
51798
7406
58281
56381
15324
14989
45686
46645
35524
30501
52743
49834
25182
49224
59433
33166
9723
47911
17825
59682
53342
6252
9730
25937
25976
26775
7064
4459
5751
41732
19167
31981
52646
43643
21233
35681
38775
16535
15104
41143
51550
12801
43561
24069
33325
38343
21375
20068
56688
19865
24051
48548
14361
4962
25840
55420
12224
7635
57575
48753
18431
35758
4604
53600
54789
38448
34460
59053
21757
8441
16999
21724
55396
20715
51158
14458
42077
30362
7930
44722
4698
12766
48140
31747
51350
11367
18584
49322
53257
27090
28742
31531
5044
23951
28464
46752
9759
16504
38022
23263
3443
3128
8526
20879
33962
10160
27814
55607
29458
30236
55753
10728
39420
17785
8103
10264
51010
33893
11599
50720
30342
8885
44022
59409
36638
37776
37648
33240
54614
7184
57065
14018
53529
35451
26847
40532
18283
46689
4547
58757
32959
34596
18455
49749
50153
27040
45716
43442
46304
15336
55978
56585
4606
11755
25083
3248
22904
38479
10891
17034
4096
55600
10650
9569
24203
14035
25156
19952
52339
45651
18070
32968
45695
28164
59924
7637
37785
48204
59135
54997
31658
52617
9079
38281
53971
57235
34812
19023
45328
10716
22362
59285
49644
18960
54207
50842
19185
59427
38537
23276
42493
17553
8049
13488
11416
26323
21113
34940
5277
59340
18393
4836
26969
46598
4749
54266
5992
23087
55278
8374
13551
56874
10856
44619
58771
10254
24656
23479
55439
8478
16652
56461
57883
27580
4886
28480
6438
32573
29465
3029
21530
11995
30489
16559
51551
49276
7087
49126
40416
25534
57489
10260
34428
15922
12501
39352
42061
37455
25683
27712
30575
40283
59167
35747
51629
39102
25396
20112
40150
34806
15497
26562
34351
16660
38375
4413
32852
37310
43480
43703
53066
46149
52932
22044
54087
15001
25708
40285
46167
28407
28804
49775
30066
4067
37249
3143
10071
24802
7042
20697
58693
54575
43959
19042
28499
50814
25323
23259
32461
28136
3018
19451
35201
40225
30878
51780
49443
30169
20308
20528
45894
58676
56315
20302
12336
8040
37307
17360
12755
54900
21920
28270
28319
36092
13108
27340
12841
24860
42519
17153
48326
32983
35112
27675
15448
25289
54776
26191
57221
59414
13332
14098
38475
4204
51058
4820
23853
37188
23305
28532
15493
16777
27888
51110
12022
4038
55056
49907
5981
59601
53507
27650
26267
42980
53678
29595
51772
27992
46540
55652
18068
44971
20730
4193
28862
4953
44799
3058
29959
24590
48649
27484
42781
21062
50489
38711
19829
13720
51254
16581
37492
17276
57297
56045
43146
16390
22213
59390
27525
42503
25696
34451
11249
22246
53506
27790
8486
28831
35298
19607
34123
37403
40660
5243
7996
23584
24507
30735
45893
21387
12845
20402
19341
51089
31679
24649
51585
15325
14064
39064
42662
56838
4349
24658
13235
42148
51985
29303
19643
52741
27665
7353
33082
17739
42456
21166
4315
36922
49776
20633
58648
27993
59436
48086
41270
35172
33900
4584
18238
6904
4274
36844
54792
29726
40471
34433
18449
6139
10872
7090
58152
58873
16928
51580
36577
39693
6008
37633
42798
51086
47504
58878
23895
35892
36060
39329
50525
43234
28181
23352
46295
3402
27526
34963
11646
58704
18204
39203
41903
4051
48952
26523
58254
45614
58476
38196
22841
51561
22177
54473
42981
58838
19360
27004
18735
39895
47849
44232
19933
35667
12798
57582
18259
53079
36968
26207
18881
31268
46939
56124
40847
41944
59273
45365
10694
20278
19958
41967
22381
57793
44575
36299
21886
41043
44572
53189
41517
18629
27669
4004
12977
41937
46428
5659
44994
17919
36333
31289
20823
21604
18677
3615
19595
24522
27374
42879
8875
11924
35224
45504
31630
5718
16950
28129
17301
17912
41575
26909
45369
9292
23124
56653
59695
32171
25212
14831
28242
16042
6844
18096
23857
25366
30673
16406
20120
59889
11884
5114
44889
53730
15793
32691
32879
39044
12044
48346
57749
20256
41621
53771
47587
6229
32784
33284
13672
15628
17684
30909
54313
9996
25012
49847
27806
25712
45625
45316
14695
17420
21777
49225
24455
26579
49645
23345
3704
6561
56598
13561
32422
10936
36189
54372
27829
9314
55654
58359
38826
42959
54813
49390
58388
10484
31775
40888
34068
47266
27670
20916
39450
54764
52708
38948
25486
48280
26306
32772
10551
26950
20437
28547
35112
47830
56460
15283
16248
42028
24422
29077
54519
47488
44066
33674
53168
23730
23469
12735
57159
19645
56006
34794
12735
5341
18728
24298
54249
22525
18872
36171
12674
54460
20799
45677
31581
16757
10209
14203
6897
