1422
14122
36045
15519
57594
58612
56445
49617
53576
9554
34488
10756
7470
47147
39973
37661
14319
14889
16062
52387
34634
55506
34984
38090
6318
27337
44789
53134
16129
11792
12673
47777
35594
26189
20701
15209
58139
13192
29700
6643
50161
29319
22916
50758
41005
13502
44035
32276
36694
18645
12017
33712
56552
3444
16415
12467
51045
33595
55977
44796
46759
39011
37988
50926
18858
9142
31921
3906
4710
38857
22905
45514
30968
59898
40522
27490
19237
49555
8091
53273
57360
45462
21772
38575
24509
23312
32861
7331
39545
28190
14375
16074
43904
14176
52770
53109
45189
7388
32574
33934
31808
3704
40293
38574
50176
55051
30421
35615
11138
33434
10938
7674
16693
49615
46636
11991
31415
9149
43335
40517
33332
36220
21090
58404
46893
28080
3833
30793
20137
51700
23764
48662
15377
5086
39409
3239
27185
39585
38310
38635
41792
28982
4120
14378
3755
49314
21056
15052
22777
59173
37091
29249
34771
21283
16030
35226
34826
38597
44592
42644
41446
10330
16788
40269
32884
41720
11877
24803
52724
10728
44075
24638
37535
48862
37656
8261
46823
20370
20161
45057
7523
37984
16809
11924
10070
51839
39432
42575
30837
13346
51409
43862
55323
39792
32522
49807
44643
38794
41569
32966
25547
38824
6817
18154
15397
57680
15517
38086
21835
20234
34802
23246
11792
34797
39836
26037
44919
9037
54962
29466
21664
10953
22901
45723
11066
37506
39463
31827
49308
6494
16560
18649
20549
38074
15909
30605
12203
47592
10069
33312
24932
55144
52757
33788
8145
55165
48029
5504
27224
3463
59956
18577
38239
42972
44005
45605
25030
51712
8378
42814
30678
6134
11501
21967
14642
40042
15611
6069
17850
35221
5780
6217
35715
30008
12814
15869
14208
36565
17978
47572
24992
3140
50050
4539
53071
50239
55770
11454
12293
44067
40491
50098
53291
7972
45795
50942
4855
11563
34942
16185
59819
48845
44499
46844
4507
16365
41904
29932
16894
32424
48941
17730
23504
33836
8413
54190
41925
51225
38120
49515
8929
11886
57418
8832
59517
23879
19280
5643
56618
23674
4808
42020
10725
58584
15208
53240
9185
5587
20097
6925
39295
42864
37853
15084
54054
56731
47661
43038
3965
59642
5558
44805
30184
55229
10127
33816
12295
10031
12971
28856
31144
48892
50580
52125
7112
53600
9000
15251
12843
4524
28125
10512
34280
55950
21491
50029
27070
54330
42874
30553
38707
36733
49615
8957
24740
5721
17830
20060
30320
9800
46628
17001
8979
45611
24086
16210
20968
39449
54732
59479
4728
38172
48226
55518
34865
44585
55195
23759
8864
27453
13794
41834
58937
56449
12988
45940
15523
32843
35461
10288
14149
57409
3723
34666
9880
11737
20227
58109
59638
46738
22530
57825
22018
11985
48061
47219
19423
53785
29468
27353
54903
32170
16068
37942
20539
10441
30887
35474
7721
56567
6371
40760
21913
53372
53698
17163
59291
23482
21470
7199
5930
12295
32824
35044
58430
15563
9357
56841
56014
46410
31188
3801
26452
31602
29585
14472
55356
44762
13653
58176
26638
42974
20622
39991
14163
34230
28863
12822
44496
21629
51135
51375
58941
46715
15955
49251
26670
59864
47615
53693
40598
26198
47922
54662
20948
58096
7355
21624
49254
20196
58015
8367
32052
53355
28537
46210
6096
11364
59487
11915
49708
21264
17657
47029
31284
34425
40319
55312
45867
50844
44904
43858
27010
12598
58126
34384
5564
32522
11943
26776
6762
29097
38287
21358
17048
39109
9078
44732
45123
46961
38277
40980
18976
51005
21950
26974
34048
20546
50386
20947
30560
7700
9210
28731
44168
45036
27976
15684
58883
8939
12412
44360
47419
42924
54890
4937
35978
41125
43599
39851
14983
55125
30306
12733
57209
4856
56709
48950
50183
32004
28067
58677
29665
19869
8036
21450
56918
9496
3668
57753
54371
11009
43419
9327
7088
22431
14585
33158
21080
4830
11804
56883
32935
5658
9972
11391
32536
30657
47331
10972
22249
59026
38855
53093
7979
5678
50139
14277
25626
55840
26384
27877
37282
58963
55619
46342
45724
13190
13977
54608
14441
8483
18178
7016
43140
14257
8075
49633
17450
36876
53088
27670
52979
54161
12792
24243
51199
4315
51971
10697
56003
18728
53175
13356
8973
47172
11036
23648
20758
37634
54726
52153
42305
11383
13032
25554
58217
49342
58240
36254
55981
9121
47614
43595
58442
10865
51243
22910
57453
22769
46960
17931
44503
17104
8355
56525
34857
21722
36683
3217
46107
48672
8786
13784
4322
12238
52646
11724
32026
49938
27468
43931
15902
24786
40335
41539
13327
38996
35435
28533
52187
13274
25491
43460
7454
45143
33512
51927
42494
11506
36829
40860
7737
38480
30101
30065
31961
23599
24278
34718
22267
29818
11298
5458
27302
36779
33537
33363
56555
17058
39574
8106
7542
41399
20544
39648
58623
16216
46797
26638
27807
25967
29966
23558
27527
53618
43722
23208
34070
20726
40339
11780
51061
16774
52603
38327
12872
13767
52287
40101
28262
21181
51700
51701
15395
47961
53937
34527
49195
13873
49686
23089
48398
45795
49225
38515
13740
27293
9979
15524
26477
4432
43213
12072
18509
33829
45714
39628
29109
53202
24450
3301
10012
50988
14897
58012
36960
44204
29820
56297
9897
35092
5285
34421
3107
49073
14362
29020
52395
9359
47673
5815
51407
58166
29147
7808
56613
10803
47335
13406
12142
16450
39496
48616
41738
15602
8536
44687
36857
22317
4155
20355
8074
4079
28885
47612
11533
5283
34307
51329
53347
15064
32554
54727
28252
25403
29040
21508
30911
40344
44707
29319
25787
27258
25887
24663
9549
28440
22959
45662
51454
42941
4147
29612
17308
9998
3369
48790
19279
52774
42496
4663
55086
47133
36425
27214
37723
38692
13481
6216
25652
14469
51617
42347
33038
58098
13710
26249
28648
11373
26539
50431
26169
55999
3832
53060
19893
49847
22032
40870
16739
40881
3921
22972
17123
57805
4440
34311
42945
10110
17296
36019
50989
21087
38188
37648
52196
26944
18076
45704
50867
19585
57443
59351
43752
3514
44767
33028
48954
49655
52709
49709
26404
6148
15343
56101
47963
43368
37206
29757
33517
31673
56987
5397
8405
19706
51435
19429
44745
56903
32041
11709
34294
19090
45057
27055
45538
56381
29464
37685
55776
27961
16764
28417
45445
37374
34383
21927
28459
32142
4834
59463
41830
52030
25478
7453
57770
8172
20706
47040
46494
56781
18839
40609
41275
44805
21918
38944
29294
57847
13479
21897
5810
58241
38881
14782
14944
53611
27857
18812
47514
18833
31335
54831
49709
36453
37568
39514
20848
26246
45427
24329
25290
37365
5867
42185
33282
22440
3655
56459
7756
49254
53215
6330
58215
10519
47086
9716
14356
33669
26212
38187
43911
55058
33366
24808
29348
30935
43433
49014
31288
24001
14034
23811
4688
47217
20526
51579
13631
40931
38014
59556
5606
29660
54085
48939
27722
39742
22422
37495
26579
39344
32461
49198
32373
24160
15207
22206
6992
7896
22705
12502
42461
55396
57821
34981
20078
15937
27460
18437
12657
20923
9767
34377
13661
22956
7723
36661
34635
20291
31726
31820
34222
55895
41798
12642
17016
28290
23602
33618
7402
44251
33583
12053
40525
3114
29500
12150
47897
4756
44987
17218
20630
46690
54176
22052
45972
6398
24926
5987
34591
29038
18170
56830
7860
26652
59999
58685
41127
35959
36449
12596
12832
9813
14817
14242
56190
48036
11556
38987
19900
43086
54624
13315
6338
28397
29125
6291
23422
29065
34787
38620
48728
37978
54879
37671
44746
6719
8549
44534
42755
37619
44761
35834
7206
13027
23467
34139
14542
4520
48936
10888
20453
17925
4207
16724
25082
28866
35198
5765
7070
52597
10666
57768
37797
3614
48411
47499
29631
35252
59734
19983
23446
51819
44400
53900
18626
51807
35892
49934
18136
59265
11749
37603
39398
50515
18168
20781
32718
3604
13290
50753
59128
15740
7886
16387
29680
24244
51094
50406
9721
16773
33337
55496
24834
34318
40674
40225
13928
31281
34209
22631
56979
44052
24176
55740
40467
11647
8965
22781
6961
46597
22963
44894
7077
42953
24483
49493
28212
51191
25281
26411
11841
28194
18253
43031
11890
14007
31790
12060
36253
39371
34752
48507
49608
40876
37186
9455
39128
47942
50316
14266
49847
50459
30893
48634
9387
52893
31990
34611
29330
47702
27618
27433
10601
58841
6071
59247
20313
49649
37422
39996
28864
59887
29668
48661
31928
43514
55969
19428
19207
50242
22567
19855
42341
27254
35731
36491
47751
3985
5733
15006
25660
7988
59879
24586
42129
35774
4292
42795
57720
16980
53870
50711
58673
28704
44119
46323
39245
10509
59731
9786
28713
25133
3328
51373
42889
6974
37112
9743
17849
54997
48801
13021
29966
29234
40305
36599
21865
30153
58981
23741
48316
28161
30518
25407
48235
43240
15787
35413
5616
10134
18843
47172
55294
39451
54592
48894
43666
19004
45320
44572
4128
42501
56643
54968
18791
48576
9529
35072
59681
50169
7716
39427
56425
55866
11807
37977
22299
42640
10707
47320
50378
22736
50223
25317
54275
10016
52018
30962
38649
42662
10954
