2157
14865
22366
34158
45534
14818
42496
20610
11824
58725
52328
57862
27559
57540
16484
15403
42716
35816
51827
13000
30591
59027
37259
3124
48248
48507
39482
57913
13919
22973
8154
35616
7723
18630
57848
43866
16727
40040
52283
24686
6697
6153
14505
56592
13324
42734
50467
36218
58184
13510
12287
42822
8214
40575
17374
57931
25022
36883
55038
29363
39772
38265
54358
9154
34711
49871
10798
56290
43614
6023
24849
50226
3994
20864
29716
24030
57150
46495
38680
18934
36735
33920
16597
38706
11477
44565
27657
40199
11399
35740
55070
19112
50656
40406
59953
6510
31120
40440
40120
36076
52900
4634
55596
23055
59088
59569
28229
39914
38342
31219
47247
26802
33140
26696
5504
35223
52891
12350
13107
48416
7578
46789
43921
43326
21827
12186
20316
27068
25697
44968
50868
23360
3755
36582
3120
26860
7174
31218
21758
20164
12073
46016
43309
41713
37166
55378
49402
6149
16836
25407
19319
32761
41008
37682
52024
22917
32211
13792
15297
33417
29471
9254
25357
5460
54095
11252
41296
56112
27491
15630
58885
39992
26839
18374
13805
47247
20023
56222
39014
15460
13297
3960
3548
38507
24233
23410
58131
38183
54747
42946
54346
5984
54554
33826
17875
37572
37254
39706
11430
19305
46693
41817
8714
34667
51173
4100
47571
7072
23248
48292
41192
33447
35268
25250
30418
55948
6628
11838
13990
20778
51087
52768
26390
42206
29269
55849
49355
59597
30273
4324
12342
17970
35582
16070
5089
42789
36362
44916
13751
40763
32840
33124
31873
7904
39948
24816
44933
35311
5537
36099
45944
30687
19620
3467
29453
8591
11870
21946
8458
46016
42183
14070
51418
45769
39943
23719
46064
50015
26030
57281
35143
8707
26459
10063
37708
5342
52705
4889
12922
46925
3087
47221
33548
31887
51376
32593
49445
46141
31642
18143
30279
50448
5508
19920
45852
7637
31958
55553
57196
14557
56010
36829
31898
27301
41200
11619
23282
40748
52481
36621
6152
42469
55254
43377
4956
27746
55032
56414
26348
51562
29419
58690
21029
50349
13862
42016
32950
43325
43776
58049
19721
20229
42505
13766
8652
5867
35214
39363
38964
20255
3537
58637
29646
52375
22140
44931
51547
17938
33928
18802
29207
26475
33432
36505
12190
45256
18582
44837
5469
51871
19110
14879
43554
27589
5453
33314
19734
13561
49728
12308
34588
58678
35367
13657
29285
16115
32134
34309
18358
50107
11511
6010
5335
11470
31663
36738
32020
23341
23756
6948
36482
49293
55326
26306
24335
24490
48109
13933
16921
12447
37525
40922
52302
8197
35192
31975
21010
9548
7587
56678
43134
33275
25120
48070
50729
4609
39719
23523
4365
44039
27838
46366
40690
52334
34024
35149
56652
45370
5386
47810
40436
50531
17930
45004
37163
48180
7891
17613
31467
40107
10799
44591
17277
51571
40286
35583
11615
32161
11462
19251
38601
31992
12755
16194
39532
31301
22063
28411
3693
21564
12822
52136
59950
11474
44799
55289
45881
18911
39706
38826
49199
40427
3121
14245
12308
21482
7843
50676
56754
51544
25679
55097
39224
54343
28176
14820
36929
24156
46140
3221
24107
50274
33045
33615
15877
59891
51645
49607
47606
48595
59466
48933
19490
28165
58240
35957
16631
35742
20542
45592
22721
56116
3587
6512
35280
19608
11126
28731
58783
25374
50424
9851
24950
24174
12528
25181
26852
40946
28486
8601
57187
49112
57617
30637
7896
20532
32787
37337
17150
57011
48886
40351
24473
5211
45654
27601
41850
53565
31862
49681
27719
4449
52957
55012
28983
35148
48532
30126
8596
45695
25622
58774
51628
24186
6473
11594
47603
53363
4118
47863
9161
51920
44037
29055
28137
58673
18909
26059
23763
44150
11418
28596
4785
4955
59846
48892
25459
39573
36056
17747
17838
42776
3588
29080
44253
11829
32640
26289
57097
4873
32503
21258
26516
59357
16377
9082
49485
38579
55830
59665
28881
55504
56477
32283
44291
37204
34207
37707
22892
26186
44264
41540
49129
32508
20881
35179
12428
13940
16421
5060
56005
36466
12046
38007
20781
43973
9288
21825
15051
18814
28909
5343
46998
4584
30216
42909
6443
30593
37603
21534
55463
57704
49523
49467
24701
21308
29346
12322
54283
54388
14862
42665
19371
59653
49696
40368
44427
42500
45904
41662
36703
21009
26518
41173
12154
17673
25111
4373
17406
30532
53646
13332
14897
5432
10256
53756
7989
41201
57652
3830
53251
49997
35413
32446
59812
24477
30075
13764
18775
8020
9962
17834
18666
41554
53993
54236
39838
43616
28398
24366
31710
17023
24012
50517
35461
23840
56570
37398
39743
28282
30630
21569
50842
9539
34517
18889
41917
58113
53099
22055
24451
34469
14435
5977
52591
21692
14701
11966
27368
13800
3930
58801
8320
3707
39845
45913
18375
43902
27413
48783
48376
8421
56381
45346
17029
30393
17559
56315
53973
55417
10162
43645
12982
38987
31713
34479
25968
14953
15008
43937
8014
3947
59536
32030
15522
19262
35041
10602
32021
41267
17289
26394
13193
12344
16832
32047
57788
35888
30992
32364
42449
52148
16520
50496
12758
39787
31044
45125
31774
13160
51670
44031
46958
57586
21941
43556
46065
18721
20953
55053
20599
27967
14207
23015
42470
47035
6357
30638
27012
44781
39445
22672
8671
58663
54651
57211
13239
54157
33854
58746
32601
52715
18679
22426
51881
57453
57194
34291
11571
42214
25830
43821
32462
4135
8880
16864
31867
31190
5109
8280
51054
6756
14940
24027
30619
54510
53336
27906
37105
16916
59858
16033
23996
35367
55760
38317
9855
49230
29220
30969
36327
26741
32644
5335
46154
56936
4154
52781
33570
26611
27275
12428
12917
33403
21419
26502
26955
12618
19862
37663
18188
52569
50173
34245
19641
49161
48452
35960
52678
39547
41470
45552
52287
22885
22044
12702
32675
36643
38673
9361
56971
35474
39691
17120
37157
27193
52532
28053
38334
52335
18012
22564
9341
58762
19605
19748
56366
13697
12503
54720
31184
20258
28130
38942
11393
54276
57331
11244
22491
21824
36584
51408
28746
24949
17838
35696
30069
33353
21739
52221
31699
38282
16680
3777
36906
4956
40150
26568
15192
5085
58649
49978
35412
38380
57907
47759
33058
50333
19866
19330
54554
31805
39811
51632
27149
17447
29994
11039
36932
9513
31753
36059
28495
20235
45226
43395
15577
16988
57136
44029
30194
26431
5882
36194
42608
55528
11987
13005
24853
45224
27451
48475
37091
16305
6562
54560
47763
29493
30971
3027
22419
19832
5961
58186
56058
46220
40260
43287
10627
15278
56946
43624
45197
22745
50226
21896
47395
19095
18007
28771
3297
6065
59482
36414
20291
15114
4003
26210
52024
58125
29603
46605
8755
12727
51016
8970
50705
18470
56968
3883
17697
15566
16198
3808
50728
45788
27232
4327
7954
4146
18799
21644
48306
37715
31449
46923
57738
16773
54716
21498
32981
33827
36638
16036
13564
15914
23072
23941
52298
23340
37312
30057
20591
15689
12161
51392
16642
51836
37207
13231
33692
9665
30373
17008
37413
49575
51704
15267
21877
6807
17347
28923
35028
50980
46753
50214
47580
36473
59731
11267
29632
20182
3060
38517
49851
7103
22788
38501
58467
37723
50717
38270
48416
11142
16612
54847
53986
26829
36341
20852
4661
40746
56206
29123
39898
25651
16304
45368
13362
10360
43734
6090
51847
4614
32293
49762
52415
51931
7296
19365
58054
11809
16220
13813
17013
26044
32872
33470
35375
48606
47692
29616
38246
55546
30461
35775
45985
42820
41785
53731
19742
44995
26087
7076
39214
9186
46619
5921
15498
16552
51007
18568
41176
35847
52171
49543
25287
52581
35033
49218
46501
13076
27721
32600
21450
5457
39179
10287
17615
30589
19385
46694
10493
4605
33891
58190
29898
19646
20792
46088
35696
4181
47149
4937
36433
46787
54760
37049
29965
53911
31327
39795
18972
43132
29952
21036
31467
19083
38079
48822
17004
38825
17800
12978
43523
20243
48926
40659
53965
22992
42715
13272
17596
55181
36052
29380
4516
11955
55446
6020
54777
25687
39694
42421
46202
19332
31042
20951
8682
29037
31472
39247
28258
23753
43916
27763
20914
49661
50058
21022
24477
44106
42047
3856
47493
42058
3981
26680
14402
34980
59084
26672
39123
3363
11407
30968
28634
31728
7837
48919
9957
14265
40152
19911
11175
57592
54188
45303
28503
26382
32890
40866
24179
44263
45402
21974
49835
53307
35304
7409
9052
34558
56318
23186
48974
31982
12378
19815
14752
10878
26928
26142
7506
12109
22786
41675
29926
44497
35263
5893
37644
25095
59530
46104
49541
41465
34816
39745
30253
24417
35951
58429
13428
4596
43912
47612
59283
31067
16708
29358
5881
45601
7858
12420
43208
3172
38889
50835
18240
38399
4537
15235
21524
53109
47599
11166
26277
26412
55494
8868
48606
30316
49853
13998
49776
20313
3177
21596
4687
13889
54333
14446
14104
13579
50884
20922
3790
43737
59864
34454
25821
37714
37770
11047
45687
8044
32598
29484
18957
31865
35409
51577
40093
43199
17887
8464
56961
48122
47356
14868
46371
49695
23519
7816
8770
47054
18427
56320
35800
23269
18969
46704
17526
31090
57842
40212
53429
17614
40698
51731
21255
4718
48624
6263
52706
7055
52321
24369
57850
17153
59250
55124
5775
37279
24818
3396
43985
52557
5510
8528
55346
35976
38463
33953
11808
8373
13709
17238
47683
6303
4781
32128
48186
52501
9910
16558
24822
22579
22633
13012
57700
4573
4973
14248
8469
41825
16301
33751
48712
58896
14648
33749
37499
6885
5555
46650
16676
34183
55348
39122
19442
29093
7137
52379
21890
23092
57657
51570
28074
9439
19697
48935
40193
13633
14636
4572
54444
53895
39120
31419
43871
13511
29561
26979
49888
7437
14028
19306
16529
3058
50904
21629
20880
47023
4046
27545
57908
51883
11387
31177
8285
5944
53542
50394
15225
9546
55827
21478
31355
49812
19658
52264
14044
37668
51727
55314
59677
33885
58016
26556
28116
22336
50400
5902
47788
22947
33690
29554
47843
34486
16715
3260
44177
16599
43604
42917
31817
9678
27982
7443
28207
26064
46622
17174
24585
33135
30508
37804
12065
15664
49483
9837
10979
20242
40830
16292
45358
3055
47656
9975
26962
20036
5459
44065
10873
14496
35774
22738
9693
58450
50161
26797
57308
42174
24721
7742
47093
10334
9426
41530
55463
43064
56298
45598
44376
38674
47359
51058
4602
50929
53604
41517
4680
15921
25894
48036
22231
25395
13409
52232
51361
25925
34325
5516
3422
24337
29358
36176
45447
36396
11596
52807
22634
24686
26368
54232
37527
45779
42228
32228
26504
27743
39347
39377
6780
33945
29762
27568
37286
19478
50524
44887
41519
46828
59457
6113
8786
45634
52771
43650
49650
48277
51142
43560
27126
30724
30479
5146
59936
25404
22151
13843
50400
17734
55119
57012
24003
19025
49977
17854
53399
23765
14377
41551
51930
34097
6680
14193
38539
44478
40913
23375
37045
3814
58823
13611
36397
39008
28424
6511
14038
55791
8023
43356
45736
8136
36215
48317
48425
53701
17725
23155
35002
32395
44458
47796
27050
7226
5567
5664
24911
45514
48438
17319
51447
35481
10349
34877
48830
12600
35130
17529
46830
37478
8307
39635
46421
51243
13740
16287
5006
38434
55531
11124
46192
8628
12981
53812
55460
24115
5815
53004
57495
32445
29309
47394
43300
20508
30854
4254
59663
40412
48141
12782
11696
55617
20497
15494
7036
20498
44278
23894
14556
28728
10568
25816
17099
3309
51774
18482
50278
45789
22549
13354
22530
24099
59789
40887
33380
34237
6445
7387
24553
25764
44013
8672
36456
27174
59121
51848
5418
26104
7523
20800
15247
14683
3757
34204
26039
27371
34021
8907
43910
55585
11482
8470
53573
42190
21291
24657
39217
51617
41022
43301
15339
26776
35836
26725
17124
34224
53375
15115
32529
10095
18909
43017
13510
15327
14581
8262
51938
28605
29210
36759
52606
22601
59936
58623
59543
15360
43619
17977
14528
8056
34367
17329
6323
55132
26017
46671
27321
8596
48978
52259
3512
44988
25230
24719
47660
30402
18436
46942
59613
9913
8924
8451
58787
43375
36219
51678
53461
47074
6598
28290
31248
51815
45009
11029
55159
31169
24005
11601
54954
55995
18059
13193
59218
12501
6389
18912
54151
43425
17266
51557
55453
30483
57274
17268
12762
40391
44417
26282
46011
8669
30528
47519
14239
3336
55536
26782
21909
16484
27323
34452
8961
3036
50025
34037
55125
29208
47442
40325
51442
14466
12960
8718
6758
22816
34036
7228
7194
10303
45236
23923
29919
53575
50700
36991
42644
9185
8751
59025
37382
10127
13034
14017
45403
58196
3320
53172
24437
45182
23750
53295
31898
45425
37685
51672
25039
28163
13436
28076
41171
57389
45860
51953
16641
24091
51259
55052
13675
22782
27423
8390
44093
47849
16581
46266
32691
51927
37118
45166
47646
39763
48302
4535
10904
33570
38855
45671
4555
53508
59045
20066
57046
58065
20048
53922
42442
44916
9267
59450
8795
35666
42578
9452
57304
27566
57670
39467
23260
54323
5681
28298
6337
12265
33920
3024
58016
51413
43957
6560
30975
36037
31647
52073
19719
55373
14221
16135
10036
6512
50462
30173
34751
53352
53456
12571
12136
47362
22016
32999
16030
40372
36956
22525
47399
51721
28233
10423
49279
19710
5458
22212
37019
54324
58036
17662
16107
44743
57636
18706
29716
43420
43398
22835
36542
29459
20531
22451
12679
19741
12272
41251
4960
39914
3513
46922
11763
29718
27172
38840
27160
33872
51018
13467
12466
30630
53170
35466
46639
38807
26065
14226
33005
44834
8101
55066
9350
38589
23677
8771
58706
44177
57063
27071
9283
18659
39102
33379
21987
18946
17294
51092
18035
37850
49080
38177
6695
22649
19148
18503
44962
10960
17408
23317
25909
45793
36724
25595
34432
38680
32039
30233
34131
48146
3323
50779
