1712
25133
20788
44336
29729
53643
49677
24795
32290
32299
42334
39404
42633
23835
58629
4794
52937
37490
45717
59057
26160
50971
53086
14743
54675
44423
7289
54648
23471
6848
7658
49879
41664
14409
54379
10801
23973
49999
33957
24629
58640
20837
5396
28738
27829
14375
16175
12201
37278
54427
30563
16786
32458
55923
24684
8528
10145
26271
39718
53627
40091
53018
55275
30098
58972
16167
9413
16562
50713
6445
3811
23491
21383
17942
35216
27182
40845
26930
58482
56396
58790
47546
13029
57527
26417
9722
51817
18693
6330
24075
44906
30696
20290
16525
32490
57113
52464
36652
23999
28331
36619
23448
26809
42441
13774
58071
36834
35395
6679
26930
36843
52994
45172
40333
7175
20496
16462
38999
29215
16991
20209
46274
38049
23890
27170
49759
56348
54777
18279
13155
49237
22112
22845
44724
13548
20667
33591
44319
8734
9985
37813
20831
21446
8833
51980
28394
58756
27260
21218
17125
27420
27487
56251
8789
29518
30303
31268
20629
58945
51893
45261
16333
52160
25422
38041
51583
33135
44996
25297
13681
48932
20605
58554
31897
32217
9270
55360
54050
12430
51345
52379
50836
6415
58116
27782
12861
48528
55274
42919
37222
14559
21431
40583
22140
22374
34008
37766
12170
47563
32792
48558
53433
40922
37940
53356
6361
33131
23076
33485
13342
27173
9961
43162
54429
59092
57949
52404
8345
34231
29762
22827
58994
31967
3138
45938
28869
27955
28648
40692
13255
45333
23547
53408
58817
27650
29554
52761
4488
24452
5893
25551
37354
44568
32031
50095
5277
42518
15074
30325
15230
55088
59260
29847
18834
33197
34483
12300
20593
6964
41090
46767
26493
11370
11079
43648
14486
6606
8532
32326
10422
26262
50702
29136
3226
38111
55259
23592
47983
43020
35057
10440
11248
29976
3809
12234
10333
7448
18150
19475
58649
8470
45341
31718
15696
6609
43076
28801
48078
34938
51354
20838
15055
31351
16377
8942
27467
15284
27829
24062
40280
32281
7140
59098
50987
24003
27536
38869
49860
48773
27151
47564
36270
16268
54763
59005
45218
9126
9572
59855
17215
53025
22388
36103
28710
18460
13633
40244
45929
51114
39208
35914
33525
23764
25400
49967
15701
48815
41647
7363
19447
56401
26643
18233
20798
54315
50698
41946
55683
41243
54232
56056
24410
28651
10911
48723
54821
48132
53975
10733
14636
38855
13376
19140
18430
15231
58555
24213
54551
7904
13307
44074
52048
6781
39806
6359
40457
16255
3413
35590
6916
8480
22526
3962
54667
26688
39272
11764
59360
39877
48889
47567
13602
23189
19655
10608
35530
50173
36023
38411
19108
20242
6817
12193
10611
41522
39671
59468
45288
24017
52060
29665
36867
46070
36496
47640
59709
29309
38088
12472
47090
42352
31141
47974
22650
19467
31458
14057
19905
42940
6566
25300
36278
16024
57035
5505
26388
54577
33972
38396
40381
38255
41225
8673
58711
59585
20375
42898
57649
33841
42161
35099
28531
45035
58841
5879
11178
33036
37611
46044
16506
12997
56612
22823
47154
7778
7464
18912
13859
26268
47021
46538
18401
47792
53550
6557
52089
8880
29875
40096
12109
57575
45768
35289
38156
22827
56732
8458
49971
3332
52745
44980
5921
33992
39417
17165
23862
4654
56976
48818
51335
52680
25822
13557
53567
6165
55839
40998
56679
25920
45734
29990
29528
33746
4724
38254
11862
26123
45025
5436
11278
15852
58391
37882
10625
54766
33433
9554
18681
43468
49522
44943
34755
32740
23065
10048
29787
13854
9073
19278
9656
28823
8596
4968
43939
26247
33383
53995
3537
55195
25300
48718
42373
51103
13168
4917
32571
33555
6240
19968
12930
58960
13322
8512
38754
32775
30548
27904
26187
23347
34690
28917
7231
12138
58435
29766
46561
45526
5137
15452
35710
19223
33847
18255
3095
27963
22316
16729
56094
39211
57192
21793
32258
45344
9403
57517
25569
9713
5156
17665
28385
26886
38780
15824
24335
40311
45861
15572
33587
7953
23016
58871
3933
43352
43749
18614
39105
32620
52279
34562
11338
57337
37745
55416
42522
30664
3426
4153
22569
54592
13665
38721
40761
58512
41442
23305
6686
46013
50142
50348
55566
45242
24037
12714
21778
34646
22977
32140
14674
37554
56541
22267
52763
23495
18909
22400
55050
3172
45977
59846
30634
54089
26570
28692
55819
37644
12773
49694
24008
25114
40138
50758
14288
32966
43096
42902
54011
6486
50516
14619
36939
29213
40560
36743
57308
33460
16986
50905
35220
16131
19472
14646
52849
35960
4923
46186
35417
7123
3243
40239
30431
12338
50302
47491
37437
39891
56681
5961
31205
6675
14904
12686
36660
49367
44880
6720
13570
4338
33672
41717
51417
32948
33270
35094
56053
19276
57795
5859
48262
35302
15411
49278
39120
39389
6795
27991
54390
32753
21413
35769
15481
54768
4953
58592
51141
6330
27259
36107
58769
42858
16688
29371
37458
17290
23656
21238
14776
33820
45263
23768
28900
4669
31778
33907
16039
54536
9806
56158
52537
40526
33817
29081
55713
4888
44724
21335
38219
20374
47131
41969
25490
57373
28545
18717
51650
13540
46776
8903
32858
3114
31251
6424
19923
11182
46169
58227
7434
58562
25615
30965
7222
25680
54817
45142
53228
24595
26574
59446
12931
14025
42004
20984
43150
47530
53472
45739
46969
35697
10236
56145
29414
8849
44888
41811
20187
26300
37657
17151
35935
50077
9912
12282
12851
4632
9374
54411
55114
16658
17932
39269
50618
7797
17907
4247
3831
58759
36532
54353
53229
15959
37171
20065
44711
57109
32369
29917
19508
16461
57213
22877
20828
30378
36907
49471
6048
19419
56865
58128
37127
19140
50529
14644
39866
25788
21078
41380
24500
34730
37230
24569
51526
6016
15668
55320
45991
55611
47170
34393
52855
3436
19627
25366
12637
20216
15977
9817
3034
43376
3770
22838
15423
35977
14149
17728
12247
26975
39944
49538
17938
10623
12423
4482
47249
43343
46223
55034
26258
47704
13431
37669
8661
55610
17034
45163
40084
40935
24810
11159
53574
52055
5138
15717
5269
52706
49465
44433
34928
34456
58412
38541
56353
8517
3672
41399
21942
30162
48743
40266
13586
28573
10076
33685
6623
20706
17133
48835
19264
45546
51996
22377
33300
41900
46373
35046
35786
54421
8228
15841
21489
51718
52067
46501
42021
18618
3839
16323
20984
46208
47530
48344
8061
37488
10386
37605
25314
29751
44750
13947
35725
43536
5262
19134
58626
31628
48663
52823
26992
8482
31644
8021
28890
27631
30687
4174
32331
10905
43200
24486
6100
17112
58488
19801
43273
32181
9816
45108
31739
4879
57760
54240
45804
40187
50972
35651
57209
56398
21404
43965
46404
35437
13723
16608
16020
45885
55217
47364
29015
32734
54324
10049
52163
26701
58036
55755
26160
42883
27103
39884
3166
12186
8845
57938
17572
50399
26504
25662
24684
51597
37961
37585
21341
4666
17176
29070
39853
15180
6326
10902
33053
40739
53390
11180
9043
29936
32141
11694
52593
38022
32772
24193
58366
27024
33042
35940
13603
52324
14603
26150
30975
43265
6705
33255
54612
59989
43522
6742
44531
51082
52570
20787
49968
41887
3991
59249
29907
5412
56054
25734
47087
43276
54001
59897
4565
54538
16143
33399
43878
58555
54511
52292
6840
50407
52893
17796
48813
11105
40744
57729
52730
5235
42857
30725
43152
16477
6305
31941
33398
27201
50051
37802
51010
12951
3195
55522
32066
18617
45172
28972
52554
47152
25763
36541
8619
40683
44355
47815
39431
30401
38706
47886
59642
6423
28283
6782
58684
18450
16701
9303
41763
58969
32589
41260
57135
32689
55602
16173
46935
56096
7220
30537
20494
44671
5016
41824
26687
56731
31173
20659
47145
26609
11604
22520
29033
43507
27192
59677
48958
5714
20669
12319
46871
38325
7788
8222
53078
38208
36984
15454
19892
15746
30089
42243
41201
34626
18535
50500
33381
13965
7194
24398
19579
53194
34814
11947
36294
38599
18950
21628
57288
37406
31702
56659
57261
58896
19470
10887
32835
31181
44764
35318
57398
7111
38798
28349
11380
24724
43213
25186
14777
5021
43348
19040
40937
48908
18369
23850
7268
10629
51637
38575
34338
37930
54220
7742
35183
18901
22071
9099
8430
48960
8683
26068
27230
44355
5084
27460
56571
40239
33462
7882
59308
59432
13046
31649
14775
52914
28639
57266
22142
26103
23894
32059
24797
13485
13002
15960
34867
22046
44681
16922
59805
27178
59549
28757
23487
33902
30550
11214
52381
12388
7926
12428
11290
19864
30922
38608
38638
48510
7382
52384
37331
9488
59301
14103
56673
18713
20161
11297
47484
6481
53067
24892
48560
57903
19560
26001
22865
23088
31022
46837
15239
57991
53471
33586
38324
14096
48005
47851
51473
21265
10412
27987
55600
38240
22707
18383
59541
3481
34860
31266
56123
45507
4369
51759
17403
12659
13132
13414
27678
16950
53169
32618
51138
36077
53240
5488
50048
11965
25158
56885
58981
38620
48647
51027
34616
23164
30958
34369
20280
7632
53258
40928
45757
10678
48200
6545
26069
20637
39910
25010
57084
27911
28857
13783
32526
19398
36652
5073
59306
58957
57591
9591
47560
42614
27575
13137
10382
22769
14113
10354
52913
38783
20204
51213
6864
41501
34180
40852
19828
36745
28857
10049
13926
10735
13435
29155
41842
22871
46725
46769
58181
10772
15272
58207
41570
27298
12771
55495
31827
19632
57210
19421
7828
25153
55355
5125
9752
38296
48457
20960
51111
12176
56853
54884
50316
5381
57749
22828
19858
21603
22121
31775
19682
8927
4039
29235
11342
56875
10108
26677
8561
48252
39012
27145
17746
24372
31821
57766
23225
53486
9981
44386
49382
39899
19738
9775
39705
12003
48431
25842
28939
29055
53846
39961
8179
4355
49204
54613
57526
39660
18568
55855
32161
41268
32499
35473
46018
26642
41609
38377
57841
59436
38865
22489
19672
36611
31032
57166
44844
43948
41737
12253
14804
15113
15890
11950
51373
25313
51366
32922
42318
17860
54385
28399
42459
38922
56692
13126
43162
36733
9844
56222
4031
41866
42567
4666
21843
55207
13904
47948
12909
50747
21968
52380
9290
26752
42260
11760
30872
45270
54371
28116
29703
31939
8675
33115
26885
27014
38687
15377
32066
32991
5816
18454
26568
34198
36549
37891
33138
9955
20013
21665
53904
9667
19001
40018
7201
56075
50982
49204
47477
22933
32652
7326
55884
16826
57523
53059
41233
3001
11756
57921
8713
46240
29283
24610
6227
21927
52566
15233
58204
48765
40631
6511
45314
38181
6073
20997
57250
53676
7744
39497
21407
55431
51993
23381
36465
12024
37021
41569
8423
13633
37597
56426
26128
45056
46917
47272
49216
19595
59487
50404
6340
12926
53271
3483
9383
40043
4827
19797
22956
38328
30996
39414
50500
30720
15627
15430
48029
55289
23822
17704
52996
31300
3029
57263
44190
7427
27218
13811
21423
21522
37735
44487
52302
13485
51300
42524
30865
12612
33310
51892
14511
28938
53769
18844
40890
6396
4873
49912
40900
24331
51746
3700
