1003
33966
16973
15070
57186
36438
17959
40489
17467
5547
6929
45003
31110
31654
10421
38273
20877
42475
58191
59398
36582
35696
38553
31701
47134
44242
43761
34454
18356
19846
51608
26539
24951
43359
36808
6035
29745
11309
48195
50260
34015
6874
49611
51633
38838
5653
23967
29998
9995
46940
37930
17248
49708
27857
31098
51558
17257
27792
16301
50747
28421
28978
43451
36458
27358
8580
34921
51994
40282
10237
23154
26300
46849
40919
7992
19455
54043
51280
12515
35110
10834
26648
53371
46824
12095
44418
44420
24391
17809
11083
54040
28902
19265
37695
5547
31577
42691
43060
12875
14480
11253
30992
3572
59234
4506
51131
53170
36447
10028
47195
27321
32345
51348
57745
3137
54638
49941
16693
9688
12379
33377
4907
43733
14077
28788
53719
23687
54766
53103
21645
53324
32221
43650
3725
59429
12797
7145
17818
19343
14924
28084
37094
10631
16802
28210
15398
40771
49373
3009
42286
22010
29249
22627
28521
43168
41403
44339
32689
27551
24183
5282
4273
27705
54918
58277
56212
16078
40392
45782
39260
34393
55864
17315
34950
53424
31983
33844
24836
34602
11499
16884
30018
58260
41735
51828
40879
4440
17493
39377
13605
37851
43164
4308
34933
28062
36241
12640
33542
20666
14391
53395
49221
39742
30733
9552
17781
45232
22082
5883
26977
42877
58505
43868
23038
51285
13200
49030
18914
14540
43378
31980
10917
35760
21957
5890
37507
46479
11252
50178
13340
31178
14418
36602
46040
28799
19775
26634
5335
11518
47678
42038
45193
59752
27798
7659
30177
37142
50620
31968
22922
38125
43417
28607
6609
58225
3158
32943
42789
6005
21147
33613
36875
47693
21395
57229
25065
16402
25031
24285
33264
29312
37097
40764
22061
3900
8552
44705
43610
43579
33948
13488
5578
40080
21839
57926
10203
28689
54391
24926
4797
3039
34043
36346
45682
17320
54049
24393
15637
30581
7839
58874
35334
10980
42110
24883
31207
51525
53595
38232
22817
41883
20967
53419
29875
13812
40250
59417
7921
14016
57748
52322
56472
48161
19188
13246
59591
44295
45111
35786
10044
54070
45742
22750
37925
13654
16309
14811
38687
47657
43696
46023
7840
27237
27183
5472
20778
23372
33233
51258
37841
21752
35107
49389
45694
19726
28327
53504
18623
56620
48607
50415
45036
58904
24782
5121
37943
52553
13702
9553
21010
20198
39700
49064
23747
39192
13515
29371
53457
43142
8527
7675
19232
47958
56173
7829
12521
26029
52608
38705
31924
11809
44160
35699
59507
7691
34614
30706
37390
19237
6256
47644
54634
5133
51503
9815
44944
28044
29322
21640
35827
20386
5234
43135
56552
49226
31671
11455
15373
41919
23848
54634
11833
48106
37453
9538
45009
5236
23394
15236
57326
12396
16224
20654
8261
30127
16765
12110
23366
32055
35295
8284
54568
45133
8849
3518
21820
21481
54022
30805
18442
38485
59070
26695
52117
46523
28482
59580
22784
53775
36522
36735
44286
54664
5832
23259
52416
26201
15577
10437
41923
8143
59924
45032
56299
46384
53142
27943
23486
35191
3900
49992
41104
9535
17229
56024
42038
5324
33466
6414
14767
10638
12791
22223
41747
14126
28671
14107
28596
27040
49754
30988
21202
13140
29700
10716
43317
42578
36575
45466
32216
47143
56434
5999
26572
17186
16429
50690
14121
8461
43053
46493
39831
35552
18933
29696
39263
54383
18701
32948
22273
53569
18348
25398
30368
42883
11167
41045
58042
58734
57598
51239
14317
44177
19990
28657
43711
26911
48901
4535
26222
41578
35021
52621
7377
46869
52086
27987
30535
5010
22067
37002
6717
5593
17437
6633
25395
38394
32649
14708
38912
55509
11413
18859
45731
13859
6511
20868
33594
38721
30451
45781
24881
29856
51400
48435
13627
54593
37809
27498
28316
47616
20639
58935
58826
15758
36418
11605
10752
28413
33278
53523
59839
49788
11151
12819
50239
6976
39330
32177
5229
35491
3692
15403
32576
26417
7141
6551
28711
26257
18493
9044
40978
48924
22845
22856
45031
33181
4477
12058
6288
40666
16026
39615
56619
36502
38127
12098
30706
14880
55457
59272
22730
29077
57025
17418
30150
42710
34267
35545
23661
30657
31934
46216
59795
9832
57759
25854
34052
31935
55622
17597
12197
15959
56604
4233
42203
57214
44851
51381
28035
9467
48621
53564
18706
59285
43259
29436
46268
14304
20501
14932
51881
26033
17931
54117
25168
6871
14283
16019
43825
59543
30358
21671
31545
3467
46568
22640
54037
27564
19650
15796
50577
23681
39675
48716
47653
4036
11917
27692
6571
55629
59792
4808
52132
21031
7139
11083
22838
10737
44849
50005
51688
40504
13233
34780
21209
26779
31054
59476
42371
31901
45058
55480
11475
20024
24233
17264
3436
31180
15673
33486
8364
31452
59002
30043
49927
31848
16357
44323
19485
5986
35781
15220
19645
15214
17539
30283
45001
53093
36317
5051
48046
28062
5528
18498
31175
31763
50517
40064
15530
26121
9140
20517
28943
34620
26544
4667
26279
48408
11036
19615
46951
43030
38030
27124
8346
31527
24433
15721
30852
39145
50046
50292
41758
14914
56675
53604
49391
32745
57219
44265
37010
44489
49023
57544
26523
27300
28046
14253
5419
55297
42715
11642
25650
46659
35998
21550
21491
43455
57405
37742
28916
53994
5801
8821
20760
16025
55896
6054
31607
41333
30662
7160
54155
57565
10131
37888
19952
46976
15677
35819
21731
40345
28616
31061
26155
10446
12163
11080
31166
25412
34751
18093
52358
25719
9083
5782
11400
53262
6709
55715
35603
48996
54053
13769
30807
48869
44263
52902
23424
59413
46606
56095
26033
52929
6905
46209
44141
54230
39254
19914
29445
56804
50383
16150
28319
35978
58010
52938
43241
44495
54983
15775
21264
9394
43783
18051
7763
30730
35168
57956
59601
22471
50756
22644
32817
27498
18306
20438
13648
49162
32347
9278
15373
50519
18877
5248
42384
57279
5501
29636
21890
3789
59413
52567
5043
9388
11728
11355
24438
26473
41576
59555
17529
29634
15211
51223
43485
51344
17367
59224
56649
22357
54704
24062
7793
14529
7153
38574
57513
11661
31293
56110
7711
19877
22061
15543
5512
23148
15354
10200
57810
17337
3849
55365
25129
3829
59543
29711
15696
59229
46193
46054
9236
25616
4153
29412
49360
54449
24365
40179
3554
21772
47532
24152
4913
32325
48345
46543
35258
16492
58299
37215
29163
33456
4356
41879
58948
54377
4821
27723
25989
41973
15119
