716
44124
15581
17471
51863
40219
43698
42025
58823
23610
36551
36778
21228
5152
43303
30603
13583
11480
45233
30218
5916
9812
49189
37893
4318
12825
27643
26371
37242
34551
54045
5620
34202
27458
6020
44059
20321
11057
50333
41837
34177
57869
13059
47847
25529
41140
7509
56939
32284
35003
21751
7633
16105
18646
39893
45968
25600
12238
43643
39304
54903
51466
43606
36873
51486
14953
55352
57895
44080
49899
4467
20197
18132
54789
12751
36218
50756
4080
58137
27149
34100
28439
17287
46847
13293
50972
50870
15561
49162
14456
12604
34734
37874
41589
31737
52073
10719
5638
40740
23900
6082
48395
26150
29310
19462
43457
5339
7051
57493
30696
55358
40142
12829
57587
40535
26401
4042
14940
53898
10962
42073
56104
3585
11217
50520
25099
20062
19421
25915
38938
24976
24104
40577
11912
40427
42911
11801
9654
45231
55966
52257
4070
15918
12418
51031
59829
50710
46941
56703
50858
55846
22701
5946
55069
14144
13448
31310
24565
34619
21248
39556
7185
15098
34171
25924
32730
12619
27319
24923
13522
57094
56273
28896
16755
42078
18801
15489
7188
56228
18506
33985
51145
47863
47791
43214
32697
52445
44074
4628
54623
37267
48177
7532
3646
37230
20358
5062
35848
37151
39489
59259
30413
5240
36389
46191
55632
7803
43808
22187
45146
27878
37685
21330
11921
28861
5004
39907
45429
22520
41065
33173
30676
18459
53543
15096
46095
53424
44277
50775
9544
19009
42714
28140
32788
11266
49759
48568
58812
10824
6382
30491
30742
8728
37045
23278
59706
56641
6685
44142
46820
50640
36641
44022
55259
55411
42325
38074
50429
3142
40760
13508
37044
16448
15988
19141
49610
56631
37371
13042
43492
9836
54313
39100
38667
21687
17178
59855
34530
45955
8940
57071
39239
55306
11945
26552
47490
58910
50007
52512
32225
5122
28920
54500
5968
43378
46608
14666
25275
33501
9235
59573
28289
48232
49846
7356
11024
22287
22161
9811
48015
51015
40398
36114
23108
24256
21062
25071
54537
49944
13704
29082
44635
3988
43036
45407
48088
37291
28957
50714
45916
48878
35461
41070
44327
31350
43221
57838
27969
46406
24704
35252
29263
31242
42031
35378
34070
55858
7557
6805
41201
5844
21568
57427
22379
25189
36498
47655
10580
24599
11596
6417
33600
42632
56161
25276
23368
9485
25925
12099
44244
35155
54226
41699
31340
38705
42600
36451
4676
38671
26681
51325
12329
45120
29620
49427
31908
24516
49413
14950
58502
10424
49132
54635
35314
55051
44558
19864
22320
31861
44508
39305
48412
45945
56159
17898
38740
33017
20343
42742
39785
23341
4520
49172
11446
13404
26194
10083
16180
47234
25378
32680
50830
10349
36942
33685
59962
23116
7663
20718
36210
49922
26495
48802
58168
11961
6993
8507
36669
23019
32808
31644
20648
11662
34857
39202
16497
54293
18447
19658
12162
46787
8808
44406
25526
19820
35867
8059
4162
20643
19961
10998
33107
22377
33588
19534
9623
37524
13224
4392
15684
21300
28900
39727
18233
43291
17256
6394
54288
33790
42531
10125
50194
55074
58779
51092
37884
44003
40624
3778
42643
53374
10964
21379
14890
13818
55159
18661
14306
15561
36409
25398
7896
5968
36428
17216
49322
4695
56813
38012
35014
15172
5591
12580
39673
26288
59688
18781
21681
7629
21542
35203
16460
52499
49676
32165
6326
33022
7903
41133
9948
38263
4869
42751
6319
11064
6285
58792
37305
43728
11991
26749
26579
13757
34502
32100
34142
55368
16905
6391
4130
13980
39246
23585
24990
10587
47484
59114
58151
3571
56058
47374
6890
56818
22715
43355
30773
22252
21226
10711
23676
37216
13108
31747
34402
36813
41263
32368
42074
55772
31891
11250
56565
52436
26534
14975
20495
30693
47976
40257
45880
26379
22221
7870
10229
50497
9846
58630
47858
37614
35710
52339
18492
14141
55235
15828
4441
24391
20985
23218
35830
6151
21931
51879
27553
26983
25270
22995
3115
19471
46839
34491
14628
25618
54234
59660
58487
33120
56626
49328
58133
58270
34276
31765
33141
48590
46177
53943
27930
44632
45681
42287
48037
17567
10560
16673
58174
4618
6504
34469
48852
22838
50084
41584
40604
59285
58547
15284
4936
42067
20376
55456
56476
44735
38692
20726
40127
16520
19960
54285
22946
9108
42999
28772
32557
16600
42317
57085
44049
10333
16257
41940
42760
48250
59513
17043
45782
50716
45458
27943
21349
3997
54438
15739
11522
57151
22467
25735
33631
25441
58218
11948
22515
14637
38902
37439
31968
45323
44656
26828
6952
4594
45831
56209
26044
16547
43237
9046
