354
26419
34095
46560
48998
29469
43843
20606
41751
47139
17485
37373
8200
52440
8718
4207
29302
58859
7820
38031
58563
51180
9712
52763
29932
18948
21905
58464
12847
55246
30527
29590
14130
41818
35293
23149
4713
6914
19299
46182
28080
35263
27493
8176
31136
28028
17507
24165
31013
25596
58250
25767
25184
58029
27937
37016
51002
29930
47599
59486
20233
49265
27498
13387
6666
54371
34216
26353
42175
32828
50891
16664
4859
17570
30641
7108
7653
49910
37096
6915
16725
11371
40082
24704
5668
55500
43078
35103
46140
44168
19546
42025
52372
15186
52320
14229
22385
11201
14565
29514
9696
44554
15137
52203
57541
8999
29997
53772
48672
56711
5443
23058
25513
41933
18038
38925
33117
16271
49811
19836
15527
22179
20080
30915
6854
52655
48229
29402
3192
42568
29515
20676
36488
55427
51504
56761
31437
39177
9898
58839
17800
11640
49667
18606
11758
33989
31627
35426
54029
4031
16749
12228
4269
55096
44695
51694
4228
16799
49529
54682
43501
52297
55315
20416
8760
29086
3689
57965
44786
29653
9747
32905
14658
3765
31385
29757
9160
33621
40555
57248
17414
54390
46496
35381
19516
23136
7734
55292
5306
44707
14348
48170
37601
55347
5934
29160
9373
49845
41733
31649
36976
10993
28489
10639
22050
19673
41718
25016
54258
14986
31162
57499
32967
25422
3639
20623
45981
23947
33548
44486
39303
56794
12436
51397
51215
9089
27320
22413
17291
7067
47937
9498
57228
52870
41216
41477
31526
35649
22163
53811
34542
7986
42647
8847
53204
59856
3771
54409
53538
11232
59954
25297
29666
15238
49296
38149
24096
57316
24992
48868
9931
43736
25944
3071
56881
13253
14965
48188
29372
11894
56762
49162
17057
53986
32816
56580
18839
39988
36143
15796
53457
27140
25925
28013
45180
4659
7682
16572
41242
46413
46241
53894
9303
18531
12046
52074
34296
7128
8333
21942
34496
43463
14751
38211
22452
30158
47328
33870
13372
36832
9589
28445
59902
45402
51626
25089
9298
32444
9380
6812
36615
48587
9529
23934
52058
58509
55042
24686
25247
42186
33283
7523
39432
44910
27758
43812
46639
29325
17345
14168
20812
52020
58076
57524
24591
31294
38534
28879
47044
43064
34391
7836
8391
38251
27190
