1416
36571
23616
22775
43090
56406
12259
25056
52209
38191
36572
47234
18746
55841
6770
40224
12995
29822
48861
28805
39017
36016
40729
19415
17866
9516
43890
7695
54970
25929
49324
43530
17709
16684
8856
56422
13956
12052
25618
22797
35960
38326
3718
56387
4078
23049
36590
27219
48919
28072
47808
32025
41061
32901
27478
56329
56435
15516
29745
50143
50846
23253
51267
56288
58458
14923
27615
29729
20755
3450
30781
55649
5830
14499
54250
8047
54649
8523
38527
22891
10560
35392
54275
4569
8697
31175
6321
27083
45611
28970
3117
50821
17958
22817
18623
17624
50016
23532
38069
14013
36406
32628
27601
40565
4971
20647
55884
23058
18351
44556
53871
46242
57875
17594
31695
58639
31443
36366
35463
9181
24762
48694
53210
9895
5849
46475
45114
34733
33454
17333
42313
35140
51915
24138
51045
36691
23891
57300
23435
28322
10324
25023
33771
31478
4464
50331
41512
19883
18378
5016
9791
4859
20348
16387
53960
15144
30384
18730
29111
46203
8805
32277
37460
33610
10919
32847
21491
14497
31729
43362
19000
51354
57698
12268
32691
55969
19245
52772
22416
5055
25149
12670
34848
11136
48137
26347
11296
40105
17128
15295
11795
20559
5716
55197
11982
50125
14226
12237
18184
12972
30816
4626
52636
20434
57735
59741
48444
21223
58248
14094
52292
48370
27726
39574
25951
18838
53765
14163
54035
14978
6334
25443
43490
31323
21560
36636
16497
45846
14132
20438
16665
19744
7070
25210
32325
37635
27020
12068
3681
11321
56140
14224
29189
51544
11521
19716
19563
27351
4014
32855
21463
41454
18124
22813
59120
25416
22649
47860
19124
8891
33140
47908
31180
52662
17689
46430
4988
28974
37632
22055
18771
21474
58222
6761
29916
17596
32517
35209
38519
18398
22721
49694
22210
47197
13822
25623
41800
54783
9455
56063
59092
38289
16943
14464
40518
28256
40932
33742
38387
41666
53572
51988
41126
29638
51286
15565
47752
48159
40293
15756
39146
53745
6623
45499
3263
4631
8131
3913
38311
44131
49969
24406
42756
12689
13191
14817
34185
22053
34265
49921
53167
18915
29073
59314
17954
14999
25270
53600
57005
29306
50400
3542
20420
24846
11838
9960
18045
22111
19894
36609
51812
24074
51968
16633
19359
58162
40156
41313
9587
4820
41398
5879
26184
4923
55773
43017
32963
35790
50127
21909
35684
20619
49982
12725
21094
56127
29498
25404
50894
14099
45958
54952
26475
35959
28091
15937
7504
32274
35262
51638
4698
47412
27408
35759
44116
19924
59261
47278
34096
42797
47833
12662
9103
52916
21997
23109
12106
39697
40106
34379
36412
39531
30358
6070
4743
53413
59183
40960
32015
35781
11794
46656
23709
27731
59577
31960
15271
12518
50952
16171
44941
31246
40907
27585
38865
31185
50574
36052
11390
55651
45491
39877
28061
7342
39915
44608
17975
51052
39703
15445
25194
8264
39811
44252
32991
34224
8047
57364
41916
20978
46356
13131
45322
56366
51484
40474
6891
15353
54659
6307
14256
5528
48322
44510
39049
53628
7676
11905
30943
50198
6364
39653
52659
55735
25269
23190
58113
25587
40174
8610
15894
49957
16315
16381
19820
19482
34276
9101
8683
42547
32141
37469
31054
51897
56592
52130
38871
5764
11040
49814
20599
53494
11147
35414
19824
32912
24405
39310
8636
11717
24923
17347
9160
11688
30231
9423
36578
49194
36889
8319
37057
25852
57113
31360
43431
6899
52768
51160
20688
7713
24770
54324
10093
38741
32418
20419
38809
3460
58955
40200
44954
30376
32605
25990
26704
55567
50983
4033
29984
9261
11152
20421
46655
15506
54254
59023
6298
11440
12658
58226
22833
23804
55659
27073
43533
3988
59627
42326
22597
10204
37698
19892
47734
52569
53993
18055
3257
31210
47771
7120
18939
43129
47962
42396
58259
15605
48429
33580
37222
14099
28466
14652
25660
12255
22641
53817
36039
59645
57508
29770
33654
9090
20647
30096
39778
39710
26419
20113
10635
41949
34417
20610
36525
36225
41760
40909
6484
45006
32903
48850
45216
24155
15829
27166
29589
23770
40040
51258
21400
53188
46648
50056
34540
13007
42477
34221
38906
13359
14662
3993
4662
13359
22300
31960
40125
26829
52806
37751
27677
27417
6329
35850
22071
11133
13147
10531
18200
43445
4590
56149
45807
31374
42997
8557
38414
14823
12491
38492
56713
57671
58786
13621
15764
56246
30940
8951
29709
46432
35790
42246
28987
8229
36143
15251
37418
17881
4662
48409
32028
29641
52171
29672
29313
50993
36493
32988
57354
35656
16164
18935
28993
16748
53201
25453
21893
11816
56370
18526
33051
58718
11256
29695
16728
56849
20078
4507
18490
31755
20925
38686
55312
26863
16853
16589
45279
35839
55332
30097
38489
5758
36574
8591
21825
32613
59245
56819
57962
10372
20152
35710
14689
27722
50256
17077
19401
39104
59607
31508
33801
32936
58080
58366
18293
41051
41729
49012
38516
27125
8742
55122
53691
31620
32933
3748
43596
50002
31607
3873
10682
11491
23724
9595
5084
27889
12455
27385
42881
11369
26675
28930
40819
35576
57746
37935
10899
7244
36402
40426
23977
26173
29923
14748
25323
40228
26030
57142
14080
45540
3619
26147
37568
37439
43907
33741
45818
11493
6213
18893
27556
7184
30204
15861
11574
6718
12258
56125
45747
22305
58686
5610
53598
36022
23096
42283
10184
37973
55231
23661
6536
12685
4754
33141
22127
58246
29628
26087
37479
10316
20590
47352
4133
19483
5744
22275
46139
21588
9049
28245
55623
32627
52982
39731
23918
13073
18291
14684
54519
24249
21633
18320
47989
22957
39445
46228
28962
21418
17195
56756
18819
34385
17543
19950
23132
3844
22210
48971
56474
48377
47498
52176
27933
38070
27063
3985
48706
49757
29199
37886
52128
14358
37217
10331
52531
36617
15795
47897
8256
6607
6755
24856
6815
41179
51563
54315
20722
29584
24624
19588
58997
52709
14004
32358
24780
50767
20192
22401
46783
19869
12332
51982
55321
54276
54049
21603
52531
39577
59563
58740
14699
14614
43686
33765
58011
10368
19270
6017
35018
35624
18579
27395
12433
36002
19206
39607
12637
16954
25266
33101
20854
9079
38358
13207
37160
26374
6974
30451
39179
41691
44749
49019
9029
47765
33341
36065
26700
33300
41946
32444
21790
13682
23266
33821
18601
12603
5985
6751
52808
14399
46483
48008
19034
11544
3938
49909
31491
40028
49054
8077
14264
21252
54274
23616
40163
59194
23704
29511
47822
14463
27609
6245
33305
28402
3535
54197
28068
14450
16308
29870
18691
44818
28846
6429
26409
24236
4512
29291
33112
59597
54044
49336
8417
29693
35768
40214
10251
25425
5049
32975
49457
23783
13304
7324
4726
46475
41186
8345
38897
14344
12529
50444
34510
51370
26656
47450
40610
20442
29308
38859
53549
49623
20759
52755
13873
54388
44230
33209
40273
48669
24845
33887
17395
44763
37714
21231
39150
57625
55248
54300
18848
45312
34696
20545
26367
28568
40567
37151
40768
6397
31683
5356
9179
26176
39519
23994
47058
54808
55349
28855
41171
59928
38050
15020
25838
27629
54118
33691
26731
31558
12454
57915
24725
44599
43673
54333
18576
15111
24032
22706
7759
6334
23781
58516
23322
16371
31487
33270
24197
3908
4831
22939
28498
55830
34010
4596
37144
49120
18978
34593
26693
11615
46351
43554
6517
47832
22618
39698
35909
50300
10151
44281
58490
45147
58452
21361
25833
27745
5921
6995
42084
23769
55140
55507
53907
20864
18858
25491
4005
35700
12942
42340
11313
13606
22704
43101
12812
22324
17247
43571
40766
26574
20220
26949
16299
43903
37636
10936
3407
54927
39520
16557
48691
42314
31975
5057
18672
58836
57596
49292
11077
52562
58011
31782
30923
59542
7071
32798
5199
43207
41546
33018
46950
16827
13559
43608
26486
38009
42402
43527
10405
15023
11807
6423
29122
49578
41262
27132
8977
55892
46746
7834
56179
30060
21637
45098
3837
48710
58021
21203
54718
20207
40353
43203
3860
55025
23092
44508
53289
51439
39366
42990
5312
27603
50012
45052
33093
44935
14710
6241
7227
23796
5380
59172
18217
7997
5611
52904
40327
43113
9962
42052
46204
43804
40907
15189
9146
3415
45717
14043
16815
18540
41720
9299
8948
54150
5947
54107
59094
45233
23758
56877
8658
30791
38287
53134
25652
29317
44581
38976
44840
12898
47714
15304
20516
28274
9513
32689
34886
16739
11937
52684
25592
38563
49547
14786
35962
22006
27813
48487
5067
19578
44805
54643
41652
30537
7771
11097
16469
6398
10599
10806
49593
51592
48678
7693
49501
15418
16654
34643
5475
58433
57752
3034
9282
44609
50504
31552
28816
56284
25141
4160
14640
17872
41611
20299
4605
23731
38255
58806
46526
40851
19409
54685
45793
35342
8308
5553
17530
8665
27187
4860
6848
44634
57306
24576
41033
12493
52023
35314
3435
11263
55489
53008
49401
40525
27105
28446
3591
58888
55576
18088
31391
58202
36502
37272
32448
57459
43176
52539
3799
48451
44238
32478
23680
54260
21885
30727
42113
18067
28629
35876
8450
13613
36048
39415
51989
4445
56735
