210
15031
15867
30106
6687
22152
11796
13534
34651
5499
5005
28813
56889
9160
30087
27963
26816
12626
15509
14184
58394
57776
6669
13897
47022
52765
45539
35397
50488
40811
33566
43320
7887
50889
19423
38510
8518
28807
56418
16200
45445
23504
57493
33192
20254
50785
11069
29067
36289
11738
12807
23648
29943
16532
42346
49493
58158
5097
18472
24116
38648
17339
4934
20549
58217
19597
50620
28751
3055
34998
32290
14495
59737
38935
48722
23253
21399
31255
29741
29678
33132
59083
12091
23203
20403
36987
31799
20570
14618
54028
42467
42086
49839
32709
41535
48170
6888
25448
40461
43202
37332
29618
57949
11433
11755
11460
39572
39949
41981
41728
4100
58344
48412
29231
35155
39048
9160
39266
49822
14172
26479
31613
8191
16536
50639
23649
14253
52403
50459
28264
24721
44098
32949
55111
13789
35416
8601
4617
36552
58321
17646
53045
13203
38094
39707
47781
58468
29738
13958
54408
16693
13055
19017
51012
11390
15399
5799
42076
32802
47864
33721
55350
6530
9842
54083
41485
42437
42447
17435
53127
24015
28583
50945
32495
22946
17151
29919
53570
42911
44624
38387
6710
12483
8853
43102
32790
36449
25947
37189
7288
22412
6494
13261
54532
28399
23775
50911
33304
21206
24068
4746
43222
40833
12344
31339
20586
43946
58519
49163
46496
54248
