844
15005
13878
13266
37574
56122
57185
43680
30839
24141
22776
19876
38628
5683
57469
17988
21340
18714
4082
20350
5680
56674
55639
43619
53104
30073
11590
8110
24800
7943
4463
33749
19545
42385
37592
5087
45570
59077
29135
18973
25388
27975
51725
58879
37810
54270
8561
24352
4359
19924
9979
48247
29278
7546
57627
19010
59871
46781
22023
30311
54521
31880
12561
56926
56518
43382
43790
48945
4667
9792
7673
16615
27160
15459
35447
36550
41212
30880
37436
38816
42351
9576
17257
41497
39536
56471
18483
54341
47647
4645
41080
41100
12467
23918
29559
17530
20169
30572
19064
36488
3099
35782
8526
42324
11317
43593
40994
55424
10858
53477
21966
19929
29766
30842
26399
24881
4324
49631
29985
20678
12794
43600
36009
17772
24428
24280
39833
35293
33967
52545
11514
48900
42816
11028
53584
7477
3662
49254
50172
33899
26654
49721
20356
16003
57678
42539
25200
54875
22637
34901
37621
12282
3271
28833
10929
14113
21886
37041
37615
28471
37725
47455
26701
41305
6386
35403
36510
37139
25423
54241
45718
55389
25201
47953
44570
49295
44365
21486
8153
48215
7419
9658
58407
42037
59462
37256
40974
39054
30641
16037
47155
15713
45767
30986
18587
42019
25229
27343
45040
46191
59750
41716
40668
11220
28856
7663
40899
59463
28761
23846
44883
38975
15099
21763
18718
21833
45099
30168
35297
19659
58585
20227
55017
28402
22278
4227
50480
45789
36072
55031
35795
25093
50971
26074
58675
43692
25289
11033
7140
34021
51257
10089
50038
39276
48084
25368
31211
51867
50755
41892
55442
25416
42973
14711
30102
45555
51509
23383
3422
54138
29359
41965
40849
44514
7704
9827
59161
39281
13444
29716
17713
15424
33763
51220
9086
12809
17803
13258
16071
30437
41477
5145
46024
10534
14183
20116
35097
55756
25960
54561
32619
19082
40051
21425
25281
5711
38896
57011
49814
37394
34199
4728
51902
7812
28480
29946
15434
53878
47618
29121
53902
29500
30344
56820
29787
12069
29495
38663
5287
40986
16594
7326
32133
25026
12344
10249
21474
53261
9570
9682
47278
8198
40914
51294
52268
31870
11951
43517
35979
59361
25158
50748
7297
21435
54939
53167
59149
6964
24312
51521
51018
33510
5224
22483
17134
26770
19138
39116
50421
45368
13134
58485
23043
53293
9042
42121
55707
28014
24689
55343
10761
9558
11291
55007
47978
23515
45226
54089
52528
42290
8346
30385
22018
42606
16413
55534
38653
33700
59619
55659
37790
33285
12822
12277
6807
39483
3108
41943
4400
15029
29624
33125
11273
21381
33209
48418
55261
59089
27369
7591
45542
18461
13163
21412
34010
9483
38145
59089
30931
44898
6879
25482
47369
5660
12454
7326
18486
17164
41639
50743
25474
49357
25298
23653
47416
44436
48840
29278
57649
48790
9411
51852
29166
43295
46205
47495
22439
32240
42011
45671
53624
3976
11357
44099
7655
42194
18631
18021
4834
9971
15917
28888
39095
23331
23768
24199
14184
27808
39126
45100
45593
39582
38228
53462
50376
30323
16919
29030
51862
49540
37744
48961
25176
21309
10728
19311
11045
41079
26984
35706
56191
46919
17524
3326
33904
56701
24475
39874
23113
50545
57095
30057
18201
26479
44686
16490
36764
16385
33861
25060
30938
46387
12268
30455
7214
33444
26772
55396
55753
35565
41738
34709
7701
57290
40881
19464
41040
47538
31567
13731
37216
36325
6709
13970
5419
27816
20982
25327
35376
52847
53505
22239
35437
32971
36194
32183
6678
13960
51534
54460
6580
8342
38381
5332
47538
13165
41487
59727
56874
20254
29280
26589
36352
38211
54128
18566
21102
21850
58394
29601
20749
54321
49002
49484
25290
33537
52894
20123
13293
32170
38792
36108
51779
10234
16866
9580
31550
27558
36291
52416
25102
11017
34976
9578
57506
11946
34513
33935
3103
50385
6889
23091
47331
15824
8925
30377
6293
10955
25909
3283
25071
51741
32682
50808
10148
32504
37523
38561
36652
44855
39985
17632
25001
50498
5484
11957
24824
58219
29108
26017
9723
57116
46320
43315
31789
31439
17487
27934
22904
59769
46421
47936
21542
10868
31974
29072
57635
43121
22061
56093
46829
54565
6663
5178
13681
51276
22714
9154
44105
6711
56848
43035
36021
6058
46325
4967
8382
49033
55633
54739
3589
37409
49700
8968
15921
23207
27396
19393
48651
42292
3275
23551
29212
3145
18889
9594
28688
37371
13952
22411
12344
34318
58233
45646
57948
30068
38301
48955
15194
53698
48669
43517
7789
47621
39569
41703
19855
9719
30911
35976
6870
5131
14462
26579
6091
18721
15307
14847
35542
12358
52413
16331
52791
48989
59927
49871
27254
58994
7075
5526
58669
47749
51282
32845
30668
20111
38678
36956
23853
35662
49746
57077
41581
10259
45342
7814
28417
16493
3054
4763
59407
9009
8820
10894
17895
10580
18100
9851
53789
16648
50826
39152
35772
27785
25864
29852
45874
49835
31929
33705
35455
46109
24893
23000
9643
23832
10672
43349
43808
44958
11477
42938
36049
59563
26319
13667
58627
10695
36252
13137
16468
36838
38111
36067
5680
3579
53247
9816
53638
53775
9493
45794
8352
25452
43504
17768
5379
59801
46695
49517
35147
50926
57957
21563
32852
53177
10816
38541
58972
3320
39348
12056
25480
20543
27949
57732
10970
32090
4436
32427
4142
58478
46647
28216
23586
31070
11998
53982
52852
43229
4432
4949
3668
20526
49376
