1662
49331
4401
23445
58778
39545
9771
58585
13629
4451
9178
8554
17142
25686
49743
27136
31678
11705
15536
39213
45081
39662
16201
32905
45168
54958
13545
17704
37036
47703
17239
33032
24410
42943
44360
8154
12327
55799
18301
59613
17853
32009
42241
57519
44585
34238
21406
19215
36393
56172
8452
46092
54151
52086
55213
19982
11858
21929
11366
48476
34910
16221
38490
5579
4493
53880
9131
58123
34510
41951
26575
47272
17832
47825
16282
23714
43646
5257
26195
12825
29540
23863
19277
46574
28172
46875
19613
3813
26298
8098
28135
15704
25832
58181
14687
58796
28300
30268
59264
14441
21168
55327
41094
24854
24664
37614
46572
46365
57521
17041
34160
30290
40799
18491
18922
6869
28644
21082
4693
51987
29118
39541
22470
22860
25505
46505
30203
16273
4543
34830
38902
48243
54946
13659
44252
3395
58898
11585
58500
35455
22944
38227
56252
27052
57901
21599
9714
5206
16028
15897
7235
57506
31312
21158
33694
58512
11942
55001
38576
40467
50576
13048
35956
27237
22925
19453
31604
59435
21967
13891
29758
40832
56137
4645
29588
43878
53830
43776
39032
11546
24502
50498
9970
27271
50061
18547
14663
28201
11644
59924
51057
27037
27709
58443
48584
42689
55157
53611
51534
16167
3291
50707
42907
55965
12753
23226
4018
29673
9938
25580
19717
10532
9420
32424
49894
27984
47133
36822
57000
4458
12547
23802
50350
38720
7127
7759
55551
42316
11138
24720
27410
5160
48894
31964
57458
6014
13086
22031
38942
45932
38991
9044
56999
7150
47382
4515
39882
14897
31979
44844
56542
6626
8735
16535
12355
46269
4977
54392
44905
45665
55902
58855
27271
21902
5937
7965
53259
58787
21927
27014
20697
12360
31411
6602
23789
48838
44409
36271
36385
9615
4939
5657
14260
6232
16908
46278
26117
49830
47960
19204
8364
58057
51553
32233
13331
46986
45900
53759
28294
20536
3545
34861
43715
3862
58105
47830
8310
47897
33169
37221
6710
49733
5073
7737
57233
42034
19051
37192
37277
39601
42345
27020
5466
32772
17324
35203
42497
52988
22050
15767
17067
50897
23335
12144
15891
50942
15845
20572
40164
36138
36508
47716
44188
42409
10769
8568
7390
38085
4071
44283
17406
43427
56357
7758
32008
32641
13965
47967
36443
38072
57229
4549
39221
6460
48701
59603
19866
59554
53617
7749
23174
36041
26066
55858
46029
10230
47852
15478
17404
47526
51916
6231
14592
37098
50308
49470
37608
21176
12786
15091
31386
30853
39946
17525
56986
24114
18973
49552
29827
43230
6398
39278
16019
7459
33836
37127
11804
18137
32691
57486
17719
22443
43777
26264
38502
15125
41649
47271
52072
38476
27729
20600
7656
8445
27473
40653
30062
35660
34452
52337
55983
13440
23122
59159
9935
37243
48205
32031
37607
50557
43707
28945
12615
59600
10396
5207
43957
8819
38872
14953
35561
47091
38050
48305
33158
26771
29606
18106
18083
59777
48353
16076
49018
16493
33029
6912
27439
34521
19092
14859
48014
23971
28116
53226
34520
29277
27616
37679
38515
43697
34385
36418
28371
19678
35215
35319
11496
33062
31424
33984
7747
56648
39710
18910
6510
28328
48402
44417
6801
8288
4756
50022
27314
58418
7477
50471
32729
21567
19445
32476
17600
12210
41862
20268
4801
13097
47953
13605
56368
28764
55047
11213
26569
13946
52570
34341
44825
10130
5059
14176
56258
23880
34560
14471
24063
42609
28852
19422
17792
55235
5122
40598
56448
27246
58901
8483
36859
33678
25575
27193
44180
8446
22076
51550
36016
14242
5065
34295
49874
20048
23492
36085
31239
54277
48404
53530
33701
6514
7684
12759
9666
58972
30878
36194
6134
54130
51042
10055
43701
59216
48017
50204
37371
30865
32167
3492
44360
22939
3428
26501
42042
48049
32655
24226
39093
13703
21458
49459
8543
55295
49281
42115
27441
26907
15170
36771
14145
57765
48286
34570
21461
49585
56370
29124
34004
29200
52737
53094
51847
24237
38432
30969
31449
6111
25450
48125
36477
57310
56732
12677
39241
13720
26890
16240
59217
13557
32459
4112
41391
44438
3587
3497
11131
6438
13168
23242
32186
50407
39377
28289
36767
30551
37530
34759
9801
38024
42449
39134
10387
49274
55696
14526
32436
32157
17221
53746
27166
8587
30352
26943
56688
30065
9904
56873
4064
50263
24436
24331
50614
7085
34412
27427
11538
51993
5023
42107
20305
52259
15011
42815
32094
9025
39915
26313
33901
22457
41184
59296
15254
26808
54660
36989
5910
52337
41895
27476
28307
31388
32318
52511
45298
5851
50586
56206
51819
18763
46086
20748
27777
48121
49946
24186
31179
51199
8613
14286
12981
32640
17428
27590
13204
30763
37126
19447
14241
34945
8645
22408
22466
50498
39102
8533
20890
33537
20002
18370
4694
13050
17852
54340
42583
38431
4961
17927
10807
13781
27200
48729
33882
15351
36528
28305
3361
19595
49213
27245
27637
52753
36759
48516
55475
35306
11449
58243
54397
21665
14269
22283
11267
8368
44082
47069
58239
20743
41437
51003
47293
44603
44437
31891
29089
3041
32087
31434
41358
51090
54140
12460
59761
47951
45986
17841
40071
5514
30891
30812
30878
41357
7751
30489
48274
46371
26934
30414
14155
37539
35852
10373
5700
25539
48674
48988
15313
29509
53561
45519
28935
25961
31952
40924
38571
10252
30388
15641
30358
42384
12446
36871
54574
4500
40082
11770
41520
14452
32170
20076
18758
46208
43839
11863
21597
19626
41284
16153
4928
49304
43772
43119
8862
12126
55132
16551
47966
41613
3520
13419
6910
13219
25997
53828
30585
44380
43104
10479
15136
53226
38449
40517
18986
14247
20114
15063
48267
20429
34756
44784
59319
5660
35635
27000
9751
34452
59999
59796
4291
43540
59450
56632
34155
26445
24536
27209
29632
25410
25724
44490
23450
48872
26122
46427
22092
37831
21323
45666
42482
13236
23469
19171
21748
25121
6730
25906
17331
30083
28870
37720
26383
9893
15501
7982
46886
36449
14315
48390
37448
25992
5717
35663
43449
33632
20687
41015
41879
32008
16831
59043
36442
33675
50784
37389
51898
50973
53812
14547
37364
13825
34760
41846
7020
27518
24500
34494
41852
18040
25950
18332
29563
26609
45236
12709
44456
54671
57440
5319
30200
15307
3948
33822
54534
11846
16986
42397
28631
8864
20094
44074
5217
56707
9516
13893
36259
26064
39206
34416
34756
53652
11105
9694
6520
20219
39929
47698
36058
58131
7962
27502
9359
46373
3124
9817
39304
42524
22230
32477
57008
46604
37496
20685
7548
5368
33775
56234
13895
32941
6790
23530
9340
20908
5331
18269
44506
28775
56963
41747
34671
59318
34420
44787
31491
58341
5409
7822
38539
40061
37122
42267
38953
4760
47298
58160
33009
59373
59199
22879
14250
14943
14849
17930
47805
16936
11549
56854
42753
13484
49729
48636
29501
12399
10700
22160
36862
34303
56424
3781
49272
24702
36785
28615
52342
22825
19785
20868
44841
52470
15292
44305
10807
31840
49458
25995
29483
38623
29545
40600
27393
54750
28920
6677
51791
43675
34473
4316
41380
4390
32963
9499
59143
19652
13124
33861
7426
36013
26971
21235
14640
27415
15355
26752
23754
40206
26281
15305
19917
17816
50070
42448
19143
13978
7699
17388
39556
40858
54479
10987
7321
51278
56709
55703
49014
36230
44392
58225
37991
57755
27821
48351
43085
52828
34475
17171
38844
23700
52484
13902
7362
51676
48468
27733
42511
14624
21375
3819
27132
41844
5455
19364
5338
16110
58312
55606
37065
32166
25383
31695
14469
7798
17044
33988
34846
19770
51216
6491
42490
31572
39526
40544
3627
45003
10385
37325
54467
35178
23924
29000
54900
14026
31429
15427
3144
21126
28152
54323
55921
16854
41441
7617
29283
57404
23507
59605
56687
44606
42299
30295
38035
39861
37685
18612
27289
10517
37810
4586
17023
8114
27919
31983
15902
18008
41250
54771
36295
32026
27695
19175
41428
52255
53410
49742
59890
36144
20277
53198
30609
43121
32778
31803
56265
57921
11374
24881
58801
52451
57150
51215
56907
27005
47560
25560
47260
36830
39657
35006
6956
34491
13489
26522
9494
49742
16665
38334
11146
43765
52607
29514
24560
27802
53303
37257
42038
8186
54345
48932
54039
34261
9743
48183
39476
4436
43438
23080
4440
58863
16814
39003
50223
44561
5958
37618
32706
25807
42182
53095
49339
59840
7841
4440
59074
25596
54104
56413
31695
4131
47725
26475
15102
52423
44840
46282
14982
8294
55830
47970
6074
28161
10861
44526
19024
37323
29154
59378
36712
21108
23261
46057
42157
47327
37026
29583
33676
43587
12509
22295
26281
6517
16958
22438
15937
6986
9616
37659
5229
51608
56033
43868
4254
29197
17341
8883
4284
10252
59678
19438
28288
54820
58302
55966
52916
34746
20186
40697
32047
20943
30525
5022
12291
56721
32351
24269
39480
38556
27290
47469
22727
24618
42470
17115
16150
53441
37119
11281
32611
43256
48230
46591
20531
4937
44063
59907
53192
45422
57297
40873
59293
43942
8655
5995
32799
8595
55922
31729
50465
56216
55986
38767
35885
20027
16131
23315
8811
55921
47611
4619
14902
11930
38552
45655
3130
13324
54225
40045
55371
33695
50342
55771
50844
16261
40474
38668
22630
32587
34113
11150
29466
28872
32021
25125
7097
39748
32770
5779
6822
3406
21451
17748
6004
38234
22860
24744
26326
8016
19631
52496
18400
46660
39310
30279
13646
44087
10757
13462
38635
3093
57263
17684
23326
7972
7853
43847
50445
30093
39209
17211
59676
42642
36958
9374
54164
10342
32018
32075
34730
34465
34022
46638
4628
31908
44376
35643
47703
41971
45446
3623
45516
46849
20346
7391
19960
59168
33310
5559
22185
24927
15873
41562
50355
54679
12816
40387
25187
48875
30393
35425
49420
50998
13879
46402
54669
11578
33877
33525
55194
23182
38154
38950
42290
53200
12824
24734
56430
6503
28860
18250
41385
5269
52948
43833
10001
22444
21472
37648
20492
31134
7617
40044
57521
7742
22604
55394
4883
10528
21432
7950
47346
41118
35986
59843
24792
9091
56292
19377
44981
7745
51938
5747
34180
16486
19647
4571
26932
44126
56941
47518
35165
50245
52805
12868
3962
8743
52004
32848
45923
17360
9583
16952
44970
6666
4684
59523
56794
52626
17717
14420
32583
36862
8652
19410
23998
30071
56498
27373
47356
38495
8606
31953
31724
25344
36509
10202
43479
27851
15204
19262
43792
32187
46576
6989
10397
33754
51578
56678
16978
14353
10912
36364
33859
33742
17504
50466
42129
40502
19747
16811
22964
46801
9375
12295
30014
14148
27025
16485
20085
49194
28801
55542
9617
25256
11285
9337
19223
30772
34534
15811
3607
