1240
19728
11031
39695
40832
5418
51510
52750
39026
18577
21255
54949
46283
42615
4930
30929
51066
29766
55332
14178
5789
55467
14851
16852
54779
57547
48059
11977
19255
21543
52738
53571
40158
43672
50852
8301
18988
34532
29181
24204
19020
23062
57727
9063
14133
18323
24218
7371
10574
38172
6062
40376
18144
39191
54775
41557
13354
57240
5301
43451
56515
40781
55046
3244
44922
30210
41548
24191
52919
36081
47061
38082
48283
30495
18206
19945
43664
45799
5221
58653
54743
7422
18937
22325
8764
34149
39709
39681
32100
54030
26347
9884
55084
17751
8555
59228
36173
46874
14451
10786
26681
27243
58034
39964
31966
35222
33492
56682
13759
51096
52439
4579
13724
24542
23230
3440
54997
45162
27859
20392
28006
54927
52606
57186
54451
48072
4411
37343
53759
38699
21478
21519
49110
11487
3229
27943
10341
55323
23222
42464
4110
47758
32049
16273
6502
41927
34790
11508
36281
23791
13606
27316
46790
16471
20514
32728
33552
30570
58754
7358
40064
20334
7654
47151
6750
22151
44078
51298
51723
58903
47123
8890
5627
44987
27138
6634
48828
56326
4597
30602
18370
46919
11914
8007
26114
48392
35773
35169
56864
7020
6575
42068
14176
57425
15419
51552
29527
23160
55777
57432
58993
48222
34687
37336
59199
8612
31185
41883
6545
47709
34330
31032
45691
9054
15283
59943
12158
14031
24686
4996
26157
42801
53117
41678
11982
56406
34851
43948
38340
41334
3738
22352
50819
15791
21012
38431
21236
16186
28389
42770
7992
18953
59971
49611
58306
21264
59121
27526
6442
51193
16489
32752
12057
36328
12629
34313
50962
35538
20984
36286
36040
52548
18854
19068
39252
16139
54346
40113
23512
20146
40174
42508
59444
16552
11625
45019
8901
14241
49911
46504
44958
19697
51858
43995
53044
16386
36574
56086
40962
37140
31804
44247
51049
23478
38322
45220
34029
11809
54228
36980
58011
25964
23398
34682
36081
40375
54260
11996
21971
33261
37192
5043
12316
14651
55287
51961
58564
50506
3528
33110
29867
12018
38410
30369
29367
32197
54916
46297
50882
52475
18477
12840
30074
34226
34614
48899
44699
53246
44485
4562
43248
56708
8108
6924
8928
7130
53042
45441
53901
36913
53315
10937
47369
43537
8832
36756
31918
3619
5160
4872
20357
39537
22611
5412
43733
10150
29100
52136
55158
19266
55992
46775
43703
6930
53287
21308
53360
38971
56211
27362
38837
56296
24708
53854
51860
16276
36694
20461
38726
46174
8671
59228
23046
34974
48526
24269
14233
56730
3300
24562
21715
18543
25325
30044
56062
42922
43732
51069
6789
48705
52312
23222
13717
53080
11943
13412
57476
22864
3981
59537
6450
19937
29542
41139
37557
23893
10088
46988
36444
5070
45907
56544
6741
47883
35755
19364
55334
58565
46113
7947
53047
33712
5831
12009
29100
26255
29587
44840
56654
33709
32061
11476
31752
7474
59463
45791
40158
19535
51707
16273
36244
37124
5580
53161
40050
27746
58438
20217
12637
41225
7419
23045
8205
7325
20259
34158
17969
13913
48319
40033
18092
13906
50796
54949
18463
40814
18606
36491
53550
3757
12100
41489
57723
11387
36112
7882
40114
15964
52518
57036
22881
37526
48173
41467
19706
9772
17188
18977
5262
35876
25828
11125
11050
13742
24897
15220
33871
46419
23506
57071
4896
15174
29767
4588
50936
5124
23810
30685
30166
40129
3877
32514
51035
15277
20995
46662
42156
6305
3102
3726
47121
38726
24161
16932
11322
22812
34916
12996
14803
59597
55575
55326
57453
51237
23723
38505
34377
12629
49095
28637
46265
14255
24139
58903
40209
23454
43591
9803
51690
5844
26532
37533
29126
26272
30478
45885
21807
57730
48113
26114
39226
44254
25553
34479
47146
41510
19054
38313
21611
36251
52830
35640
8493
17893
25855
10365
50187
26887
31510
24519
55041
35429
37941
23854
53120
15095
14656
21026
59962
50264
30098
39404
44721
37068
13840
8372
37581
56773
40488
46389
12568
29154
38690
51470
53138
19854
39952
18801
42220
28517
3262
39766
25686
42394
31746
54547
12122
42425
38956
23526
39084
15008
44082
22180
52935
19320
5461
3533
56130
37632
10383
36037
7382
53304
44075
24440
39531
20251
32369
27901
25302
59946
41306
54636
23743
25725
40354
31918
50382
47020
59936
52311
57221
34413
5593
17076
17402
14306
59109
42476
29273
35040
35092
49914
46075
9241
15325
42990
55428
40526
7065
46873
28513
41582
37005
50466
30373
36558
38337
24795
38622
48682
9117
16396
52237
24173
47167
8101
9490
20724
20221
26403
13284
33475
10843
34287
25841
35060
53733
30221
36739
46252
23425
7292
4441
15659
28673
47047
33349
7726
40643
58706
47457
42526
26027
41087
34409
47903
53940
43083
5082
18390
47737
45845
36898
34772
51806
27838
51421
20644
39888
39102
55970
6462
15492
13404
10208
21242
15349
46806
28626
18087
27590
38598
4275
56399
21075
35567
24798
7515
46257
15291
52567
59476
3792
19370
53337
30384
47162
43181
20064
42142
20391
20438
53643
44480
45632
13185
29575
42456
22474
46309
7140
19692
49411
15293
54722
41343
4096
19049
23791
45474
54098
25564
57642
54976
6595
18721
44835
41691
22354
58231
42855
51670
11919
39282
15724
28720
46506
52642
33359
3317
55540
22929
30918
37617
22843
49416
12426
51563
23779
23147
52037
52050
50488
14439
36586
54769
44905
19337
4958
50775
24999
37831
51594
56861
16266
50150
52746
34199
54945
58102
54816
12394
47246
42007
56336
12013
3987
12685
10510
24081
3324
35557
25329
56225
44841
28503
24046
38138
13171
25615
14005
20566
38669
9962
25643
58663
51531
45710
30282
48845
21140
26378
51156
59560
16374
6282
6024
26306
38214
46949
42843
22791
28150
30234
9837
35246
53914
15494
20563
3914
48377
13656
26377
21601
52914
55122
9569
35249
48138
23653
49098
26847
28802
28097
32925
9157
29009
58968
30771
3698
54121
11402
47087
20424
54306
4189
28387
3366
51367
54360
20286
50750
55579
6807
41247
11522
42042
26837
32656
48942
49198
22441
42779
45159
56949
58567
55898
37041
15255
32455
37138
29300
43298
27511
33212
47350
42269
51503
13656
42143
29894
19888
58639
17789
17173
23800
18787
53506
53415
31947
54117
55944
13488
16417
46251
12911
46041
38771
25388
46836
42573
17143
4000
22208
52737
10596
8029
34660
35716
19356
59801
4062
22568
25663
7715
28932
13910
36498
15641
51916
26312
54081
42470
21413
24488
10618
4504
22824
54192
59357
50224
11671
48711
18031
38915
57043
55427
50483
39577
38697
53100
57659
54047
54118
15112
39036
31399
50397
22389
46201
33833
44044
30024
7047
31988
18732
48782
4303
11078
23906
43188
47158
18698
29567
28812
23268
42305
26564
58083
45345
50682
5430
18307
33695
52248
35616
9220
16769
32284
54911
31876
40036
7534
32855
38814
25907
53922
47462
22085
19720
9643
16359
34326
35910
10532
50226
3591
49369
21929
57402
12428
39625
59918
42186
17600
56331
32563
46856
28791
30878
56452
8905
18171
34505
40710
30092
24574
15319
13617
17469
25225
54808
26605
24443
21084
22189
20248
39181
45930
13202
35241
17165
35464
15011
17946
59999
57247
43980
33537
18401
45784
48818
30710
10319
15403
5615
26488
4290
10885
31121
29905
38363
47406
6986
13710
36044
46999
45559
57741
28558
8742
38811
18243
47550
9400
58292
15385
25670
26515
47157
49385
32184
28138
44838
44430
36488
24262
40667
52548
27919
36562
34477
52388
24297
54198
45594
3520
37883
22493
28261
30745
13398
54282
36295
14761
50171
37554
30744
36019
4894
9983
13970
11838
51693
56853
41502
16372
12256
41810
28496
7770
25919
21182
39367
16791
18969
24057
52159
8420
37083
28309
44769
20295
5858
27538
55343
22848
32397
28015
4137
17685
55399
48253
47796
9287
42389
41894
40165
29826
20222
31404
3535
23087
55510
34314
54739
24950
23264
28463
16876
21741
12326
12588
13550
50120
7939
52504
19941
47845
