1033
33453
14585
38649
52922
19604
29947
38809
17819
49659
22471
23251
17081
33322
20900
10251
6159
12740
10633
25420
49684
29705
31668
8221
44151
53950
10851
17577
38031
26656
38151
59135
28323
26618
47750
18266
25483
43856
13620
34917
8722
7921
48080
23791
27605
16059
3208
32615
41990
46678
22472
16272
24159
22408
5486
55325
59436
8211
33633
33593
10769
19643
27639
38176
48566
13928
19346
4188
7226
5089
31650
35166
26830
44965
25710
23778
6794
34040
9874
16489
17578
23874
37060
48879
59092
30172
4791
47925
26935
3111
54231
29892
35599
35251
31348
50498
17968
47099
9773
21674
18963
13028
31017
45194
38063
37507
6128
18315
49222
57966
21016
23989
19824
3509
29019
4773
54986
59274
44425
43522
41902
6614
38697
3946
54444
50465
10023
9097
38595
16129
26258
32924
17302
47317
33149
43938
15420
47957
31988
4448
41278
28379
54716
51544
52477
25965
21742
23806
6972
4224
29733
32999
48355
32660
49655
23346
14680
5217
49208
59316
47165
18116
8872
11613
4274
26290
38027
4024
9011
10612
26413
46751
54997
47196
44636
9871
27185
58171
16953
43806
44392
25684
20031
50080
26836
42659
36932
41400
4307
34235
57101
3531
47826
15637
30775
18975
50851
36594
24451
16078
25723
24408
8269
53157
29270
30611
56439
29773
33470
6917
22323
32547
38494
25665
7958
30036
58976
38926
35258
38681
43069
30446
9022
41006
15370
13603
56843
12431
33542
39364
45403
39220
41540
42875
36562
12653
10077
43244
28874
47248
27541
43309
3338
25829
35093
56473
53318
58492
45817
13894
14353
37787
53786
56881
51862
47069
8655
50232
29023
15263
16419
37370
38198
34711
26909
39617
13830
49935
41893
59049
50177
47885
18394
56472
35984
36988
27950
59344
10125
16359
58579
40071
43390
11819
17298
14525
36513
3211
49358
13742
28067
48444
25161
44699
23021
47039
16174
20047
22831
18523
46004
42686
55404
11403
24217
37094
20977
58464
10106
8114
15362
39314
14347
15151
44442
50311
6213
37975
41157
5499
7890
16838
45791
44891
44514
33352
9148
5332
12959
41925
18660
44258
56417
14843
16150
40536
54132
33747
50509
27396
27896
19033
54760
3852
41887
13781
52171
10511
54588
30615
30988
47604
11324
31951
45628
18835
22652
27660
13447
15733
15437
54862
45685
24369
59542
38325
28319
34573
15081
22040
53516
38389
20771
12585
18586
54783
8629
39423
17394
12647
16429
59750
48517
42713
53486
21074
39471
39801
20932
7989
23484
59145
13175
38066
51375
20343
26632
5770
41106
25375
16733
18651
27217
48563
27824
26670
53868
53868
40933
15039
19906
35590
27264
54710
26683
23031
27853
47717
53763
34347
34912
34254
13444
57924
45056
6752
47209
8845
21951
26194
43443
29900
57437
13063
39366
8237
4591
45102
26116
6932
5464
5552
24727
3439
51551
29493
51965
17828
44887
52098
54419
55089
37765
38176
21696
19734
41769
30270
31893
42673
29856
10589
23153
38736
30800
19851
28992
52799
48354
8755
22726
36310
46359
18159
14877
47990
51606
34083
25788
16977
17202
31565
37071
7215
19107
40539
34080
50725
28158
44749
52150
17978
57633
56919
9194
54855
23981
9570
43418
7322
10862
28239
30366
18339
6024
55922
49494
54962
8367
22422
52335
25336
54429
25369
42256
10124
30345
59626
53093
18259
20102
52855
40297
28149
51924
38547
45036
40086
19931
57121
8396
30066
11903
19331
56416
27882
4244
24049
55202
9962
59469
52092
26520
30582
48789
21445
49123
14862
37914
6087
15349
39268
43019
7717
6998
35361
14685
4648
11573
41682
33909
43633
59487
16006
34455
26118
58077
36007
24281
59440
4699
35649
37199
37429
57021
47295
56468
12686
39977
59442
15012
13055
3615
40205
30084
54933
36047
45475
15726
34416
43716
11653
53009
59142
26886
23977
36414
14851
28451
47197
6090
10008
39740
44162
7747
31701
53610
39992
40805
58113
43908
52869
42287
49187
21923
36911
33841
9577
30555
21571
29609
45077
20281
46298
23874
10538
37033
22109
46890
36962
40545
16807
5417
21432
50344
25429
21802
56773
32328
37604
43315
52565
23247
55787
6428
48993
43690
26653
51070
37793
18809
52419
58698
25001
7591
24985
54380
38112
34051
18746
38287
23370
20826
16170
39633
41915
8712
24010
9807
23143
48888
37173
35095
22328
47337
19212
12328
32471
35057
16727
39694
9352
50891
41067
28195
16214
42671
58091
41748
14559
47620
54354
29295
28479
17940
3275
23584
20452
59721
11201
22549
58135
22338
54693
7832
7690
56512
41990
9809
9158
56664
10374
7649
7459
38823
35131
10973
38571
11009
31249
34072
35516
30772
32990
44401
52533
44105
50834
53505
6094
52929
27760
59540
5767
24176
5681
40186
25453
7943
41994
57584
11838
36613
39292
58596
32264
18318
58582
26350
6806
35125
37040
30641
6246
28134
15295
52638
22498
23951
34877
24758
40488
26858
56611
41693
30567
28576
6895
34895
44616
49260
26325
40090
29835
53164
16559
6855
10384
9633
34072
14385
30960
9942
54402
12799
16691
21368
27685
58232
18341
4239
29621
7129
29167
54152
37926
4659
45280
47337
51517
13525
37667
35367
58212
5182
46939
47046
29979
23664
48800
10499
30716
30332
41326
50951
59268
3064
49714
15398
50548
12247
28894
12958
14917
9544
28126
42418
9607
6440
14352
25133
42934
9956
39750
59247
25570
8954
25739
24494
54179
15007
22037
35069
51059
51311
26948
42086
3367
16661
52650
6857
35985
12128
51393
32080
44116
29200
28338
50359
57837
57569
25029
15760
48276
22516
32634
42524
18000
46246
40713
11530
45616
4273
3113
35507
9801
58343
27552
39297
13980
33076
35002
53326
33067
58604
4048
33876
17440
51014
32667
29221
46981
5074
41251
18221
52481
57056
51832
12020
37894
11892
40829
3928
45455
32099
6175
17102
47460
6273
22471
34194
55285
12724
3858
23768
16599
12218
59921
25230
11404
45813
8310
12104
14008
23211
46628
6288
41490
32327
15374
32426
25495
17377
34443
46734
11955
13660
48053
8528
24840
27028
15527
36649
58337
3906
58120
5988
8342
50922
4173
25767
9794
45523
17184
30346
42368
11801
5851
30102
50854
30877
22128
59595
3544
33699
25178
51654
38524
12354
22260
55245
3517
35456
57397
56257
21987
17473
36368
49789
42404
42658
15947
23077
50362
57026
47469
40281
3202
23619
48792
49193
5247
58458
41902
42267
4001
20882
56977
56547
37201
55299
23025
8821
37738
17229
23365
31912
57827
12141
12975
4476
12975
24133
5098
22984
29136
15109
50763
29778
18688
12621
36049
8903
51889
12402
12854
18357
50691
16679
36227
54517
11719
49894
24031
