1910
53235
23181
50238
16439
36334
22440
24704
28742
11250
51504
19674
59108
27293
40199
55528
57211
12087
34567
8826
25211
43790
43729
33955
33601
3788
25533
5991
6711
24620
5287
16507
13268
27727
30074
49477
23422
27795
32973
47907
7703
28758
22411
16159
16854
32187
49679
35609
8038
9940
41238
56611
24962
3144
10281
19233
4020
57681
43344
29982
25929
39772
14636
23747
54760
19452
47451
25174
22567
21621
39553
38558
18128
38092
59612
31875
47360
7385
14334
52547
37482
32345
16921
48635
59606
16404
22899
23406
45321
36198
18332
38078
20452
50363
15623
57359
52087
35632
33956
12612
43451
38406
26292
31149
17237
33169
11368
58109
53626
9946
20242
35004
48116
43895
21424
58129
12142
7332
39579
16042
12168
40176
44378
40192
43302
39077
33550
23798
30637
8713
14171
42867
4450
35719
38303
35729
57738
23195
31393
14002
35162
50207
49333
28864
28114
16787
21197
55369
40961
46855
57520
39373
36483
28339
37891
57077
49818
53995
47940
51310
20583
53000
15772
8628
21045
36758
17675
20567
13974
14059
26828
48983
39244
20686
22714
29389
51469
55532
8714
52031
22967
4335
25971
14906
15516
36811
18541
35409
56242
25126
37311
13705
18123
10312
32898
13155
42291
8251
57172
9949
50882
24367
16747
57368
26391
55378
43298
21770
53588
56190
23738
23548
29379
39796
35858
57523
30414
55554
38229
43735
56890
18527
13466
59521
42884
11681
32946
31788
50183
35049
20834
5097
15456
58386
33675
9142
44099
48554
44929
20069
4023
59214
11667
46063
41089
5343
13774
45429
53005
57860
52846
21275
34672
3280
5768
34838
24352
22411
56356
52559
57491
50517
49755
34832
51217
24671
26080
16754
10141
34085
26064
15830
33561
33445
34678
53137
59613
10141
6907
20273
14002
27849
25809
20683
11721
8485
13404
30357
37290
50667
40664
4944
22994
57892
36378
53240
9654
49692
42374
15320
36965
33915
20811
53967
45069
8199
56455
28740
41298
58759
15109
43104
46056
18674
54331
20751
48117
7384
4824
36129
3835
21031
28498
32684
3302
37503
34428
24143
39060
23077
49277
51685
33407
42039
26861
18198
19490
58067
51088
28496
20304
24979
15277
37364
33218
33738
21328
24946
39288
6877
23945
52822
48984
59643
51528
56108
14634
5680
45051
4699
37568
4044
53208
14830
45567
43578
52927
48029
39777
35806
53671
4571
47342
34736
33919
59243
51237
22124
22750
29946
46198
30416
28639
43889
45681
5297
24677
37493
59713
42059
20661
22577
36887
5249
45479
43743
33483
58894
26096
42333
12000
47807
16249
6039
17717
30965
37539
58671
6285
48462
17105
42512
4302
8865
59934
51099
53046
21869
28417
53323
42743
18076
7413
24714
56533
57736
11087
23894
4523
19772
8151
35113
53978
47228
9913
48119
36778
46866
34244
46580
44956
58820
45775
42599
26559
29151
28282
52057
58129
23015
23618
46533
50489
7012
34955
26642
20493
22998
58294
53998
13155
57814
25550
47676
17730
23850
29264
36720
25762
8882
4323
14443
32474
57437
24462
3628
6362
20983
40625
30781
17503
23885
47825
15409
49346
18134
48104
26375
38153
42009
28877
46964
14401
14027
49037
38911
48537
35644
28654
22914
22666
59627
56297
11056
58538
53762
29994
32936
27854
45572
54899
38171
14508
31271
55044
58655
28379
41485
35736
52525
3935
10524
25982
45806
11237
55625
22082
53748
56869
52123
42240
4031
19580
32057
13444
57696
20856
28188
17293
31213
20390
6795
56542
38660
6304
16897
17888
8074
30170
7920
26891
23832
44739
25186
23872
18143
18165
24677
58070
12678
41354
56525
49117
44170
10687
5751
37256
30725
39628
54573
10901
44049
46896
58228
52248
51210
5602
6116
17356
53714
13836
11918
41264
12018
41408
43376
49600
29032
33616
28800
48573
28906
52268
59540
53138
14884
7512
30077
14334
33597
19293
57523
30781
12610
35365
26223
54328
56615
51942
31721
4051
27124
21511
34340
24883
30255
27187
10882
38894
27777
43351
18440
51046
5945
55801
32198
44149
54835
35558
8836
43968
31774
57082
28153
7322
52130
36195
13427
22685
26040
29669
10215
15877
16239
33867
26766
39392
52961
26386
36621
17169
37735
7135
57162
46171
25502
38086
43846
33342
46728
39224
10645
56200
19319
7726
22408
29289
30770
54270
40093
43101
14291
15006
37247
18067
43575
3792
17198
26629
47680
19097
44612
46398
33186
18814
23566
6193
14611
46495
21677
54249
4746
46060
27451
18686
47311
35932
45364
15823
36225
14606
24879
59059
25836
7618
43712
19505
50861
19308
16204
34936
37772
27115
10499
4240
33706
28126
11457
56013
6489
45815
35657
32071
44685
58187
27681
12903
22604
56379
16808
4673
5955
47412
15068
43635
37626
17743
18677
59043
23219
39825
53738
50751
18080
13872
41699
11516
28134
26923
15377
42530
10327
5958
15007
50185
57306
43398
10059
33707
45579
34757
23679
12830
17563
54689
46441
33093
17349
34056
45173
20304
59475
58965
11737
34490
43410
6849
12144
38354
55720
34288
23833
44167
22343
26380
37064
21374
6112
22311
26651
19090
51557
24823
55996
38340
46819
52063
13067
11190
47826
38063
7274
58720
52902
57492
45128
43497
59779
25063
43633
16553
44926
18261
12681
31305
5433
47768
14835
42313
21538
15971
3751
6742
15298
39977
5841
4053
16617
40433
56153
37206
8948
17385
4465
59974
25478
50425
21213
7645
52833
10557
47801
53211
28170
40159
52639
43117
44518
25187
39545
45309
39596
19225
9948
21326
19083
40651
9726
9504
7109
41108
21648
6458
18958
37700
9359
29826
41479
42774
54360
53742
14912
58202
29081
38752
52127
14623
34630
19413
13386
18265
41298
55679
35737
16183
45536
48854
44065
39718
5684
39823
18487
43728
48496
6494
45591
49759
4637
6304
14598
43522
40394
22270
3653
37262
18450
9262
48819
42053
24415
33215
49465
29795
57217
57678
15007
16764
15059
16121
37667
29557
48677
49484
9795
50112
40471
35539
9027
39886
57607
6052
16691
18393
47964
31380
10236
38614
5388
28319
35559
48633
4418
17330
30452
5984
35245
38688
15965
32933
52632
3654
7422
56792
24037
15597
56574
46194
11075
59067
11579
27649
54561
7443
59549
27606
51365
56226
23213
56572
17762
9732
18891
12834
53006
15121
13354
36005
53236
24896
55978
58317
3836
16703
27767
20486
19483
35015
58451
33685
17585
36752
41866
52243
26506
13211
10009
38229
4751
17179
30981
54146
43133
50643
56403
35916
31958
22143
33681
14417
33965
23401
14963
38195
51748
46730
4429
7061
33877
39690
26277
21059
17029
37979
9401
9355
42629
19768
55941
50489
54981
47570
52869
19458
6842
55520
17585
54209
21018
38698
41040
50905
29050
36433
48586
33449
27727
35377
24281
26370
21496
47907
16776
31813
34943
24133
54866
6465
15371
8503
41959
34396
58317
53315
29707
10370
50325
42269
59703
52207
19433
9770
7322
38155
8273
25183
30504
46663
26935
22479
56926
42351
5783
19439
13164
31643
52193
34530
56911
39745
8278
55389
46777
14856
55609
9457
26924
13773
45400
11290
20632
10080
10866
12570
37342
25959
58992
43699
26898
49311
49247
39088
31583
49566
59541
20827
31509
48613
41387
46238
20931
27792
59291
34254
47489
23527
16857
3874
58619
23558
57569
41573
52834
44394
52474
53131
33127
45914
31429
29134
43042
29460
26902
59397
9904
48088
40849
37293
13662
58930
36418
55990
29985
17385
46020
27775
41293
32459
56717
14282
42046
13651
48615
16826
21452
59621
7686
16853
23171
54976
53938
36637
30147
18290
4250
5191
20072
26042
12042
28953
37234
59216
16801
25145
43219
5744
17711
55746
21410
47529
10517
47455
17513
30955
13198
35909
45306
4320
10106
58487
40804
41263
58076
46432
22548
43924
21432
26796
35470
25750
22702
57409
21105
48808
37003
24694
20049
58895
21280
40722
32283
42390
26101
17712
59138
39224
39126
25609
13861
41742
22087
53177
47121
52629
43148
35526
36177
8657
44033
6470
6966
40019
30806
30249
42905
28646
4465
32616
46342
7431
40760
10067
16640
50115
45916
16120
38847
14817
29195
12500
12791
36110
13913
58283
10433
25129
10565
42900
7293
37714
12991
43519
4245
43342
40445
52916
31206
42669
33141
42073
25519
44404
13090
14121
45087
12906
53649
45367
47028
33251
40428
17103
29320
56044
53551
43135
26242
6158
30100
9335
49209
44413
51515
48037
30693
42042
56995
6785
21587
28589
5790
13418
6567
29262
39072
43890
55978
50569
15380
18498
22833
53056
31094
35961
39599
41548
20891
49731
52888
36060
48523
46921
5855
46979
4274
31258
37493
41552
44150
7541
36599
26057
54511
35633
18256
46374
50107
24461
9619
49509
49707
40294
24356
47429
11742
56038
22322
44476
10028
15912
46942
25713
29922
23249
6393
56712
16351
27681
6662
37250
53671
23360
48347
21090
13647
50556
44102
16856
28564
47135
13249
4750
27562
23438
25152
19252
30056
47776
12224
45582
47892
37643
20886
49066
11717
11596
38714
14058
50056
53837
19932
19144
15698
29153
37226
23611
46260
51482
18653
5341
20742
45836
57256
26769
53773
44791
3336
52832
3625
48804
29870
34519
3904
19112
52744
21679
12237
56337
25122
18824
43806
53265
38418
30070
29198
49282
10845
56663
52120
24305
22276
45594
30527
37438
41338
24947
57950
3576
46780
58116
34332
15546
4128
14986
31537
13255
52990
17808
26897
57255
38797
23339
8794
57866
56207
19387
30255
34483
4637
46682
10651
14130
6629
50194
9722
31273
19352
7775
9856
27321
5788
36823
53209
53371
7402
27031
9210
11416
44221
45256
4744
44665
57773
49423
53406
10140
3366
38214
23980
17430
18275
18080
49517
55526
50987
35073
35395
11026
25035
59339
57200
8594
49598
20101
38110
15098
31493
22109
49024
53946
33316
15363
57637
31828
33307
38495
58524
31081
41438
47307
48661
42470
36715
7179
37122
44541
25723
31920
13911
22165
19752
11153
3095
49260
42518
15241
25680
50727
5709
59113
44377
14530
9544
49114
44283
17199
6266
28520
59283
55439
39989
47624
54749
10709
33249
12605
46983
42813
47075
8159
12172
55549
37791
37437
52431
57852
22264
24552
5401
40054
5477
22335
32286
32154
27079
16054
39782
59987
26469
50908
9840
19976
17237
27030
33018
23758
53301
51376
10818
37701
53507
9087
11510
38573
17741
15863
18588
50644
17724
45387
47451
39570
6576
18362
40536
30240
13762
58100
59779
41550
13617
6432
49449
43531
50751
44612
12557
33865
11679
4066
58490
55755
16255
44596
31224
38548
16765
11919
4389
25240
36342
31295
25717
14847
42901
19558
54741
48469
23580
54959
57722
53761
17360
17544
28042
24800
34295
55456
16539
4951
3106
36353
9085
28939
37654
54803
31154
51753
50985
51178
5172
37449
25036
25798
26214
6476
26928
56997
31795
46331
37913
50029
20180
8586
31573
53801
55972
58333
45735
40539
38926
51650
59897
25134
12580
51860
26919
25649
50652
25611
13012
14051
42435
48924
36348
40830
21499
52617
37242
34949
38325
45559
47750
5321
34659
42580
36452
46773
41813
14557
15467
58942
10347
26880
21183
34126
10507
20251
18818
43685
24502
11718
20688
49980
46554
43685
38234
55392
39626
23577
40155
31338
16132
37972
29004
6657
55339
48293
36266
58965
14096
35554
24406
11480
57658
30433
6906
8788
32712
53139
45272
44104
39411
21170
13160
10309
49738
27128
32563
13109
4700
40531
18814
43520
22961
39922
10573
53406
47908
40502
56946
19786
39962
17502
22605
43794
55749
35935
16633
48865
11686
37261
37421
9470
14660
22364
54698
59164
23393
49453
23184
54620
39804
38372
49388
14372
28626
52705
35198
50892
19002
51508
3243
48292
31426
4326
33439
45204
56716
29335
3980
49254
17013
48049
30314
39083
49752
21742
4513
44666
5135
8370
45606
55374
57122
29339
6387
48120
27359
55308
59730
15235
51411
53075
38091
5209
27292
12452
22131
23717
51339
43936
27244
4183
33513
53114
47314
9160
18606
37449
54606
39599
59997
8426
25735
34942
26669
53637
48368
56067
6641
10611
32250
22109
55957
57180
17033
5089
22452
16048
58158
55266
11960
40509
53841
58008
39247
50927
53354
47622
18189
11439
28063
50780
52432
18063
14580
59107
36299
35081
51015
8284
14302
44038
33675
53566
42280
31712
35523
46594
57652
54471
