1602
59391
17803
11903
56506
25799
43698
6199
58799
25005
3618
39335
58761
3659
41883
11623
15374
13979
35356
31843
44087
29124
35480
8677
11766
29210
44950
34618
31560
21009
8701
16654
6231
54243
24224
51511
24083
35809
49726
21961
3070
16422
16292
20971
5215
23739
30463
27871
43846
25285
47036
8413
24108
23691
54880
23426
46291
52526
35497
53252
26001
32349
59431
48256
10179
47498
40556
11903
23528
7126
43359
10136
54352
36326
27921
19273
46572
34296
51738
13236
17090
10439
40523
31578
32658
11611
47834
27353
58280
44063
4551
58586
54561
51897
38588
23764
54598
20555
37622
41559
33140
59044
36215
38922
29493
56099
7714
31657
4309
44742
43729
47584
35297
38714
44551
46856
21224
54050
51383
52621
51124
6383
42094
40939
33618
51623
25472
41959
3155
55496
5319
3081
4088
8177
52854
36613
27693
7021
42011
30568
49123
43480
43027
20198
31828
57471
45077
8899
32926
15249
52704
27792
24317
37377
27110
24722
12211
47336
58524
49802
31715
49196
36236
35773
5203
8856
47791
54181
59288
43341
15430
20577
16997
20866
59372
55243
36806
18783
14479
21505
16494
46129
8955
13116
12357
8120
4720
38046
58192
7352
36503
13439
37869
13170
43973
8261
10484
12500
8419
4936
40345
45460
53051
16866
16863
57184
34547
28817
38338
17643
30450
40519
43501
7537
3373
27728
24083
13034
11969
49825
25166
56421
17624
56311
13497
48014
28780
29053
41484
20533
42000
34376
44826
43923
7269
23256
48058
4380
11637
46819
50370
3827
52171
26523
53003
30755
27652
5697
39425
8739
12566
22354
19415
50787
6242
56578
53463
20348
21771
55445
48411
52857
55731
53441
27657
34956
47562
30810
48048
54473
10110
24479
44182
32404
46598
24956
14049
13653
48621
41077
13664
45659
15547
22648
32255
43014
17500
37073
9365
29641
44143
49481
20325
13909
53965
50371
15752
48968
49591
40388
44668
29085
14379
8788
10950
9533
39856
13131
25917
48088
36066
5140
19691
20306
22208
18489
58625
50993
6653
10018
47810
25559
43307
15881
56869
31683
55458
24094
53434
10415
9692
16594
49856
47134
18619
23780
18865
30882
38283
23986
30457
21225
11074
20371
5394
9667
31775
5136
8278
5956
20832
29075
5946
44545
43864
26707
50707
29994
23864
16514
58112
56035
49095
57230
40228
23126
50911
52308
24085
53988
39351
51069
26034
39238
31300
16043
44039
16185
59266
37517
51140
31872
7992
18280
18702
42795
20079
38793
6498
44931
10497
9366
34825
4271
11611
48450
4542
6097
29579
16401
50806
23051
59488
7448
10682
49183
19033
13962
45124
33204
17979
59470
37409
45410
48704
55102
10575
43094
18163
12937
33910
45344
17684
54100
16732
29325
13671
7471
21944
8162
25602
29106
21051
55866
18672
45946
48127
23351
38193
25133
19482
38207
46001
47195
7019
49450
49313
25484
17989
58573
31870
57940
8893
38398
56188
21151
55725
13886
58564
31729
18593
19703
21586
52665
34746
43334
13444
6686
45633
8292
18068
44881
11606
40244
43526
19037
30913
50684
29063
34927
17736
4478
50483
46842
54708
47046
56754
32898
51756
24189
37365
54554
58783
40899
21514
28403
58843
17073
3076
4856
54678
44167
4468
52110
28002
28948
48683
23416
32976
51667
54555
32270
25107
31845
12129
24240
45113
25419
15462
57119
48295
4123
54108
48126
34168
54804
10106
11787
59241
47801
36833
4697
41362
36246
16055
25362
26776
31919
8559
44278
9483
38862
19412
3716
10351
51639
41880
26175
33679
46172
13597
53964
25952
27814
44231
28289
35717
11090
35614
23414
3351
52613
39868
7520
24123
54327
27094
11773
42372
34987
52706
18383
20745
50419
4894
25106
47654
56984
25190
18939
51188
7113
37982
19134
33347
54391
23748
22349
9322
44308
16621
38902
52332
21271
5507
24109
20152
8189
33050
4583
18896
50973
50305
45839
5260
55861
24491
4373
58917
45627
41035
3138
32785
57817
33171
44353
5647
30725
44396
7826
18688
19089
18062
26444
7293
10443
28940
6398
24575
48965
52121
15325
19288
41045
27890
52556
3875
14135
58348
54419
21596
55260
26191
12496
52512
29837
22764
22250
38566
9541
47430
26293
45297
24716
40951
9389
30863
22046
37468
4346
29074
38948
9340
47397
33002
56333
11151
22995
32602
7609
43117
20188
15349
6784
12194
45334
44365
14107
10676
47056
27669
3997
42528
28553
28407
10357
25145
4760
7779
46077
24978
47555
19710
43056
41044
54892
3400
47985
23493
27321
26043
12444
56867
15040
4267
48582
40998
52138
31946
37855
42568
17556
14861
51472
12408
32627
53049
11895
41722
8310
41869
21295
41529
25247
16616
37955
45452
11891
14774
51534
52038
23465
51945
51416
8542
11995
23073
8555
46768
12815
4107
35849
22107
59373
54323
34457
14392
30820
46307
6722
8210
49065
23612
4335
7257
28487
59146
44528
32890
43141
10555
59431
59300
23547
31788
55851
3389
51650
14137
15852
5813
34408
52260
40337
52977
34523
43661
45269
13900
47936
38080
7971
38198
23980
31227
54353
21765
22763
22501
39835
15540
52445
45454
35057
33812
30366
48924
26239
51212
22173
18741
30538
50977
3795
3223
29913
40653
19660
11939
11015
35622
33384
33166
39336
35450
33155
37795
5736
55694
59785
6984
34379
33935
35921
4860
19710
45460
14819
39633
19498
18107
56736
33168
56242
6423
15466
53577
4806
57923
34421
25975
25348
51477
21812
58940
28770
39443
11054
8060
59166
5944
21986
12097
22170
10684
19557
7318
31418
16014
34433
58117
47430
43987
16845
19147
16302
22752
18071
54600
54883
5545
26578
41816
29731
54027
26790
21544
44407
19431
41656
54863
31748
3142
42137
3638
42348
56413
6218
32171
18440
36218
32920
28959
38108
5165
15627
42889
59513
57454
3873
34211
25080
9411
41432
32091
34037
32519
11332
9543
38428
28696
4740
58885
40073
16873
22363
5937
54675
31112
40329
43689
34688
54887
43265
37066
16067
24862
23939
14999
7319
33933
16801
15019
39413
34655
39249
12228
18254
24661
15526
9505
5659
19946
45450
13261
46582
27371
41535
8937
15530
48442
17745
22227
20801
48215
5556
57428
17689
25918
38976
10212
44819
54220
27569
44810
54857
18315
53785
54395
9035
46252
7193
20457
23488
13935
4172
29736
53886
49275
23711
36652
31836
28011
5133
8577
56143
49200
21489
14427
18604
36564
29295
31152
38566
52162
48930
49237
5991
49155
29190
50475
26256
46734
21211
33278
46775
29945
12692
16830
23317
18535
6574
42142
32948
34309
27291
42427
57988
24247
15983
20692
11599
51885
29229
28835
34042
35828
48752
41867
42897
30146
4705
31437
26291
27912
26946
3025
34057
42825
31167
17370
10892
47988
47420
33564
46517
13179
34807
10111
48816
3295
26877
16539
43286
16570
52736
29542
38682
19559
38660
32868
50341
7721
51988
54314
13610
42886
19139
27249
44853
9656
8666
19887
55233
16847
16979
53649
58862
27887
23328
35816
8339
53226
5765
33531
49934
31197
23939
25315
21513
9944
45430
24442
5762
59044
47697
16144
7677
15967
43354
39594
52403
36301
17251
27219
58170
34377
6475
33176
8259
39192
51693
10472
44972
53592
19794
51510
41487
5664
11323
4906
52926
14804
46317
8135
16079
29471
46606
59312
53410
23106
40736
31050
52002
7396
47105
23781
41052
33763
19208
12198
9554
32157
57659
43278
7872
7214
15112
59275
56161
5648
50830
7207
23670
48390
56496
17622
33992
11078
25152
27371
17735
4862
46715
31353
22720
48334
18086
41428
6806
16828
58024
59582
58475
15955
57734
33381
51631
35220
46079
33568
52448
59799
24556
3149
56021
19888
14559
26220
20165
43684
49517
31567
59266
31684
34619
31775
40426
56926
9124
7077
50650
40290
26693
23608
7535
32306
13145
26924
14322
35869
39392
25557
53317
57284
28650
47350
39075
9029
13129
50177
19800
34988
19442
53688
41118
37092
3099
52492
4263
15261
38132
24997
54653
36985
33346
49168
27984
11693
45909
17312
15920
46180
20643
17355
42995
49768
9504
57777
30420
42414
44673
3052
49748
28384
31313
59584
46525
28325
54199
16521
55393
8334
35558
37568
26800
52204
28806
49922
47756
57204
39393
8372
45873
35073
9315
31836
35271
48185
19975
38485
10107
16696
35557
12707
41368
34223
34813
32806
48693
33573
40025
50609
57760
5457
9769
6507
53161
17366
53099
38739
26078
30965
19409
37541
13962
36068
41543
20185
19798
8173
29140
24791
22995
28000
28340
15373
50139
5112
14311
40267
28196
15631
54599
47272
32893
31184
23967
18155
21896
11107
14956
15814
25459
44168
32359
26125
42576
31743
36951
25691
7647
17616
43803
28147
49997
54716
11246
11772
39996
11561
44697
6114
15239
48773
3830
32021
53631
37035
5689
38430
40676
13101
37079
6670
3675
8955
17425
22259
15112
45187
40449
48645
35361
55731
14803
9647
11948
56347
43045
31513
50279
27042
43046
55930
56868
19856
19275
9741
22589
23594
15605
23031
51798
15389
19486
24754
18587
4185
12701
36366
47177
58964
40808
39843
55793
24014
59715
32457
6522
52373
12764
18797
29458
57179
46119
4978
30844
13912
58249
8447
39009
46714
28239
31167
24485
25688
45180
48296
56266
55659
59169
50930
15722
11325
19437
6955
27850
35464
28230
13878
47201
57648
39122
54065
57616
29135
57201
59544
9629
45652
35040
30914
29103
48673
54832
44750
12729
12896
56047
50690
9786
56557
18917
8057
13503
24385
34169
36510
15061
31405
18310
13844
46374
19152
51006
37882
13514
52423
9522
44647
57041
37028
13873
41494
50655
37317
3692
44369
11816
6310
6441
38197
8727
42465
15693
15506
49686
59154
30283
41165
17046
24189
37810
58721
10908
55084
18182
43734
43260
27644
46218
27512
48282
11444
59454
51192
14145
8676
47169
50696
53952
59354
19971
41763
58954
52006
21218
6570
58323
16962
49014
27588
5127
9748
42286
58564
57394
37011
52177
27201
4779
56911
5055
56645
8721
5530
46692
26037
14098
21121
49497
50521
13615
55471
50724
37438
55688
44172
20591
15688
42602
38831
56134
13797
14816
31444
42475
54588
37197
12643
13004
23323
26567
22128
17943
28917
14334
32722
47978
27340
4511
26018
32154
33177
11125
19759
53297
23106
43752
37371
15856
49997
13848
4983
27908
23870
21661
22415
35207
29643
38212
51168
