2162
42152
39735
32961
4887
15984
16948
24486
55173
42397
52124
12761
18155
52892
22633
16772
28125
55058
30946
54923
11954
17356
5855
46194
9051
36600
58131
23205
43811
10563
5112
50755
27719
19354
21911
5764
11917
5327
57360
35871
36077
10498
14043
42017
39035
43928
35679
43474
59007
27291
14567
29154
6031
5829
5334
44986
11847
11142
53005
56278
51929
37398
30957
56898
3736
27633
46849
32088
44887
11131
14816
50586
9344
55819
28436
10616
23180
30959
17619
27106
9506
31124
19876
43470
51525
27691
52079
45495
28793
56974
10600
54738
28723
34669
33008
30440
13323
35724
16311
45101
23345
29567
32289
43950
4282
43594
21853
41511
26728
43569
3061
12022
15786
54397
24509
14506
40210
17965
4156
40720
30669
16922
21117
24926
31232
31592
54554
23713
4864
45751
10224
53318
43878
21967
54272
56784
34161
18560
14127
6497
30569
17243
54072
54625
50124
23734
46154
48168
9542
57659
5227
14586
37350
43322
36626
58357
27530
43368
11406
5264
29251
54591
29051
11860
14116
53099
49802
12168
32433
35807
40816
30066
3133
5303
14371
14830
59466
5230
32953
39141
20059
25540
37958
29715
49858
21411
13477
27181
18940
10886
15543
24058
17276
41463
45640
40403
49797
32587
49426
50200
21501
32630
25789
16633
45200
59146
12862
46423
10067
16982
43805
19260
24800
54422
47742
3532
35709
32746
23025
59983
36568
57525
36771
8633
54163
26410
55913
39004
23833
47228
15995
30757
33555
54633
5114
23939
55606
19518
51126
35022
49556
11916
34149
36195
3442
53204
18100
21740
8044
58719
41981
53850
9369
25192
35825
7562
11169
22732
36388
36635
56180
30609
25175
14526
13069
5337
19126
23150
16784
21782
36922
30986
5886
49718
38223
23516
47694
27698
44485
45246
52553
23864
21046
7670
33756
7327
19473
54950
54172
6496
35582
51851
8245
36698
20918
35828
15875
21500
22695
40736
17076
28883
52298
34778
45045
9037
25743
45435
44298
28550
18229
37524
28913
27936
47144
31555
9586
21180
54745
44869
24452
36874
29321
4110
36988
53816
30485
9176
39874
39180
36625
49149
53045
25875
15566
35746
15486
20738
31888
40547
29828
10463
9481
27500
53251
7815
41872
4815
30710
39619
38123
40483
42412
31302
15486
33488
3660
12698
59722
55521
4246
54138
41520
31872
21642
19132
44326
33218
59358
10317
13471
57920
43687
23922
12669
13356
46398
43771
5743
15445
27786
32423
26646
59102
38892
23541
29004
33308
9172
38409
45237
34971
19865
41366
9542
38608
42319
5170
59335
39377
48266
35415
51299
11118
4010
36062
25288
47456
6138
13325
24717
36161
9029
25480
37411
40669
31664
36861
49502
9280
46809
17720
3852
44154
13316
48135
24770
37154
4725
15066
35159
17435
33114
15266
38121
57669
49168
34230
35505
28814
48797
57373
4976
32610
17796
26075
29176
45397
35074
57526
27517
30640
9629
47293
14263
47259
41908
44857
43037
18386
33265
27478
26649
47746
8465
13722
9109
28430
38082
44760
58804
58000
27516
20522
23695
43552
30870
26022
16132
10566
39539
35804
20389
26328
33911
34313
32824
16305
43013
47435
32773
59716
27347
31353
9318
41341
57032
26073
34696
23331
20935
59942
10621
26370
32719
37783
57288
22000
17732
43816
45275
22921
13086
48689
15449
36828
21509
22970
38705
34428
44375
56288
54198
52948
27596
11373
9322
34515
22522
38615
30450
38264
54426
26450
36296
6028
18187
8140
51198
3110
51037
18916
42429
53351
32356
45615
41356
37090
20082
44595
25743
34247
3482
50003
23433
33526
5666
57169
43930
14034
54518
21075
41614
40393
57999
52464
17884
50957
15395
14953
51973
14935
47571
44666
49518
55548
18337
7913
31341
12048
52579
55185
48057
13727
47526
46519
24173
57497
32926
40885
55983
22539
55670
16560
4303
54460
39153
55763
14669
10588
38870
37510
55855
56022
9982
45056
39443
35603
22664
40557
47683
59944
55721
50343
10451
36122
38881
36567
50263
37082
37716
27872
6861
40721
15681
29882
27394
34310
34583
41320
17663
49585
37743
8286
53570
11011
3500
20428
13583
38950
57580
56744
52470
24839
13920
39619
35003
15425
41924
7816
29604
38640
4188
40627
58726
52476
41079
19585
24156
18314
6047
32543
55894
26380
57968
57221
40707
42683
11486
10331
30886
34715
14113
26058
59608
39434
40161
48141
50152
28662
59787
39988
47297
4140
21358
3014
3914
17275
46335
27350
32292
4377
42418
57854
36405
12701
39143
36230
5378
13377
42843
57020
30894
37039
48634
16554
20582
32568
30411
48515
49492
57829
38100
46853
8450
39925
16462
46453
54356
11968
8763
54648
30006
21906
11660
51506
39689
8842
31978
35615
31880
7705
57895
10277
47294
26970
30643
45483
14777
26607
35874
32440
33937
6632
54014
23390
35901
28708
57867
40164
31640
34794
57430
32118
51918
56721
14945
14459
21940
6113
53124
12881
57029
14748
58447
9219
20641
44227
15910
5776
25086
31814
6667
12823
12509
8060
12745
55974
59176
25897
46406
40996
32555
35686
30994
24150
6325
32021
20398
26069
54586
49479
7618
45676
19483
57610
43498
45965
17120
44681
45869
18772
8611
12205
17350
55158
57029
44696
53887
58415
17776
21166
33833
39451
22436
10102
55735
44769
44532
35489
51614
40535
25028
31599
42577
47454
15585
25702
19158
32478
22295
51094
44117
53462
7655
38532
39618
31793
32358
30289
3973
29891
29335
18784
26177
34501
21111
19998
54690
33514
52368
48468
35439
32909
14862
31292
42569
37589
24279
40126
55813
11383
46544
23600
10534
56911
42682
25978
15871
15853
28648
10615
19084
10172
44631
59449
35992
30554
55832
13037
23527
32472
42149
3283
35613
30886
13323
57632
53621
19589
20746
41967
19838
24053
49206
42242
43689
33958
23178
40250
51163
40866
7295
33419
5167
57844
11537
58124
21918
36756
53082
6699
54639
56411
43178
48692
24915
9532
28285
5165
29080
5832
18639
48414
33452
28357
32548
57057
15269
7050
33650
44174
30122
27235
31839
8042
15446
58229
11209
22823
27998
20947
3189
43080
15605
48033
30266
39763
45189
26371
34348
58286
59520
46321
3128
13383
16125
21153
27034
56927
11107
37227
44533
53226
24500
37156
46393
5938
3045
10015
36702
39626
12363
16652
22750
57682
42457
27662
12634
53043
57225
27100
26492
55844
47255
14243
50753
55216
27835
16535
32634
46829
45727
14347
8892
15276
15685
35965
6720
38756
17825
48474
7418
39806
41136
13029
41343
56064
44617
59415
31357
45455
34685
37718
37727
21055
14786
46463
50174
39504
53031
13421
12586
35086
15795
52019
39223
51629
21892
14392
58411
57215
4665
51488
54600
56230
13814
34726
32490
41320
11774
55041
23919
34387
27977
28025
29914
32932
7163
10186
54687
55203
54372
41523
20917
13550
30282
28310
55995
58431
32878
35037
46236
23931
5272
42067
4465
24389
37006
31999
3792
25692
7294
51507
16323
59555
46152
34818
22514
8078
55456
6924
24275
32263
23146
51181
22800
34737
41692
22195
17576
11710
45412
57748
33375
29096
11405
45069
47754
7953
45656
25632
42817
35684
56326
17462
9035
17668
15388
57579
47001
32157
20390
48628
50115
27542
5776
39762
7815
50231
46697
24379
55756
23503
3224
5257
52844
51786
53254
48805
16068
55438
20373
13574
55872
46165
38656
17213
8029
43086
24012
9761
53900
50046
12268
33349
5362
36608
28367
36279
25577
22537
17967
3781
24027
28551
51877
31848
25078
14556
46783
18075
38873
44678
28450
58898
51828
19190
41216
33418
7833
50935
44267
11963
22658
7696
47635
18951
32714
9635
8626
37380
24990
36155
28009
22983
53517
48001
40380
8863
40552
42678
32907
46445
36343
11223
43912
8276
58959
53158
25357
40326
11739
35363
28755
12852
59614
23532
34633
8477
50830
54835
43820
29608
49722
4691
35916
35964
22713
50973
40464
48835
21071
34571
13183
21121
17170
29946
57809
34624
9769
5950
37642
10079
40862
30400
59539
25307
58033
11199
55617
24320
8403
57618
3238
39497
31798
49752
4457
28248
21059
52872
44013
57980
17602
51731
57103
10633
28622
7507
10171
49248
59448
48824
19967
42491
53774
15029
37550
40112
29723
33723
8252
9663
3475
16186
35238
3724
49318
37742
46211
29139
31838
31090
30959
12914
4725
7785
46119
44951
21045
14024
15478
52986
47523
31224
41131
10957
41858
29020
18707
29468
54393
30455
37437
9843
9645
9292
47215
13950
39323
15425
42978
43106
46055
37349
15937
36439
58963
30887
16426
52498
5066
49181
17498
5814
34222
40620
23216
15902
46532
16727
33540
23799
21335
7765
33336
37110
4245
56850
39469
53415
21169
48600
50081
17868
24636
48994
12171
21801
44551
3355
40001
23174
55432
19396
20593
54887
22929
27516
34533
44113
9020
50979
54567
31568
32886
37748
55187
3967
58678
16896
10265
8075
38242
55835
30929
20141
44437
9052
46010
41073
21737
5790
5103
12057
34165
37171
22982
50104
14712
30275
30062
33468
34671
11817
6088
40466
13250
48613
24146
12752
15857
42836
52194
49849
47952
44006
54336
51005
46123
18028
35925
26896
39810
47163
48151
55465
32901
51129
56344
8436
8928
15824
43582
45416
37232
49391
22674
23272
13561
22047
46152
50113
24283
52259
31951
37257
37474
45623
26213
47441
7522
27474
53521
59747
4761
13659
19660
28359
15276
26601
42530
10351
18990
22832
18853
38678
48295
20994
12500
16935
17608
9323
42483
9577
13763
27833
31427
11057
13897
25711
42934
25800
47877
28563
54883
53547
19892
31204
53924
4730
38126
6918
25003
28355
42790
54698
22495
44934
16063
13814
54821
57328
42774
14483
31094
16169
41297
58935
47367
47382
3401
26365
53851
40934
55357
45093
52772
37929
18598
46702
59643
14766
24121
8795
41103
47887
10925
27776
39667
47263
20821
3752
54109
26045
45048
44519
41068
8277
8161
44835
44138
42079
31131
55710
16297
8596
45597
17249
53198
16830
37290
26807
47602
30873
28083
9437
10659
23109
15286
22593
50898
7483
36842
31969
48409
19393
43886
31151
35035
48668
27972
5326
26509
4889
3435
24260
15652
23617
28439
10588
3040
28642
55021
28854
13142
13643
23020
42155
25491
55908
27161
35230
35581
44572
14054
56769
36217
38645
26066
37311
50736
45261
37294
46824
6251
58013
51709
52056
24996
24958
45477
8538
46055
9295
20668
26818
34517
41393
42184
23506
20682
29268
54015
39835
41460
34610
57607
3975
28595
23444
48901
29007
4870
57680
13493
41468
19498
14535
49775
49959
52249
14952
41547
9415
35495
47238
53107
49833
22505
49515
43824
3481
39686
30969
39227
47778
41785
30358
37705
33937
7150
52718
5595
27147
55878
22350
35078
6465
6773
49769
3280
28917
42024
7548
50306
54970
36080
34477
30503
16088
54544
20162
24174
56069
59456
58016
31999
56636
51081
16876
11459
4230
45408
43741
45667
35663
23265
35033
44749
46291
23457
16762
44633
25297
26752
14099
39453
13754
52622
56236
28589
8452
19557
40693
36200
27128
21868
35634
24571
16717
58594
28344
37456
23703
45415
54531
41939
10560
55789
54421
43405
27794
25399
18287
34743
24693
28241
56613
15632
6374
30164
27708
57899
5091
27020
44434
20269
11896
4569
48430
29367
43200
20335
59352
32532
10486
3046
44833
49892
36459
26647
21100
39479
6619
49310
38222
56352
41665
50436
57988
3237
25692
35124
50563
47913
59902
12181
56195
48343
32316
14355
45623
52735
41688
3078
17094
38198
16906
32885
55740
18250
51001
34508
27701
12869
29488
49760
14880
15203
16051
7981
55334
36020
44064
49452
57975
6816
24921
19429
12167
13928
12523
9543
26417
43357
8604
47566
49273
55874
24988
41280
11530
7177
39802
14644
56375
35570
52893
4067
45987
22033
12450
44132
20818
17908
41996
47637
53142
28917
12026
55983
53621
48022
5138
47197
34225
32028
28306
54274
8934
50713
54739
18213
34608
58728
36359
58844
50476
13139
21630
22108
39569
16507
17215
35183
39783
31866
15087
26390
37253
17870
5951
56849
43761
34601
46950
51619
30350
42528
6632
24435
4428
31924
52812
24677
29181
13135
39246
50389
40851
6374
43967
32897
50982
10018
33957
34147
31255
12587
52527
28891
41922
10979
24175
59314
40614
25892
27941
20568
36120
45732
27352
8985
11180
17884
13575
49010
53121
37780
10431
9225
11636
33612
57212
11622
50520
57644
42141
23890
11786
55103
35841
45691
50675
19163
3242
57672
44091
48492
42539
51790
55730
39900
33017
7714
42071
41001
35677
16042
4603
21914
13575
13318
13802
10827
23406
29804
46337
31806
23656
51786
38090
42046
58576
24273
22535
19507
8997
30250
39741
58767
8424
26887
15857
49461
52199
40410
17547
58341
56294
39036
36630
50429
5341
12659
58852
18558
51573
27299
23177
48122
40632
51046
16466
40162
42033
39632
52605
24925
6910
11474
18315
50007
20149
28216
51082
11331
25354
33227
26968
23617
4048
18516
19040
24429
53309
37822
3141
34548
28672
32832
49919
43274
41113
7721
21361
19075
51745
4289
44789
51313
37188
36079
31962
16120
19259
19751
57466
58888
53363
50680
20853
44100
7204
37557
8538
5860
4447
11946
13289
10976
34023
46469
11734
54190
7358
7768
3969
33624
57947
37564
58152
59077
15430
16807
12237
22534
33000
42962
53285
32464
28185
59877
21883
37379
27058
44214
16617
20985
10533
45254
29155
3640
47970
14566
51587
7483
48952
21222
7380
33591
58295
49521
44158
8817
57051
43032
47924
42962
20731
52617
56188
33510
8313
12375
44285
33517
6404
24665
51925
57585
30781
7152
19584
52321
48285
40602
40844
11104
28812
5574
42034
43134
37096
58299
44926
36480
39350
21780
42365
46056
36306
21255
47573
56608
48823
24396
55725
34161
17098
27744
19648
59113
56260
52544
55748
45968
8123
7997
34630
42045
13677
23528
12432
31757
3356
12041
44950
24825
10136
21339
17028
14990
43834
40196
21108
49804
12205
22526
37050
10765
