848
18151
9934
22120
55594
20112
39301
39034
28795
31712
12834
57591
15444
52662
52565
49209
59271
13439
42586
45634
20542
47577
27928
54834
7150
49605
24610
37112
58387
54520
41738
34249
12505
14780
13681
39974
43375
33485
42389
45861
59425
56200
6254
16665
59695
17567
59366
52253
17015
13361
9165
23410
10146
9712
53235
55076
7089
36938
16541
20264
19960
18273
59872
59560
28952
45843
49342
34958
26663
30059
47278
16130
45952
29191
41925
15907
54825
56575
42043
54172
7867
16148
23648
56424
41329
26842
6760
3711
58942
4868
54039
40283
32995
17252
43211
4272
24482
55219
17926
13350
54559
3368
30768
37533
16769
39325
54322
6874
39946
44807
35152
29904
56472
16197
20423
56760
53450
27394
12192
27532
35099
8056
21086
58684
47680
30005
31564
45578
23859
14583
12998
27622
35931
27281
56720
36812
57820
10420
12770
27554
58718
7901
25374
51322
13017
12964
33983
55660
30057
16923
23624
13467
39047
42680
48603
28610
29927
8181
31296
11303
9460
6698
9474
4514
33917
27948
30858
44651
32641
7697
18938
59584
46171
31478
36188
41331
19194
10755
57630
39031
13807
54406
46431
44345
47629
45123
30565
13086
5543
50593
53713
49509
11368
14951
36996
56140
37826
49393
47371
10795
30550
53921
18110
15471
5899
13760
5475
47983
28318
31875
52519
58224
32051
14073
49199
59733
14369
48038
55019
9622
8812
18589
5704
22473
28464
10703
3661
15202
11853
57118
12380
43270
21396
26469
47046
12056
39828
59942
46375
12661
20537
18430
45919
51947
48109
8719
29912
3248
22136
48476
19812
38299
48847
28185
8813
41204
26688
59350
15619
37010
31421
51325
5508
39567
36743
9871
36810
36622
37423
48364
13597
18233
57244
44648
51450
11131
51871
23232
29573
3476
47972
33509
23599
53207
32584
35746
12401
24442
6164
48408
57646
52886
10258
13595
14990
52033
55921
44135
41668
27007
10148
5445
9735
34575
51583
36911
32154
48612
49358
17024
7095
38521
36575
45296
20542
28298
45519
4034
4479
30403
3480
54624
35995
21288
4591
11682
13746
58317
44042
47079
36519
17849
53076
25835
4992
43013
40933
15191
25986
25650
31916
24262
55633
12610
15391
3258
33876
29202
55074
33935
5174
25916
17711
49598
3904
10103
54967
55855
28759
28472
30625
49114
36884
21380
17643
17280
50642
53049
46010
50743
55525
45280
38381
58500
16870
40190
18399
36199
36478
59095
23718
39499
9678
37005
9673
36355
57251
16270
8884
36042
34733
47575
54304
58963
50786
22886
52220
48268
48869
39823
52891
57522
22182
40832
31949
34338
37231
56875
26643
19765
6086
14679
43734
44923
4505
5310
20476
4196
55442
40533
24908
21008
7064
31593
13071
10504
47860
30534
32033
16066
29056
5271
39539
14013
5258
20102
49499
23543
46256
20933
23934
22200
53001
14489
5466
46119
7128
18098
15204
55484
34021
26450
14069
46611
12830
11502
6393
30527
25361
18053
31615
43152
18510
40149
53968
15252
35243
3792
26795
39171
50224
22484
6118
44479
46457
23364
24919
14723
47769
46821
38931
14953
13002
27072
20038
49590
32499
57377
48391
33331
52040
43167
7460
40698
32008
54377
37092
21114
34790
8712
44792
53709
9016
3127
53427
39890
20283
27593
57469
43371
50043
37904
43720
34369
11851
42482
51430
47642
28588
10768
31309
23697
28547
30035
37123
46241
10935
27245
19120
46881
5346
51707
25591
45445
6772
41363
29945
52564
41866
36442
37960
51013
21554
17491
39842
14297
35806
12884
42699
37627
46971
51879
33247
34539
44173
47099
15491
29704
6832
32540
23424
9079
4783
27949
54253
33065
51209
20523
44750
28378
53717
30346
36107
42606
33443
42595
26245
58361
51078
18879
39358
3991
7478
7990
39628
54494
13977
44866
26237
15519
25949
35273
17925
56231
47418
37071
40294
18859
32823
7940
50771
45029
59304
4349
56804
21863
24615
28473
10271
30119
32050
13695
27199
16337
36958
5264
8732
28787
54931
3788
14278
37149
43423
28135
30828
20847
46112
21404
33768
50172
38706
51410
55907
17237
17222
47462
31086
59944
30906
56698
46499
19638
57507
23043
43615
40266
19236
15378
11077
33091
49697
20999
58946
24281
53413
56910
29518
24518
38559
8203
13299
14631
56926
12249
22275
7034
37193
35254
28153
16061
44260
56718
27823
50364
9847
33419
46513
4465
37636
15403
4691
52521
48367
56517
13628
10213
14330
9082
36884
50150
17303
4978
14112
41382
37108
48605
4030
31119
58153
56605
51313
5933
39465
37693
33351
8430
32850
39249
38802
40773
45719
6306
17494
24133
3441
46295
27115
24268
50765
50684
49723
19087
23005
53916
19187
35003
43612
5489
4142
52155
44479
8127
21565
19254
48672
46492
58703
43319
46527
31578
18893
11549
51147
5202
35280
59863
39757
36596
32641
44956
35963
44386
14871
58777
10939
50477
29195
58840
29665
53059
3815
45009
3988
6001
42232
57811
47677
43019
42620
47663
28377
29754
11106
15209
59512
44981
18087
29548
18756
16560
56047
21190
35476
57440
43140
57624
40794
55963
52037
22350
59443
55679
27269
11322
30726
12123
11566
8460
21391
35514
18373
32538
12867
32411
58912
17971
21311
57949
31057
35209
30957
41774
15883
23111
16246
43592
39230
17738
13451
46138
45353
34783
36969
9269
53262
54014
23361
4294
16147
5642
51054
35335
16763
36489
10600
45926
21200
7043
28236
50099
22811
50643
4895
49171
4397
21110
45836
16671
47594
