192
29852
33984
57474
56150
26039
9690
29126
26255
34930
42955
29793
24617
32950
49047
5383
23237
34366
16148
34350
33269
30147
17430
19757
6696
7765
34701
3440
23938
13164
18600
9907
44135
9036
39324
8610
55587
56335
27664
50743
26602
53384
4750
58315
19350
6562
22743
28734
19996
59176
6066
19481
25382
52988
30198
32829
47469
54463
24437
34053
21145
56808
41062
18882
24661
40698
58917
35352
24707
57261
15951
57787
46419
46721
46635
10103
17213
53909
15073
46269
24396
33202
5072
8076
57995
41864
6670
18659
18280
31465
48507
51523
41654
44948
33258
4642
24729
22986
29653
21400
43340
48050
23250
23288
54513
53644
4687
54434
38064
18092
43439
38249
48376
10466
4268
7981
44365
42791
19898
58307
28324
16400
54822
4029
24197
25812
56319
46797
52368
21422
47356
13539
58205
38109
49163
44122
7129
58947
29748
6630
36866
45834
12563
54906
25000
43054
27416
22773
16033
9284
34795
53026
19600
21648
57134
46272
45819
37810
24721
23302
36085
24588
28654
27523
4068
9079
3032
27934
26062
58290
57358
56531
15038
7348
15805
12720
20877
38293
32127
48942
44788
17180
58571
38065
27998
54696
48813
27270
29217
30710
47252
23710
46199
