987
40102
37862
39372
19043
44310
36637
41688
7481
16858
9482
26062
47359
27098
56830
39417
34758
46683
19647
57565
32001
3581
20122
4560
48835
9306
33240
3327
21877
59523
44326
40229
44330
14857
15423
46560
18768
46036
3374
9829
20501
37557
21200
3093
45669
11788
57307
25262
33284
13332
25618
52946
15251
15228
4651
52575
25078
27832
55839
4055
26798
11918
26203
36441
21901
45354
31029
54779
35784
46189
12988
39108
52692
57432
4061
40006
15783
31317
42860
41406
51124
14382
11475
54707
8050
13722
12025
12294
46316
35817
11340
40457
37016
29269
18852
47421
44771
37187
43029
39469
25189
33376
36088
51359
45442
28648
33354
17071
32619
58357
30510
8605
41274
38743
37498
31556
54419
7674
35443
45240
41250
39164
10137
4510
36340
14676
55470
32818
16533
29498
7537
4534
34065
11843
23687
7039
20763
54331
29671
26762
15474
7837
37542
25165
28515
11115
57336
33694
56562
26237
52549
49168
42591
53242
30955
23808
15570
4968
48265
18096
3222
10551
57981
8688
3950
58906
56378
24548
45076
13874
11663
53576
28521
26820
43610
17582
51324
43003
31304
50281
47314
4107
47824
14552
44443
57666
23206
47476
29819
34693
59303
3880
16139
13723
47612
56074
51906
17954
53049
43610
15857
43688
45970
34178
39445
48485
13723
42167
33778
6295
18904
6580
48452
13288
8873
29119
50739
21616
46715
34111
22532
21858
54868
37393
59030
14840
37041
48777
7804
27850
7329
28795
43143
47609
9825
10968
7765
12652
13211
20998
13539
42396
35089
15051
51035
8466
3691
25164
57976
24153
44509
41815
52649
20905
19865
33407
40590
32158
46306
17227
21891
35239
32968
4684
38851
56797
7025
23420
24598
47004
11508
20820
54845
18047
7715
40644
57385
56773
26519
41347
49239
22158
19872
31229
7751
5506
54760
56351
13308
43106
23145
25770
46421
20202
28844
43749
16440
39997
32456
32767
11044
27762
43904
50302
6321
53402
58792
53021
6473
58895
8248
38525
10245
51932
23639
37434
12756
38088
25058
29758
55960
4141
28514
21632
41337
30495
46462
58761
10454
15141
42287
46299
46838
58462
16551
55175
27971
48540
24406
34587
11512
15287
27241
43064
58277
32039
10036
46712
10545
28581
54115
47624
53580
7224
52085
10890
36367
29834
31663
35652
15584
59394
18695
24262
40228
25384
13924
27003
15617
37663
55445
42437
15978
3612
56155
43333
56868
37380
59576
36393
8498
9276
41884
19232
50245
30212
33184
53231
59835
21244
50359
39499
50776
29852
43194
38218
30905
36042
11551
9360
37584
14933
33482
59709
18195
24989
15478
28443
37474
53812
37963
19130
24178
25286
37342
13711
6465
50041
50753
17310
40270
10624
48961
26675
5030
25702
23411
6356
15558
18119
7484
24668
8384
54012
3041
46628
39288
9186
31922
12928
8968
25084
50062
4256
8227
36388
6106
41204
25061
12374
55567
28681
22087
31309
28872
48973
25851
23431
59373
7791
49706
49901
32229
7766
35863
10975
43605
43821
45168
47003
33005
51629
19218
32589
54884
9901
31726
20372
38743
31315
58015
3836
57130
43838
47093
47500
54060
50378
54733
10795
34745
24033
30458
11109
20934
11347
3038
22584
22461
19935
15174
58625
26507
48004
4375
3778
50410
8829
23633
52398
32410
17755
56606
13375
32069
46454
3499
57147
31074
46548
44503
27056
12381
35975
22228
49427
44539
18969
48274
20177
4378
3201
36248
59958
33570
41117
14972
9073
50653
12995
38303
53795
25705
51408
8338
32654
54487
14708
13743
34509
42039
45152
12808
54527
29656
9607
25148
44974
33387
6660
46564
33018
42198
52916
20684
14704
33620
24499
23846
18996
55491
47671
19843
20878
21925
34178
23351
29697
25165
34611
58214
38601
6905
46392
57135
41441
5572
36669
34308
26445
20781
59216
11161
57150
14132
34091
34531
14794
30585
51054
39782
20168
30307
41028
38125
34351
29852
27114
50904
44279
12221
18852
57176
8815
3876
53681
29143
12066
25281
25009
11776
38310
7783
24270
38839
49103
37136
10788
6969
58657
52287
52500
5013
55320
43943
51472
23610
50914
49741
55693
19603
39250
14736
43031
19412
42450
56875
34272
55002
55644
24515
13068
43364
18129
53294
31311
18668
24066
9845
35174
32323
3989
21867
6579
35315
58026
5808
11542
50805
27553
29420
42921
13818
27038
4647
5871
37306
30943
30232
27718
47144
48372
39154
54265
46998
38329
22823
59876
22812
15984
50310
4275
56037
33998
47777
40480
22021
56939
58503
32653
36858
24586
26146
5024
29442
57084
45761
55920
12308
5464
29670
8302
6401
30592
23267
42202
50317
56877
14040
31047
53655
3193
37061
12169
31105
27484
59500
5103
36698
49276
42670
51992
59283
57697
44612
41066
28384
23711
49685
16754
45526
18027
32046
34880
58106
26208
12059
27823
7816
33760
55777
59324
51223
51587
25385
16430
28154
23709
6950
12932
56840
19493
12568
47600
28540
20900
6500
25126
30640
18080
36334
23923
30403
16870
17551
36817
32601
37041
55525
30166
33249
6286
42930
34289
45426
38716
36575
15133
52733
14692
25458
21381
25965
46512
17367
48343
26213
19848
21648
32821
56059
45190
33605
56069
32906
4998
13585
22482
16978
40166
48733
9984
32256
59549
44058
37424
38347
42184
8249
54390
55065
9214
37476
20517
29692
20624
28270
48532
35872
41695
6684
38980
43782
45633
27597
51517
7062
51947
52633
18292
40718
38319
51500
52443
59798
59926
50848
52144
36192
33404
21990
18732
13569
52348
55501
22619
51001
47804
6535
50252
23156
41911
34306
38244
47235
30974
6560
20407
26874
3710
24087
29199
51315
51306
28763
39981
20014
40598
4744
16763
31072
37967
43529
30156
58055
34930
30150
27125
58165
53033
10578
32290
57857
14585
17221
37332
17455
44151
23900
39497
40673
10894
51992
37431
10883
16258
51610
32486
6798
12006
29565
20949
29610
10958
50279
36421
29783
17466
6125
26976
50341
49848
22579
58801
18136
3098
20965
24192
57349
30691
39295
18676
55844
55694
45760
35254
22247
48532
51669
28784
10856
4906
10930
53030
30339
17372
10546
34792
3743
40670
10011
41011
5734
46973
58580
33311
41495
11881
4417
57986
20306
22866
49364
32936
35310
34855
49921
13026
53365
59484
34649
44664
46517
32038
22610
27296
43527
41499
38314
15588
16462
55503
54223
34798
54262
50276
50889
31613
