1296
41426
21921
38363
21435
15486
20098
23638
4503
15237
38980
38984
56701
42410
35078
18650
36327
11779
4901
13018
7698
15093
33741
20340
32855
11660
5780
46413
58363
52234
40560
30097
37791
48616
39376
15718
17760
27561
53973
27292
40143
32234
14155
18077
27106
18238
12082
55902
55140
44540
51078
39897
51483
43399
58991
55017
4341
21754
57678
30997
28753
25986
33671
41106
48881
9001
46125
8669
50954
40192
34594
16304
33072
36168
57097
26512
40906
21945
25655
11423
19828
11715
48051
4514
6871
11652
57744
12389
57963
45687
35615
11791
15804
54464
22778
3166
38669
8597
51379
16923
34669
30947
53201
15917
40399
13534
4064
16672
26102
42876
19142
54432
56175
38754
6024
10106
52066
8496
48178
30693
25316
56584
31124
51974
19433
24641
34079
26201
11763
19040
36407
50257
40219
3266
42147
54378
42999
51357
52693
55905
34380
23351
25438
52388
16570
42324
35537
24312
12674
42814
27573
10807
14464
16062
6339
28631
45582
26048
56020
28891
49091
34826
32801
19860
32135
18921
6108
34322
38637
38182
35166
18691
51792
58855
14288
53772
10496
7281
8628
51477
38067
43469
26039
38732
32144
40967
41625
48657
50717
16067
26102
26162
39911
55831
20678
16107
59654
28050
54278
10704
35422
4271
30880
14923
37043
40571
15604
21207
29884
36241
15963
37011
59466
22775
48790
57474
55348
31375
50510
54103
41995
34886
12912
32332
8318
18337
7634
50711
55646
43886
20923
46314
41863
21130
37914
47730
15360
45104
59100
26723
38979
19891
53406
38112
35105
6331
29154
23232
39070
52716
45682
37258
56406
6705
49727
5083
39209
28303
22964
19502
57446
55003
43019
28669
51059
5431
41673
9049
23479
10342
34584
41234
18499
37558
15899
19487
22890
3563
43669
58493
59214
14122
5698
26011
55948
10753
40052
49786
34663
18264
6220
15247
19357
33644
41807
4646
26924
26045
40199
18034
4256
53622
55295
25343
33660
56672
35392
29711
44423
51745
3634
57632
33162
15315
56361
49844
33614
57003
29078
32080
36321
52125
14397
15704
55020
14141
23164
41236
45763
10809
53761
41004
28742
45955
45024
39648
34755
34870
18463
8438
37995
35094
25071
59054
43747
14910
53947
32300
13483
47176
44023
24499
54908
25657
16494
19849
22477
36236
25694
55629
40490
36777
25091
56433
44960
57576
18108
34093
55457
35585
6638
10788
24468
32834
51159
5651
56127
28342
49140
22844
52256
52885
4977
28238
54643
12391
49654
7062
30885
4384
15664
16887
17799
20519
50107
9288
36389
9498
25565
30199
10247
58885
7575
29845
7243
3399
4980
59150
48694
37756
52821
17560
54563
33339
20341
44052
26326
18366
41886
19605
15362
32146
16363
41756
56718
34464
22360
31145
3760
45805
27590
45002
35778
11498
51791
34463
5742
53332
52869
6250
56358
54241
28412
13144
11760
57618
13125
36111
7593
40470
13411
46758
25456
25138
53218
51508
9342
54019
38030
12334
54943
12442
5161
13286
43944
25559
11868
29479
19288
52150
44124
56139
39554
25994
38353
11748
26922
33942
46766
39646
22647
20250
47119
13259
6705
22685
22334
31595
37940
9334
37128
6582
53187
8743
37064
4225
27542
41080
26898
37758
47877
18054
58919
33781
4638
30303
32899
13330
21602
28598
28349
35357
41280
39961
42707
26605
40100
23111
17704
52727
11271
45654
52428
33478
55444
36238
56315
13757
17149
26738
53192
16773
28678
58272
55369
59789
14404
16957
6654
14580
24588
33914
28156
27160
56656
17092
32365
20369
42103
30630
48103
36921
14110
30379
25186
27860
39840
48712
42509
46758
32415
28734
8409
42885
26113
3561
13998
14201
11046
53989
48626
46331
9297
30286
34929
50977
39136
54777
18276
22056
32001
17847
34843
43557
54066
44556
32777
42776
19017
51263
11953
51594
6435
20271
14934
49593
50509
42484
31571
29586
4849
51322
21958
21956
21203
41163
52469
56055
9896
19999
56214
38453
6145
11784
35371
36919
6739
39682
24879
29042
23317
31717
48338
30731
52311
45599
3080
14244
58971
39239
47809
21104
58639
12204
23389
53953
29115
35513
49529
24297
27303
13668
54758
22433
59750
48182
55696
8772
23442
55274
57701
48878
33619
25861
52650
4244
17558
6811
47362
40892
12843
51778
20009
53246
47205
13826
6215
31938
58784
7152
29122
39717
13054
30858
51846
17298
39954
26434
17945
36209
44312
34900
5042
33627
13516
23153
15113
47528
33154
11808
23845
34705
47478
21653
6035
48951
13296
7880
24617
41418
23171
33420
45185
27326
58915
37102
15114
51275
5102
23803
12153
30086
37716
48250
37768
22119
49632
22219
28839
3704
18566
35220
7803
45529
21235
20851
47299
10632
15400
36832
47088
8922
50568
42290
34484
14452
8370
48542
6291
39121
27082
48947
39566
42529
44581
59201
42830
29304
39191
29533
22239
46370
26116
28685
31323
54807
43671
38840
26119
26105
58537
8234
15821
13978
59903
50187
50356
52075
37114
5389
13134
15061
20426
15070
30640
25362
27799
16800
52866
36196
14808
7620
26125
28696
34321
22090
28910
8675
22663
10466
46790
31251
32373
28466
45237
35789
55848
18824
27690
32774
29741
8281
54919
33266
42879
13521
10256
52046
17141
31804
21409
54532
43121
21029
24305
17750
41800
4524
53110
42437
39108
22503
50440
31983
9001
42088
34423
40353
7496
45817
21547
40206
58994
20553
18207
51785
10761
15333
35596
6520
18623
6755
5367
51103
16741
43911
51979
24537
53832
45451
32172
57616
13995
5756
32169
27225
12196
8170
42194
54901
29361
40010
4267
48302
32740
17964
8648
59258
16869
51479
29597
17529
22088
27119
28912
56139
43023
15608
45908
58059
14786
20237
33408
13348
27999
12048
23071
54533
33621
34024
3951
41540
47449
29646
43346
17643
57840
19071
19571
11718
33567
53907
49104
11193
21702
52935
28202
7118
12133
22392
41296
44113
41141
29780
58629
37130
5058
35879
46456
3148
44284
53561
45498
31476
49876
29992
51811
59644
15157
3593
57250
59003
25050
7668
20747
7847
57880
8256
36017
55019
18796
15226
31729
44628
24184
10030
32199
27950
25576
58436
52272
15223
11700
58477
37878
9025
50827
48122
49538
16586
31544
19255
33191
43556
22510
20196
59871
35993
23681
45271
57505
42508
57721
13376
9580
14388
33721
5163
25177
44249
53401
31429
14235
19241
39519
46821
36555
45436
58239
14971
46715
13809
7011
50379
48180
44751
56301
7693
9488
57709
3215
55839
6746
23379
36678
25347
52103
56198
39171
49213
3951
3247
30270
17936
51026
21752
31683
7401
50943
26637
57993
58636
52977
24748
45453
48131
47478
13407
38882
52823
20649
25579
44203
43536
22532
46234
18721
55166
38868
36166
52527
52271
23237
20066
24424
44306
11571
57897
31112
32009
59858
48161
30446
27555
23746
30948
18268
16205
7593
31951
30312
58632
29245
8945
48986
9073
21876
45016
13094
19150
39117
33186
55073
4597
26843
49797
46794
25708
46645
18380
36006
59322
49044
52642
11263
54605
39351
50834
51989
35303
5854
26366
6492
58620
17254
15286
38616
49260
55136
54909
31644
43326
11489
30550
58315
43899
5220
19238
39789
56254
14364
30626
43604
57807
9002
7771
14759
40449
38157
13667
34913
14826
56590
26489
57866
34103
24261
34799
11769
28997
39701
43207
40240
10939
39121
51430
23660
40355
56368
26023
11371
37382
45790
18332
40417
3765
26509
24206
56567
7117
39158
28911
3794
45141
24971
40212
52709
45987
12585
20176
58627
22127
31669
37204
47629
51002
20559
19480
49864
56620
27968
26832
33926
7154
27228
36885
33424
50023
34084
31001
41911
19535
18795
56151
55346
9083
29805
12978
3185
13745
7424
19501
4055
48839
10059
21029
24497
45507
15993
35251
32510
34986
8170
28725
15359
55001
16305
34119
39372
23646
15930
38131
37293
23063
28997
56495
25220
16579
48962
39735
57458
52812
12458
58185
55346
39384
47721
33588
42410
32253
15632
19317
14568
35257
59519
59847
51075
10491
27812
6804
25378
38096
29350
48950
8414
40055
23904
18833
59975
50113
58085
39752
12373
28742
19276
21423
29822
3885
51889
4006
40920
12922
42077
3991
32186
44300
45905
3739
11075
22854
31794
28961
26974
26430
54215
40303
30086
51059
31843
24682
37133
11497
52543
41096
10491
45416
21058
29741
16618
34607
19101
50400
6385
55029
31361
8201
40117
