1221
29008
21895
7344
29998
36084
7684
34201
14254
3864
49672
17416
53304
24901
29431
54193
19493
3660
4018
43797
44392
17607
6223
9246
33121
33867
10121
27638
45180
58062
19312
48588
12947
20148
45402
10259
56826
27435
23921
54115
38748
28657
30847
33308
32789
41217
20709
34828
35679
50228
8595
16460
13268
43696
47731
17896
14361
3799
42760
18853
28067
31242
30308
57432
13456
17877
47394
50778
34092
14032
38016
43820
33688
14781
53390
19615
31049
29854
28650
30495
52222
18503
33573
56145
49907
27599
11897
51339
9706
51682
56333
12845
5866
11335
50785
39461
11626
26094
17960
3882
24396
48551
11948
29207
32954
19944
29253
5175
3230
55427
58821
3742
57030
48545
10745
9128
54753
30877
12510
24108
40951
53873
3256
20685
4063
40968
51333
20638
54450
46839
3818
59449
12824
34161
39421
55298
14114
55831
6983
46287
50024
29095
54341
40987
45448
30148
3088
44010
59694
32554
49080
23029
19412
32070
3636
23977
57093
17518
13551
52284
5447
57308
8084
30436
40806
20139
22600
52703
43528
57388
27770
26464
13236
28225
43941
22882
55773
58075
44194
26873
43242
13207
25190
51275
25970
13924
22649
51082
37162
47803
54885
20285
16705
24416
11999
35931
24346
28517
4632
56370
8923
33405
55194
6615
43770
14001
36972
26146
9154
31463
31288
27087
35804
26205
42003
7531
29073
38271
27428
35730
33725
31436
41001
50733
54826
16829
15653
7583
20046
18192
16665
37294
42401
14346
16416
22954
57302
11514
49032
58981
3827
42337
57793
47702
24784
35263
56217
42292
53546
59745
5453
3436
55383
21094
24792
13617
22963
38938
44302
10630
19702
47928
10388
33143
59224
20571
50244
22188
7016
32883
19960
8602
56661
48724
43110
43905
39890
13207
6634
21239
3801
18072
26665
57384
9432
27541
37616
22713
59886
47127
21543
19494
14710
30884
23347
3246
44162
26223
30620
49463
52428
12519
57752
17848
3674
50471
52443
9298
23000
57888
55641
26043
49530
55097
8721
50453
9045
53504
8378
26265
15247
9446
31558
28604
9168
22652
25778
13927
9871
44285
59803
57936
55964
4486
44394
40610
55051
22047
17003
20824
46107
20848
52678
37077
51740
15861
9035
58749
57116
16756
4011
45525
42988
37926
54188
42614
12235
19105
57729
12687
21247
22386
52328
26154
8421
27699
7866
56410
7479
43082
22322
6064
48244
54148
10159
26268
53996
21217
41457
37281
46217
17227
26407
29655
42450
54884
48153
9644
53966
19805
6279
56265
39971
56869
8139
54219
11150
12809
8666
34569
7426
17459
34273
19956
23847
53167
22551
18998
11959
59597
44629
44772
15710
44272
50197
36497
29052
57874
31565
32497
25276
25821
11143
13594
8763
39781
5037
45781
11010
56556
57650
18393
5292
11376
31963
26084
55955
43428
16489
13772
12269
45584
32456
47460
57370
45171
4329
27824
27311
57958
53512
49345
47989
24600
28252
24734
27018
12608
32531
50780
58467
55875
18937
5115
52392
48507
34369
27954
34174
51219
50834
43354
21760
58239
48497
41213
50110
34180
41318
25546
30092
12168
37996
57301
21064
14693
11143
35470
27454
44488
44764
56706
5615
32338
43017
24560
37658
34142
48278
51643
40256
54617
35605
39059
15325
36527
23958
41970
53175
31071
25196
35577
14767
13127
57717
58200
43528
26493
31584
32737
43666
57378
57994
24364
17411
9352
57475
50199
24050
5486
26586
20644
52817
49029
40845
10597
31199
48139
12453
42908
30327
37576
33688
37097
22723
51396
26933
5818
51007
54145
55701
10451
5073
23929
20835
41271
13164
49147
8616
5962
35344
55403
28380
41855
39900
13980
13805
37139
53198
21615
47461
21465
28016
24008
33264
16552
44862
57421
36026
37672
43944
11071
13729
9234
23619
27392
54212
26513
28455
31028
6212
6366
27149
22090
52725
37425
46743
41819
46025
41130
6574
9183
46168
18087
6288
29830
46340
32870
19242
37769
57316
27069
31035
46048
3845
31749
37716
14267
53163
22971
44213
18624
5527
31953
30337
25452
58925
15377
6543
56306
5128
58092
9047
23827
39992
20555
57135
57333
22379
8885
40639
53393
46125
10432
19283
32214
41167
44255
32294
22824
30795
13068
41592
44064
40834
29403
11714
48976
47412
58480
17650
23558
13331
55053
32082
41629
33056
22521
27036
24825
56631
14984
17131
9807
55255
45473
19200
55113
51591
6625
10669
38966
14333
5959
53010
58923
31214
40889
17104
16867
9645
59574
25139
53814
49730
54166
55064
31977
38516
35643
36380
17748
6440
30377
46227
34841
11974
50365
45817
18518
30187
55435
15712
45749
38244
13188
45754
49635
36517
28697
58457
59497
51423
53978
4827
13708
20907
44348
22471
30779
45187
56050
31289
27340
43400
52812
45258
17149
45011
51911
12204
59286
5094
54356
58992
32894
57098
19229
8348
44890
32301
31941
54724
31740
24800
38867
36763
4326
30189
37498
58506
48208
17280
46794
34528
52001
47356
59291
56903
45379
14305
47236
10471
38947
57814
3151
12587
36823
59746
34003
50604
19012
47771
37289
38502
4985
30627
47771
41328
10202
38786
22140
12862
38684
53663
34685
29725
38066
45794
56094
46759
38073
25624
46587
41594
29776
13450
25570
22949
48857
17126
57093
25720
41591
4266
20286
31789
27583
45741
28604
36105
54201
20519
56259
53009
27680
51983
48848
49078
4278
31519
8542
18803
5605
32812
43508
47692
42150
50867
57372
48461
59335
21767
26742
21475
28415
28171
35071
27781
21949
42402
14931
33681
23916
56070
4936
5169
18318
47996
6140
12403
36814
50939
10205
37914
38323
8120
46241
16317
42585
51252
28687
44762
39587
11772
45177
37964
21830
57370
20309
18988
41034
44072
39363
31643
43099
23871
3004
42056
14995
42799
22466
27181
52822
3966
41916
44863
53663
36696
36013
36637
58273
22515
18121
56878
41328
54916
48572
4403
29658
28286
36579
35773
20416
41607
14407
5538
53138
33323
42928
38939
25949
19469
11842
24492
49541
41975
36517
9093
16269
10439
31224
33315
10022
47185
58681
50512
22544
15224
11675
39698
58184
14026
35240
52583
45571
15802
16220
10544
54901
43408
12209
36908
40814
40456
33111
50829
6503
4680
27712
16870
41651
42337
13533
21847
15276
34811
32614
36757
15387
17936
25481
42281
4719
54729
42098
7569
54546
15099
24791
19352
39430
16688
23389
8857
7760
45881
16947
28156
13593
18604
58187
19602
53922
29177
22948
19784
30382
5327
17986
55972
48807
18791
17537
43410
21639
14257
54530
57306
49499
8932
39054
7515
52260
10105
45840
55899
24585
26446
57488
29806
16066
16084
8390
31692
18284
24254
51632
5003
21374
43985
59796
41155
23420
30657
20091
27333
14429
23150
56962
13118
24532
18688
36287
5261
49978
4340
22512
14469
6196
8837
6679
22781
23174
12475
16582
29930
15699
52164
26059
36865
3427
22321
51503
33317
15302
44627
51095
14232
22175
55831
30817
13942
12111
46594
4829
6194
20541
9575
34106
29796
51165
49003
20086
21924
10113
53753
39999
17449
33028
29180
43403
26390
57934
35934
55206
16859
56702
8476
25431
48299
18392
34255
18045
32141
26379
53350
23560
53246
8888
28808
21949
19731
35846
41701
57415
48988
37501
19123
29583
28244
4663
16227
40666
27627
47666
3620
38936
14075
32705
43760
3980
50037
35829
3047
38207
5417
57888
37938
22307
45308
19752
10814
28200
45817
13183
42168
16900
22864
31002
43633
19470
51230
6579
15396
18689
23021
6272
59677
17793
20706
56070
28714
14202
39291
15770
46740
9224
19378
59811
31085
30834
8418
23880
18930
37711
39501
48974
45207
22338
8949
53543
45806
42535
53033
8297
35381
53756
10506
4574
26063
50452
44468
17062
38181
33376
27803
3969
26154
33398
6320
56279
31029
50744
29802
57374
23060
16085
38702
26463
56175
20137
4702
18291
5370
3972
45825
17061
9751
8670
51771
37091
