1200
28841
43143
27840
59396
43454
25056
34776
32388
53939
8567
19447
20050
45278
44565
59789
27564
23061
59731
46860
51934
50237
22215
8025
59597
10265
37673
18622
12098
51601
10077
12963
56182
4078
14762
59016
27114
43294
57497
46510
53709
5567
54615
57792
16429
24461
47094
53736
55834
47254
45087
57341
26007
11546
57426
34782
53410
11980
36668
17775
53832
46299
55647
46362
7605
17677
27515
11779
16124
56842
24897
13228
38964
28204
11440
10362
42812
53086
8842
57084
4806
37192
34927
24257
54490
25137
56083
22641
31878
57167
39554
33089
11806
41110
33672
20268
8855
34422
55698
26447
7553
26663
43764
29391
8214
42277
19812
9010
40573
22273
46164
3478
5421
54160
10087
56940
58129
8307
32445
42054
16312
32528
58666
24417
26894
17085
50605
16859
36834
49690
29750
23116
31047
53855
31707
31899
18120
27737
15100
50887
6033
19474
20264
30809
54598
59314
13864
26588
18883
32265
13794
59246
56310
49989
51513
16351
56794
19454
11594
23888
25199
35552
28928
58028
36394
45682
27317
57824
9652
4211
37496
53477
48240
53787
25055
30352
6839
31625
16928
18315
29103
19650
48743
37532
27767
40827
35680
7350
55683
10843
47292
49547
21085
46046
40291
43053
17344
31391
59818
58189
45362
37315
23073
4600
4012
58267
19343
7661
31694
44966
39651
26509
53939
33757
45869
33637
40208
26426
51308
45446
50294
32535
56233
29905
50668
43966
20679
12137
28245
36872
38815
3666
47718
33977
20970
47353
22136
55671
16438
11767
23338
45137
3180
37669
24476
18873
39179
38067
37347
16200
23305
29284
32117
26621
30090
52235
37696
32580
15335
34420
53701
40877
13231
10349
45680
43074
32462
52263
6215
42322
27989
10313
10325
12413
18121
15368
13559
58677
42899
16267
17152
47525
54922
33198
13365
43215
30348
51138
8002
53783
45304
14890
31259
19843
25873
28057
5833
25436
40630
36514
47667
34347
42218
45141
4573
16763
6846
25580
44550
41979
36047
26917
37040
32662
36446
36419
21094
41970
45883
27423
55005
30062
11880
21317
20049
20020
5749
56495
44803
28343
51404
19746
26163
37211
59650
55882
24753
55693
56695
16677
49199
22958
39571
44897
3862
40184
22587
36154
44953
13189
23705
26604
55548
49273
47439
11674
53043
47744
44148
55846
24779
46932
20105
45993
42198
58652
43278
7751
30645
37883
42333
49434
10831
49725
29468
18794
19488
11875
40698
17740
17459
3184
14612
57644
51797
18152
34211
36090
52677
54943
13532
10044
40066
12127
55052
27173
59507
48525
21909
43893
56852
26937
11146
41043
55165
42472
43781
23168
59727
37284
42391
19998
51358
20577
46129
33181
57671
21077
43319
48367
43985
18026
40058
58802
38693
39494
51175
38708
38605
18899
46541
20071
55666
29102
33940
32142
40804
26300
21726
9907
8963
40285
11474
52642
40686
31486
8992
19429
46229
21633
12631
56072
4413
6454
5242
46334
26008
8804
49678
57812
50882
5412
4548
20099
59538
17601
30420
53434
37812
32804
36206
26237
41504
31583
58184
8637
43719
6685
36921
36202
38381
23996
25310
45703
5643
24604
55603
53481
44060
45591
30817
57668
17443
59186
41651
44305
44131
28827
15969
21566
7449
10573
7023
25256
29437
25818
20673
51052
57708
30244
43236
40711
3196
39519
39954
59538
4022
29429
40217
21282
24502
39397
35586
41661
54156
44959
12778
45759
28492
42746
20692
45494
4749
3120
51578
23876
31555
36950
36430
12504
15615
40295
3642
20425
33018
18657
40406
45301
16138
6895
6907
34647
47251
49541
21113
25489
31376
57077
15966
3008
52055
12105
3552
41125
31698
40718
52224
50319
42661
28075
23922
41103
28792
10728
57219
30575
7812
40014
42423
49939
8391
53829
52875
36407
9361
27223
14054
43962
46361
21161
50994
58357
45735
38928
53542
17905
33143
18964
36004
57729
17314
42707
30878
11692
18830
23608
41441
28488
40428
3787
31993
10859
18563
41907
19551
4495
48632
3331
31561
15641
10215
8269
14013
43925
12469
38987
23810
27410
55742
6310
30438
17721
51461
8067
27809
17261
30127
52392
58987
51255
33110
36092
11445
38266
45611
10661
49138
48564
52039
25260
26561
42306
51156
14788
17554
42941
39834
37910
6272
21859
10458
39065
9832
31561
23048
57640
41004
19338
33170
6026
46020
13756
26411
21784
43248
46875
43817
23407
56888
52438
16633
47405
50181
27646
33049
17262
31724
23280
6671
17405
17952
58870
6367
29788
32796
4469
46043
45844
39019
25838
7026
4173
52232
33544
18950
42355
15853
13054
24546
52786
3096
39978
18818
52590
41927
17771
32717
25259
30926
37021
24827
56295
53731
52190
30689
59282
9758
20725
28571
14305
35517
22587
54687
6623
26307
18153
53796
51769
42645
32499
56675
20127
19025
45348
20898
55736
4050
17530
22418
15559
25770
41891
19500
16735
49007
8264
54921
40842
37422
41303
24861
56539
49395
38544
15627
16917
4724
6448
17032
30513
34009
24237
6053
10935
53493
36389
15068
18207
14847
6752
12639
40652
33413
45314
38876
42537
10254
36878
16849
37980
36666
38461
28521
40871
35960
23048
34957
12481
47423
9899
52430
11809
23483
43254
11098
35008
6383
55037
26532
29848
57250
23966
41699
31575
42043
12884
27429
32172
56287
4696
11682
39432
39126
57541
57108
39982
25684
48608
42591
24266
41661
5273
36039
19167
55666
43888
41574
58200
14059
33456
7561
6509
11037
34802
58376
22681
33825
23693
31374
40892
43295
54206
16057
48150
36960
17109
42030
18018
37999
27143
48945
13682
49253
37233
53732
53487
27264
26955
28222
37984
28837
28753
9694
9495
46426
9595
48443
25710
48322
26189
30317
45103
7170
31949
33542
9198
34957
6574
28577
14607
8677
13701
38329
43099
47955
22453
29803
3273
40145
51368
46300
43054
32734
24068
4728
53595
25392
21230
44704
26127
50829
18461
14584
54895
29718
12636
6458
38239
31668
3378
8974
37213
27716
8823
44536
19125
43086
24050
11009
25506
44606
17989
41308
58008
33538
9655
18939
16656
32437
12996
58743
26229
34044
17751
16302
4074
52797
51913
42686
14874
27979
36720
18817
3425
9277
54152
53573
32087
17078
38877
59554
42960
55514
27742
16033
44019
29088
11859
46937
32489
29294
57060
53461
7549
16986
34661
15136
30919
14462
21119
38155
11089
55394
14861
56249
15708
52396
28354
16091
50652
36474
55227
29878
22624
47757
56873
11561
14882
45377
53724
12152
25156
4231
31392
9284
35777
13777
44010
4555
53434
7634
13839
52491
26573
24821
56778
11090
9526
31758
13665
8608
47775
16783
38270
47568
13980
35106
16259
39404
51340
30873
19642
47570
29230
18005
4016
44551
22190
19494
23715
25695
16886
42775
41421
13300
59224
52560
5001
3811
21251
23261
25658
28112
6749
19600
26415
40024
46113
19372
12093
18291
24911
11800
12707
11357
51578
26474
28510
43873
58441
53979
46513
9517
14131
52853
23736
18652
15953
34605
36399
47150
14354
28282
31723
48449
53875
17304
52491
7754
46182
29224
3565
42689
53599
40689
6103
51943
13820
37942
41333
26880
20997
19457
37979
34035
16742
19508
32655
40504
30062
41429
31676
19313
55279
17762
55722
58250
57039
34900
17349
30975
16206
24400
58652
22294
56187
51903
10651
23008
21487
39708
3410
29700
52262
9791
58197
34190
38515
31004
53908
40253
24492
57747
36613
58924
31197
40256
8903
58062
51038
23365
13348
11858
58970
8280
34556
41723
50256
52056
28315
54071
37709
23716
44696
30310
41742
26256
11107
33456
29845
19167
55673
6113
27462
56174
14068
56004
4337
49220
30049
56172
49312
42036
37215
28635
34368
17835
17825
40686
46837
4056
37057
54626
55857
34348
46778
50128
57905
12334
51027
31609
