1847
21901
43043
12465
25715
24713
36305
5098
31446
31936
31822
22842
34162
16459
59135
39931
29607
47262
46317
10459
29560
35675
59158
56757
12095
52578
55597
56647
34567
10325
49595
19766
44200
27841
48295
22298
31748
7003
6501
8413
49597
47048
4623
31266
21844
22150
32348
6976
21181
25131
14952
48776
46774
10208
27335
11049
55206
19124
38142
38953
40915
28768
27385
45390
43804
52204
40478
13646
4162
53717
21898
28290
43135
5862
53565
48980
55963
13515
21010
21951
42121
13154
11284
55305
23307
47681
18641
26710
17915
3178
41024
9327
51203
58077
49862
48949
48897
25551
30966
58761
14832
13838
52016
40070
8970
23532
59626
48320
35661
50972
56112
40730
45081
53103
56917
24841
25558
55621
30407
4354
47170
7637
58764
41097
23626
27456
6605
28568
49971
7572
3106
52705
3797
27928
6744
45516
57327
58948
3356
11876
30682
16973
28988
30963
49839
41270
52539
48785
29130
25344
12858
57699
5959
36372
29477
25583
43236
9701
53937
49413
43317
48354
54245
7876
14494
29184
22039
56044
14752
42245
26861
7710
46824
42528
32928
18792
33236
28321
58464
53584
59750
31803
3839
25999
10547
16813
47280
47267
43044
34472
58124
59661
58915
40322
59013
5950
33914
9533
50533
16119
13273
9307
43839
36618
25567
16272
56053
52589
51847
46185
53171
20969
38749
14856
31571
27882
10086
57354
55635
37939
50134
40210
27915
50005
15662
33035
50214
10979
55753
40306
11524
46744
20610
6921
22895
9686
28162
58387
49630
22054
35755
22094
36902
23657
8053
48352
53108
21481
53986
36535
50435
17646
6775
51508
8282
24706
32314
41424
47450
10849
41583
50492
34905
27387
31696
12562
24433
38248
8601
8126
50301
19186
59644
6246
22108
39220
13878
56847
50561
37504
21005
11007
53826
52841
17782
5008
7061
12209
9003
41873
54572
37094
24109
38485
45474
23565
40545
8927
5882
26571
55520
21233
48438
9758
58382
12964
46582
41164
59623
17894
30114
9832
27130
47200
42959
36088
8809
17784
24756
55499
47163
47331
12543
30863
5536
12877
26881
49575
7089
11615
7291
14954
55762
5004
55547
29884
45411
48873
44054
26188
44367
16780
7030
7298
53956
31886
21823
12806
18391
22234
45106
38172
52807
41642
25928
42779
32771
53808
13900
10241
59037
7321
29658
44046
53354
38920
48356
54908
27535
38786
30412
38242
53210
24949
4839
35240
14075
15169
24978
41274
51159
51336
45254
4327
20506
50873
41005
43448
9568
4711
29688
19704
32426
4573
18384
57044
50949
51066
7564
14654
27818
39092
33846
58630
20105
15221
27544
21555
24260
42962
45203
11384
45848
20512
7460
41032
54379
24297
51131
35438
20183
16448
44238
52849
52198
54847
6584
20207
45594
8231
6484
27733
57685
44365
26240
55103
22624
38585
32604
16233
54450
25753
36353
39850
6861
55440
29589
28273
36688
45477
49109
9449
38009
3903
56797
16854
18320
35730
56687
50543
4274
55902
41259
7226
16681
23742
29487
28710
14097
51281
5273
39955
28148
46757
17186
22104
29755
16439
48697
46358
6883
51380
28080
39541
26315
55702
51003
16856
48576
46420
41851
45949
41757
39350
32132
52421
17560
30719
35319
23078
26378
28287
47761
7538
46677
11837
33454
24868
45446
31155
24548
23743
24517
3532
50974
50208
10187
19479
58132
54695
32915
53749
32516
21884
16071
46549
27073
57591
54402
11612
40270
20042
34322
17768
46095
55392
27229
56959
27233
37699
17263
27584
21433
49435
32651
59783
59669
25027
22803
12670
12883
39647
12500
11579
35020
25339
15262
12385
8525
36363
57106
25322
52874
56960
6339
13063
41781
27909
31799
25823
24248
51997
40676
17369
33924
55234
46399
3255
44986
32298
58862
48043
54420
12806
32018
39764
14004
56481
57849
56722
48993
45694
59107
40587
18971
4040
6809
46397
18692
3372
4078
37769
54522
57542
35714
10687
59909
49843
52278
58778
39594
37107
36912
34651
48528
12510
22078
49147
45376
46017
34172
23908
26883
48934
10575
21143
6039
50900
39464
30390
35526
13022
14218
38163
31490
39515
3453
35688
57435
22125
18593
3602
23289
5953
46803
19606
34573
59125
35217
53926
33757
49945
7089
27205
22986
41856
22391
58792
58355
25251
52417
36498
18807
13268
17345
41984
29762
18537
54131
18537
9477
49870
6753
27007
3271
54121
29783
44352
12612
49683
35707
54478
59216
47094
22008
4752
16519
38079
7171
57234
39143
37093
48493
52132
30985
35942
13071
44541
18203
43304
20676
51819
11378
31415
20748
18559
51640
3851
13585
51009
4673
31121
57964
38028
39610
45950
32771
42440
25764
26140
6694
9118
23245
41300
21086
53175
42984
22860
12971
35367
30705
52268
45356
31475
16856
8599
53154
39769
44483
43918
44077
20531
53132
13753
3088
42508
32412
17388
32057
14655
36046
37037
44743
28477
58739
10887
39863
40426
4883
18122
32898
11499
54977
25738
44088
14464
7382
31755
11864
17079
18192
10862
7788
17075
7584
53003
35426
45764
17182
17548
16922
46351
6759
22073
15525
58844
26179
38234
30772
51163
3529
15988
13545
27567
14452
43819
52637
57464
9422
39416
48599
41356
39579
21635
25858
31941
30340
15126
28180
36070
15182
50747
3500
51714
49165
35559
17965
30594
5048
57526
10275
30934
45738
50808
14296
56977
32111
10282
57377
30057
10701
36374
28300
10975
50473
55562
21850
53521
31100
16851
36773
59752
57327
33023
12892
16244
3019
19077
49524
57830
28312
11289
17669
51646
31163
13517
35152
7949
40619
23313
58751
57386
11494
52485
29440
33879
36885
3695
46204
8197
48759
43955
26173
13773
34312
58079
32017
4606
51131
5223
47615
32653
50855
49541
7609
5617
37471
52915
6217
40278
42889
31828
13397
4494
16809
42912
18024
11841
38024
48150
13413
46785
20842
20882
38489
59906
58355
12072
14637
21044
33451
32203
13805
41312
39164
26010
51623
55021
46048
42813
53758
38262
20017
44073
16626
40499
21927
26386
39270
29679
51142
36764
59631
25491
17011
47242
14403
34515
23500
25054
8239
31228
55007
21199
57470
38709
43053
26223
16924
56192
11031
17521
19876
4273
7804
28567
8683
19946
10671
13553
42482
15146
43196
39653
16825
20915
14721
50605
47686
37407
35536
7932
5298
47807
33328
41739
16838
34685
49613
47349
53226
28189
20509
32902
55522
31241
8325
21400
9262
47082
59603
36422
12899
51282
26525
54680
43109
42172
51558
51841
45649
33483
57904
25244
16262
57494
37690
15149
53629
18745
4100
24890
24210
18302
17107
38988
45317
53815
51607
6339
19204
9958
32748
13658
19108
42786
59342
46434
46190
55344
5262
27270
42738
47758
57841
29998
32538
17681
4096
29124
13274
13545
59181
3919
23290
35182
58532
11331
5055
25030
31062
19492
45160
33632
49151
4083
29683
44711
44984
34858
8160
23301
11961
35947
42181
27289
19321
20444
25173
58401
9984
14657
8805
46755
48238
49693
5258
28642
55352
36926
59577
9353
12426
8160
4113
7619
45997
51091
8942
53543
52885
47648
19840
39997
35700
33667
34598
36220
41949
29900
11759
20123
26049
53663
41812
53736
23005
33578
30814
11929
19067
29740
52943
40511
3540
9705
13709
39840
9517
51262
45154
56409
24958
32697
52374
28220
16745
28396
14309
34221
3830
43568
21755
31170
36506
29483
21486
18572
50263
50662
57227
50845
26708
16171
11701
36446
57272
48700
19301
57462
9124
26146
31386
19329
24393
7350
34958
10947
42523
8467
52250
13268
57705
33210
47678
4538
51306
22667
29718
15545
25208
41250
59765
12917
21009
33060
44739
25468
8962
35576
22081
20000
45390
4932
11382
49523
14703
23980
52676
24396
37401
50200
52035
22294
22646
21248
51928
20817
46914
39816
24694
8252
33625
45933
28119
38979
33019
30766
26136
58966
26612
15262
18678
38508
58584
22370
44026
27288
39214
32925
30263
21486
42322
16885
58472
5019
6510
31401
10567
38260
13894
16310
30423
53319
58871
24088
39131
23091
41074
5386
30812
22258
31226
9372
17706
28328
36280
42091
6377
9577
15046
42531
51711
43737
28458
45021
43692
55836
18952
35198
40825
55464
4063
19204
40237
52879
46918
20662
56318
10391
13319
32262
39853
39622
25819
12846
25232
28741
56536
38501
19622
57506
12528
55470
36030
47578
16782
51878
30020
8525
48384
58052
43196
46523
41416
32198
3622
30529
34213
27458
11545
6568
41908
29349
23061
13759
48704
57448
36146
14732
17299
9067
7221
42045
23044
41329
4136
46121
57122
11183
41165
38230
6587
51671
29273
5653
38576
53086
5844
19585
34044
30961
26584
23317
41190
52761
51146
57785
58613
35934
4080
41674
46066
15394
59788
19390
58638
5804
12346
58944
42345
57523
14323
53571
47833
9004
46199
59196
43801
32466
45088
4569
58411
9493
7133
31870
7544
41929
12888
39744
44513
22845
17583
28190
29514
47316
8871
4155
51386
51807
43507
17360
42560
47556
6329
30906
43063
10315
8897
25833
49179
32010
28463
5967
39308
31845
38784
58883
21023
32479
53688
5474
10086
38149
51618
10045
37856
46189
8500
20720
47988
10172
32093
26539
6282
43515
9185
43501
20721
46088
34273
9020
36051
24199
39800
51417
18370
27194
46358
25764
32737
38498
54813
17201
15324
45683
15827
28993
28016
32782
36147
50641
16864
23086
43120
44582
33774
34739
24231
54170
52735
11379
36374
57428
30440
20741
33572
29335
10453
19387
27455
37901
30884
11881
28656
51047
8819
10211
9316
4240
39767
6098
55742
49932
24307
8793
39249
18301
45674
37627
32926
35776
55260
51272
59078
45845
59217
35457
17706
35507
57395
25953
38316
10763
13208
54758
10496
53872
41063
27492
58249
14008
56043
25664
5608
10285
24548
13830
46429
31439
17266
12887
38165
46004
18357
24821
27341
4784
24875
29165
29091
43030
23349
39606
20531
39399
30545
6309
24847
50464
29605
40142
24537
50725
48420
34165
4340
53622
19924
19610
31743
7946
17579
51975
5045
26226
22197
28934
37581
57377
29396
25314
30076
44324
57978
52905
7954
7143
13204
21314
34524
12913
38764
22912
48946
30304
23871
42813
25740
15549
27222
32544
46965
33347
16321
26631
56986
36981
8023
28500
21637
39359
30751
16138
48368
58506
52938
9381
32789
8049
47244
34551
30266
56556
58432
19899
7804
51261
7918
20976
27346
43932
24475
27537
55037
49216
11368
22010
46754
57338
31381
49026
14494
43551
49070
7098
32518
54377
13243
21819
46126
59379
6208
33996
39250
56270
49043
28324
49716
54372
13674
37630
15401
59483
50361
53530
57926
9289
5941
5684
27157
3252
33162
20821
5450
5710
3785
4222
48940
41022
50680
59924
16804
52856
24843
35303
57768
19076
20400
7627
24015
26997
34970
29561
58233
9818
17285
22346
15296
42835
51453
38683
35882
42794
17935
23910
41819
51800
39002
50674
25950
11855
45151
56792
23889
30849
35245
21847
12001
40598
36347
18978
30670
19647
52873
37488
35335
11572
17472
39749
9138
11499
40715
11439
30852
54657
12803
41975
52235
26943
31024
26796
27876
10778
23994
10838
53089
39170
11615
15990
54464
50194
45383
42912
16389
46180
49634
29384
29957
33646
11155
3314
9978
5964
54006
58481
46917
21791
4548
57593
55415
42728
46436
6170
32650
11722
27898
23431
7959
54062
12791
14933
14724
42371
27023
40358
28061
52686
58603
44100
4590
36938
49277
9136
55856
43215
3816
18785
37160
23452
5082
50481
50068
33612
23185
19816
50581
25481
20405
36901
51610
47374
55020
28374
37275
29106
33249
23781
28541
37819
14644
28104
52853
21075
5734
32989
47095
53177
13682
6574
23832
5497
10226
24284
7781
13535
41310
27529
32492
32321
52611
30790
26947
27893
53604
45370
26701
21863
14958
26838
57176
8899
46569
51925
10493
39350
8561
26627
39444
57430
30795
34377
33291
11089
37730
32885
51723
6498
21893
24813
32911
24477
39481
4788
12185
33280
26955
35123
