720
41163
19016
41786
59897
16362
50231
45761
26515
11636
8091
19822
58122
59382
55109
34647
20557
57081
45761
50094
25036
48574
27772
16338
20425
46665
19761
18123
25651
47612
45533
53370
12536
10805
32922
3937
43827
55776
42528
41956
29504
28313
8508
8240
39952
34843
43672
34000
24858
13898
51932
42038
31689
38570
59557
44445
47352
40422
26467
21444
12381
47971
34871
12378
55131
23385
4609
41763
12376
26475
20823
33950
6041
37278
12203
47771
24471
36424
5743
45285
39146
20238
33620
39195
8710
57289
11435
58552
46028
25112
16038
39702
46009
56937
40968
26243
28481
46229
54094
29144
7402
9536
50708
33083
30604
58153
44520
23173
21742
53362
20146
28962
38913
41737
3298
22127
9982
31879
17798
34857
31568
23491
22738
36500
13978
17173
39834
23622
49370
30232
44329
27825
9670
6939
14186
19508
40316
41550
36910
6422
56757
30981
7006
50282
23624
48404
35966
11601
36070
58035
55269
26431
18413
25688
45432
3783
7026
29184
35455
38531
17717
52556
35130
36997
9959
13702
52369
33873
50522
5639
32227
58277
19124
14019
49380
47493
59994
44917
40969
13843
29151
26984
47950
21019
37786
42380
56708
21203
15485
13925
21912
37539
50776
21587
50191
41487
6170
7314
13038
24936
32173
34906
27748
20922
55311
39117
29862
54222
57195
32780
8149
38517
16066
48434
19843
31957
23521
35960
25219
41578
11022
57438
52450
19376
24930
25787
11928
29062
55545
27459
30933
57331
28584
7763
5349
49011
32488
33453
40671
24838
48080
37077
18580
14271
59325
28495
31910
3865
47995
5578
5881
55606
34845
43479
27906
41316
55095
13531
58276
28880
29254
21121
23058
54369
28810
20274
51889
43833
53367
37840
57236
40053
24944
32438
31458
54759
55299
9957
51766
36476
24657
52765
24797
30253
31394
6311
25346
39050
56349
10622
5400
16845
54370
38374
34902
33663
30197
36956
38526
51360
47753
25412
51163
36154
39747
11166
12054
40876
55614
45179
38226
11800
37093
38875
5607
36486
5756
39970
40666
8140
36883
34670
4045
49638
58748
39208
14427
20275
9773
23471
30766
25969
7364
30551
35797
58297
18536
38571
41624
43019
57519
29870
11122
3451
55514
51632
53363
8121
55421
7131
4379
27085
29189
50203
59995
57532
22663
29653
4719
42354
18094
53922
48184
4264
51240
52519
20868
11449
8414
9365
11686
6071
54075
18023
23792
38020
21859
44066
30107
31095
46523
49862
59566
39815
19597
14435
56224
38941
35580
42259
3134
47923
51266
18400
19399
58736
47413
38651
4907
44899
43632
57386
57208
24716
25513
14454
32050
31034
4164
51613
3567
53309
59839
43366
7976
52855
29610
45135
20771
20962
31912
56753
27253
10794
42502
5294
19153
51844
54156
38276
16864
28087
16484
39474
19058
41249
45257
19720
4914
29131
11908
22968
37458
44693
9939
47677
34733
30792
18069
40171
6687
11745
48356
24843
34118
4437
47263
42277
23202
5585
32486
35694
56013
52795
22359
19020
21250
13799
10230
4253
25599
4875
21852
14948
22905
28115
33341
40976
31156
15667
20209
25059
27112
16214
43816
49542
14729
23895
57752
15384
11724
28927
25893
22809
55259
58103
19194
58021
31889
19923
11581
22740
14488
28928
58087
20181
22748
17967
50523
26099
8991
36080
55725
6714
22534
24295
20266
8584
46223
16988
37069
51640
14565
23083
30144
33002
24034
26527
27082
55856
28985
53508
13194
53493
57926
18830
16009
48619
50929
48543
43929
35934
45006
7376
51131
18675
56882
37998
21156
37530
55364
6315
3226
46151
30210
39733
25974
57012
48986
43654
51886
24899
35665
47530
56808
45576
33025
10279
26139
36473
13063
34403
12630
24503
54157
59779
5466
7434
36699
38451
17430
12694
10794
4793
22004
50949
20797
5988
49349
26626
18829
37860
33161
37903
52648
9683
26673
4042
13747
23236
45607
5786
51651
7284
53850
32930
10610
52114
25674
44667
39278
3289
55897
6507
34245
41704
24472
3612
22449
12789
49387
24597
28012
42154
54040
56800
37623
15438
7736
13047
15539
5412
5757
8290
20085
49310
55347
15360
36654
15801
23165
31909
26986
56900
23435
42655
34498
20367
13036
50195
5644
47177
11425
22219
34358
21389
23469
36855
29106
3550
3999
20110
42831
53712
18593
6185
28378
42443
52736
44456
56252
54787
52270
54722
43420
21098
40652
46908
20662
14255
25380
22682
5859
13945
33099
3039
54925
17409
30708
52452
4043
11326
15854
53901
42960
4958
51212
51789
45910
22689
48982
58660
28985
43603
42514
45970
8252
35507
45754
17757
59769
59931
18176
5651
40058
25560
13228
9928
30240
51690
22580
