375
25375
48450
49960
35567
22116
13184
57400
27763
4670
31882
58530
9550
11333
23440
59815
21117
39467
48651
29530
45588
21755
38087
7642
19533
11900
23813
9897
18479
52678
38895
32802
56140
18469
45391
18533
41902
47894
14630
37128
11088
35897
43213
33756
54591
55665
58465
37812
31108
46634
48739
48516
37946
29663
20661
48697
25229
39215
30329
32407
45882
18515
10959
22982
44765
38497
13854
14012
32920
44738
27052
41409
17123
22584
16243
34729
56683
28120
40029
8778
15911
4652
54778
5345
44487
10674
27918
17737
45308
7110
22571
35372
44169
34488
28784
25663
6610
56914
50716
6949
19165
56572
40121
56642
9232
56630
47395
20423
52844
14402
59463
28479
40827
55060
54717
10653
40993
22926
9147
51698
48087
38231
26277
57825
40978
45025
46690
3417
31785
50073
52352
14969
49868
42228
30521
51074
24354
40866
24917
46976
43019
35906
6270
53497
41655
25272
39810
54234
59996
20848
22569
14923
37329
33570
14345
3863
21191
38620
31727
14629
38391
25274
24725
57307
20177
59138
49560
22834
34589
47997
6637
22574
5228
48386
27101
31286
16162
15089
26454
51308
48274
19882
52458
16623
4295
19796
42899
48056
6435
14427
47257
17677
16811
6156
40369
17416
30133
36213
10064
42292
35729
37166
32259
5740
14884
29919
5602
10487
33845
26693
48569
52177
33451
26302
45434
56145
22319
37184
11029
19732
34486
52189
48588
31115
14140
21169
32403
35505
14435
49490
35169
36110
24641
51661
48180
42900
42044
28781
57940
45137
23630
54397
19337
3599
16073
10435
4355
10329
58402
10412
11221
38094
52814
25013
45484
53555
48756
20243
28618
51538
12874
44361
47743
24544
7972
6857
30605
16631
56946
34776
47463
27234
48885
16333
36400
42767
29745
4302
9792
55712
39668
42524
51376
19932
21451
33019
14325
29313
28149
3218
45898
31672
35943
13513
5491
49596
19047
53926
41797
23104
13411
28803
40111
15520
29659
4599
20461
11449
6410
40826
6475
17832
41954
8897
51388
38559
5030
44670
30750
44887
27077
47254
51718
22803
18534
43061
44760
22083
41177
4842
40025
54493
46397
8996
26943
51875
17365
45094
6235
31498
3642
20185
30716
3619
37068
26735
58937
48466
57300
56415
46828
49666
40174
17606
39463
27846
44501
12215
54099
42028
46795
28202
7970
56715
54722
36123
22686
38144
5011
34406
45745
36559
36495
11738
31100
12684
