1355
35498
47133
57966
8500
17566
14031
3354
52435
26257
46369
53868
27245
19540
10905
35722
23047
6141
11370
19242
51138
54373
8720
45848
10946
26743
18435
21649
3474
28967
16569
57016
40250
55164
43498
53513
9877
42823
10170
41145
34960
30895
3851
29877
31962
53138
41808
19142
49444
55955
38066
30573
22457
41431
51849
15186
29852
29855
23243
52820
11183
29259
20322
42158
12007
45554
41872
32645
57361
27656
38929
8176
40465
30229
8804
27162
10069
11312
58394
13452
13167
6082
50928
8231
15715
6075
48253
34320
51296
45960
53354
8411
41623
45792
4117
40004
21630
22369
11148
37645
51817
46054
33043
41541
56309
8528
19783
31281
52416
19657
17949
10010
41649
8018
47284
55026
23981
34549
15724
32891
22380
13290
3546
32368
35615
56195
46788
48875
15082
17884
48321
33266
32506
29827
49526
44375
3489
31266
11795
22048
12561
30115
34369
16832
16391
29917
29027
21845
23646
9981
40089
41204
3421
52353
52259
20884
5068
4820
11816
51240
44166
35212
54974
37068
30216
36876
9081
15661
57860
34921
48821
14507
59995
25266
10056
5378
46325
41501
21659
53452
29030
40222
46481
7604
45469
45271
36231
33112
47250
28888
34318
43219
19084
44988
8831
59186
32568
41463
12035
5740
5748
28124
50610
59071
47968
8098
39598
51841
45789
40643
26652
20632
48516
26829
58357
48918
57652
51349
12677
48640
53608
48494
22409
23156
51855
17689
8511
4647
23982
30540
41329
33637
19182
39036
6664
47083
15183
24213
36967
24047
14723
48848
36427
27375
52422
40210
10038
34290
26003
13096
30000
40835
28716
46600
59889
52306
9989
41248
21966
36221
12754
57960
11972
45938
46552
13595
45871
16579
13125
56515
21559
57528
7947
51120
30869
51239
36158
7657
14863
39903
38215
51620
23136
39745
35527
23456
47074
58695
42609
16464
9644
48656
38947
35238
16194
34537
22134
36260
17796
58531
53887
43605
59720
57923
34393
29956
18506
43696
36405
3124
35201
49275
18962
23783
53307
5695
11160
24831
36906
11009
51426
35213
50534
57034
3871
51273
18024
48989
47063
55983
41852
8213
27218
49232
26579
58640
54414
53803
23221
34578
34868
54079
13557
40658
4837
34057
30804
25532
39556
30503
47067
56455
28126
23051
25799
7201
49305
22680
44704
30852
19108
43695
51962
12998
21857
9211
20429
11129
59806
9326
39610
44560
16347
43621
53720
25899
34711
6629
15798
36873
23560
39144
48295
4755
19306
13506
23066
10522
51355
33954
47788
43266
28207
12795
39349
22034
34269
59499
42878
54165
10158
7672
39006
53186
40828
4562
34141
36446
52446
50158
52699
15689
26066
5751
27660
19578
25649
56073
59385
12108
7536
50574
48626
56626
8260
19345
33044
41230
6135
28486
45758
22984
43550
47906
42861
10275
36802
21621
48802
56396
35574
21316
17220
46509
12897
27587
21061
18765
52104
25100
28337
18869
51846
50780
58155
53502
32317
53652
36707
8872
49876
18424
19146
47482
35978
39425
19621
7668
6254
48359
54735
57374
52821
20116
21293
14157
34596
14780
28302
48193
48037
52880
6149
17321
32036
5305
41634
11315
5960
8685
13067
9824
22637
18586
17519
39582
31440
54778
35242
58626
32375
39695
51358
17755
42927
53287
23336
49201
57060
41867
37255
12333
31203
55780
37155
8634
21859
33668
48539
17095
46195
12781
22644
34829
20781
58770
56175
5884
31948
56669
30785
14789
10168
15051
59508
23950
10416
29164
29312
31496
17213
15936
33160
37299
8560
27692
14573
21573
40479
58258
13050
17525
4949
8676
22357
3540
53073
19392
12507
30806
43058
18052
41195
4577
18527
57612
7275
53701
50053
4947
24621
52518
26255
59871
20179
23142
16434
17591
3358
7829
18630
25198
12595
41292
58272
58325
8368
49376
56218
12847
7281
38179
53436
24292
47578
49660
3141
39707
33424
11103
48208
48163
21160
5463
47459
41309
46863
51951
18365
3806
10623
39664
32273
30970
17497
36323
35135
3521
23098
45928
3476
53365
6634
17452
38993
57411
35662
14154
4069
33361
12237
29255
59069
32754
11962
5831
19261
16575
6989
12657
33494
16404
27353
10441
35683
30501
30563
43898
31947
47800
24295
44102
57834
14653
57938
39182
48362
51574
10141
53543
58018
8336
13132
39373
28005
21100
55608
12195
4078
37906
35350
19564
10041
39878
25650
15254
3748
48408
12107
53560
55732
40474
40800
55198
50192
16868
32341
8943
5179
8660
5238
39794
35615
59728
44267
53672
49385
39036
13350
18512
55074
55493
20286
30148
11324
19147
58566
3279
8198
3250
49245
13775
52328
27662
31179
54650
45177
31027
52375
37170
52056
53014
22151
46238
36926
43039
33793
10703
49515
5286
54361
52069
35659
21445
7364
3538
26523
10650
31061
20300
28815
58379
36727
3532
7094
20632
45091
52212
15184
58919
43877
58307
6900
12210
56140
27731
56651
13622
6034
44445
55445
13400
32629
35806
17656
20393
41100
26021
32062
52433
48186
3951
53722
4800
55184
28692
6210
35576
3788
9879
9459
31071
5385
37310
40661
26178
59150
47019
20082
31874
46255
5519
9010
6391
8488
58337
26365
39616
53977
3008
21602
56830
10517
38406
58256
6159
58518
37345
52534
39460
54213
22522
23650
51461
22792
50485
52916
28958
52045
39246
7367
17849
28037
25709
41941
10623
17322
44274
5871
41456
32219
16687
22237
42416
11668
17372
31441
43853
29143
17759
44601
5608
22347
54115
42911
53435
35771
58378
24084
28560
59402
41896
53811
40492
39816
13166
23336
57789
55605
41655
8744
58988
38710
3683
34659
44336
41938
16449
46634
50934
52239
9503
30155
28017
29018
28174
51831
15995
15767
54954
22812
30258
46060
41789
3515
26929
12530
10181
17205
15888
16500
39239
57419
5675
59545
41124
24042
48081
37000
17630
55700
14125
58665
15447
56066
31558
43158
28913
52333
33114
4890
54200
26869
49025
24565
23722
58293
3765
36637
5295
14342
43639
48126
26617
31451
23924
45240
38415
11242
29814
51595
29714
50203
23551
41041
54829
40722
32818
49216
49725
51233
12980
33187
53414
47765
13243
32905
47162
56060
4508
32734
24831
5011
7106
48026
51215
56059
33190
49523
13021
12138
10437
47163
43458
48571
58679
12969
18146
54122
29559
37107
53294
27237
28920
43970
19300
39390
16152
20299
57866
59329
20347
28682
9847
22932
44736
44943
27989
25118
3273
51250
19257
33223
15728
11001
54214
4150
33625
54842
22543
8258
25664
38188
35186
45675
20542
30798
51463
37789
10410
21070
15573
26497
3941
6178
50250
26832
15568
24963
13811
10183
38122
19865
8873
29208
18154
12241
35323
36119
23384
49900
59712
19282
54957
52762
7895
29250
54798
21738
24952
54871
44572
20634
51549
27762
42545
3514
24532
10818
50213
49475
12189
52187
40149
27651
4659
14942
8403
21478
29530
26629
26620
38324
12855
50187
9089
36638
49645
26488
41367
35054
22919
16291
39204
15121
47893
39675
13895
19694
8513
54866
35727
23847
40622
42824
8058
33207
17192
54868
46158
23027
49889
52887
36440
27989
4312
31999
41033
33590
16973
53880
49441
47451
32226
26692
37962
47786
47194
26015
16714
17233
41296
22593
39583
57685
17518
9352
23987
52662
37666
59580
6216
49176
12434
32319
35486
56223
50126
39129
27777
29389
12441
23188
53262
27198
42416
50111
11302
40215
42096
24238
50832
38011
7105
32034
9424
29432
28922
37487
49104
49943
3418
6480
19921
32006
20424
36074
6315
50213
40734
39821
53837
10081
43925
24153
10983
15351
36008
50454
14443
16758
5303
24001
15438
27123
22362
37973
8767
10355
51010
13131
54394
30680
31849
11208
39699
56385
9125
22131
52630
14296
51865
14218
32640
32690
26669
14654
9912
58878
15462
36348
33559
51748
52866
11578
42262
34158
25400
50760
6348
5680
9070
40206
44350
32498
8210
45376
34609
37881
53728
9966
40813
44668
18013
13082
18942
21770
7147
40540
10810
16997
33529
50853
58134
13199
14412
29003
11264
18826
38260
38006
21821
27135
53506
12964
44055
36231
3095
49275
50166
57607
22347
17448
55858
34157
44965
27869
14066
18253
59957
35060
16426
8463
16283
24371
58346
36441
32718
34403
31022
9410
25800
49414
29393
8333
45063
48369
16280
31825
16430
55880
26611
22784
37816
12091
17983
44937
48751
24967
57208
53807
48591
30074
39079
49546
53156
22673
28707
57965
4436
19113
37454
33906
39888
35059
20753
7173
39591
25758
15026
35753
5167
43101
25556
30186
52064
53321
30586
52604
24155
17110
53562
31788
38527
44221
4862
20368
29884
32796
26985
29875
35184
48880
49890
47808
49532
35166
40176
16457
11278
47579
22259
34635
38720
38183
58471
20104
21445
21382
46612
6558
14807
51868
6464
38934
51728
