1214
9419
31506
21610
33223
38740
47568
25456
12272
32379
25151
25716
17154
40523
16922
11220
12961
44236
57772
14698
26890
15305
28936
18995
16104
48765
39051
31470
29807
32586
44369
7271
15707
46975
21166
9192
45810
7604
38139
51536
42923
18306
15371
45141
40048
16652
17646
46114
55621
48866
44238
19610
53543
21849
3606
7384
35880
38981
30754
13440
29486
14499
20660
6904
8999
58244
34070
23567
39463
18374
15384
24722
15636
48305
14636
8382
55002
34867
8711
59871
6045
26588
42617
17713
12051
22073
47726
24643
25700
57830
54682
22325
35751
14563
8596
43210
25912
21266
22887
15609
58416
26484
11785
23738
46515
16212
12379
16629
5025
9128
21799
37746
44458
7818
6152
22547
40387
53618
23588
7150
58323
18701
36605
48743
41258
12117
17856
33458
8754
42758
17415
6210
20307
50832
27856
7987
45016
37903
22112
3163
26473
35414
8528
13668
43904
58420
28683
44372
58703
46831
25058
43441
13390
9401
40818
21170
8336
33216
26458
33116
22625
42945
56833
46064
52918
58377
46049
3880
57388
34581
50519
15127
5296
5207
50218
11722
38635
21219
16838
38861
51684
22323
41170
8500
16119
50915
15180
18159
40371
41485
5340
15379
17476
52373
46523
25037
44287
40294
33666
12793
35485
51220
52445
26483
6025
14982
46972
30942
58922
11876
59736
26157
51098
35865
4584
57514
37023
31954
10565
37210
4627
53155
22557
36406
28353
57863
13142
32372
45847
32856
56264
51157
8346
7750
43785
48443
58317
34764
43465
17867
13989
56378
56580
18807
56401
4647
16241
41766
10699
42503
12454
25163
22814
54504
44262
13683
16220
9233
33357
49341
15065
10162
27202
14616
18894
31448
10339
11118
30776
36583
14574
41533
24990
3621
45358
45881
47278
40264
54669
45872
6332
43613
55469
8146
42835
13320
6334
22077
46808
38205
28549
36017
38667
59208
25846
37020
50105
21127
33692
14671
9666
33782
33388
54376
43360
55695
23797
15374
5576
51614
42043
59526
10065
37316
18863
46026
57861
23015
31733
26905
51406
26827
17867
50261
3509
11555
29000
51156
39681
40214
27273
6844
26105
39357
48980
8954
16194
24486
40299
7287
36167
47771
44031
53096
32935
23629
22450
38667
55332
35444
20430
12270
57371
47344
28922
48034
25717
58097
40576
49154
38264
48119
27553
28233
5281
18760
4617
22311
50193
12814
18804
32480
28223
4131
7938
31571
15005
16937
33707
7281
34170
17597
52950
34460
34031
52216
40328
52911
39263
10835
12312
38477
36308
9957
22781
33629
48044
26943
46811
32400
16722
20149
14684
35126
27493
59046
52135
6276
34848
53616
42879
6784
10396
44163
38026
9960
36376
38060
42230
53544
11152
29283
47611
8187
34558
34833
49567
39914
51378
30840
21903
48179
57954
15821
14247
55261
6230
37005
30801
25157
41849
14100
15721
11994
12507
29647
30938
12153
32587
38173
3572
40947
16833
12337
22430
56021
58376
39437
37384
8531
8609
19058
53215
32610
44822
9889
56942
12034
45665
49653
56367
41532
47423
47891
36271
49761
57016
55194
39153
57551
55322
40744
11501
8423
29345
7822
23540
48540
29811
32179
54031
11320
47769
42378
3655
32380
18880
31477
22158
8117
15162
6754
54416
6045
14409
47262
49383
23787
9149
41200
30369
52409
54586
12834
59085
26772
29845
37565
28560
15349
57505
23232
47224
18838
17162
32846
28359
46666
19460
3894
44754
30802
20511
18108
9985
22869
48498
16586
28795
50352
21936
43452
16240
58561
15714
57378
11902
39610
22964
34937
15037
26007
47580
22895
21087
43188
42014
12443
31733
37851
44415
33633
7203
50519
35178
49065
13485
44643
11691
16455
5429
52668
20645
50353
14966
26823
32303
18303
17995
21061
58966
32974
5966
10988
39078
29961
9239
38063
33313
31289
38360
15855
48202
6779
47198
29056
16349
46993
56785
11901
28470
51444
58483
15838
49181
43542
60000
6952
9488
22303
58169
19903
53482
47401
21515
59649
29455
49704
39014
4503
35337
31199
27856
23001
41743
21044
56727
12067
29405
54649
32038
48915
26031
46934
15762
27530
17007
21037
28174
32264
54487
55736
56871
29329
22771
44060
33343
47385
57258
32039
22077
18017
22381
51762
26000
40390
4284
58469
6778
47235
15857
31165
52999
27654
31741
53785
33446
15147
44797
11679
22502
47099
11406
9197
19482
59166
23365
22101
15642
12293
13310
32593
15113
39918
30913
58556
51212
22890
21229
22924
13994
9037
40405
9092
50355
58022
45354
42956
56385
46721
54328
40001
14417
14712
55644
14077
55663
57938
40951
21038
49197
7575
14299
19872
19127
28590
17824
37095
29056
44206
10827
37025
48242
45872
36661
7254
29426
20853
55696
24299
12527
36626
38126
5744
21191
17856
43625
48897
58884
6762
31883
52498
47828
18957
30985
28658
12621
56124
49166
10949
12815
49124
8492
26533
59264
21339
35092
43520
34638
51156
43847
30610
12767
45663
6431
11014
19256
21312
28049
8734
12228
51311
9463
50992
37413
16204
34866
26040
10930
52541
19081
16799
22010
38521
18853
52740
49336
51767
45791
23123
5673
14339
20665
17067
23387
20891
49356
23838
8763
7598
31181
35537
16540
41629
33422
50199
12549
41767
27426
23987
31886
52469
48366
18685
53968
11181
31448
29238
41300
14303
47682
8106
19227
47779
51896
33331
57818
10136
27736
17884
23747
11699
17066
7236
20875
39761
32767
36887
27821
53962
43598
56013
30486
21384
22966
45633
54947
14963
50367
37111
42530
52697
16513
57841
12013
20259
34090
33411
57979
57944
23583
13675
33462
13304
43031
48542
39801
27409
54467
47331
37449
45989
4956
52964
24881
12120
51944
29269
7981
4140
18489
34966
3403
30672
24043
29554
22176
52961
32721
19189
59225
46316
9603
23196
33266
19108
41968
59585
59684
38528
24722
40070
44669
34205
44966
32563
23637
7280
22752
10156
12074
19442
30979
17467
35978
39546
17869
27629
36600
58882
54346
30958
14655
49765
14579
34566
42211
13378
24885
20724
23026
14488
30557
52711
33865
14014
15413
53860
5176
5083
14870
44705
7808
7473
55816
7126
32887
38465
26404
51543
30354
10335
8713
32509
41942
24540
26248
31460
10405
13930
58598
14629
17154
30344
50251
29792
48532
10453
15173
14166
7944
11374
58384
32658
44747
44537
23120
41970
30962
49007
8867
13410
22765
50306
54095
11709
27833
54064
50714
18119
59879
44415
57224
53254
58436
46042
25912
42202
55701
5198
24188
34675
36026
47861
35469
12747
25836
41981
27071
47322
6045
43216
59453
5961
27880
35887
16531
13162
35603
23949
27031
41426
31849
45653
43441
26581
10191
5994
40356
25989
10638
39728
3585
31149
17394
5003
8788
49095
9389
22008
48685
11331
16868
55580
35427
51158
21601
13702
30134
48461
20903
39555
35193
33209
54455
27585
10299
58082
5445
6024
11641
29390
21296
5756
9844
17730
38454
51123
59722
45136
32930
29244
38076
53501
45887
36735
51586
8619
52340
27593
58773
38520
10346
6260
24779
42301
34588
53386
55270
4430
21058
42651
58171
56912
19452
40638
50525
14898
24184
49944
25628
59119
18970
30931
26809
11340
28984
15626
21011
29275
30393
21777
26419
16207
13906
19410
28920
23865
28342
42054
31333
17429
25624
13204
32874
32560
17515
17177
54369
40252
22990
12198
3524
40992
21873
51691
32420
54567
15503
22373
16518
53328
59903
47445
21271
20809
9267
54911
35724
34682
36340
30407
10657
9596
39206
59389
53012
31716
30519
23561
11714
22000
4540
14695
40027
53860
17446
19646
33019
34611
37770
39270
48240
31716
28642
21537
46529
13532
34461
50557
42682
15605
47760
30162
52006
30442
15683
22266
45053
3212
55298
47373
37059
13437
13682
15522
36994
27077
24286
44697
20493
23486
28565
52514
27014
32502
22840
38510
31578
49978
18119
57521
56044
31408
58178
