1839
45193
57531
45665
51553
20692
24921
4749
54454
41070
17509
40268
5431
53912
30965
12234
52316
29353
55862
39383
13044
18508
48026
23940
55181
19922
31425
51670
43180
51684
19877
59574
44781
58810
55149
53641
3667
53179
36988
19735
18040
19733
30141
3617
22635
34205
27073
26556
45643
40079
47557
59461
20530
29430
35026
21235
3817
18168
50989
8200
27738
49885
47027
21509
10916
44692
25248
28972
25490
47432
35823
52593
53810
18454
50541
57533
46943
48537
46346
34634
44996
19068
30201
15620
37818
25793
16192
36110
6014
50808
51463
13353
8872
11973
30707
9878
50866
53715
55826
46641
22347
43063
52537
34307
52706
17016
14290
23033
50758
8801
28967
35208
33874
12466
10030
45400
8511
19413
14315
54672
20224
24532
34491
37237
35512
30282
17977
35984
11016
20419
6279
53129
54137
12369
6070
35574
12621
59261
39247
4957
14985
27399
14339
27127
57676
30002
42981
59524
3119
16173
47460
31238
47617
14891
19613
44391
18270
43502
25788
56061
47413
57164
51953
42392
52836
24573
21860
53309
48602
36267
56496
27429
32270
14707
19896
7049
11920
16083
15989
25144
28459
44160
15678
4754
39666
50039
21634
10206
37586
38775
26716
59682
3836
36062
22605
54228
18579
17163
3588
25609
34179
4954
15709
55389
52973
37640
4160
11686
21876
23165
17913
58954
44124
23843
30651
12773
51361
16463
8913
28590
16432
32322
10033
16704
31155
44866
6540
53016
52003
48258
57048
8862
32216
22978
14828
3555
25795
29558
41249
8266
57325
5149
32863
44310
47792
47912
22373
29175
6546
21147
53931
37127
24835
29723
48643
12452
46150
16843
23993
31755
49719
30970
19733
42165
55904
41962
3362
37222
33224
41004
38406
20421
47065
29504
54051
51984
8054
15658
5898
57198
52781
48871
12168
10875
43179
57367
18887
27539
7663
9663
48204
34476
9960
34435
58544
33673
21123
33485
35725
43010
29278
15934
35058
16483
10456
45027
13071
46719
14187
6984
7723
39862
37342
8906
39088
20726
12754
32027
13910
24238
14098
5913
38704
18591
3309
47946
27469
14772
22630
22363
32074
36196
47785
36075
8802
36113
27644
28687
5394
42423
55760
57269
25934
18217
44655
35853
41710
33380
48479
11692
21362
51678
56420
30139
12337
31950
23052
33605
39762
7066
16090
24798
17529
49573
55854
44199
9392
50667
7058
25990
34815
17847
25847
24038
42450
23624
6294
11840
23190
12716
43068
38965
15950
41706
21639
13507
58452
27935
38332
12706
31524
29378
59375
44693
13842
10657
57674
6754
37935
43847
35496
44882
46389
40501
30600
40511
51269
34648
54347
10940
18651
31665
47087
39731
38531
42224
21206
4984
25668
16540
18564
58517
44948
24341
58505
9775
46397
52025
38176
52796
45394
48595
51568
19059
52567
31986
56230
46538
21261
56788
32205
6195
27714
43603
37241
49477
53642
6827
54178
29849
6712
58636
32636
46570
18767
15643
22872
20992
36037
32609
41040
58194
23356
42475
28280
59559
37779
36382
5709
27911
13527
18963
32380
22128
56005
24302
46379
26319
10132
41977
38967
56470
51646
50579
51015
36250
17216
57528
8450
28118
24639
21918
33475
48772
19679
20798
40031
9388
28710
34850
36757
52592
55526
35508
24733
51190
18239
7666
38829
57353
25624
18872
29591
13168
45194
8629
8376
16185
5623
10483
59184
31815
29537
32904
9402
8334
6369
39516
30021
25406
19533
23496
27450
47651
26372
10473
58931
19746
27238
42287
43687
31105
5788
55640
3187
45526
55447
8939
11180
28869
46297
11643
16454
41914
28112
14449
56948
21829
52353
12243
20675
46436
37936
58672
37304
17410
11900
8921
54871
6137
3596
20833
8818
40143
9247
46695
20597
57081
41575
51556
50587
7159
42647
35093
4352
4491
7772
31438
50673
31945
12381
17849
42883
53703
51884
6792
48790
11210
33485
29295
22781
24882
59775
15490
57345
23318
45874
6879
26544
56064
26628
17271
52179
55472
34912
9342
6148
35816
55208
6267
29150
35681
53324
21536
21736
4674
50133
25540
36207
13717
13670
45223
17036
44239
24166
10849
59751
59621
23619
16949
32588
43001
36511
51153
12435
44279
39322
10650
5716
5168
23273
29742
26895
28324
37800
54425
57400
50321
39206
26935
36856
51497
21734
45199
31303
30970
15550
5876
30928
49114
34370
40679
12287
42924
40426
41073
9349
8359
46911
22130
26557
27195
31497
31688
30417
49189
4121
21756
44892
5207
47735
54612
17224
52585
27050
59304
58151
4788
39405
59416
28322
45448
29819
37700
13796
54213
32342
3262
7563
26138
22259
58674
51137
42791
34664
21343
43534
5454
16746
35959
42554
56286
13982
51029
20757
17513
44622
39707
48042
22819
59880
3478
44012
37158
15606
4368
42535
17411
57002
31540
30919
9533
4765
8446
21945
6038
9064
11757
45947
25139
19454
21516
27622
25217
55065
26301
20740
36514
49154
44982
4454
58111
46823
38796
43064
43064
40955
56682
5619
5958
7548
9589
36098
4214
50310
52683
23517
10299
44884
52105
33759
32195
51938
32694
22478
24424
26327
12278
58760
30430
25137
27483
28588
48647
57677
17867
41845
36179
37515
56746
8889
15538
3821
41433
43958
9094
44263
45064
9606
35201
4183
52130
57087
59157
59556
3940
22926
26463
10634
34878
37207
21405
53848
14264
43977
53399
5621
7890
11904
48645
16312
51961
37315
53269
42750
46942
32317
54486
44826
56263
26440
46767
10210
33501
23501
10636
48584
10054
50217
54681
9425
8378
6326
9642
9848
30654
39047
5847
29348
4700
14061
23936
13037
42306
46757
28204
39423
29998
6925
23194
25166
17800
45584
20645
37912
9122
49676
26720
6564
19488
3514
17513
27115
8598
35774
29524
32815
41274
28984
28339
38772
52136
27743
52883
39084
18701
48645
13291
29977
9063
14861
30634
55909
7712
56631
26846
15570
37875
26355
39594
28271
7879
21198
42605
48844
5700
34273
42245
15406
29458
58574
40405
41526
28299
17480
46395
36606
30319
42267
12180
28087
27792
34986
34674
6188
25494
21286
38287
19361
24644
54034
42675
33394
41997
22959
20603
49895
58731
19706
4034
38617
42424
7454
49704
17894
27429
26612
12748
8773
7341
10695
24839
31330
3494
32718
55532
6306
25643
40404
38800
54099
27518
47585
10363
41776
9508
51987
45788
42776
12568
3474
25806
50427
45324
7419
5480
5008
38266
43122
12134
43093
23917
27277
22484
56035
13515
22740
34943
21115
26256
23035
53824
4027
43214
42174
43033
27172
54135
50189
20248
27822
54697
37390
15965
42824
43749
21564
7924
58794
54918
45778
10768
17768
50394
14181
40679
36341
37007
12627
22186
15932
26963
52763
53098
16542
58707
9494
43107
33374
4361
23277
26499
53784
10226
48895
6194
52624
13285
36637
4574
39152
44183
18632
45036
20602
46241
21954
3011
19788
7471
53831
54405
56500
27865
27568
32305
11548
30076
11963
14472
32698
58058
24401
12664
28765
16152
8398
59411
11410
54167
31121
18111
31232
48510
14573
48549
8399
39463
32445
56986
17059
4781
46746
36943
22950
51043
31654
12226
23589
32798
41236
15453
13416
20251
10320
53409
17678
13078
17926
29571
35718
54483
5540
7969
6909
54026
55358
25642
24760
15154
29183
24314
37987
58959
20478
7364
3844
14914
6050
6850
37575
29273
39792
40449
22617
4379
55416
36692
33543
17929
14518
22950
33937
5512
10109
33030
48367
40846
56194
49508
37717
54609
4499
58046
40877
53643
55837
17692
26624
45933
48138
36107
38601
29602
10573
4252
51897
17183
31087
13038
36509
43090
3132
15235
46587
34925
12809
53107
36489
42596
9442
17171
49727
44053
49530
18121
5978
34629
56133
23587
57927
29518
4859
13135
39781
48951
57506
44994
37905
6985
35053
8079
6790
3453
34242
55949
44767
52361
17075
48343
46484
29309
54408
54658
19604
9749
14451
6506
41533
10371
4212
43073
51663
7621
34717
5229
20451
5050
49507
25006
22842
18388
22044
58592
39847
9238
12951
43786
20405
34389
48165
48519
54727
45596
32708
49430
34714
41315
17561
44238
31243
11504
43739
49062
52122
16974
36612
30208
23165
50903
39976
24348
38792
24682
27229
59166
37965
43869
3635
29186
39863
55336
45938
6303
12011
30019
41179
14251
7417
46572
24579
45649
22095
57025
28259
44063
4161
46362
26473
20498
17977
41921
21018
32304
26449
44717
51054
43657
13828
17976
27002
37297
56666
59347
6224
46497
20691
51264
32809
43441
25084
19719
46949
50098
12324
53893
31647
23352
6433
32638
33599
50356
47656
45505
33752
25251
29345
42389
35225
5350
38409
44265
53593
29578
21578
12090
30683
16917
17072
5692
9521
29186
6393
31169
4174
5525
9409
9378
12516
37075
43964
17962
41964
27076
32248
5220
51360
43783
56396
43768
40825
50824
29823
55096
33475
43439
14786
25110
3516
9795
44012
41198
8392
47359
58321
40313
28285
51914
16850
57164
30124
31050
51848
43652
38212
15590
3583
24085
17105
16328
8128
42579
15341
6148
25898
25086
14530
27475
56840
48392
48998
8911
57686
53208
45505
23797
12973
15611
56428
9943
17394
33239
17242
5705
29428
13088
19873
34877
17792
46888
16957
14811
6679
35408
18501
18556
52842
7625
21447
51119
57563
54323
10800
21164
24529
8377
8877
23999
44390
5996
54835
16995
8325
23439
27396
25511
34728
45579
28546
55961
11851
17065
58442
54337
25761
31873
12231
59645
40129
37136
50901
15062
25502
39906
59526
16267
39132
24269
16699
34130
18030
13001
53783
49860
51912
43467
49336
6464
39438
58710
59348
9333
45803
16813
33699
8815
10887
8506
7556
24035
27616
9133
23638
23557
5862
26458
28620
10695
11841
54314
12888
34051
48824
7659
25485
4287
48804
43471
25948
21330
54339
40607
46351
39612
49633
26819
33557
11916
22978
57538
49292
45610
7393
35356
14616
26053
56856
31715
46568
22737
39556
28841
16199
56324
53072
27239
57445
35591
3100
9811
50529
13969
9742
15348
11254
32433
4028
8728
16211
38984
31833
15209
18445
49472
44615
43435
39178
43123
22006
12503
17209
8727
52544
24441
48487
31411
36343
57845
5160
22840
19398
23215
49111
58594
3167
52320
26164
25950
8137
44761
10653
32711
31872
43618
21097
42303
28204
23573
26265
6027
59912
50257
7750
47079
13990
4169
22557
46946
31051
10671
32925
53150
13387
25326
14397
3933
53502
16827
18833
45960
39763
54990
47945
6657
21639
9342
14758
5471
8343
29141
47778
8335
55545
13903
51854
22088
34612
53193
17332
9604
11723
37722
55115
11513
41491
25384
52280
39407
4561
33671
25889
39290
27950
58310
33796
26112
8780
17040
39997
38459
59958
23888
34899
3188
46391
22741
28581
14997
40560
19235
22784
22127
49908
35179
20102
43148
7460
59858
4590
3288
36330
50158
30062
9029
21696
11671
16040
57995
38787
32056
5808
44086
22774
11714
4413
51061
5493
56948
58741
31540
20472
13125
22302
42190
12006
13634
31758
56660
50647
28379
6577
51791
48584
40096
22274
27349
8528
37544
10406
57913
48428
10720
40203
32748
3793
33746
49922
48014
31693
34068
43392
58217
31708
15212
24244
42960
30910
25599
34159
26631
48331
51155
3032
46876
46189
15786
25256
13073
12161
32853
59865
54231
44272
10934
29959
13710
37703
18257
48543
36150
16490
40877
46802
50760
57950
8397
7829
34685
57816
33517
46435
5543
31768
46227
51490
24152
28869
39352
34471
10966
20162
50280
30539
37541
50121
50052
14594
42628
46930
53763
38184
18525
22101
41566
48972
15506
7814
3531
4538
11614
19981
35892
42816
28150
56775
42083
17787
7225
20593
7993
4703
41943
52416
42678
37598
3850
22932
48505
20159
24695
35212
33049
16495
3680
32792
27178
5351
52302
3905
29329
5345
49393
22719
8256
53125
26348
11580
26384
46051
47133
45827
41554
51997
30493
47721
33390
34506
30039
10752
5970
