358
36990
3914
59968
51521
11831
38676
56929
23079
31554
29936
9348
26247
4619
43562
59467
22429
35157
5419
57337
23376
17062
4734
10484
9721
13893
39219
53861
5127
50270
23058
14890
12539
26464
30390
3634
54566
16489
19174
24401
14005
38115
30295
32570
56118
13213
50082
15460
54504
45031
40007
49631
19456
27550
27965
12959
18266
3889
37743
57196
40003
55566
55386
53672
17643
52803
44330
39880
41048
43306
4304
32763
36069
31911
11688
43122
41276
51890
37485
59746
32443
30057
30105
51812
31800
52574
55744
13229
27255
4310
33618
9799
17356
26100
47932
14229
30499
17105
33942
41903
51547
59917
22788
15999
30683
52149
59192
48752
5301
44035
13480
9748
49485
38259
46474
22108
3561
20490
44777
55108
20614
30188
4758
28589
6971
42331
40248
21453
53971
42862
22951
47544
31113
52559
47446
22285
33860
36325
10094
5383
29784
5284
49947
30831
10598
12575
59412
3506
32758
45473
33426
24733
15654
45414
11023
43739
5782
16299
16446
59395
18657
20846
25280
34943
22485
59573
5297
57674
40368
22778
22742
16826
25828
56043
44570
5252
46758
24882
3999
24029
45910
18850
38979
10167
11560
5850
35066
45791
37919
33435
58439
37292
31542
49655
49906
27452
35451
37860
51267
36983
26300
34938
57215
41877
34210
19091
53292
13961
28528
54703
48287
24884
45667
7468
58205
36714
31184
46661
13834
4676
15883
48317
59452
44983
26751
14504
10353
16561
52286
30152
47324
48036
56087
33011
23071
4947
47127
54961
18623
9432
13734
35604
36417
25439
51019
3536
10873
22589
48855
5893
6879
5181
35464
29101
5421
18471
57820
48576
9392
31578
58874
15811
21008
16214
27308
14380
17650
4357
51231
9214
23972
14914
4535
34826
35194
32814
8879
53423
16358
38102
53388
28921
51168
38791
18058
5911
55989
9807
58163
59244
19452
56120
30425
58671
18306
58237
25134
6701
50737
8406
4150
34456
22200
5899
30542
48154
49222
47197
58500
10716
54289
35569
52089
40593
36174
8383
20875
15067
54816
58456
46560
41118
50671
48298
6975
26458
45174
28881
34720
45538
23458
13233
16572
44010
56802
12025
22217
5233
4631
45471
32420
42888
39377
22804
48700
58478
59879
23564
6490
49064
46049
51991
4468
14766
33293
55225
7458
7777
57747
