259
12506
5574
6755
14807
39989
45933
23131
25312
16153
10279
24814
5017
48433
12417
55652
18676
20243
3901
18606
8000
47415
32821
43343
46950
5562
41379
58072
38333
57813
16204
38379
27214
42891
32234
12287
18779
50497
46197
18583
14821
33778
49546
14111
43027
40321
32286
23889
6975
34667
29325
5678
55415
23023
39134
7022
57498
26633
50021
59167
14656
17116
57325
3530
48136
18595
50696
36748
8533
9686
11546
19687
53868
6140
56603
49113
54306
47889
57462
10766
20409
23397
17496
11215
7740
53633
23682
5123
30282
31936
6611
40554
11219
42313
19305
11454
44769
20298
13013
15611
55068
22427
47342
37717
19498
8868
8992
52006
22206
48891
25353
14974
55060
7836
51751
20285
59778
58545
19116
6762
3898
25698
28630
51946
26198
34802
49710
21533
45450
6109
16891
16814
6519
38787
33028
58631
14828
22987
10081
45191
6040
57067
16658
59431
33601
30304
15123
33545
8932
13093
8303
44618
54982
40049
48920
38281
18870
8443
45104
4112
15784
33927
29724
5258
32857
7873
47151
31247
53727
47743
45058
48930
18412
9684
30895
3152
56819
41366
52477
59808
47110
15414
10428
51876
42431
52687
35230
14669
21374
8147
38905
37486
46912
21350
41201
49195
16757
25414
23368
49848
11716
21006
16717
17076
46857
35030
42108
59761
4409
30274
7091
43748
43069
53995
25763
4409
30060
58046
34081
27926
33269
48658
36368
47010
21317
8160
52121
18950
31388
9867
38608
3859
15715
24061
35055
32446
24620
43894
45429
32756
42805
13445
48860
11528
43440
17323
59280
43278
17472
39657
42891
52807
21555
7413
52363
41311
3369
40552
33026
38215
