1936
38250
10813
25697
3355
20225
41974
48383
46787
25377
52816
23194
37060
25774
26904
17159
26674
47177
7453
55110
25930
14516
40690
19457
7867
22230
56929
31949
40786
33440
7693
19958
39951
54548
59942
54113
35037
7830
16818
3534
3087
46150
20947
42451
34000
46758
7313
9601
28858
6841
15976
24609
10422
35982
32032
4650
44896
48208
55573
39996
30254
47477
44016
52289
7301
52497
20112
53613
15468
59942
4707
30113
57384
55718
43576
57543
49685
28470
53324
53914
20318
48040
39040
22154
53731
45622
34549
47277
17371
45464
12145
6568
47820
48024
43248
30490
24014
22264
35719
42181
23843
39764
12508
23520
36811
55652
52236
19253
27567
44412
20436
42594
48339
32640
41208
16082
27864
24248
6205
35246
50815
55087
29178
49277
31961
11399
37929
47012
5763
34962
4289
35290
22211
21723
14201
15140
54093
40049
49925
28578
26235
34816
53427
22142
4800
37546
48979
23110
49460
38717
37669
43298
16753
40065
47491
11019
57293
15386
33643
32031
6785
57755
25498
18428
25590
3287
19063
53967
36587
29592
52845
52699
45544
42446
11094
51532
32464
10247
5792
21775
8982
29467
42198
30360
35312
22090
16139
49967
39350
16506
57100
5635
59952
20119
26310
33428
37773
39058
47834
13054
15752
49858
26039
40697
44251
13077
51104
10181
50999
30731
40341
48964
15520
46898
11441
20748
31469
54910
8351
39095
50648
36639
19345
51295
57344
58793
27870
45888
23720
30476
33651
10812
6728
45844
8404
54022
30679
8087
59239
3373
45256
37919
51800
10349
25124
45474
16608
45079
6240
54828
29832
32292
26822
22117
14281
44317
27443
25644
46570
25501
30164
7607
10516
28814
7190
21635
6464
24611
38064
56585
15736
37243
34842
33315
49202
57756
12763
41948
17883
17858
9035
10474
14285
37937
12056
3228
37492
46049
57644
7912
40142
13388
29739
40868
51470
12664
56675
20490
42855
22232
33732
32316
31321
57693
26460
44487
45359
44143
6411
30508
54966
56565
18703
30360
9867
21297
9729
9809
23773
37624
49957
38724
35393
6356
57155
45433
35172
16666
44093
55787
3668
47233
11669
25307
4801
58702
43552
4331
50566
57986
13077
39359
30084
23960
25736
28790
36148
14919
5076
40534
46688
27928
58205
10302
6700
37925
36799
57540
58743
44580
11286
20324
33739
51049
4606
52850
11567
8216
46089
37457
45365
30581
14057
56172
49034
52480
37553
31673
46270
49888
52950
32336
41497
31350
39997
12395
3592
14986
58627
7752
56070
32200
40099
25810
8966
31168
18493
53712
48316
28111
28113
59525
11209
13598
52246
13065
47528
53726
53726
16517
41756
8301
12810
4338
18765
41035
43080
28955
53790
11054
9163
21913
47517
24120
31865
36745
20488
29036
12099
43854
18293
46726
16435
13869
29385
39584
36160
16056
24510
27188
45249
54972
16266
41304
20856
41320
39781
51319
46351
23208
39964
52410
49727
35571
48932
43349
57420
30798
43124
46167
25641
37473
12542
42362
14893
23405
11526
12368
17106
45593
56507
25578
21844
52074
56429
36475
46455
39570
40043
9478
27367
44733
53383
43456
40217
33824
24921
5204
53134
10966
10515
10669
27021
58530
33757
21258
39097
52120
47856
8959
28455
13901
4542
4321
7514
45897
36890
32963
40899
54293
17878
7354
16875
41895
11274
49778
43854
21856
46305
45745
10711
7067
59203
29929
10672
37455
16122
47484
19372
23868
21679
10753
45950
40782
16770
34193
49367
40984
5869
4904
58027
8725
24670
45185
39394
22036
17505
43528
43556
21283
44373
15975
32826
51417
47781
18966
3132
42085
46390
31379
24773
23711
6746
33557
52931
4154
54869
14008
15230
18513
23078
53686
7830
29928
23092
49688
15635
8313
52310
23013
9488
28108
6014
5396
3587
29380
35808
4791
35281
20584
45744
50871
23238
27580
52029
21938
29510
4596
57780
12993
9550
36996
44997
48997
43194
58333
6486
50660
11009
21243
9773
18487
34380
50185
51546
4717
22214
28933
41964
43260
3789
6606
45779
37620
50626
10584
38270
48690
40477
31295
19831
15594
58606
28694
45277
10133
3077
29708
53336
23225
50196
34514
4096
52600
39377
22576
55414
12522
23452
48940
35973
45280
3228
24044
30653
34431
29386
48210
46758
17027
29231
24979
42936
44387
36524
10919
45921
46534
3992
51071
53527
46842
51215
46946
3914
27907
41366
10746
42555
5257
4168
27750
29583
57723
45786
22290
38649
15288
57193
38244
26434
42826
27806
33256
30669
37765
14014
41712
20904
7647
56514
12469
44002
16153
52139
53661
42721
56907
32287
31758
34069
9617
42708
18565
39870
33375
55965
55209
33213
39871
53077
58295
42008
43503
56198
22585
58204
35818
52022
14161
49743
28397
31014
38293
34709
5009
32963
39354
26642
53855
53520
11685
50190
32193
8281
52731
40511
17214
5909
47153
20057
15641
59932
50609
21450
25788
26701
14837
48859
4801
44641
8416
22579
56542
14909
19503
50582
26150
28588
54785
58199
23364
59080
19371
32832
28889
14753
39466
47695
50635
42346
18008
30392
59467
59611
50665
8094
28471
7328
5810
14157
18308
48704
58591
25882
54827
10931
44297
22608
32172
26574
14264
17582
35175
42770
26658
33531
44624
20773
53956
9812
34039
45013
24769
29016
40778
38130
34188
51770
40637
10717
18160
16002
38792
6892
36217
15919
28539
19583
52723
33288
39953
50726
32179
12090
20374
52901
36685
26200
16050
15368
52301
24892
7884
26990
43667
50597
8913
12515
43054
44796
27264
39435
4044
52888
31021
26951
26997
40270
32279
22669
15033
23647
41481
41631
41445
23022
50681
34979
16949
40867
20668
10726
27924
47155
30638
37497
59891
25920
9448
35330
44264
29352
16771
21837
37603
45220
59350
31589
37858
26617
24166
40639
23107
23394
14853
32756
44718
51653
38530
27668
4223
55382
24381
19532
21375
53527
44684
5866
48657
37196
53927
32609
19569
26018
36372
53875
9229
42881
48793
48078
21420
3506
46939
58861
3791
34413
48881
51321
31897
57087
19226
34573
20799
6491
48184
47805
45679
41502
28677
6451
11447
54572
31636
39143
55069
30216
46182
37172
35301
30916
33317
25857
5666
52576
15589
30189
30352
48528
9029
45291
50508
11268
51554
56586
34039
28352
40600
9067
27426
18002
31026
44615
15253
46346
12519
20376
49029
59172
36859
15501
30305
52362
41132
6889
5740
56349
54722
38482
30151
56939
27099
25212
37811
20434
4077
29313
38756
34963
28748
25991
42341
29504
13042
33379
19947
58105
31081
28137
44273
9271
27063
52761
7086
39049
29883
27072
29714
34978
16196
45472
26049
23207
42025
9100
20596
26813
16000
54940
34044
8199
21647
19583
21387
12252
34031
3812
12056
23331
41216
33155
50470
19285
39011
17058
43713
32471
13398
55906
5876
8276
16873
10299
22176
58118
53765
18025
43998
10436
4207
12722
35371
6972
27705
27386
24321
15992
46051
8036
29351
18288
49144
52272
42556
50877
28552
13535
39907
42553
16884
15274
30862
29337
10791
22435
22196
32962
54011
12352
30789
19632
17020
52602
38480
50677
47945
51715
54893
41876
33835
52171
32985
39210
39487
45757
39338
6057
36038
12660
51927
20040
41204
30725
55799
17359
11548
20587
8388
59330
8706
43411
29965
37757
46019
27365
11916
38137
28545
9821
51168
57978
18599
50520
57296
49218
5148
6262
12002
51781
53331
54787
49039
50658
18092
29812
11161
11931
7950
26867
39324
55087
35937
3446
39698
24325
57373
39768
19028
23052
21568
41067
14046
44863
36440
14276
4996
3035
18741
3212
33960
19246
43916
23446
33168
24000
12225
56502
31880
17925
48786
49049
25877
6929
20356
56157
28376
21621
9017
34714
45284
3654
35617
12296
46945
48177
49260
24288
40075
34809
6609
19452
14507
28369
35422
8194
42675
49428
47677
11314
41858
44028
20745
5869
45352
28902
48491
7220
35911
54893
21990
30677
18441
21128
44389
42884
25542
54504
50843
39320
47304
16557
22362
15797
26143
30554
8409
12503
55959
18768
34853
59051
26188
34493
54600
28796
28567
28579
48157
18773
29107
27787
39770
10334
12780
57087
31151
40318
18256
56013
13490
43242
58926
31539
57995
9860
7841
11257
38352
27045
35085
17823
54983
50433
37308
32345
38851
53251
37939
19355
54253
23645
54847
37451
19445
33635
58575
52947
49508
30088
46406
30023
4905
38557
52864
12569
43844
19664
58767
40246
49910
35786
7532
45379
13041
9715
14041
44080
3004
34115
9752
50316
52480
7334
29722
31070
3599
45182
24777
46005
20966
10474
37883
49944
56003
50480
35384
4340
27608
29977
20430
46926
23199
14221
27839
6808
57625
23695
56235
23928
53006
36485
25944
52505
57500
24764
5402
22706
18095
20236
33618
22270
39170
8975
7459
29412
35494
20293
39734
21636
32247
36123
9654
5862
55210
21006
15936
6506
3859
58176
17754
19464
50991
56698
45207
54977
4958
41054
12584
53658
13704
46220
54565
16242
42569
47070
34956
8400
54508
7753
13344
28674
47763
52342
35980
21476
14619
56720
46702
10315
49721
6289
45309
43659
21833
29679
59443
12561
37056
17577
23392
23275
13376
51537
56710
8685
39945
24969
55282
39881
44953
48286
47908
11644
57458
34814
57038
30697
3652
33958
11077
7630
22668
35439
24834
59770
57485
38699
9697
55918
17799
47451
38760
50276
52838
38562
17701
52395
12819
8747
26954
10478
42136
9584
17116
27653
28031
57669
57092
22216
25679
27970
43822
12324
45746
30298
19095
55559
42155
43410
29349
3851
24018
19010
6335
53620
21901
46652
35479
56115
42223
50022
5459
55717
24936
5958
24398
57098
16491
35215
7635
27688
31796
44114
49252
31242
27849
46263
51594
17913
30522
54218
30967
32841
45545
3678
3254
35668
7364
13717
46625
16549
32715
59667
19033
30342
56896
14169
26210
34530
41375
32121
7222
24189
26020
13558
5420
9938
11597
46707
18707
8090
50724
4401
15867
22033
15719
22500
38093
20911
11949
33008
33972
13354
30962
54780
27617
7364
51762
5454
30893
10228
47426
36588
22160
51024
10166
39916
14818
8823
57134
17644
52627
31150
25903
3852
35051
30340
55951
58157
16438
26773
12256
44419
19846
3198
24344
49210
47672
3586
16772
46584
33883
6328
25182
48248
39184
47648
22677
18101
16086
11668
12203
55496
18770
13981
39899
5345
17725
28037
25680
59926
58200
46341
30116
9396
21967
33461
56439
39117
12258
17060
25427
47433
49594
27684
32769
51338
53927
20043
51481
34381
20624
57143
12563
18285
47651
57851
12889
49214
55154
12964
46049
50143
16990
14306
45060
4803
8132
35860
32562
18548
46638
26186
43155
50846
46720
6415
51437
39708
40159
27578
39482
14674
22970
26756
19120
27570
19591
16332
10022
4166
58895
42938
20876
7501
45885
39671
6725
40857
50671
20460
44533
35058
45198
16406
14725
10884
59848
43128
50567
49275
6702
4146
52026
58827
11011
37067
47945
29569
34911
23930
52869
26447
14075
38941
53337
38377
4444
20380
4336
45691
46558
34045
51374
51377
25269
32759
15819
50578
58778
40846
26542
13706
33780
12965
27244
37664
20919
10712
33745
40039
57441
7339
54406
49247
54263
22774
35573
28254
32608
5333
54751
19287
20897
29788
16203
45112
47537
56007
35796
45826
14962
20531
15013
8945
38681
21201
9271
29876
55736
19968
26136
6068
37825
32856
17098
41983
42113
50356
51682
7217
8730
24258
8494
29032
45311
53334
29630
22378
33615
29520
35113
22308
11548
17379
44868
33098
32966
47141
47295
9774
7733
49810
9068
51247
22588
50028
33091
29783
54097
28903
20733
40588
30917
42063
21775
59351
46465
13277
54243
22758
37381
25438
17039
40837
23699
44966
5032
41671
26790
6428
42251
38814
58642
8197
28763
43618
22159
56055
9423
45545
16845
41500
14742
50820
27168
52642
57328
12610
45837
54747
32558
37735
12118
46421
43726
14436
13177
32319
31673
51149
44744
41867
3304
34710
35919
5358
50372
14144
30453
13657
5199
31600
8820
13616
30881
41820
16974
19882
40901
27966
28278
23437
15539
56646
28818
15438
37997
49858
12357
33662
34063
17193
9020
24780
57793
7752
32615
48036
39039
33023
50537
16010
4235
27176
29631
15217
39599
51116
15667
13787
43020
41068
27525
9037
35933
56331
48355
9821
15130
42701
28265
44093
8136
54329
29996
30029
44427
46041
25875
53764
34231
37349
40437
31726
29115
17949
42983
18666
15896
57530
13935
26702
15390
51705
57308
27044
40014
14128
53103
34723
57349
23818
38631
11904
11779
59861
