749
59338
28308
43033
33537
5209
19456
56229
55617
18738
54744
48738
27505
53572
4678
52259
3247
53094
13334
25936
7828
19714
25996
24184
57223
39198
29880
6735
47765
47535
50464
46027
35240
29491
50210
55558
20804
12455
3550
35877
23152
42547
6153
4820
33107
33288
34748
26716
25741
19232
20383
54776
25500
47911
17410
14146
12185
7231
23875
18403
25206
18348
21909
25784
8885
27533
3927
21095
34944
14853
52298
36741
25922
31545
58719
55756
23647
57391
5585
19883
17352
4961
37663
27732
5490
3463
47746
31636
50449
13086
25515
16203
52229
54261
8083
8277
38201
40566
23055
48880
46052
8861
59978
21330
57031
30587
7494
5601
32978
33031
23117
6111
22875
5453
19169
50340
13360
57646
43083
59398
46728
12549
18203
41986
21821
45111
40059
40007
55621
40214
23962
18129
22430
31655
53846
32317
40706
51283
26286
55924
14605
25054
35015
20710
30839
27987
32212
25529
52259
26046
38495
57876
18562
33301
32022
36490
25384
54750
17352
27531
27872
11719
18331
39093
44884
38364
26789
14608
54448
35190
39781
17178
13304
7881
55309
3205
37902
36125
23666
56861
23601
28021
24792
52640
48094
3783
17756
40964
53299
55432
26445
58491
15350
45924
22383
50202
33195
31198
49637
37346
50949
40944
13439
3002
52370
12306
43019
13815
51047
45925
24729
21169
30325
42129
14527
34231
18309
9650
30352
27455
53547
31282
32786
28481
49684
16605
40823
3147
48236
25674
5515
8929
4434
50448
26046
30837
29065
21716
58044
35985
51503
33497
10690
9969
56409
44186
22161
24063
26424
50519
6663
46536
21840
26181
53340
10257
42821
40946
41880
14509
31172
8378
22326
36184
50804
8021
52866
40348
52155
28841
43128
39272
48768
18250
52906
15560
25362
12629
39146
21603
41215
44092
21862
21800
14799
40474
40850
50047
8395
47493
32351
46945
53472
19185
52948
42569
41286
31970
43125
45941
59723
33529
19696
11589
19473
35580
42433
35224
5633
45129
23845
16239
35739
56456
54585
8021
31597
8501
18721
28589
3269
28591
28771
40126
40338
35849
40768
15048
39572
4667
10296
24539
4377
18264
58579
12426
19280
36925
11409
46838
5437
39372
33839
40044
31346
17929
59939
31031
18781
59661
58076
36379
6789
8991
38719
27208
4923
13265
56756
23759
40039
23826
9353
55415
39778
13335
26496
44450
16119
42932
18329
7509
34087
44707
9625
47608
10804
59483
47542
54311
53214
59376
30621
22636
46059
43534
8402
57987
36076
20614
9265
5295
58471
9944
56369
50676
50305
53897
54981
23978
13684
54998
48976
48538
33730
53981
9851
25939
21825
20693
56465
5065
11871
35343
44472
12110
44815
20503
7865
8421
32445
11120
35756
15880
34306
46906
57711
14047
4636
6792
20013
32127
39916
8580
25920
44896
30431
44237
13015
16571
33706
13495
27562
28960
43048
8453
31718
21983
4186
22909
24366
50083
16971
17710
55762
36136
58278
28397
13599
13899
22576
51281
9063
53991
49611
29484
13241
49807
6432
44840
33746
14793
30533
19669
37332
19173
55899
56809
54068
58038
51331
26857
43291
54483
34448
54056
47106
11214
29591
40980
33905
10228
18758
59504
11503
39920
12122
4381
53543
38215
34651
41009
16346
35164
7347
27636
11785
19168
59981
34970
49482
44100
20739
59633
39525
36905
31008
58893
48095
35976
7002
12164
22935
43639
51725
51744
59708
44857
53593
30812
4438
25159
7296
5113
55003
23592
43891
12039
25785
10951
44711
27280
14485
12785
19373
4861
45855
23220
3675
12762
15463
11981
28969
5072
17990
29840
45287
37073
37735
33177
8221
9412
25076
38460
58041
57999
37364
35884
46651
20845
19667
42096
50778
58631
34920
27359
42759
21250
50917
43147
33177
30077
19130
42998
32369
45323
36871
35324
19686
14290
5684
26970
57880
34201
32956
32397
10598
25903
8882
35641
39614
15662
42885
19323
36266
24496
50220
23793
25695
42748
40527
26303
55943
31655
14574
50447
56824
53737
46505
3651
48716
48385
46717
3436
15583
28762
51351
18426
22383
35810
59021
30302
3050
43675
12981
26763
55776
10542
47584
4417
16002
36674
55656
28160
49367
4266
37476
10160
48633
40655
56837
13278
27344
51440
58841
30393
57602
42893
19178
14838
21855
54577
38267
39325
52015
21731
4875
46817
23110
16641
11327
6737
19550
40504
5958
31943
19427
58073
34350
13077
51155
8529
21974
6415
33070
51661
27896
17774
43555
15939
20595
54183
45355
7034
32436
40713
47013
9030
42500
58990
37331
55243
21490
8917
13300
58104
26626
55064
50182
10136
3458
44952
33082
21142
35835
50393
3857
24335
27640
55354
40723
57282
25050
29347
24280
18234
54833
36528
28399
13808
9319
12473
5411
17182
31965
50255
28422
8963
8234
28637
40194
48783
59344
24457
4510
55556
8805
52876
33637
53453
