152
9182
58178
40145
18984
39178
18060
13533
21045
22444
37618
29802
48498
29419
19271
36948
3960
34779
41544
29031
35374
45773
45176
51694
37376
26778
56355
46630
12263
47157
52035
12438
24675
31680
49137
49793
4364
25710
36223
12001
46185
59438
9643
48064
59425
22223
49351
59416
45285
9349
53779
55753
37708
20458
27719
20061
15518
52862
34468
22929
5403
29478
50113
16856
5255
3466
26392
57462
25452
22267
43731
44908
42173
12367
9541
34416
36626
20748
9006
6858
52014
28244
41498
18136
37301
12359
31453
42083
32812
54792
38154
48472
33926
36424
51817
21643
9542
23815
59776
30705
36234
48035
38595
49522
54974
55943
24870
49956
59206
34717
48117
33010
53163
34678
39819
14217
46371
45409
31102
38148
57758
29209
38179
12859
9851
26365
20687
51591
17957
30964
5241
19582
56296
28959
59663
30906
58103
18450
19488
37815
49749
10062
25684
10272
58033
21184
54072
16951
31104
48513
40648
10060
29902
