198
18726
49110
40722
53011
50650
58278
5989
26451
53599
48321
15407
33573
3831
4152
47379
45475
15256
20531
14995
14747
46915
21904
48882
46489
33964
12203
6629
21881
29041
7933
23653
6390
38593
23514
7621
29707
44173
58472
5966
17188
51255
49213
21619
36597
8141
23572
50335
15056
4300
57753
40327
11418
21726
4695
4067
18510
58601
22814
43344
37327
14994
38470
54806
39880
14104
13138
29467
53708
8756
44217
5068
43997
23890
3181
40887
48916
37533
4841
48642
41968
59542
57949
8370
43385
47388
10053
22680
51710
17000
8086
14063
43796
4764
23496
28370
46878
14928
39769
9377
13565
54391
42570
16941
50626
42497
22495
17289
20622
32247
9441
9723
24005
32857
38747
13694
24328
5759
50094
33335
14103
21352
44747
7358
12724
12891
43960
7703
52573
26491
35506
45140
35012
46615
33211
10823
7881
11273
51972
22328
19993
20229
22680
10307
16908
51623
13237
14391
37542
9048
21523
8333
20174
56409
16040
3100
39713
46145
19074
10747
40077
36467
26443
7510
48635
51084
38348
18590
27610
27944
7963
59451
16996
59108
25150
51744
54111
59697
43078
4262
30288
17592
48015
56661
21391
4768
27553
16755
18580
9589
36853
3285
5972
4469
38446
44162
53593
18646
33761
