1764
4523
47253
25474
44649
24585
38851
16231
45999
55442
6222
3134
20303
11179
49721
28723
9393
20414
15456
59086
38505
9011
42637
36513
20665
8452
12315
15270
22758
51366
38236
54516
55401
25538
58104
26515
13890
15353
25226
42135
12882
55051
47433
3355
30315
42796
20219
39641
57194
17070
57288
38192
3662
6261
13274
49958
12727
10219
53785
30245
42511
33630
55269
59010
30345
18504
33043
4898
34399
47482
16290
35929
55676
46435
27876
44255
52789
25035
23779
5282
58882
3069
17969
5485
38180
5678
28458
42276
26703
44474
38232
49059
59954
22015
37652
9927
26004
21176
40392
43409
16471
24208
19197
32925
20935
8696
36928
19086
20687
51441
19141
32787
21450
51100
44950
56105
19823
57281
15535
15121
17506
13189
14343
42931
5101
46330
6029
39119
7695
31977
38126
18453
25265
57350
43419
22107
4026
28083
38505
24574
27343
23383
45118
38859
26012
17046
9869
11262
14924
34171
36655
26232
13058
39266
46425
49324
44974
48559
44024
54657
17290
42252
10418
4691
44356
36033
15224
8790
47547
35728
40730
54959
39794
17073
57149
3907
21937
4452
37866
39605
34379
43163
47442
12112
11168
50882
18190
38489
4889
51479
58365
16993
59308
17116
52442
32766
41854
22137
8874
33974
33285
35705
9354
43995
42702
53310
25281
24525
21643
28696
19118
47215
28812
51865
18765
10823
4730
31875
16409
3274
7348
12267
54117
32540
3916
30839
19999
53996
15925
22727
40426
23207
25256
12228
56735
56267
27932
17488
24516
44426
18068
57607
4426
35353
8692
51860
31744
37708
54817
31460
56383
19009
38191
32860
5313
11873
30638
50133
37934
22629
15231
9322
11534
22944
14098
5262
8812
52201
22906
59322
30199
26388
13357
39309
5649
57172
12002
17196
46224
33620
39418
35223
50161
14289
32298
11621
36000
53865
35225
21365
37378
41529
19167
58195
19585
23478
40885
58640
31560
49221
5563
23875
54677
21085
17993
6664
21051
16305
32392
42872
6153
16007
15758
17669
22423
21724
48313
9722
13353
16254
33131
10787
45923
33222
44812
40259
10150
15808
21957
4167
50448
51481
6324
45867
48611
55870
41489
13052
51382
15349
38672
39263
42138
33836
5727
19971
52046
14538
12707
40702
54744
14607
58730
52397
12444
10030
32465
45360
33752
12092
34937
35617
6230
18590
36457
50309
36126
16187
43577
46677
59318
35242
16238
3996
11076
22179
52684
8863
34194
19302
58355
40320
40866
54030
39047
55077
50685
3327
6005
40345
12817
25910
40164
31758
9982
8828
17761
58962
29037
12542
24570
23686
30470
17276
50326
14103
11955
25362
48026
5630
9047
36730
38102
49880
30547
14190
13444
37937
34656
38537
9710
32849
47888
59406
6134
51172
37070
39260
54534
3982
8434
29074
7613
5282
10491
10528
5965
56929
49640
40330
54786
39715
9953
11355
42947
14146
21301
23906
39396
51166
53539
55892
48845
52940
58985
43159
20874
30462
22576
39009
47921
21234
43382
10586
59044
40383
26158
40589
42561
46685
15785
46347
33947
48397
52216
30833
44030
6715
9199
25835
17604
30607
54421
4262
32038
41548
53784
38236
55896
46638
23683
48706
18523
47952
59221
44893
55093
20413
54242
6331
59339
13456
12628
8938
21258
49452
40463
41531
16249
49910
32291
10113
53403
31118
41335
21071
22826
52493
7244
39174
44052
8833
25489
5937
5121
8064
51868
53270
57630
46238
43352
51283
59386
59737
12594
24851
5357
51279
14431
37212
12524
7753
36807
52990
16110
36407
13618
20432
16406
43697
22994
3331
10899
18185
13965
27069
5286
36544
32242
22657
51301
29759
41120
8238
42378
38654
27252
46323
30268
15685
42103
20736
57686
53876
26644
32975
27302
41781
56014
15798
18214
52937
35761
23588
49088
50437
16949
43766
20649
9459
16703
21660
25640
37745
53032
23948
24215
31295
52431
58197
19747
56991
16312
43004
3364
29355
39623
35554
51402
10735
49218
24793
39809
28148
56567
55703
28085
15716
23066
12882
49915
50041
38730
41631
30835
44027
18185
44902
7051
48284
57550
53007
49244
43939
34693
45350
44553
54355
31312
49680
32787
41873
57356
28151
33561
44058
27851
56798
5593
26787
19711
29640
17883
9810
32974
25812
40699
35713
9509
20310
32009
22675
29604
23773
20714
22061
25329
39412
59707
8856
32619
35269
20254
48225
16954
14465
8196
31376
26890
40873
13351
18483
41709
41289
49843
49936
53209
26051
32794
3979
25624
44085
58519
21233
17102
13428
9113
7785
6687
14532
41212
42794
51978
33332
41523
21570
43497
39504
18484
39773
15306
46526
3451
13346
17136
59799
35702
41142
13982
31429
18554
46693
32106
52894
21140
20641
53927
45058
12145
18610
59535
12570
27897
27835
26389
48567
25055
23218
33664
14730
10024
59629
57738
34010
42639
27178
32472
30266
42096
26773
17656
21147
59747
52604
34721
54519
27657
30495
53239
48124
24124
38602
31905
53213
11773
39421
54240
43187
34783
28832
47952
58886
24103
45802
52751
29561
33350
33595
24647
50242
21308
25258
48005
12090
47475
25842
36389
5149
10221
5269
13520
40631
38594
31266
16928
26675
36351
4410
30792
30220
16729
30098
32491
29832
31861
34678
16057
42774
13848
40169
10131
34992
4246
16737
18637
35664
57525
11206
25767
26633
23593
35592
9535
20563
25554
9686
45781
6632
31545
26846
26177
19078
23315
3475
20781
42421
51426
34954
50712
13209
47092
48594
55349
35705
24745
47602
48657
22084
26161
6781
53571
12435
50824
14072
17802
55760
57122
16142
47811
11791
31040
27511
8987
36751
27138
13001
14726
33292
16098
59813
47036
7182
52701
19687
31494
19181
55601
19814
49629
53089
18086
12971
3470
44860
7688
7343
8224
50248
49332
32737
12876
20582
3129
47636
36712
5764
18602
48325
58255
44648
11786
44305
43085
19709
9385
26820
11036
7615
58674
23740
24939
39227
33779
59187
13751
39544
36615
17400
12898
25147
28618
33141
3782
43967
32584
46894
55539
51601
51607
29023
44930
52943
27438
35711
34970
23329
24126
9743
58584
28789
55684
59844
21386
54942
36939
30940
18665
47055
42729
24387
46465
35578
40161
41814
28253
28268
16895
5538
52776
37085
45627
29710
22067
45371
42780
26175
44204
58309
15253
11823
25395
22343
29216
3439
3697
14555
54271
38675
58707
52205
47164
32825
41876
30732
12271
37521
51135
15383
4875
58170
28880
47410
26586
44755
3834
16251
13090
46742
35962
45308
50094
42899
6538
32893
48947
5373
11599
29672
47584
40899
58469
50827
51654
25164
24589
53629
39024
39364
16724
17078
19487
12308
45845
41617
34373
46645
37737
28727
31667
18621
7076
54084
47315
54403
16153
10996
44938
55330
46965
34156
16857
54339
49934
18122
25144
11610
34223
15758
32542
14020
14745
5513
40012
33306
53170
37529
40091
19559
47783
13911
3757
25356
49649
39636
47903
24076
14935
44630
6017
54999
41158
23924
40992
52294
8522
32150
35715
30531
32759
43535
35965
34579
24545
33226
29673
7257
40329
16567
27197
39242
33437
59173
38432
6422
8808
12132
14231
50348
59597
5645
48916
49158
39823
54856
35043
34945
47640
48948
9564
5809
37086
29208
58827
49819
54918
24581
57424
42512
8087
50162
42166
11377
37436
36869
38284
9144
14035
55162
56541
37499
59481
34166
29696
11122
44404
40820
51096
14903
19773
21221
48819
7473
54770
43495
45631
45088
46797
45282
18362
25684
54112
39936
29546
12169
43253
28929
54859
16014
37196
22457
39923
56911
3091
44203
26530
6499
57413
28302
39675
30728
16438
48091
16556
56879
28084
25287
55644
15105
10442
31586
44177
20961
59134
34580
49584
16431
16339
44787
26251
31951
12541
58399
54448
33815
9431
23072
22743
13731
44482
46687
9265
48169
22919
41066
19024
14433
8611
57145
29003
51645
48966
59442
52418
18343
24196
47335
5891
37763
29105
31829
34781
18811
30898
16672
55132
22711
3735
39286
16900
14220
22476
54257
28265
32506
4717
7874
31432
34085
30208
38011
41702
12337
6403
34289
33415
40855
44071
49562
7115
59915
5749
43162
15564
3731
9767
17250
3400
17808
15151
31520
58306
6070
21329
29492
33955
5849
16223
26530
35111
51336
23415
23827
14075
49632
56880
16565
48903
19098
33166
40967
31731
37332
26763
5104
22275
32055
59103
43359
46906
10250
45211
19783
33534
58888
30067
37153
31981
6132
26632
18841
11952
49652
48518
32661
24478
6182
26088
3615
40623
6310
39629
10144
57171
10120
22795
11281
47524
15509
14774
21712
33536
13907
28603
36329
18172
31495
44189
41588
43912
7372
38410
44294
11447
12409
10434
37116
6953
11907
17965
7624
48253
29170
21207
39137
19459
44619
27921
5687
31082
31163
51761
43813
8779
40892
28611
8475
51382
42010
7674
32256
4628
38269
44600
48549
50275
59649
16544
50028
31181
14728
47395
26078
10258
22458
39552
56279
16988
40195
5467
31575
19699
44598
54050
19993
43249
20551
51638
10926
51267
28982
49496
15322
48209
38480
49412
45029
50706
19924
53400
20091
7599
53740
45602
7784
58077
3170
14084
13290
49890
18581
50801
35097
34778
32077
35847
13227
50588
35718
12296
17857
23288
52254
31654
13194
15978
12449
8267
16602
36697
21975
17377
5971
43383
24753
35550
29390
42398
58608
6574
48911
3201
49655
53643
11499
12214
43404
51431
44608
6478
24116
20860
29257
14537
19816
59573
49489
35267
15023
24980
32287
41431
47114
24488
54234
19591
21457
3973
51634
8588
3756
32933
8598
16040
12631
30932
16239
34303
9722
29271
36219
13323
14221
34635
25987
27975
19205
44603
42423
36957
3543
57930
19383
16356
59978
6565
30276
52336
43781
38231
50446
16503
10282
45250
30456
42347
40374
8439
36856
39915
38712
23074
25484
3171
58201
55455
29966
50916
7788
46580
37077
32371
47827
41706
9954
25883
31311
52063
19654
46935
36357
48211
52941
44196
5782
58277
26352
41624
27724
52903
39992
55421
16540
44654
58038
52728
53524
58146
16394
52982
55889
59655
47100
20706
27014
11820
34595
35869
20206
19327
31894
52139
39531
25059
51480
20590
21339
49377
13257
47252
33241
11022
9794
4003
23714
22608
22110
5029
56242
53293
34553
57958
18063
37077
59960
58012
23390
21815
15833
33535
41646
50196
45992
28981
5706
5922
17109
28243
50728
58062
56487
30692
34100
37294
16257
13280
42204
15905
50785
32875
18483
20056
6576
43635
17806
50825
29029
42933
4829
56312
50496
58926
12189
19753
48932
9318
50926
30056
50152
22497
35532
18762
43617
38437
41655
39980
31765
19389
12932
10004
22961
51287
20951
28544
33358
59688
19041
30581
35219
40104
13681
53220
4781
51243
53730
7852
16813
59131
47755
9995
51890
17396
13378
41830
57762
34763
8985
16433
36382
50987
4068
40464
46483
53466
25417
29783
11873
43649
57227
7817
4928
15406
33369
16995
44504
21652
17892
22310
14159
18158
7745
30361
30415
16901
33735
32653
28362
39443
53246
29537
39315
12156
4590
17442
10991
18484
15565
21672
31736
31797
9425
21370
29786
27900
48625
13954
52277
3507
47875
11902
13575
19883
12243
37206
10853
10884
46778
4286
7336
20354
27184
45292
48381
14355
51265
6135
34417
28192
51564
3505
41166
25527
55680
8192
12405
57360
56753
52257
23818
41900
35373
44007
9595
34989
45541
51253
45358
10208
53963
48090
35562
43403
57703
24978
18664
8330
