460
11854
9533
29710
4181
10597
55459
45792
3278
54596
50520
42633
16839
43634
34745
25156
40859
30814
42606
39710
31645
18940
27330
55262
10179
7372
45792
57583
57372
31200
18813
4735
44619
33477
21780
19923
55072
14418
42304
51806
47752
14511
17702
58827
43919
36805
46837
28556
48506
38205
27158
7868
36281
37155
16922
39039
5622
10122
46970
31812
37200
9244
54764
30922
25615
45206
3451
57640
44284
29043
11702
20909
55806
46730
3354
14406
4268
58348
8392
16441
30289
9214
6309
17121
18491
40547
58914
6247
41096
32443
31365
27890
52823
17737
39162
42608
45727
34022
45531
30865
32597
59249
40226
30742
12869
59967
35102
15107
44569
21381
12052
5737
43558
31913
6193
39964
22195
54579
45708
10544
43540
44208
32693
38562
54952
44797
21382
52968
5124
5597
22742
30226
10350
38907
51567
55178
47594
54521
15087
36270
59680
42626
3355
4932
7243
38738
53246
53736
10230
16073
54396
57549
5583
20610
19799
6082
31501
59501
19060
4345
36372
23402
38987
35137
28570
22640
49254
8021
39792
34935
45367
34183
17577
7535
10920
27230
46856
18743
10875
41488
55540
21639
24982
39178
22239
34655
59344
22556
5802
49510
6055
9613
21400
21834
46098
11302
16300
37124
56614
25802
42806
33278
47830
11391
54171
10213
24128
20510
46323
3947
49596
47239
31697
11282
4081
42511
43409
39207
23937
45961
5835
23030
32656
9086
13240
39013
57721
21500
18929
54769
15731
16256
10812
50348
50914
30920
4312
24102
46115
53827
4213
15240
25877
27324
8985
26453
59216
8433
42556
39676
55975
44116
12736
17418
13059
40749
43408
32717
40332
43842
18618
31821
16464
25643
52710
42868
36854
25751
48749
56058
23831
18216
19903
53900
31990
51068
59204
29812
43169
58087
41041
44938
48199
45840
30640
16379
47997
5227
54425
22451
36082
32366
22025
43310
34327
24298
20750
31605
22352
39983
9833
35183
26086
46321
15426
31125
22099
16290
7409
45716
47153
22692
40187
9859
59889
22387
26763
4701
16000
23357
18831
31931
9112
33979
29588
30874
58708
54564
46724
29637
19886
25452
37499
19462
22974
59589
56490
46335
59162
56471
46429
33278
16619
15880
12780
57461
20957
8513
14533
28112
52506
43216
59618
27419
23743
41931
29979
47353
36169
34669
37401
13660
8815
11069
20401
41807
11067
12527
35869
8965
37705
15294
51009
24486
26731
46282
22874
53498
51453
3146
57861
58025
42835
11616
58150
58779
42291
34245
32745
51453
48782
35112
27855
11119
54556
55310
29644
25989
5795
37245
10513
43374
56121
45658
44139
12271
7076
31079
45217
5730
10377
9503
58572
27256
52494
7685
26792
30042
27219
34098
57990
3421
30910
44002
56616
28142
38038
18060
17280
13119
32277
6753
29869
33875
34521
45617
20099
16727
4989
25263
16702
20332
18166
28648
8108
57533
50132
53019
47811
54649
55483
35998
51030
37347
36802
38430
41357
8513
8696
39758
59865
