88
51582
21675
59028
37870
44063
7794
54067
8235
30769
50757
30713
46328
29873
14242
41547
20249
46982
14474
28466
9353
58019
48980
13889
29048
7006
29548
18328
19856
13004
32977
52607
19862
46884
9647
14296
45952
42266
47815
9861
17212
55548
3299
54437
18946
37690
41496
14616
6735
25522
18709
27253
37976
42721
43906
54880
27668
35333
10297
52539
45336
30520
44193
51018
26554
51338
14733
15849
44758
25998
20282
17195
44034
43155
17787
32603
10704
51572
28082
16377
42059
41060
46762
32423
6928
53064
36444
32880
8188
