1866
31525
21336
15337
3843
48233
33521
22914
19110
32115
20167
42488
50399
9794
51912
12932
35575
29367
26487
41677
58668
33337
34665
56221
22948
7753
44936
33028
6842
8425
50571
18666
52413
16429
21886
47131
49525
26197
12512
49874
16250
45243
56807
4816
4726
43322
58123
27573
41847
52181
32850
51208
16900
27021
38620
48594
22706
27853
58550
17513
26509
55760
46055
31541
55732
38678
56875
12805
13768
14866
37865
39811
51437
36312
47292
46570
51696
47768
42372
15711
37366
50326
5982
50651
10994
16423
23554
8627
38739
42988
42437
10082
4269
52282
44319
46154
30158
9058
36679
24838
8803
56068
23095
39474
22241
22659
18266
53285
59859
21687
6048
43736
10739
15227
22688
33787
12911
13501
18484
54054
43116
27072
39066
24820
4022
52133
41258
52933
44904
21437
46670
57278
4222
58745
54890
5747
39597
7849
24816
28762
59882
14561
8838
24291
45743
38052
30794
38729
30403
15877
7767
31825
11891
10863
56665
11647
58231
22123
23629
17161
50024
38661
31070
42130
51691
3004
46646
7266
4001
50969
30617
15053
39188
31496
11709
13005
49385
8175
55121
3945
48646
44215
59014
10217
54512
58808
33228
37346
29470
9164
50402
20797
9756
5819
59553
50706
19169
11637
17753
15877
50695
43261
50969
8304
24529
47417
52319
45602
36494
54312
23455
29972
42665
23786
16481
27931
35206
30979
8506
36794
56516
53196
39481
55166
35115
11913
4377
29906
11970
11516
29666
8303
6585
52531
3848
7053
58400
39455
4799
33935
17341
30374
55286
40136
15860
46102
45929
46932
16867
16312
46356
31208
56425
59193
9627
44148
24864
50919
18752
35561
30309
39761
26021
18815
29877
59185
13295
53449
39664
38612
31801
54182
16867
33404
59674
31476
37665
5879
39526
29751
10191
57494
34516
42737
50733
53778
10594
40651
36080
55400
40461
28575
38098
34009
14649
43251
50320
56023
26444
33052
53299
9538
47503
3632
43091
36675
32291
52409
24268
37993
8132
53370
17248
58359
6742
4006
55991
36082
24127
44722
42396
27635
49869
44049
25642
21460
44337
15627
42269
49632
7114
32576
22342
3918
46408
39803
51308
36767
3215
31685
56199
9044
21201
59054
38881
52154
55843
20080
42763
48088
51545
44478
31747
8390
36765
17408
25474
23624
18524
52987
41133
16103
17153
41682
45274
23310
57962
10716
20087
42972
15815
18655
10242
29310
15271
39041
3252
10150
7178
36776
37232
23878
7571
52638
42361
30675
40531
9057
8949
44161
22872
12535
3724
40826
19579
42772
45810
24043
27038
49365
37496
34898
9548
45356
59926
49304
14924
32822
22697
24882
52802
51548
56553
43009
14219
55769
30744
30691
59299
54129
44143
7506
16352
35403
15281
10853
40283
38601
21577
26082
53317
35573
19371
28356
50062
49797
30047
33741
34529
44646
29185
27877
6074
57636
42058
46498
42377
52108
32832
8126
47830
4601
38723
56484
23542
33538
58419
22073
57955
43162
8396
28910
37147
51235
52351
35728
13339
4582
44267
13536
48477
34141
6620
13120
42040
13027
17077
51207
32985
32080
27825
9322
33488
35308
37362
45381
37938
37166
14727
10660
40688
14526
25629
45189
6681
58146
18673
22042
40018
6894
10494
34382
48423
16870
40286
20568
16755
29704
54415
40896
50001
47028
17400
43910
44246
57768
26917
54373
20139
25384
21075
19202
6597
51079
35332
51700
51365
32533
35328
9052
47644
22785
41707
50953
12121
14485
25969
4289
28627
15227
24583
17547
42508
51189
14247
11480
5783
59819
48030
12682
5711
9453
51763
19795
57830
43327
51694
53078
37208
23883
26687
36879
20360
15008
28856
52922
28975
10859
40725
8044
57113
52689
27589
9395
7342
11835
15901
59609
19399
7125
16142
39501
54383
12682
39814
29844
22592
36459
37382
37145
46100
58223
13907
24825
4477
38616
26155
48943
51007
30623
25041
39732
15378
45999
40532
21306
53420
38253
25586
44491
26022
25104
59898
20970
34735
6658
45842
24556
11358
45486
59648
8851
30979
35059
36426
4043
41203
41236
36538
31347
10291
5391
22719
36976
38331
37748
9407
28406
26935
32066
33060
38575
5566
21039
5533
19700
54727
37189
10342
44080
21853
45416
55496
4633
23767
58409
28932
27308
32567
45201
40109
5438
41552
49671
26306
29780
26134
44407
30965
15014
56419
29680
30355
48421
37243
5240
15560
20868
52120
58998
33478
13567
21589
28747
26024
21503
21170
49304
14827
50040
4125
38927
16347
26106
59490
34694
23312
11811
37780
44932
49546
14290
3990
3964
53242
19534
46661
7859
31504
42546
35051
45527
37093
17437
30118
5176
50688
18622
57975
21673
52150
19011
41241
50167
15494
14739
50049
39937
25271
44586
23819
55310
57826
20512
52538
35481
5451
3993
53099
21101
56289
55297
24327
15769
53458
3521
53198
38139
35146
16902
14641
57125
27027
34271
57646
24832
8728
36783
17700
49689
10226
9388
54333
48597
43430
26433
22974
29835
5848
49695
45941
51007
33897
11140
45265
18272
54933
54453
48252
20853
51664
49758
30861
35423
25655
18625
4853
50800
35325
41176
57772
59072
30035
8685
33030
13409
17853
31411
47174
19520
31507
56635
29661
10658
55600
12303
7282
8294
48691
30332
19566
39208
4810
4746
24521
13281
46701
20592
40739
19025
37877
43525
32096
46860
57584
43296
37733
5640
13155
21054
44772
57946
17746
42777
39055
32699
49010
8805
49836
53368
42793
29827
51587
35069
16911
40359
5294
59644
38128
16177
33823
28593
5868
9634
40250
26494
35330
13724
10730
30432
59008
46818
28417
12392
58332
52432
7147
6033
26652
41977
12060
44313
7659
11719
23616
13826
29721
22069
5191
23511
38619
32812
5634
55621
56805
21488
59213
5977
44131
28633
50855
30462
35392
8840
7633
40386
49563
22247
31720
27270
36626
36461
4288
44134
10459
56176
45671
38789
41998
11971
57946
45531
54619
45167
57265
37692
32789
32676
5391
46887
3656
54527
46115
18025
16841
13036
54072
14924
12032
18977
40483
50200
20089
29207
34913
19292
39357
59286
43663
53660
20237
43545
45344
8689
6843
29753
58563
59869
44768
44941
55007
27289
30227
21967
25544
49129
27803
42143
45757
10658
51018
42545
56543
18532
22957
21252
14116
15135
37264
30804
21281
28469
35785
49409
52423
48524
28029
44195
57161
8457
14048
24610
49006
21338
56045
37316
30585
59604
47048
25472
19166
59124
54092
48138
35012
41825
33424
12268
58519
54660
20440
30680
33096
55181
12258
55980
22541
35633
13477
37198
18664
35552
37433
38437
28505
24184
27059
37372
54262
27379
29755
13368
17699
4134
8047
55349
14440
50029
3146
31174
45640
12657
30551
42420
56047
51869
3328
36990
26987
4372
7915
11414
41675
17988
38716
42852
30090
19944
58561
30164
55088
51833
59038
30346
15155
11429
7027
45796
19533
9145
31590
4631
13853
45628
42863
24964
25036
4085
46724
34140
26593
23492
24494
5651
17608
54483
17250
43716
58817
52014
55593
17569
7347
11830
33923
9733
16691
42651
21948
43382
40588
35023
11897
48438
3517
12133
5642
18236
15984
42347
48335
10774
19093
22432
39185
23319
40079
27291
58606
46465
49842
12234
5677
25434
54121
45022
7801
46531
37234
9668
44727
51606
11522
21724
16962
42456
41362
59789
52398
22890
44631
48612
20946
23660
32332
8673
33330
26207
30176
6063
17045
13894
9745
10407
49686
43324
36268
7027
21638
6823
56360
33733
18252
44639
15507
47674
8009
15813
45522
34971
26232
22008
49903
30759
52531
43990
10396
50980
3759
12662
43449
59866
38571
27297
26588
12995
19382
33252
26454
26307
43678
58658
31183
46961
17819
57288
3045
32100
42026
44105
26104
18855
32624
30185
17635
20594
33847
29562
56765
51285
48505
10383
23243
38909
10675
28173
59123
47894
37008
5173
24019
20401
44321
53116
14095
20681
10539
27156
57314
22642
8992
33780
32055
15047
35034
4624
28925
13815
37624
36084
50512
44816
48988
40338
54916
4719
36712
42066
41463
59407
50222
17367
4392
22575
29415
38833
5471
27560
38564
39121
49577
47466
28046
50530
56516
42003
26465
23029
7811
8753
56084
10287
50121
19481
32733
4775
50376
21581
33046
13254
23948
22656
30413
24868
9690
28871
5511
16002
57033
7759
22367
7161
14905
37980
33007
5301
16346
3451
31183
35912
37252
6627
18759
26191
38561
58777
7901
3805
17900
43856
44359
33581
5748
26355
36666
43262
59683
6805
6130
51013
26140
9034
52751
44079
35729
7696
23694
38682
50021
24692
4223
22280
21936
52281
59957
37375
49990
39779
54713
42568
49219
4547
12325
31017
58002
16589
32124
3632
16597
11070
33973
52213
31095
35106
10151
37311
26111
19298
37001
55380
24625
28171
57948
48090
22797
4633
4418
47756
48090
40370
45618
20612
39921
48692
46603
45632
47868
51278
26769
6557
36125
31833
57217
33664
53785
24135
44748
44625
28466
9754
6117
3482
35393
15333
21004
23078
22599
56653
50563
59103
8279
52329
23036
26508
44964
40826
18983
13063
34534
58770
12749
42116
26506
54046
29202
51236
9205
33138
28137
20320
30679
54154
56225
28634
51577
8573
14695
34939
41357
23902
4536
7183
7128
16501
9385
7408
31387
36081
22621
31040
12830
27438
56182
10068
23370
31915
6091
23897
51138
19183
40594
47409
50571
39463
50089
53457
48366
50452
42793
27977
57182
31391
23629
25773
29252
26969
12872
6701
58817
58059
9677
57693
31853
24633
24762
14891
22435
31240
3270
5255
52929
36459
54246
44288
20418
21938
44730
5205
6370
32027
17280
36814
30243
5007
58539
19580
42480
33472
23447
26843
56552
26297
18432
31396
34036
52033
14970
5169
20893
23099
47917
38976
16412
5285
28941
41605
14719
25476
55072
41824
39117
28760
38794
21794
46929
23648
44871
23465
31251
31037
38856
5552
28443
35469
35835
53604
3151
26255
11517
22389
19616
57527
43477
57554
34302
57293
52566
3062
49272
42848
50038
12795
36394
15321
45138
27399
21028
14422
56607
44941
23569
28221
53945
28898
11013
30221
43822
15160
18069
44383
13411
29706
23533
17018
39743
3797
34713
57148
52967
8900
29647
55645
54738
34584
37861
3166
32780
8257
35056
45561
40609
50658
22858
3615
27034
25271
20734
55855
4618
54021
27971
27878
22921
22246
18760
59663
29833
51898
41906
23796
58876
3805
52214
35101
36677
44674
43246
9984
15879
29294
46385
37957
22751
48703
26752
43144
56800
19674
9791
53630
11550
47285
46005
40040
19046
18679
58656
19373
27089
48836
5163
20743
42149
6088
40783
17375
43853
50070
23711
14041
47625
44366
55229
35969
26546
24558
30459
15210
15205
27530
49036
58410
4774
58627
44468
57537
44616
30725
59235
51119
40664
34601
59927
16686
33677
13114
7197
47968
6504
43478
16433
30716
23241
7984
54383
9520
59437
30375
56036
47129
25255
28508
32231
9599
21948
25461
18060
10934
16651
24975
26279
44467
47116
45717
44907
28321
37515
34541
16830
9134
23037
35200
41876
54199
58574
4705
12511
46710
11151
15214
14101
57793
33839
42595
36659
3297
12910
21703
54243
3239
19476
54462
37432
34728
50425
24317
46346
37399
53324
33853
16160
17166
28587
48613
17762
9288
15261
6356
31221
41268
3929
26302
29189
9902
49223
52805
27693
58384
29230
13064
46279
58171
5111
30816
54997
13368
15279
10148
16564
49692
35066
24509
6424
27044
5509
44414
42189
40459
50391
20324
31316
43182
57238
38651
50465
25321
12957
56228
46316
13767
54585
8924
4677
38976
39750
16982
29889
43639
26679
59884
48819
57729
11952
51177
36867
41519
44541
22045
38028
50967
7391
29109
48764
30851
34800
18739
39401
49213
44579
29865
58746
56664
23232
46411
20529
41529
23414
39419
21176
35120
12855
13979
54937
37299
20066
59415
23401
46442
42431
46079
32947
16554
19411
22436
55533
20732
47815
10443
22629
24737
28863
45108
45662
9542
55415
13583
44899
39431
11960
30904
29170
55759
25576
14317
32594
48073
11245
31553
47650
39895
7866
19749
15007
36259
12948
54492
9810
