1579
44245
21544
31797
56680
55950
28451
20987
56243
54464
22906
38249
50807
10790
18269
6325
43665
4134
22347
55527
58023
42825
4572
42897
49102
31071
58270
56044
58156
48088
11988
49082
3474
16690
26725
51269
49076
7216
9570
41261
6247
55038
38761
41695
55822
8617
48264
43611
20702
24253
35333
40506
15419
39048
53283
21105
33784
56529
50535
20798
20128
45006
45036
47125
41069
40875
20098
3740
50710
46824
40085
55520
36139
19641
21201
57644
34683
32243
14187
31388
26417
22272
51029
40819
3282
22550
3113
20325
39785
48785
44759
23637
3373
36280
22068
13581
42905
40366
49701
27543
33714
44586
31974
33263
58715
51611
4465
25136
27343
7439
50869
55011
18326
8602
10724
56346
52496
33704
12400
10748
7030
53497
4962
45756
42021
58938
27694
22565
37314
47260
25685
42865
45439
22905
50687
58534
36462
19843
22604
7920
30676
37217
31914
31609
23729
20286
6145
47073
47762
8590
54076
24544
18197
32548
55151
56469
20212
37923
33544
28747
36693
40907
45959
13394
52441
18277
59391
8475
51430
30967
20731
49293
57457
22570
35815
59009
18858
55240
37318
36161
57389
49591
6658
57607
14010
32066
48701
11899
39154
15575
53614
49195
28980
26575
13849
55085
39842
43459
53717
24286
19917
4065
36756
50502
19814
48696
59910
28403
46498
22863
14298
42637
53333
9554
18605
58270
42280
19678
23707
14894
35792
10202
25513
13475
3060
39722
25676
32389
21568
50090
7076
7519
36658
59745
15425
28861
35801
9942
57939
27596
24762
30633
49359
36028
40282
7661
5216
37290
8758
58461
26507
33723
15054
21668
8009
47589
34600
21269
14274
45025
20398
12079
22542
46463
4144
38145
54443
15010
12703
46462
14923
46243
3927
12820
30513
42209
55402
38304
8483
55241
48427
58268
8402
49890
54966
17088
32357
42398
38963
58753
37788
37312
57137
16365
19513
49145
9777
8201
35051
46859
14475
53769
55179
50706
40824
56772
20445
43891
7454
33062
5854
42958
47449
57751
22696
36829
58464
25228
16675
55921
15412
23295
20875
15458
35827
20220
14645
51635
10554
11609
38473
22396
50177
57574
28337
28072
46796
54999
55955
56123
56918
30261
49471
55000
52344
14173
17161
9718
18703
14839
17630
41910
49817
51021
42317
41931
45454
24098
57882
26117
12039
20391
58871
33965
4339
6386
30014
34395
4014
40211
3796
43236
37421
20815
15665
58089
37176
35550
53059
22735
48756
56165
54576
13694
52049
9135
3247
5920
8770
11070
57211
37144
45485
40574
42173
49502
4039
8416
20698
46622
13763
50990
36711
5225
48556
58318
19690
41913
3996
46708
49805
10866
3531
42776
20144
31954
33229
17149
59334
50522
45348
40396
11844
12538
30444
59894
54585
6091
36373
55477
35606
29397
49278
55957
48092
4008
47805
15486
58620
6903
46962
30053
6954
25230
22961
40848
4963
30514
13404
45419
27820
7757
21347
50511
25290
42875
38855
31394
57701
53543
46240
55326
18091
34220
46472
12132
38167
36083
17414
19561
55829
17369
8549
44605
15087
48811
27206
50042
48810
51515
29031
9648
3009
34468
30370
44164
48298
45992
55286
47583
30533
8300
28772
11944
22953
31508
49908
28135
14762
8605
6619
6308
26506
55609
7149
33537
12466
27130
28961
33740
9976
12066
57891
23755
59401
42741
14656
22863
28162
38169
16087
49501
4986
13704
17294
51762
7352
13411
29954
23063
57537
38427
11876
16121
51456
55733
6649
58360
20275
57209
49062
16173
35129
41618
28692
49171
48018
54351
32751
43152
32130
10201
32054
24232
19402
22854
53531
58579
29065
57982
39048
24434
51356
28287
39534
3955
7781
16110
5867
31547
50699
33020
48104
31042
32054
39393
9050
15265
49646
25821
4812
25041
9241
50481
54667
6916
20599
35906
57795
17807
3177
37851
34611
15977
35412
6342
13886
18830
39604
56824
10842
34738
56738
11246
16194
53257
16969
4654
24282
30941
45932
28129
47626
46638
43570
56302
52995
55735
24147
22972
26899
48960
5458
18470
28100
45822
31801
27290
11081
31269
21229
15805
51017
33784
43700
9102
19560
3481
26840
16941
50801
49227
41935
38395
26190
19180
44625
46392
21807
22005
39090
7740
51783
50604
9305
45198
59399
38278
22139
10451
58228
27768
12554
43761
54782
47082
46307
41872
31608
59541
32399
38547
14248
11363
27536
58568
45716
3874
23417
41546
47775
42550
29926
13857
47751
5650
56611
33077
46105
52367
20610
4440
11203
55425
41623
52470
15207
52305
15273
23236
8313
33692
7716
37627
6113
26826
3516
38309
24425
13782
33137
42538
15952
17963
22080
26872
3488
44420
43557
4011
38967
24380
33041
55780
12711
18275
21385
6829
3314
14603
49559
34826
24143
32061
33066
14553
5167
40965
45438
8288
29195
4051
17336
39263
39649
47390
28816
7743
3348
33170
46940
33973
45334
51904
13105
52084
31137
30360
56147
34030
3941
51394
50802
43663
11824
3170
10022
18149
21717
52599
36317
57627
20590
18135
29428
20677
54004
10565
17117
21621
5491
12095
21931
59783
16296
57702
14139
56605
39515
54978
51458
59989
9531
46747
5112
57568
31442
4370
28601
59675
14916
19290
48485
27093
12899
59066
35311
40167
47661
25337
17452
4558
22294
43127
53261
12118
47681
18591
42331
15399
4202
40613
51841
44081
20471
13047
28117
32733
52985
22287
6387
38342
39537
42904
41181
23055
40534
37602
51650
20884
39529
24573
8813
31427
29829
31132
52503
7579
6787
55001
14006
36032
14204
11317
38112
26017
37213
53816
8005
3456
19202
4963
29860
33869
6271
9561
19302
37594
48250
22683
22920
50541
19052
37111
8864
31607
53191
57333
41586
6736
23814
59180
6042
28358
32254
59476
14293
40225
22599
43177
26256
29333
55346
57695
33670
48320
36631
44996
4986
33259
54525
22636
56159
49617
23647
6650
59264
45784
13366
31501
36002
5860
28803
57270
38804
34014
43595
41180
36589
12893
17638
32103
22730
27754
37282
54470
21749
3111
18947
53376
55490
37927
52426
30490
41170
32092
29237
56640
8520
29406
23445
36642
19632
5321
57051
42742
22168
17203
24447
7636
55059
10985
50514
3455
52836
47276
34852
6997
10624
25029
15128
12508
4906
26691
50057
28472
15103
49119
25000
22330
28636
57294
8756
46554
34317
32469
45912
17935
51329
50214
22858
20436
56280
40820
57783
20431
39243
41567
29110
7948
38502
42419
8670
41068
53850
39146
24211
7926
10657
53057
27469
24415
35134
24723
51202
43460
46720
36615
25145
12784
50802
14047
11624
39831
46546
36145
53082
51331
53685
16980
50759
14576
25901
7530
4670
5862
35598
34635
37256
43260
12737
30996
50237
15781
17832
22917
22929
29794
31186
32353
29660
55761
39319
16189
14278
59125
51232
52337
50000
37169
23119
24210
26074
10588
54348
26357
50267
31200
25768
50157
12045
28717
56649
34431
35140
59790
11669
20664
29473
4916
51576
50153
49262
37594
14742
11132
28355
10895
16855
10377
3118
16026
25329
51338
48945
44718
59054
6496
47622
57759
7163
22543
45371
21888
14801
14996
47901
48865
45822
28410
23479
31958
36410
59118
57542
45787
53661
23653
56215
43513
49680
41932
25870
16637
20402
54739
19943
59988
50335
22491
21335
32002
18225
7652
4598
3867
52913
31370
27856
59814
48000
49939
21323
50800
4661
26434
50032
4720
16255
25443
57084
48848
50780
16063
59534
50308
24803
40291
46422
46833
59136
16541
40138
23659
35809
57436
12230
59782
11103
54625
19788
32825
11466
48388
10537
39573
24134
41013
30744
34612
6290
20878
9942
6106
12535
45981
58358
38570
28769
41546
50847
6413
34258
15098
19109
40632
3520
17180
54523
33995
39046
42290
22789
33587
7208
13486
54103
41807
5697
50021
35343
23585
11552
49474
8585
44543
43499
25226
17729
54606
59195
52090
11978
29693
23711
45341
37954
46220
47161
41582
48278
17734
39427
55538
17706
23160
36726
40075
3058
31305
12020
30798
59357
33370
4566
42124
9626
45572
54982
25475
24569
14821
18679
17601
13652
48727
5881
48430
45118
42442
35167
39000
26813
14829
45883
9289
14484
18075
48374
21122
22997
22665
11749
19788
11531
24808
53865
23005
17082
42157
4785
17556
50005
11926
45509
13430
9643
6991
16561
7747
21398
27894
37968
32742
12532
24038
10489
7309
32049
40403
7216
52411
22560
46293
6030
18275
17083
26669
17844
16111
28407
21606
11758
41094
39548
7809
7577
46262
30987
42117
8472
32190
40163
20034
8762
59818
43017
16460
56114
49020
48319
43652
7688
30463
37184
29967
53142
23944
45070
39183
33276
41699
28778
52178
7537
47507
16083
5498
17284
9537
45802
19695
38735
20064
24702
11265
51625
35847
47938
51352
7391
14892
50779
27230
39895
40891
53999
5989
7035
30224
37346
15195
16917
16802
6633
32477
49749
30511
15199
37153
12457
37858
26500
3594
53692
39601
51506
18132
29892
42216
34276
52786
44327
31444
38492
24213
3379
10970
54063
39261
13163
57362
30629
39307
59202
25675
43735
41225
27390
27751
47411
43067
13984
8369
35317
14350
10577
50411
17062
13693
7709
38827
22861
25901
38340
26579
16315
12080
47188
25567
8677
21421
52301
19886
6902
10476
25555
25659
9798
50182
36820
43449
39300
30197
30510
12866
33983
58321
4084
3366
43153
45100
54120
56117
22976
35979
28954
15314
3591
29575
40426
3943
54745
11222
12033
7248
52758
17125
46111
58905
11939
12244
57320
38922
15871
20902
58577
59392
8207
9052
14842
37565
41857
54202
11098
42663
13909
44392
21275
18764
17314
45759
25232
49353
21383
44968
5785
26468
9255
8795
42557
12545
35204
22733
20686
23022
25537
32446
58823
22133
38995
58173
50969
30422
23042
6402
16516
33007
35765
55577
20143
44687
17166
28474
44562
28605
46829
56595
23754
10646
39351
53554
55573
45507
10418
9910
25056
49901
55944
53350
14104
26879
27916
19077
31842
54204
55705
10925
16394
50233
33877
33890
41771
25388
9245
22026
55237
37915
3809
17293
22677
34647
5263
25499
36135
40857
9525
11813
32835
40315
51287
47900
7795
59961
27252
15676
23518
12968
51475
35139
39748
16307
49427
21196
13491
5581
25687
17560
9842
40327
