2207
17285
17996
14522
30035
29234
16972
20767
21301
40661
54519
7424
7601
35258
27004
17578
43212
22403
33739
47522
25030
57082
51830
30359
37321
39309
35836
24541
27902
56425
49664
15075
9711
56362
19598
29258
53555
13396
12670
26395
41798
6436
57966
5428
34673
3449
6792
5524
30983
31940
23685
19935
4095
34254
13113
54065
41388
6371
30071
18065
6554
12254
13499
44015
46467
28302
16679
42158
28370
45518
23580
20135
10551
13793
10284
31256
6614
29634
22550
55143
30982
27909
52901
22413
31558
44480
59160
30579
54970
26287
24387
44424
28117
57361
48446
27897
19855
31658
18412
7658
26621
3757
26669
58688
48808
3539
37452
22113
17986
4492
15076
57388
11771
7529
33182
54347
35845
5845
11091
22708
22838
7157
41594
3632
12721
45749
31779
16413
22919
28672
16799
51449
36599
55974
35804
57874
18179
12211
3891
23562
26609
38253
48644
57283
26487
48488
18203
29811
36755
34362
36770
44785
6970
25762
53824
41712
45176
3707
17993
23200
21884
3485
53688
8473
41728
48100
29461
27469
47595
18311
54819
55934
52419
24015
30892
6515
42445
18454
25709
6383
18969
56141
42785
30696
28567
54289
48446
45185
5946
21522
31191
43797
34608
29731
37551
32716
42500
14655
34508
4680
49383
14362
21325
30597
42823
10012
27269
15361
31368
57129
14133
10242
41031
53421
50218
10983
21544
13616
22415
23774
56531
58179
7023
51936
17698
22814
5293
47908
32405
39505
35191
55148
25860
12746
39210
9051
57787
34799
48149
51322
49550
24609
31034
28235
11764
14271
27317
57609
53406
11492
51613
15334
22465
19887
32411
42773
29978
57980
8445
15214
24761
36329
59373
51137
27997
20932
45409
10459
40495
59467
33100
28901
38911
24019
44557
19542
4753
31348
3375
46759
21974
30452
58008
3672
49648
59730
51024
31601
24126
38124
3973
5045
45652
4341
8508
42554
4803
18386
47717
41921
14013
19589
29221
21764
40357
16550
22436
35411
8372
19460
21334
22131
10815
11629
54575
52015
6195
53681
10765
20668
32622
28630
10786
20929
43057
6884
56697
49255
12164
40402
27456
49782
7313
7854
8088
18123
47058
31666
42315
4711
58991
23359
22323
53781
58293
25255
48281
46324
11865
51715
12277
14494
20560
53200
15237
29148
50722
47700
49744
11309
15483
52618
16484
35948
10971
25479
41277
23811
56446
56406
36540
58279
24915
40376
45013
39753
12322
13234
18876
23912
12280
59893
32818
16089
36619
42718
24130
41637
49652
35515
9052
20476
22907
26414
47618
23440
27679
41728
14905
27576
4571
50808
20655
10949
33331
18774
26243
53737
41450
48019
25714
59443
29113
37573
48763
11052
44775
55733
15449
21961
57553
11304
20363
53910
13658
30518
8892
51192
33547
43582
58536
25141
46185
34533
34022
15437
20322
35870
32290
33237
42566
26561
40151
41842
55736
18142
23360
22638
53485
33309
4679
21562
39922
13596
3891
24911
37767
21181
54475
36565
25403
11032
29856
7149
55366
58577
42849
9445
34514
40677
25478
22650
55644
45408
49548
23289
31388
50182
22108
23404
51679
56860
36748
46396
43675
11377
25061
13830
27064
5880
33834
12692
8327
50151
59200
8268
35887
54657
4441
36745
16116
49005
23503
36799
53070
31863
51645
35620
13795
24891
26233
50613
9764
59082
49136
46832
48493
51070
51103
53929
7885
51770
12844
4611
33036
38181
52271
20567
45076
28423
33192
27479
22295
59741
17701
18896
51474
57709
7381
10427
37563
38524
33291
38158
12561
13530
8793
15876
46703
47793
26553
26493
54991
50267
6028
57608
48684
19465
49253
29415
17701
46539
56805
27515
46412
19193
46786
35943
25683
52437
13500
53376
45052
5497
44810
13716
15909
21540
32721
20659
10130
3591
43199
3874
54615
13211
17120
57871
30674
9021
11584
26281
53732
40469
29998
53676
15018
44807
40662
41979
28971
17479
8883
49115
15667
34661
59673
56312
34091
41368
40315
59719
34408
20682
16500
46505
53652
21782
58113
29509
18447
10351
35670
41635
57016
38707
19853
44454
23947
30491
11590
14895
39395
59250
12804
47652
43135
25553
14711
19405
31303
56253
34631
24275
35953
26292
37602
39671
20423
53241
23362
44880
58221
17848
27440
59283
15215
39129
17432
34122
13050
43779
39774
33907
4662
57390
37512
29877
55858
59950
8747
50665
49857
37759
31733
9550
7943
33401
19006
45168
35297
56720
5177
10958
28712
28010
40897
59487
54614
59811
8750
36765
30663
45495
10256
28777
24862
35563
24805
33645
16568
8265
3372
10312
48667
48277
10191
26831
49766
10466
55294
48730
4037
23580
43512
36198
57074
48652
58026
52885
30266
27585
27626
26545
48250
9905
8804
26731
37512
54131
12578
44009
44467
55314
12389
20739
53209
27175
39178
23931
19083
26496
5436
25509
5184
43966
26513
31438
53462
48272
37998
19172
5244
11684
36344
4337
7125
4668
13478
49663
32637
43822
8256
6571
32967
58117
23253
8953
41605
21268
16473
38727
10452
17717
19804
16798
6240
19356
28049
57888
23866
8304
9849
45206
9938
17254
16136
25532
55004
53268
3796
16236
16338
54302
23321
15530
23507
24172
28412
36293
17011
40502
41835
12456
8152
12639
33702
36776
48545
57416
17692
49073
59128
13993
25132
32830
6767
56638
18451
19956
42264
50644
28070
17873
53433
9521
8586
24185
29523
56167
11119
9459
22274
45833
35322
5422
27648
28614
26189
41883
6691
23151
10807
52864
39998
30125
3525
34821
8679
43100
26323
13418
23035
45038
28390
25034
8648
58637
21878
24301
18022
26221
55960
57385
7975
8187
36730
49983
43128
44050
31440
41435
4783
48962
40908
18039
54875
15704
30214
34151
11237
41357
22659
51272
29770
37682
37839
50048
38173
16928
20573
22860
56840
37581
30251
6838
9117
29848
6390
55509
42587
3504
31559
4926
42037
5060
53435
33497
35772
59351
52990
6489
27448
55802
41565
48793
18691
4403
32946
7445
31950
22948
50208
32292
33592
3349
26791
4646
5331
6030
59836
53205
56094
36375
27304
17531
29907
30975
52179
7665
39642
8623
14013
16200
59365
24040
15135
42424
55670
58893
25010
58169
59976
40008
50886
14687
14410
53531
37360
3680
47270
33318
5145
24388
22527
21335
22839
13166
17175
45106
33200
23440
51042
27702
19859
45080
19238
22509
26144
13548
16168
21733
24392
32935
16870
36900
59810
24238
23018
6678
14898
6672
32637
45147
51783
41883
13346
48382
6812
57886
28327
52966
29193
29773
20795
45170
26931
34350
23350
33583
39327
29101
22494
20211
24457
48054
7963
47989
50221
8371
57420
40074
18862
48235
9933
5327
59145
34545
14137
49401
47100
55852
49313
5177
48117
43955
52727
16378
36732
23243
22686
48482
41233
13234
18252
34723
51057
58645
56531
54543
12051
7920
9938
46409
23348
22333
22790
22409
40175
31438
12566
20012
45176
21947
56566
7703
43609
41361
46057
37145
8434
19567
9553
21502
16296
50197
41271
9953
58223
38169
31000
13436
7021
10736
26081
23072
19468
12419
14232
53305
35969
16441
49085
5108
18018
26932
49106
8791
30052
27799
24646
10366
15748
24506
34812
35431
12520
51757
46889
49653
57263
18030
3310
40368
34978
5949
23755
24446
41125
16057
55215
29563
48457
11731
31237
30894
12762
48699
13875
27428
44805
25663
22869
30089
57763
12349
7608
39553
11658
50174
43173
7230
57946
27030
24773
15867
18113
13819
17101
38851
41551
33643
18727
52737
38102
58291
39784
59756
37542
15433
38024
3983
18268
25196
34708
31149
7839
26915
49336
59609
27854
3630
29968
42160
30226
58628
54588
41249
25268
23169
26667
3935
32785
54446
10597
17804
57698
6491
38655
13571
57261
42995
35905
50577
45342
15270
17909
41748
40413
22266
28492
38082
24031
38570
24146
12900
57182
53844
54388
42105
45050
19855
35888
11771
47652
21104
22614
13854
7051
23420
15037
12019
17519
7741
4378
52737
12691
47561
46595
14522
58067
14494
19467
29875
58562
11077
18060
3363
43799
38390
10977
30420
49606
49468
22940
25512
33399
37135
22877
37042
28897
18328
48753
55182
47570
40827
35827
45458
10282
3204
5506
29472
58260
53700
14711
56506
38391
32865
56462
29921
30552
12995
24547
17240
14884
11645
31808
53854
56682
34497
38920
59276
47262
46501
36635
46898
45889
46549
6241
3913
30811
52060
49227
39691
50064
21622
15897
47687
25361
23145
48956
16362
19137
30414
13706
55019
43427
59670
28713
18411
46475
55575
38039
37486
42365
56482
7628
33761
41885
39806
4786
34909
52922
8540
53424
59117
11780
42378
30271
29728
59661
53852
4444
38765
55924
21197
3505
7744
31714
54082
33006
4050
36129
55359
57813
11542
39681
43044
16252
16319
27874
28345
43267
24458
46767
31224
11257
52345
8045
16240
38545
21476
42828
27087
50286
7110
27584
24127
21427
32523
49143
11606
35914
33159
22424
32336
55476
52139
22231
6992
26987
54154
43465
49377
31935
10929
19027
41369
16758
10661
40547
20801
56759
45492
46140
37548
8947
42212
20947
55498
23515
46192
8250
38081
55000
5858
16860
11271
51191
41093
37448
34941
29347
47006
23651
33893
6352
34670
24430
50603
56726
47291
11892
55903
28214
57502
25791
5990
50531
51491
27335
37911
53935
27325
13332
57040
3652
36242
12366
3001
52403
22036
40374
9475
16524
29413
38105
13424
48549
17849
20511
34017
9074
16020
55375
22390
27787
38715
31514
30736
18669
9075
54587
45415
29193
11162
5104
52797
28368
52608
50948
41886
53067
39357
10953
40390
27546
20690
3045
27940
59321
41419
30850
32550
35590
52029
3244
14600
56451
15012
55866
51398
6272
59573
52823
22545
37493
23108
22261
47614
35795
20877
51608
50657
41651
34709
46432
24020
10421
39867
19611
44598
11080
49806
51113
49716
53007
45590
42242
17987
20059
52852
48896
42364
18167
51825
18267
45775
3057
13998
19055
7166
34958
18989
14574
3606
37749
36137
25910
10288
18951
39828
59382
25219
43612
21998
29246
31515
36001
54568
57329
26953
38886
35491
9286
47666
27812
28021
21470
58844
26673
27202
11606
17777
8174
41451
54398
20540
55631
50369
22798
42290
45722
50274
51428
24097
38340
43151
30312
45160
31589
11879
30089
23008
25805
44193
17810
58553
32382
31799
13841
29756
23099
43803
54497
23906
7134
56210
3725
58332
8284
45623
40312
4616
8368
41422
38842
32022
59695
20842
9246
58611
52792
16797
37877
28267
16757
20588
20673
12604
34077
36133
58601
10198
57053
29494
39202
54398
3113
27101
11377
53691
31388
40691
50182
47543
13805
28222
24197
42073
44462
27156
17186
14110
47060
55531
15207
32007
19168
57841
4060
34689
36653
53001
31721
32792
14362
28289
25514
11822
11813
8558
19190
32697
42104
50583
18664
12535
3163
15179
20366
17099
4764
32501
11894
28224
46735
46552
59561
28555
25430
12223
33896
40840
52659
28083
37676
58590
34924
43850
40552
18047
55203
8784
48931
22685
49232
47236
36794
50398
26766
26683
46377
56258
9527
34669
11717
34270
23010
33328
8070
27246
16511
40220
53568
13722
36802
18235
38107
58025
51416
20403
34141
13870
8625
6816
17574
56149
13986
10704
34431
7913
13394
39915
49220
20124
30630
27689
48726
9585
8588
57963
7848
45462
52145
46604
8764
42937
34430
39685
11332
56361
27862
46328
21777
6376
23636
33109
45044
44564
44822
42157
49776
48580
51125
27272
18271
4777
18085
46232
36421
36835
42660
16395
29046
35360
38878
36998
15070
7104
48633
39870
13682
52101
21563
40399
26799
13473
58216
5754
7743
48918
11674
52892
43728
10621
41675
29422
50134
51426
11534
10790
44701
6442
36229
47363
42656
32375
32031
19094
39307
47492
10532
52930
46005
16061
27269
26414
33063
29280
43824
29726
39494
34635
39836
8133
22166
44947
23761
9217
6309
47633
26911
39147
30967
3034
44643
9493
28115
14725
55326
12677
44272
16493
46181
12308
8448
24425
57752
12725
29218
10944
52957
55788
3666
59750
58245
4821
53845
31709
25373
12459
6754
44705
7607
50028
24229
59649
4119
23983
40447
33617
13881
36336
24628
34745
25780
4215
34373
55411
43468
59393
52963
11559
58722
38839
51931
41382
9139
12667
7425
26992
19735
12106
55806
27805
57120
31488
37465
14732
35490
49187
17144
29938
44657
30602
51751
40997
12018
24093
52349
22102
41604
32164
40164
48302
6010
27362
11138
28448
18043
27332
28071
53161
42089
18209
12023
23984
38376
27454
39876
14218
42456
54242
27648
14822
39422
11081
45902
27539
48556
38033
27379
9450
30259
10201
57782
55004
39863
23202
46023
35865
22761
31342
31397
23281
39154
37333
14555
31988
58549
46221
15865
19467
7716
15400
39326
5259
17659
55374
32495
45856
45751
45164
10088
10288
15038
55073
11339
18328
14701
56529
46084
41257
58295
35671
48654
49059
31340
18564
51916
10293
22933
47149
39955
28961
19409
15157
8193
31240
17994
46451
21869
46972
30253
10202
19671
11807
56200
31870
56851
8508
54701
56974
12431
34182
4872
38458
19573
30732
20777
20295
22844
48262
48804
13474
23396
29420
17657
49768
56423
45562
26850
49760
5630
3836
15780
11581
31571
54342
27597
29442
28856
56206
25560
57617
45525
40336
22253
11316
7143
13787
29440
37334
46164
19030
7887
46031
30297
11750
50027
21599
59105
20947
31176
44979
22184
58542
58085
24096
26625
38320
35345
4184
47373
15810
20827
37248
37330
45947
32413
36254
52717
29513
32727
38960
31868
14488
38027
59379
5228
53008
47999
51190
19764
28765
41594
26745
26331
47592
40450
3387
50262
47795
41157
49170
55949
25175
37389
52215
55214
21248
49206
30066
55173
32560
37924
5354
43252
45206
55391
24556
15058
25551
43633
31346
56106
17320
12097
45064
49251
27872
20757
29902
59274
13782
59623
47536
12258
37595
21360
19768
21700
4740
13245
30963
53577
16954
22683
9223
3393
14188
38950
4563
36279
44395
21018
9052
36630
20161
51972
23179
8319
55924
9906
8282
41979
49721
33339
39875
14364
12550
4964
47213
25851
36907
27746
45723
25259
45494
9329
6541
26738
8989
50155
58151
36923
53158
22211
34403
43181
22453
11812
13941
38984
19108
50514
56085
10798
26456
18898
58453
11966
47218
52113
21142
55591
59117
