1254
26044
49541
44802
59828
8857
45379
44194
12145
37860
58644
49448
56014
26276
51064
34052
23175
30695
8374
46375
31725
59404
19798
36916
29661
54798
33697
49165
42658
59148
28217
39976
37029
31033
50266
39735
15015
10750
18331
40327
14991
47568
24253
49362
16080
38074
10033
33552
56563
11376
30273
13917
3360
28768
5729
51211
18550
8170
59325
55930
35206
4820
26341
31980
8446
20282
50353
22200
19773
20623
20982
9107
40862
9545
42165
54003
44504
32261
50661
59536
8631
53582
58958
37425
21506
57164
6103
22525
34192
3496
15319
23374
28825
43031
10271
6561
27740
27234
36746
27580
24570
14347
24359
56058
25056
37576
22996
38487
14709
42169
50952
51358
52648
23020
28927
19319
51012
55993
49602
8071
14494
43336
16378
25472
46193
59475
25555
42587
18163
44742
34697
13466
58188
57417
5124
25783
10119
28233
51751
11556
3774
26182
52741
38080
38212
6172
25104
42740
8283
17032
52188
35306
31606
41764
45170
11339
4042
53106
39256
50797
55455
10836
34359
30410
41859
27991
49177
4583
32881
56473
26498
30554
3369
13526
11553
50235
38662
37006
52999
4940
57466
8405
31258
3292
43867
8501
31501
48015
19605
7613
23163
24609
41606
52057
57431
59664
36031
50172
34989
20313
42090
59021
43056
40317
27862
36729
24094
25306
57574
49854
31068
33023
28968
49860
12195
18601
24830
24031
31443
17246
42262
46764
36300
6023
16988
57349
56637
25209
44860
30644
18400
13806
36373
8281
18555
53786
59607
4957
16640
30738
22227
48124
25861
17334
43683
43569
37704
54305
41538
46192
23029
54338
42066
35929
42894
16906
46832
26794
40913
39115
56907
5382
16694
43258
40344
51320
22521
10330
41979
35763
46562
14777
22879
35243
38426
17372
40881
48296
32763
9774
40730
10459
58361
4200
47690
37885
10134
35452
30329
13887
13769
12867
50937
18600
54217
15228
37160
50646
18845
58173
55416
3686
40138
57141
20716
9258
59813
12642
13287
12695
31517
4612
54383
13805
49750
14303
48176
25457
36127
35689
5473
48973
18248
10135
25762
42873
44773
43023
9680
7234
50940
38062
14283
27929
10255
21395
22565
29951
57383
31230
29021
50324
4067
23175
41581
23307
30369
32869
40102
25568
43842
23063
45503
11412
10736
44172
45457
5218
50607
30091
15704
39214
51118
18616
42114
58201
15952
6099
46566
51675
35316
54856
32682
37461
40133
10654
55792
33908
33359
10538
52184
43806
50701
9428
31533
20081
40855
18010
24737
55151
17842
10852
30630
51781
24431
47212
14898
56885
6895
58244
28523
17632
37685
29628
39857
5070
29081
44686
11906
41466
41525
48790
40813
44613
18642
36183
49384
28208
20939
28134
42990
48936
56204
35411
16149
31834
8081
33779
52853
22335
19232
5526
48397
46213
6508
8339
54362
58797
27282
30217
40883
20727
24522
57655
45593
32059
4412
13982
21297
13676
7494
40610
52319
31852
40090
36326
15446
25957
35863
59466
33295
42033
37554
16286
35319
39488
13223
53572
17246
38261
24999
38500
49010
32061
37630
37721
43174
43627
58419
8966
33138
53901
32286
28588
19852
52494
27773
57991
16173
42898
8510
45568
52103
28295
50713
26709
43324
9008
23255
38314
26894
26936
32431
56325
9700
42520
47082
55356
52925
50289
49251
4318
44913
37200
24809
14289
51571
55232
49430
45827
20768
49125
51372
19558
18848
47425
48255
54014
9558
18492
59354
27247
24642
57772
19833
42276
5338
49498
48872
51314
43440
33083
56616
3118
6931
9853
30435
28700
30641
39176
22477
52547
14001
10402
40518
43875
9874
23599
25979
45017
25496
27978
5568
27049
15020
46776
46038
21267
42521
28411
23649
37264
51111
50297
31144
31747
43476
56397
54168
33128
37449
36383
51206
25957
45311
45113
52318
7563
55004
32318
53861
52070
12608
51397
51475
15496
21441
7062
9610
8600
18938
44850
4065
33806
34754
3249
36954
53052
3529
20220
44881
24782
11683
50870
44163
57834
57675
56502
49212
13262
17009
54166
25457
44651
16092
24031
32326
11053
31158
46616
11412
32936
50230
35357
33023
3154
25975
11454
41397
9871
55182
22238
21427
3951
30737
26922
51155
27842
50699
37517
4255
23207
10596
34031
50600
22426
33674
41142
17502
49015
22038
21955
45071
23808
42766
28930
40974
48567
8234
10034
42843
59184
17389
45169
41240
28720
4614
36297
31783
49679
21538
41497
22933
39274
56927
21326
59625
26437
19231
46840
56695
13153
22689
22171
49965
41603
33054
22642
10321
56371
6427
32402
52035
49237
34751
24561
3894
11870
23491
40004
51527
12812
18526
49147
6981
7453
20459
27791
3552
43963
37165
42959
50597
44312
19984
45981
19670
25015
7833
35366
37685
31387
8910
43535
12316
55656
19064
40693
18831
44655
56816
55335
29864
57460
43716
50689
14361
13478
31464
25331
53929
10986
49758
41960
44244
27507
27965
25966
48346
38438
16340
23897
56918
59965
32636
41722
30106
46993
27991
13593
29789
36467
14356
7867
3661
11960
25419
23168
31170
9025
31686
36555
47587
7172
31769
51165
13358
51278
53934
36107
3923
58191
24745
40120
21396
47054
57555
39147
27117
51829
6285
59401
36585
32039
45146
23885
21619
27221
12345
47130
8488
52763
22706
52515
21078
43625
11193
40346
43897
28359
6389
47429
59979
28041
3876
38581
14159
27427
37949
27860
43893
20075
21045
28826
14918
49204
19052
26836
5025
4778
28210
9425
8909
17686
39583
20910
36015
25740
7572
59991
42816
16245
54234
40249
17424
37261
59931
22379
23736
29042
14501
53535
5838
38531
20113
24653
21641
42149
55097
32296
6957
44438
53726
10748
34272
49806
10715
55141
38008
16350
32437
50249
55830
23990
28414
41510
49492
19535
57159
54562
36378
23741
58363
10045
22076
49491
3815
34633
18552
20759
49331
12244
32559
39466
14017
12515
27290
7984
7517
5346
14032
9779
51561
8635
7491
46890
18494
5184
39251
33051
32515
42302
44828
30632
55672
45735
21372
44235
55554
21584
6542
16184
18111
10507
40367
25926
45051
44642
31719
19539
30147
27066
44389
58194
30552
41611
9224
8894
10610
4151
48540
53512
29231
22099
38437
32096
39745
57413
34938
56395
56578
38018
5052
13494
24411
46689
50214
57437
5858
21359
30224
8912
25217
47886
13057
55715
18095
55099
6316
18959
8819
35343
8056
19432
13214
17085
15147
50151
36328
56077
13576
53558
6818
14267
55883
52623
16491
7590
35832
31957
14636
5456
34680
29773
26095
15317
45138
30972
20972
10785
44506
12239
34419
42393
3632
40815
41132
54453
48513
13284
5611
24414
56395
38444
17878
14839
54586
26680
33104
5142
30738
22653
41636
19721
53076
54481
18258
51423
53217
17941
30546
59992
20895
47134
23319
18034
45551
49901
47223
17517
26127
29177
14238
42781
27230
47781
50397
3390
20562
58042
19191
10553
29594
54420
45659
16639
41763
52378
18955
23540
6720
35975
18511
59277
33499
36907
26242
11370
39307
39581
33244
42846
56260
30605
3949
37842
37835
14099
27205
23000
31663
58881
25180
6614
53296
32831
55127
12191
48705
4206
52656
58119
22740
21314
25443
16489
3540
42879
45886
20684
51923
56688
31328
11747
52061
33799
25111
29701
58834
13469
29027
21425
7323
16156
6016
3648
59452
11466
31192
31329
5264
30307
36325
13893
39291
18302
23998
27542
35175
26098
34304
7535
29416
10851
53026
15457
55976
37486
19595
4816
14509
25831
50871
4206
46740
23489
7069
41328
10945
52189
7137
40269
47750
49880
7546
17664
10391
39355
42205
9572
56136
12789
20082
6226
19175
26057
42767
41564
52103
44614
31122
55275
57880
28623
38212
23495
44732
33477
19688
37352
41066
37845
56278
11912
41927
43212
38914
22886
24903
46788
56325
6701
27076
29823
14595
23033
19438
31746
50891
37234
39632
46915
29223
30399
6624
45887
41665
28947
59766
55336
17948
37590
34677
22766
56845
40049
32772
58097
42348
38228
40376
33548
47160
10311
56487
4070
33293
50475
12822
59466
16666
33776
37333
54259
36168
55550
42617
34277
33429
52960
5828
29585
6072
14633
30676
