1556
18414
35554
20059
6943
8428
57498
56331
19230
51614
4381
49752
44797
18349
44508
28186
26850
24182
46442
8535
11533
7528
8648
17213
50110
28731
28160
28952
16280
15220
55480
54350
41239
9782
52775
39359
18555
51347
55681
58021
21390
40975
6670
30817
21572
35375
31029
55917
51870
6803
59793
34198
54906
17536
21656
3471
13030
5870
12693
19560
33454
14855
34531
21602
9697
28639
23674
56577
23972
14656
38816
57194
53412
12215
51384
26822
7300
37684
19186
11885
46589
39653
25178
58017
49770
27315
8724
37445
23766
58440
7111
38000
17323
24640
38923
33151
14176
41733
51400
39498
5655
28927
53281
35526
55837
5813
29986
9711
4047
22601
59219
46803
3227
52056
43160
49074
34273
20147
41062
39858
44172
19254
38382
12645
15881
50596
16757
49781
47757
23735
30714
46267
23241
25427
31171
33878
51821
14875
29060
39819
6230
41784
9908
44380
19992
51341
45035
5173
26097
35147
26847
18208
48992
30216
59900
17704
23662
22674
41330
48743
17941
20146
30841
7680
47443
15494
52865
59741
57981
52641
3016
34058
21600
8130
14516
42709
7084
27398
30167
55232
52723
22941
33467
54784
54886
28759
54416
23778
21974
47075
59358
7945
40495
33004
51825
14699
29385
21149
6277
21060
56400
37100
29967
47860
56378
52965
22699
4873
36419
34267
58875
54219
13439
39763
21859
12357
41272
59524
29964
16731
21014
9068
16618
52488
4259
39326
10119
57953
49811
32361
21937
16454
6606
7782
7244
49403
44310
22596
44479
7215
45298
8210
41365
31022
55012
48874
44054
14700
38186
37528
11850
5030
12881
3905
46197
28979
20943
43640
26762
29060
56458
32425
28934
36673
28851
46520
12994
42428
10729
14704
30278
32941
55030
25175
27722
34820
6324
42292
21117
39388
4213
18456
27984
7553
32956
48556
39922
52871
42033
4245
24124
50585
18044
26590
34897
23635
47973
10200
53720
37155
18992
50661
32992
18809
32061
39294
46054
33412
56298
33188
6888
18533
54006
50822
10063
17245
37849
3899
27178
56258
29814
5720
40963
51982
12123
17819
14922
38533
55263
9216
15361
34254
20146
31750
55692
31787
15598
32864
15402
25085
52823
57545
55889
31237
11932
45026
53308
39931
25026
5694
9522
42107
5991
43741
7270
8352
26710
34245
5641
32725
15595
38863
39637
36436
8914
20729
44473
37416
13949
55416
59986
34263
44365
45933
21415
55492
26042
29105
24617
17224
35852
41313
51681
37150
32178
47514
7914
16200
46542
54643
28769
32247
23935
35605
56851
3774
55249
58849
36967
9004
24649
24609
3057
47868
56777
29435
9858
19227
27778
14965
13431
10149
43651
54527
39911
55758
35090
50809
13517
57015
39384
4247
52952
57459
27939
6419
50153
12797
18232
23536
16825
15487
22914
39531
55668
48994
29097
51572
49989
7631
37941
21557
57239
48137
32787
11992
39499
35573
37021
50146
47621
16563
10240
10722
49404
25867
7417
28164
10331
27729
39294
23873
46171
43907
46516
31134
34767
44779
7379
30422
55030
45484
49081
51414
32163
11774
24374
48743
15708
29801
19730
46494
48427
18321
4675
13557
31333
9184
59204
21414
26855
24612
12749
58369
14182
26156
56928
36402
4702
50892
28281
50097
57875
49549
45688
4987
43380
23778
29246
47051
8947
43635
34803
39621
48561
36246
41827
31240
44490
10051
7408
54592
45140
12271
45770
3862
21249
35859
21180
52367
43125
35321
31387
36071
5685
4823
58272
26077
46628
15857
29420
47711
19908
9983
29730
56551
39546
11507
21298
32739
42445
18010
33084
56055
39548
39451
25695
22767
11874
6942
9097
9628
34770
11770
32437
10465
7229
30330
26474
36727
14840
14778
37162
26409
34240
49561
11289
36630
58648
15098
47117
57085
27274
3071
21824
12078
35667
6879
19886
28205
35147
45217
28052
51714
37124
4760
29437
54384
16044
8065
15459
55452
30969
18266
30350
24074
39243
32877
29309
32528
19543
27333
18787
28285
7415
17923
19294
13831
8630
49605
3835
50357
24498
57290
34106
3389
23450
19714
10447
11633
41056
16418
13971
36432
49455
18764
6968
5182
33216
35800
38431
33657
53791
20262
55184
47135
19620
45207
14518
50815
38029
17200
41850
28209
26835
57891
37895
58850
17835
32427
38770
58076
46886
15049
5156
43150
37567
9399
21867
24421
57698
20266
17198
4152
3068
35390
21234
13185
41444
4479
41743
8305
22416
19635
56078
53293
32180
37253
16488
49108
15413
22872
58023
8053
53397
36737
39275
34569
50979
49119
8565
20131
17804
39693
55967
59818
44885
30872
22628
24170
24566
32941
18634
39398
5680
56205
13169
4997
5537
51294
58550
3073
45859
59779
55112
10573
54484
22591
3972
31814
25005
26870
26730
50187
39370
23121
41313
10362
27154
53359
28021
37943
3336
34348
49031
24620
7531
20262
12290
4554
31175
35779
17575
14163
41399
7692
48275
59722
53471
47366
41888
9470
34642
53652
21456
4882
20824
43165
54037
17248
19520
25274
47542
22826
12974
57607
35686
4789
3649
33369
19451
14303
59131
50587
45226
59127
54235
44924
16085
20584
39817
56725
27777
48867
19109
27790
59736
26162
37253
20279
52626
21773
43960
46454
39464
19860
16986
23563
25307
49564
46401
10530
11858
38329
58821
20916
9284
54317
12386
49884
6631
6029
52982
37219
57224
40043
24242
16906
15256
25607
49670
26451
52074
57677
50443
48080
32612
21033
36791
50730
40563
3554
12547
6447
6031
51622
22745
40319
24259
26841
43374
8625
29636
59944
39458
33310
32297
53917
55706
53660
45413
42245
34499
15274
39468
13596
36484
10684
43833
42600
26359
33249
6527
22574
22983
39563
24959
24042
16142
33159
14590
12943
58155
57422
20219
38977
14959
14057
37081
21910
38647
46512
16874
10052
56439
25779
41135
24426
30213
43455
8161
20648
58091
6428
20762
6942
5735
51450
58330
46179
26238
35423
33498
3074
5833
14521
20047
48251
25586
55916
15730
46762
5421
8498
16481
33335
58612
53203
46933
9614
46571
25277
7207
55422
11334
15704
26292
19604
28229
47419
16437
14281
27639
54665
44553
56032
10989
49166
32327
46687
48954
23937
50075
54683
19756
29202
6242
41725
49150
19794
42629
21869
9697
16184
32613
42924
55570
33272
44900
5232
22141
37445
29607
40139
9938
40713
47573
9571
10389
32444
34442
41270
11645
29810
44629
5847
35744
52099
19469
40306
10534
7613
36483
38059
18068
31761
55979
10156
29221
10308
7074
28144
21960
5706
41836
18844
42637
17091
34653
14449
24203
30549
45581
44090
43559
47000
39463
55222
42441
52223
30791
21025
53891
55894
26732
20956
18134
48253
8428
41881
33153
28125
18597
58152
57959
53046
16251
13937
11123
30782
46038
55752
28995
52504
43351
27760
48274
14050
22735
45518
28710
21910
40723
54733
23024
46416
58622
42215
13593
59779
6006
32257
34533
8702
44071
37449
45973
51964
59051
51097
30241
23573
48635
7092
25585
27084
13320
46310
43946
21186
12576
47149
38424
33676
54358
23503
16005
14106
11621
20090
7351
25688
34018
33076
3978
11421
27488
12565
54920
33830
19740
37325
35316
38970
37744
21232
15198
41442
10287
48806
5166
26240
14849
15446
57961
33241
33956
36593
28656
59607
53872
15817
49998
39901
25656
24629
27044
54794
46335
36771
30834
56933
44904
10088
51089
46549
53921
57641
29208
41359
52290
9598
45076
28055
25772
12373
45871
55450
7357
19922
56430
29266
52723
54884
36134
49512
38809
10338
53612
23846
31575
15481
42768
11378
53275
41053
50704
25616
26288
38754
10978
50449
58691
21367
16888
26761
45902
31749
35968
8578
9359
26461
16103
15866
40228
23502
23503
46008
5690
36437
23553
45146
47480
9754
13224
38907
7316
4434
26840
6737
30804
29047
51634
53548
28727
48709
28826
30068
11874
28698
51196
11908
46074
7214
27041
18012
19139
21828
28425
29110
24236
40371
6262
12318
46259
39851
45703
53168
33840
46039
6412
18509
49847
4684
17139
20347
52973
10399
10011
17605
4906
19814
44615
39489
37255
34765
9105
24784
10301
55604
48091
35591
56834
52787
36582
19604
29296
13895
19889
44659
7238
59762
3845
58052
53586
15073
19890
30071
51016
40701
42007
50838
21486
21367
53436
4444
5778
55461
34795
11873
45496
56145
7605
32194
36517
51171
13671
9677
20414
52071
27794
54811
17629
29602
16343
34789
51607
57447
11063
10170
12673
20883
22160
53648
5458
46941
51135
42211
29040
55869
9971
16389
36489
8729
30332
32678
45029
31459
34277
31756
46437
59566
29043
24610
24268
58839
45197
17011
26732
54146
59934
28701
5725
8494
52751
24004
31076
31090
19716
16891
12016
34272
52945
11094
48446
31200
25283
14924
34678
50052
19382
49165
21805
31685
27254
55856
8674
45660
42539
56103
33534
39257
31928
42441
58587
51508
3959
34191
10319
49043
10727
31350
13578
32225
33948
48222
44699
32237
54121
38409
53019
44353
54877
17845
49702
16944
4150
40890
25302
9499
54666
45165
34974
59294
35823
33984
19286
18840
39914
11630
28012
42276
11479
58363
59661
34554
30663
35280
23087
15410
39839
31371
5538
8270
40076
3325
55923
57190
10055
53364
46414
8068
4694
21486
5025
52751
37322
37092
46207
55928
53423
3567
52643
53391
42053
24823
35068
25948
7962
54835
46515
4944
19681
30711
9447
12744
56148
27122
25904
27089
43110
49567
26909
9594
13734
24803
55649
52098
30260
11653
44655
46400
52177
44080
22961
42817
59381
10037
43937
26403
23461
23581
17945
37935
11884
42325
28806
34834
20712
14565
55252
31108
16530
34253
59490
34708
5587
17918
3098
27874
53111
19298
39241
18803
7674
22671
53416
48159
35017
20826
9764
53862
44979
10822
52800
33710
9527
15879
34436
36946
48965
55909
42072
12919
38776
26895
3506
35839
10952
40345
58122
4510
33627
55270
31238
5355
18249
53491
36375
27348
12214
55432
3837
23217
47634
14069
35160
39772
41394
5360
50571
42204
32532
33436
36638
34288
40653
13078
46842
47781
22815
26304
59583
19517
13414
14985
36013
