542
16605
55508
14771
28145
19820
11264
52719
42086
26233
8727
57414
26125
40344
30208
49149
36439
22559
21788
8386
19252
59823
43556
21659
17662
43798
45567
19399
15914
41720
26447
10383
49315
3077
13306
50822
36333
13860
32021
40707
24319
11550
20403
37967
48335
36935
29319
26965
59849
45929
24679
59485
7520
22169
39575
44879
16457
38552
3128
58685
59865
27789
6614
56569
34602
27454
58107
41320
18079
32454
48227
17367
55733
48281
14441
6122
50892
20352
26004
41781
40459
7664
57241
41759
22977
9257
38427
59800
57085
27309
56826
7135
47622
33564
24451
22397
23970
20033
5352
42864
45036
22756
3147
54897
17983
43233
50235
29410
41783
44977
55211
58571
49472
23463
13833
33113
24456
18608
52713
11119
50063
12902
6990
33384
20647
17794
34846
38352
43087
7297
57450
41622
49314
11794
19553
52549
42160
5679
12040
15389
52648
34590
32435
46656
46477
30393
25049
26876
20601
19110
53824
56096
12125
59614
58219
33926
38675
53185
17842
39399
8638
43909
27883
6650
50370
42941
37771
27854
35889
59146
34577
43415
27638
12416
42293
3900
20984
4928
14400
42711
29889
45469
10402
12748
50563
24713
33392
51942
57409
38165
28480
46526
27617
38678
27388
7481
7440
37850
19596
7690
40719
29075
54930
14762
34123
19200
25712
13274
4614
31787
33787
38878
44403
28703
53407
6118
9613
39553
24164
28039
36785
4381
40831
20829
44606
33515
37530
6643
12413
29605
44986
51825
31977
34103
23709
22698
10423
52596
32322
41466
16551
39640
31812
42120
4264
30044
12646
22390
54421
36189
45845
20965
16369
34225
51470
6093
42087
25873
36220
54214
59385
56176
21330
9420
23638
49003
31379
36660
11195
55493
21775
45788
50440
10804
46034
27896
48120
53814
8430
35406
6095
48166
3040
12462
26498
12764
10423
45963
36458
7145
43348
4127
45718
31747
12854
19165
39189
50131
32225
19714
20386
36882
25574
22455
3312
12135
26378
53793
54280
48922
54366
25470
16600
52552
11966
42625
12847
22771
24162
26316
4244
11464
6362
29677
50567
8854
43827
9519
11749
53616
10369
58004
19298
27913
30796
35867
9720
16300
19965
54705
36735
32652
25179
14222
12418
22238
49070
43615
42550
24573
20046
54082
39359
34912
52274
21540
18836
18581
26342
4484
23114
53304
37170
3070
34051
57978
32309
56271
55173
7728
30017
22067
31104
9233
33526
20763
30578
33950
12355
28727
9445
36912
35334
51120
7019
42768
50135
16725
21619
47978
21685
55103
18093
52514
49947
44607
22089
18895
15423
37672
49611
11757
43759
13165
12709
55239
12389
22762
19816
48811
26110
29767
44121
15955
32768
5136
54381
37271
21112
3412
50661
14526
57347
17289
42230
32785
50745
17232
53225
52622
21596
27737
4870
23820
19129
5074
25312
29566
54349
46141
27838
39117
39208
42811
17516
56997
17424
45032
59716
3663
47630
20746
44968
37534
36408
19917
42492
53992
7836
19886
7288
5572
54714
38496
28646
46209
4681
45156
9550
23749
10541
11293
13120
38899
42688
24274
32073
26533
17573
9002
15897
5439
17508
35533
5198
49893
47928
18832
35324
11406
54925
28670
9663
16938
16406
39876
8813
4490
53766
13833
37381
34587
5555
12736
35078
16996
36276
42137
59530
53645
51302
58667
45079
19785
8981
38651
42972
56624
56269
24886
5893
55869
16804
11121
47612
40017
53029
19433
33151
34376
23693
8629
9753
28016
10700
27469
48837
13120
18723
45735
20973
55663
3671
