524
48955
29076
30337
22358
25138
39377
45748
26953
55057
8486
45755
12995
24032
48003
36496
23637
58198
47397
33294
5458
52131
38133
23170
17990
52829
29061
10226
51467
56600
52089
59200
30584
18908
52601
39088
54152
36220
34392
11021
21343
7811
22827
10525
43556
36371
17102
52303
16326
4411
29556
18668
40790
30103
14178
11689
48590
54210
48833
30182
39806
52568
3351
48934
12241
42586
11251
18114
28748
8988
13938
23797
41512
47854
39624
28877
21343
54228
21538
18870
25303
12971
8956
37896
57227
8509
16909
33698
50662
19735
56104
8140
16444
31001
15427
14177
54785
42880
24031
3426
23852
24156
16939
49264
12280
19391
32863
59037
41719
52050
28710
47781
51686
48058
33351
56240
7648
29765
44084
33963
52083
17057
18195
17611
7994
26030
15533
49008
19197
11344
16655
23181
10234
24845
45714
18843
55756
31912
42861
35197
8193
50172
52583
20539
19162
51516
45190
34216
40262
10047
39776
9113
30814
10363
12366
33346
6722
28129
57258
15601
34162
14193
37231
27218
3050
12470
22548
48825
30005
50484
52762
13211
43683
4622
47339
21247
38125
23446
58739
14149
46392
33756
12299
14917
35558
55425
32017
20320
55466
54002
39220
17800
34774
48946
28373
53876
18310
16373
45797
17989
37259
48448
32158
52114
15092
36020
22625
19865
11581
31886
46085
5144
33465
54948
50472
10746
45230
36239
21039
52584
33793
49207
51898
41351
29137
42274
36849
29693
23318
13660
52496
43716
56713
31457
5304
32891
54383
24260
41011
57135
51826
52164
34105
11408
52014
59799
10301
25951
28629
34515
39115
38881
53025
41390
7514
58264
7241
52885
39397
49982
52889
23757
9468
3415
33690
39858
37198
36861
42478
47258
53196
41530
31964
32778
22137
35111
40294
50650
33088
39200
55542
45097
35759
12495
19219
16542
15060
39334
20775
3484
23948
54978
23398
38794
19797
3699
11274
28764
38968
34195
32448
21325
58456
24713
42634
28579
13685
53393
42115
14083
53312
20810
51392
11504
38516
36352
50369
54087
23035
12206
4225
35209
8070
33415
46375
35525
58519
41022
32233
49718
30177
4065
49315
10551
13671
44591
17095
7307
57454
49713
25343
40375
52362
44529
14549
49559
59302
16134
37717
6151
42211
58440
32033
24918
45802
39204
26292
20527
22665
41574
37946
48439
27551
16706
48269
30815
53404
49751
3444
38873
20218
43407
54946
24281
41927
49749
59310
27115
43402
26919
9741
13868
17671
23728
10673
36947
26246
48983
39223
11107
52583
18487
57052
51684
40168
41869
3728
11532
30654
37378
36152
20573
33998
39696
36990
42753
58359
46320
35923
43452
33082
51957
12216
48612
42950
12646
25423
36939
38829
12694
47460
43185
28085
43346
34676
15583
54230
12149
5282
5107
5130
44883
6447
17904
33224
59407
36901
50926
40885
6443
43526
38521
20429
48377
24494
43395
26219
14643
10836
4903
53251
23118
47856
16206
4935
45822
44278
11800
46318
15699
4973
18184
46454
25843
5208
27813
35259
22102
3396
52809
35571
45151
11017
11339
5927
27161
56544
24687
40860
49281
14491
31078
37884
54890
44088
25681
28970
56294
43238
24638
41745
55077
14651
18943
7152
51942
23125
45335
59313
5555
36876
25278
16535
54597
46943
22073
42490
24011
32769
37656
43124
53451
17058
21689
51392
5884
45138
48812
6953
18603
8050
32673
56842
28549
6547
