1412
10462
49956
41019
5231
48335
39990
6032
22133
55491
4407
14267
56425
43406
43865
12665
51233
32132
43258
36605
59347
40209
47689
37768
18114
28787
18387
49803
59306
48283
12296
56374
44564
26772
36920
55837
17457
35318
59127
25206
6988
38405
5917
30102
53074
58453
12596
44782
53960
9552
40017
28180
27212
30968
16828
56048
41148
35430
42265
6479
39369
21153
7502
36165
19361
59551
48754
37196
15173
4548
40049
20396
14451
37717
44880
41817
3266
29239
42133
31549
18293
13959
16997
56187
38073
22230
20571
26045
15079
35783
58701
36203
34991
36399
23947
4947
27854
10289
7494
55450
26265
55603
55962
23329
17076
18655
16148
8153
24943
42568
28953
47449
19968
4084
16649
37143
38319
33907
28584
59002
29267
32723
16587
33963
59641
56624
3512
40107
12818
19447
47591
17116
59250
34426
32913
58809
42835
23976
50598
46610
54030
4294
11754
23902
38491
40091
9536
36643
11758
56008
37974
41107
30622
51684
10348
46808
6690
6239
43842
39573
13412
38851
43798
5975
42392
59877
18347
44429
42090
17214
33009
44619
3090
9008
33143
34082
7133
50173
9603
35099
24925
8953
35114
27173
38169
46743
41372
7732
10963
50845
43474
48977
48363
47673
4490
32442
51043
27449
11488
38207
6291
4810
58252
14093
19342
36632
59347
41698
11872
4299
24329
9143
50817
8237
10302
26142
52091
42845
27125
33136
25844
8503
17794
11740
5979
10375
33616
34114
47729
13884
26251
51119
59557
31252
31567
18177
51873
11302
59870
9410
25520
30518
27186
6897
20924
44064
51124
51702
16303
30891
8453
29924
22919
12855
50953
9729
19286
26031
35785
26135
55528
41057
30988
31661
28535
50302
49181
55083
7237
33800
26939
27711
45186
20401
17123
59247
51161
53181
45294
54391
7344
55947
54448
27173
21155
26271
28449
4573
32908
8937
51716
3935
4567
38292
18118
43100
54849
4192
53515
17569
43155
6472
15338
19618
56648
46915
37538
4753
26708
54998
4471
23011
51597
29063
26922
4229
41602
18074
43710
47760
37351
41708
57609
49945
59237
49909
42911
11774
20377
12283
33369
41357
42841
3136
31066
45151
33669
26893
46284
57705
41811
12708
42190
42134
7097
21673
27781
8537
4983
20158
57446
18018
17523
15177
40750
3279
13057
15734
4519
13697
27532
10070
5087
58257
12505
40178
33285
49138
5267
50686
58930
28525
51677
13605
52728
5335
27520
57124
15976
31184
42219
38684
20057
24194
50957
58820
21333
42325
21239
40197
40326
44648
41751
54619
33249
41614
46612
56823
20363
23536
52870
43371
52791
7600
23174
33069
45249
19580
45443
14574
44631
35954
57828
52579
39726
45361
55973
39615
40964
20826
50432
50168
14400
35130
16439
34943
58633
46508
50036
21063
11961
33667
6230
36716
41347
43850
38502
45506
44016
14648
27935
15249
31856
9493
54872
32882
15768
50198
53006
18597
24153
33531
17907
11563
21319
10118
48641
19991
28896
42458
38316
52108
49960
36037
21075
24586
51832
30531
53292
58686
53365
36600
5203
8272
10881
18496
17832
41560
15035
6516
42715
34709
35443
54272
57405
36444
7840
18802
53709
35670
48259
3921
22428
5407
24749
49797
11444
59586
58312
45066
26626
55482
36994
7622
25124
29434
30642
54978
10448
49015
4774
3825
55058
47743
14015
13619
21995
54652
41048
45833
18561
43851
51705
33632
27887
56278
4895
57264
46135
13779
7256
38454
6491
37392
21766
36616
29516
3954
53616
8047
57496
35626
29620
56082
39879
13844
25208
35517
41768
8348
5353
23054
45628
30775
22920
58671
26867
4176
44004
22422
5557
3088
55326
50072
46668
47566
17029
54369
40743
49393
17368
19486
17310
31034
57590
59592
25862
33861
45261
17221
21765
27366
11093
36878
14944
11223
20609
39846
9076
10329
39630
42530
25051
51927
57269
30606
5171
22435
44961
34965
35737
17211
33560
35472
44696
15498
45415
58036
6867
4867
40635
51529
41906
19634
18500
22669
3451
33285
6357
6426
55134
38574
36382
56327
45064
6347
3790
4216
13160
18827
59866
12389
52671
39528
20462
15807
35071
26276
56402
53683
39386
58453
22598
29101
36168
31245
16762
40148
45636
47809
29780
13905
25420
53521
48653
53409
55014
57744
50584
51242
22296
45784
29706
51247
18571
40577
55421
15658
58462
22212
30039
32838
56443
49411
17617
40637
15383
50780
31411
48789
18907
34940
51285
31861
12956
50945
14511
34357
42090
24660
14438
15592
54066
41950
39895
47370
46213
10333
15156
20237
29743
20779
18296
7757
27995
27654
8342
58588
24602
49392
9054
47103
17235
4714
47310
46551
41283
34669
20168
23660
4042
14931
28882
19612
25513
21339
44780
57454
23984
37647
34250
33200
27925
34293
27877
35842
3815
54725
49820
3330
58713
25966
20501
4080
22352
19971
58166
23436
4129
10985
44752
37242
37675
26907
14040
41083
10432
53708
33269
12824
26088
37823
7658
44546
52949
44604
51156
11970
36297
31866
22994
13721
36281
29541
32481
24808
28582
53360
12473
56710
26733
5258
3146
24373
26067
58902
38007
13429
16467
35591
18992
35464
20283
10283
27869
58915
19669
40634
55332
11545
45690
56052
55089
39355
41238
17141
40559
47170
39994
59777
52875
4504
4838
29102
45984
47919
44645
8525
29564
22769
25393
23624
9905
55815
37890
36456
55937
41656
14408
30233
35508
28700
56740
56496
25654
30555
56885
27572
56352
37629
26864
48321
37320
39545
49410
17974
55159
42342
9619
31027
28244
56782
45576
22889
28819
10816
56806
43474
29575
19252
7737
45211
52858
46507
26628
46111
47602
21686
8879
14021
49634
47497
9747
51490
37303
41387
39949
16182
3444
41530
24036
4920
52869
47404
40616
19185
50293
5606
53215
25493
52005
24646
3824
13196
39059
38557
28368
29808
50211
39700
28897
16024
36026
29103
32628
34037
9940
42551
53748
11169
16175
4792
17204
16267
10519
3659
57406
56709
42995
36401
10793
27984
34567
37894
27287
32873
19523
26608
34118
32087
46776
12166
31700
32889
39218
31953
10062
57487
48850
55690
36059
23242
57307
26230
10634
27676
59466
40037
14003
58049
34840
36569
13539
37657
46289
6669
27461
6813
20450
10908
3286
52827
36703
36687
20256
31413
56642
57165
53510
7511
8119
18232
26507
19304
50229
39175
49274
7145
17171
41762
46746
17985
19860
57811
59077
12920
42073
44049
19306
28567
40969
45587
48660
6931
56073
30526
41031
45777
58385
3220
8746
17702
12530
41027
58313
29005
20781
31729
16632
8808
28304
7333
43592
57311
24123
58908
32702
45915
3946
57238
38196
23782
16087
5451
39268
19922
18935
18460
19998
8621
26295
48930
6044
55600
32631
47558
40229
31778
28617
14829
35885
8742
20956
11709
52628
22817
49884
54706
42861
38131
59495
57802
24509
59932
22591
18975
38389
26901
19097
20073
23450
31159
43038
7969
57435
3495
29892
32716
16992
55234
43790
42071
27274
51009
14022
40129
31756
7113
41687
26519
30398
51982
18945
35528
4510
32009
48954
27502
31588
58738
41991
55204
3840
14197
59416
43942
23340
26618
11036
14800
48123
52925
9698
38909
40267
47490
12652
15786
50403
24163
51381
4578
15066
53788
24019
35087
26979
40644
22498
4708
44922
38193
18540
50507
32851
13268
55778
18475
5560
6567
46204
20799
39582
7405
58072
45241
51306
32369
11396
4067
11880
19379
18654
17846
20727
13055
9838
14587
14023
31657
41171
13901
21742
23347
58046
31980
41685
16144
51484
43545
46580
34790
27239
42841
35673
54031
45146
57729
59108
51183
23475
32610
58126
32747
28348
52324
37103
12682
36684
28414
58152
23943
25667
23304
8435
27288
29976
25919
3304
42472
52477
12081
6418
46099
23233
13712
43335
5466
5260
48110
31006
48305
22947
20429
22687
43574
58983
47939
31052
24290
8389
43647
47147
7923
52683
40634
56282
55585
22440
33169
57147
24909
15553
32658
14115
58644
4520
57618
47432
34655
19469
37269
41898
55699
20637
35936
34904
17016
47316
56742
6781
36974
30974
7640
29026
47915
37757
32732
17269
32927
53683
57028
15539
51772
11600
42362
10408
39256
35559
15920
54943
44834
15630
37107
59454
7122
38950
58905
6825
14380
10513
26638
43578
4959
59495
3592
21802
9242
48503
15696
10513
14444
52376
10162
51704
50632
52483
27898
35965
33725
41205
36592
56235
39504
10243
43677
48733
58356
37914
55071
32758
31081
45655
39839
19217
17004
7641
51861
59892
10607
47464
26796
37093
29484
21500
21110
46464
33284
7094
27898
56273
56813
31274
6414
56551
8648
27933
7118
39194
10782
51527
21182
47415
42374
37357
24700
54206
25327
21401
8385
6994
53006
58161
41641
14702
53031
30078
19190
44635
4217
11074
11703
50111
14304
37381
46067
24782
17297
20770
40868
40834
47084
41668
28193
21109
31981
41709
21384
5622
40728
43455
4532
13688
25866
59376
10612
15366
33712
23986
3422
16287
22415
32310
15690
20148
57716
42575
29856
33496
52929
30625
49493
49060
52790
58523
56397
47405
11432
47267
9875
57889
29832
10756
10958
59583
57905
53347
7522
24047
26708
9673
13991
40066
