356
55266
38811
47048
58314
59041
59009
19383
15149
44257
19895
23162
20202
56498
36936
54733
32225
26710
5104
25810
33671
20576
14995
11073
51747
37568
25917
9765
36889
51054
17739
49649
54696
7759
4133
59437
9520
15344
47198
37168
59516
23653
19476
23247
38698
31272
24551
38489
10339
22555
41470
16290
34407
21980
25558
31503
38628
4476
26824
22244
19563
42210
18172
28920
9297
20201
50105
37252
42380
8258
6826
17286
48302
15017
47328
29576
53960
15746
40401
45522
35304
29998
26973
31089
22057
31236
49632
32230
11715
17403
15555
13931
42355
56558
28383
46179
27988
37409
36672
49587
52308
36969
39965
34099
38108
48946
22680
55956
48787
34012
28868
57969
15005
57779
38169
5382
8361
29665
24337
38061
36443
8319
49482
6172
8046
23385
20490
21631
21308
45282
4063
49628
33363
36515
4915
32205
42849
45008
32975
34097
18179
26066
57104
3266
19911
37273
26824
34801
23322
24338
59805
34836
41863
4924
8537
24033
44153
9726
43712
11914
3286
49781
9429
43764
30271
48687
58160
43177
32229
54130
13707
12912
11619
40465
21512
48973
31439
28524
45592
5849
50671
27200
25065
6055
3234
58742
5979
10260
39856
29006
29492
36556
19358
9177
46999
15634
5059
16545
30361
9716
15874
30487
51090
50173
41694
18076
16638
49040
15520
27399
32524
46141
3652
31590
27699
31949
56575
30989
10889
36924
10470
25561
26135
10742
48048
22057
38570
25776
46069
18383
25421
30731
12227
6498
22647
34696
36798
9913
24337
16772
58105
52394
48739
15599
8554
22077
41785
3578
38319
19971
57968
44876
11417
17557
42133
58231
5788
35251
8088
45620
54280
18270
59147
41692
36161
10855
27679
53875
5093
3714
43321
14378
38623
38637
6439
5988
24648
20625
55241
37151
57492
5902
36981
16323
52263
18087
32171
10124
51487
11161
41314
53574
21783
43547
28959
31547
41385
38519
39102
35527
27899
6034
41432
58504
11445
30088
28848
12336
36521
37173
55851
34693
11228
55855
48803
8081
12807
28357
13442
43436
40663
15245
12232
39477
15775
32408
53290
18152
37718
36185
18825
35927
31675
54288
18576
52393
17490
13481
18829
18714
34862
19848
57865
51495
22313
45470
37046
57286
10360
35133
43618
7005
6653
4734
52054
45515
47433
