307
50937
24975
35186
24818
24637
49498
51114
30480
43243
28854
50684
18329
21139
8257
38196
39524
49704
15624
7471
25726
26008
59863
7058
6221
18101
13470
11622
49773
27092
41935
9632
12434
53292
41346
17593
17342
40784
21902
49729
14064
30515
32433
26375
8829
35424
41403
5258
43271
3538
56019
6199
52957
15267
19523
29955
11471
36488
38449
11621
17240
39008
8824
33436
23964
6252
37581
59872
17787
30817
55079
44930
3361
29731
45883
47759
33220
33148
51853
12326
38520
13130
20939
5693
40340
57096
43617
16619
10993
29826
43365
7812
54777
9714
47218
42974
35223
6929
17939
38020
8761
42490
36111
39691
52193
9851
40550
40050
15736
8633
40920
31605
41233
20218
23876
34430
12011
15009
8381
17897
24296
20428
7947
51250
17948
34839
5557
53781
23444
46507
59701
29651
51289
53277
38881
45404
15161
6814
35058
5874
26183
54468
20903
10117
16789
54561
29233
11416
25526
59280
39282
29837
14060
54612
10504
8888
30836
27666
46312
33482
15421
7583
9636
51255
12125
14876
33299
57264
22841
52970
11280
11907
56176
31697
27508
42884
58381
14241
8182
25700
21399
23079
53739
59961
21218
32857
49218
55717
8673
31223
59406
58189
55143
51990
35450
36855
22636
24314
44395
48763
36716
55036
4127
12055
30150
26928
17947
40708
50905
40040
49584
56806
11390
51587
19408
21414
14831
5912
59983
56250
29217
19559
39888
53881
50791
15203
47291
18375
41592
49379
50401
12958
23363
5378
38257
18897
56944
32067
20603
26042
34640
46618
27806
32747
23554
26322
58644
6985
27937
53387
35638
42292
28758
22881
5789
39173
45061
25118
19920
37932
40183
53579
45999
27393
15543
39477
36944
13172
38032
43348
40508
20419
23653
45053
20450
39359
29928
19088
54417
8961
34872
56341
43020
51821
42016
35976
34886
47531
32914
56801
37890
5534
35915
58153
39225
23335
6654
4890
29893
17366
34484
53216
29425
41834
40528
10000
43515
16402
