1450
4605
17155
35364
9464
28428
57966
49390
28799
42999
4798
46120
14784
47980
48758
36553
37359
58324
35224
15744
36770
23570
58044
53104
5175
57648
35681
34770
48685
6866
48968
28111
31441
53284
45965
58248
56922
58578
11513
10850
48128
53288
52939
39208
10329
16342
16723
10748
33024
28964
28383
32417
28073
33853
36850
26566
45274
52349
54887
49182
15806
45629
52191
5266
45968
49154
45035
16812
11216
55449
18076
49845
53757
6974
24735
16604
38916
33494
6985
29373
57476
24432
32838
40680
20714
24551
26300
34480
23122
58999
47080
58645
13768
46470
34762
53861
15262
43001
40788
13942
57971
13657
28441
11324
29458
3247
30573
31375
54218
48886
54301
37412
6303
44515
22330
12177
3825
13812
18106
11351
46529
5805
49320
41990
35494
19789
55590
32476
45767
25850
53165
30668
32725
59459
42615
38271
52695
12178
10156
35328
30517
34181
35683
15420
7167
13184
32619
59662
16981
58007
24752
53651
48629
21446
51497
40658
45485
44531
44613
33007
27792
56025
10882
40852
19709
15080
25411
23891
46242
3835
26256
35382
27300
42863
10262
36311
46636
41651
50381
7113
48575
44801
21172
15251
54684
14926
18920
46591
6470
41832
59127
37053
48076
17168
33888
24568
56519
38940
4257
54111
27738
26736
59568
31891
46479
34708
45219
48410
38651
52257
18803
3695
31737
25644
56346
9445
56871
18162
51211
7280
18191
49009
59144
31870
7759
36715
5234
34425
4931
6121
20876
44639
48126
39423
42548
59445
8328
49503
36511
54063
22248
35742
38452
27398
51470
13219
48905
16980
17197
40555
21105
24955
25078
22104
28248
6338
26741
10969
10509
20810
51543
58643
32643
46288
31111
41394
46145
6600
58985
9895
27410
34870
43403
12574
46690
17381
8774
32613
39696
28485
20673
44184
32104
30419
21416
53769
14878
48045
35702
19067
5895
41838
33672
13389
36122
59224
44059
36635
56017
7850
40205
24307
18383
25001
26260
54464
51502
15107
50377
30186
5206
37838
38242
29423
11699
41986
10786
14313
20895
49880
40489
56453
36010
29293
26694
54652
35798
18037
56996
16356
7791
55477
21868
55975
6816
45569
58603
39687
4447
27267
37831
35558
12976
42508
13903
19758
32559
47145
55534
32351
26906
43371
10189
22991
50905
54341
52631
47555
53510
11938
22866
34629
44606
36246
11128
28175
3945
38467
47089
27949
55566
47958
36928
18661
36571
41358
29015
47536
26867
5742
36321
25659
12069
41262
10017
34028
12786
36908
11077
16325
24270
40860
35533
11839
47047
28233
54481
55087
36283
25791
45312
33249
20729
7028
53876
11202
16623
36808
5059
26441
32992
16512
43740
27948
51973
5839
29334
44041
7746
25118
11333
38422
49530
39530
6099
11311
34148
10800
4900
16998
57378
18456
49028
31918
20161
47598
24025
58585
38905
32086
41561
25205
41826
28186
57164
31558
40943
50529
13366
25936
19288
20451
14582
5385
11926
14407
33115
41412
35520
57450
56855
28418
24607
33272
58318
32441
16662
10737
15560
21206
12248
11984
39497
53797
50759
5537
30722
11839
16264
28828
50181
28385
16831
48211
13737
16305
58375
47144
33526
48779
45965
9453
37451
8698
19837
14792
4892
37755
20898
47263
7762
11597
9046
55072
51831
38712
56338
12477
48731
30264
30115
28013
46493
27650
46906
48854
43273
29152
18754
20524
51033
16047
48310
39415
23583
43732
55311
21702
33964
27043
48344
8632
29505
4155
6295
47131
52272
25422
13325
50354
29237
27291
36340
49446
49707
53272
36942
59128
4685
9650
11980
38957
16913
4604
13156
37038
38685
3392
31265
11574
15477
22002
29751
7780
29007
13086
13600
57592
3449
4452
49683
57118
25552
45329
28075
25002
43997
16681
48560
12454
50243
44683
45390
56464
33686
18772
10071
31948
53416
15253
7545
5672
54176
55689
44306
38027
53303
13365
23953
12518
12641
56527
9797
15659
57314
50420
15348
13295
46042
57497
35502
15082
52512
16119
3119
37851
50054
21022
16723
6906
6587
54705
26713
40621
22698
48761
45592
24177
40616
20051
5869
7412
35994
52651
31427
55554
49298
27179
43138
58103
8149
49141
31926
51010
45140
6523
4517
34016
42286
27321
7339
18302
41267
4783
19798
45999
55502
33045
38719
10456
11199
17924
52908
40419
20302
6613
32315
42666
37913
44200
12859
44899
56029
54281
8328
33611
28020
55098
8342
11582
22244
18008
28810
29102
32245
25982
56963
51012
24759
47507
5811
23047
22773
26879
37405
43973
45668
29841
42550
47667
57318
9038
12212
23020
25453
52979
22367
4281
5179
50759
54616
57280
53297
11042
43276
11400
10906
18053
39558
40058
14309
7178
24344
55723
22376
5652
27273
55798
20703
28022
23167
56623
36044
44222
35039
50044
27765
42078
13100
30179
43647
41077
22252
12790
9334
51488
16430
12806
30827
16321
30347
55181
38527
10251
8113
22589
15289
11920
49642
48145
39736
47999
32449
32075
59107
57543
15353
47797
33358
47863
20819
54687
23126
25694
55754
18503
38439
26878
36939
3303
29695
35714
42415
44643
26590
14717
13872
21552
16608
40220
56699
11162
11206
5769
51906
21240
51766
52648
17886
23255
20496
32947
32402
7603
19367
20686
35428
56445
3632
5533
29555
20031
37851
35724
52116
58397
15550
49098
38521
12117
4932
34780
12823
9980
59249
12335
24975
15451
49723
21643
17455
26063
49718
31633
23907
45220
51137
31675
59795
19721
39145
41693
11891
39673
12278
58816
16517
55113
18234
41761
39524
41134
20417
13378
46338
34168
13710
36489
48148
45026
13898
17131
48382
11277
16955
57651
43367
44550
38661
19645
14547
47486
15432
34542
34263
8456
32201
9269
16955
22794
28275
34126
40230
47021
11567
51380
43461
24142
49150
40618
14046
12583
22142
3702
19651
19073
44711
24127
48982
8997
14782
39475
34555
15954
54260
32902
4253
37665
12444
14691
54728
53981
36210
49256
18000
17659
52648
59792
25615
12785
53431
38116
38060
24608
12277
32052
37353
16246
20707
22663
54468
27696
45651
48556
9809
16338
32836
46522
41118
5622
23649
46185
25314
34534
17024
59099
54337
19005
19515
32214
41850
25106
38879
59079
55613
25603
51068
10474
41077
32170
11726
21172
13039
36605
53382
25404
56055
8210
24263
54576
36200
56869
27882
54412
5558
24998
26775
36410
44832
56707
9356
24638
5960
38477
53993
27831
54404
9173
15485
51018
49918
53537
56694
56153
45308
18599
4775
37536
30529
30180
40513
52141
50606
16661
17203
7655
13048
23374
40918
34635
41811
4080
17067
47541
31900
10145
51646
30802
38347
39674
34648
16866
13499
44123
22433
28675
48549
57162
37974
55527
20648
21129
7407
45411
27265
25396
33032
54216
10743
49687
18142
18625
23801
43060
46116
17862
21388
49078
26491
53899
54894
40563
6467
40251
16856
13472
9176
52220
39809
35342
36904
40155
4237
58943
5230
26280
49766
13210
58421
13159
53132
29415
29974
45534
41335
22812
49635
43233
49611
4062
39266
51318
58922
21949
22286
11786
8583
11599
41744
15236
49294
48983
19436
43827
46809
10327
47652
31221
20749
49105
8906
40830
4294
55935
30587
48499
3965
23685
18555
54740
42558
9994
55630
29147
47697
13731
52125
37527
48627
42022
47272
15921
11280
58790
27225
30499
53102
59082
21534
58426
25597
29164
54194
58083
6665
11360
52430
33009
32405
9261
30870
45817
15480
34498
59244
35837
18576
6211
24001
14943
23300
4035
42976
35536
15179
29820
33006
51406
15247
42705
16423
40340
50883
33738
56767
47913
50570
34169
5236
58311
58681
35420
13782
20458
39615
47465
58182
52261
45302
11266
38902
49756
18737
51188
29656
8913
33517
23574
53467
46236
47776
14934
53755
38416
44857
13046
16782
5810
35197
48068
18850
28256
29998
57885
41540
27063
15950
50205
42421
27200
58422
29381
33595
13736
23931
11896
38626
7744
47117
25922
8354
8316
31734
30072
33444
13086
24491
25506
33144
23297
58932
20619
20825
56325
44825
40660
31972
20978
10956
19717
10177
3232
58436
29088
17653
52589
17759
17008
23509
47463
47821
55514
54136
33799
19544
29667
30839
56111
35121
34861
51170
10479
40795
11406
23361
8242
17256
54152
10529
10802
48301
41596
30039
41807
22979
12068
10840
41794
57246
42599
59037
20578
58715
32659
7802
16512
25606
50931
49480
19954
26902
18707
6263
33143
38698
29624
13391
26576
44363
18205
58486
12814
31361
46856
31011
3757
33598
44221
7395
55889
5003
24508
36500
12051
57729
42189
55145
56894
53855
56401
26283
10235
39141
37018
12712
4747
58721
24332
35625
56135
59139
56754
6218
17799
8710
6111
58250
5831
38728
13859
42514
21660
49771
32090
26322
58536
29968
48779
36061
41789
20286
29708
20626
41003
49949
8344
58009
27511
23115
33311
50664
54569
54154
50606
34917
59749
30323
41594
20856
56657
3232
32565
12855
20751
28835
46398
13115
16139
57546
31311
36742
56052
6865
25772
44208
54239
13329
19893
13845
57861
47006
54722
16607
5411
41543
22942
35118
57407
39604
34214
43439
35327
12185
34712
56988
34960
39055
46316
15360
39499
23938
54975
56012
16753
32028
33688
46046
51998
25166
34502
19309
16512
36477
34773
47851
41870
15548
9011
33577
17759
17383
43496
29456
32490
21992
12075
13505
22257
17680
47479
53457
59213
47337
3385
45282
38778
44907
32131
25218
40193
22078
