565
23096
40405
36141
5421
14375
15970
50232
24776
25512
22772
21797
25641
36647
29876
58221
46343
55668
14403
46022
10960
9140
7818
31532
51393
17927
39146
48500
22555
38405
14485
49192
43173
16570
9525
52202
53665
18080
49423
54972
3329
41860
59218
40810
22517
8453
38544
56878
32473
6190
41767
14631
12966
24486
32077
27106
37462
27562
16887
38723
41320
42315
55209
37085
45440
10922
19881
44858
18331
4857
37805
12279
59621
57675
4140
49148
59731
52952
25037
56180
34273
25442
3729
38337
54048
53156
43754
15462
27067
43997
43232
37334
18342
20247
58416
21466
20405
11135
7607
29210
6537
13437
14712
41907
6835
49364
18049
42295
25971
36193
32924
22628
20730
11100
22232
6089
16234
42942
5610
14585
18353
44221
46742
40428
9082
45004
41399
9771
46334
33003
6515
13942
23543
35632
35781
4687
23357
30587
19657
18506
4476
33665
4928
23071
18523
28221
41821
6398
29040
25816
38097
8718
28642
22185
3156
6537
14040
46238
8383
6453
26245
10401
6111
6165
54994
33595
46147
20588
36375
54267
32866
30232
42811
7906
46343
44655
44026
59753
26307
13513
12544
12688
22344
18142
35170
16375
21704
26955
49344
57697
12246
17924
59104
8228
6927
8913
39151
43342
21099
28325
58407
11849
35776
57439
12786
6306
32795
55564
9704
36452
21021
6795
18050
31568
20644
26990
38023
5973
5593
21889
34287
27129
54868
10623
3583
59152
34651
35476
6623
11600
32670
5543
33237
50862
5379
46574
30420
56773
13329
16254
47006
17076
50679
24005
54705
16298
44441
43997
57008
8791
47843
44135
33652
7283
43656
26348
13124
28381
47100
46123
7947
16603
47827
57754
22403
34825
20206
56925
17507
44062
23371
48147
10361
49527
26952
52355
49141
29046
54092
15261
18404
59014
36018
24170
38455
52932
7970
6482
10335
20393
55004
55570
6882
12161
14646
57674
6322
36391
29086
15933
48513
51780
13418
22188
30211
45423
7142
16015
58440
9686
46408
7103
3113
49425
10404
18777
45968
25734
16461
38257
52247
33185
27180
57796
38610
49833
47025
39932
18274
56008
48253
28220
33669
48043
36368
17023
38688
17311
40799
20792
27653
31817
13417
32120
33059
30743
16353
10946
56782
25869
17756
23037
27980
4161
7422
54628
16008
30952
48483
44705
5527
4989
39462
59900
40172
30562
55786
11890
38377
53898
40495
31784
6810
15811
5866
32810
5023
54782
9291
37140
36599
42095
37182
39477
35898
14415
33962
35350
9978
14504
32972
38178
22685
32181
59594
21123
35762
33664
12032
52689
15144
13345
41618
20451
14059
24321
3134
20967
29128
31867
58948
47708
29427
33770
46499
42455
6364
26107
5757
57207
43752
30144
49239
4167
36823
8760
56637
25655
37894
49955
36356
11044
55055
39975
21664
7265
32351
54540
14213
45882
33998
12992
18252
45162
25498
10056
55696
58109
49610
54517
37267
56939
12123
10453
21176
37786
38946
57798
20763
18402
50025
30058
28196
20745
36759
28731
45231
12191
59347
3561
56303
40549
18888
51761
9072
6625
15588
9350
22769
24585
5818
26326
59908
30889
28399
44288
34703
17145
28160
46405
53266
18066
7122
42661
9058
10535
53774
27402
49783
10695
33853
53661
32802
26159
51223
16321
50188
59386
8295
19065
43452
38225
47974
33136
3532
32930
26054
12887
26068
51892
37894
7945
32147
7488
35301
18589
29279
17969
15716
15005
39862
19969
55826
31852
37119
31164
53939
57139
14124
35597
52054
7122
41287
7720
40153
18028
26178
16034
28669
18459
26118
50022
3003
16752
38128
37013
23299
50292
17462
17180
17430
53325
57339
16465
54112
56488
