440
9194
25442
54654
38676
30456
6141
25937
31940
9410
21049
22078
33128
17459
55357
57257
24089
52691
38688
46647
7979
40130
45295
41037
14730
6262
30516
37094
33406
57442
39109
5624
4648
3061
6136
36488
35668
39213
5377
24691
45702
50129
50279
56557
4363
52187
43489
58874
48412
32421
31400
35041
17803
16735
43352
11315
15317
36011
52924
8708
3508
46061
31387
13953
41089
11904
28914
50671
57723
11225
37867
56067
25245
48651
16921
25625
42864
36379
3540
41355
47954
25976
41208
40137
39325
7624
43158
9053
22625
38595
25644
53361
52273
48384
20609
23667
40513
43771
26370
7136
30743
37792
10543
20348
5830
23585
34303
57040
30182
18791
15442
21674
15879
59819
16645
50030
55341
48138
29812
53600
7660
3690
20963
42230
59669
23850
51145
20003
32264
26107
51798
29014
8294
34573
24947
31038
56913
18232
10368
57444
16094
40931
17830
55733
6657
38246
36884
36891
59083
34075
56558
36834
36856
34588
6475
25388
52157
12390
22151
31661
53197
7706
54046
4213
35035
30259
12396
6295
48072
21654
36492
17368
16257
9565
10455
53379
30350
23566
59424
50828
33188
48012
57265
29514
54611
44116
8060
30056
52421
5135
38189
25037
3069
29967
36746
51297
32989
9824
24128
40758
28384
54059
33612
49873
17741
44943
7425
25888
59510
50702
39878
5741
9531
25919
3134
8928
57920
19146
18427
7266
53016
18314
22881
9608
57180
27330
13078
25640
48583
31576
32985
10197
26839
45119
21971
4861
58800
19704
48558
57412
24186
28880
54182
32333
39525
14956
38054
5833
48899
25941
35304
19267
41462
39980
14820
45565
5845
4149
21717
42130
30451
15433
19194
43286
32538
41907
16653
36867
3600
59389
16456
43079
41256
34289
9405
45562
50108
13997
22522
30917
47449
20043
3545
10499
41263
12578
14797
51213
13491
24581
43727
48858
25940
34316
50432
26027
56656
7506
53814
46829
26873
54200
48230
54224
25125
28702
31297
3945
6482
17845
15502
46353
47917
7714
55737
32313
49033
38788
39533
43770
42121
7927
34728
34921
4954
22081
59332
58288
30827
43110
35571
5243
46448
37238
57755
10617
5038
28539
11887
54803
58084
51590
9674
8884
40810
51304
25321
44300
55714
40656
37480
32605
6870
6957
3426
34580
6563
57178
28897
12221
23315
29853
39728
39066
10991
49618
32840
25619
25631
7426
10734
30702
34113
55759
31044
45998
58548
40176
46431
35508
41424
5741
48326
4875
52188
7395
6136
16272
18707
38748
35771
46119
13382
12800
12983
36021
45328
12661
25419
46755
23660
33256
35899
42725
50359
46794
3957
34000
12764
49789
15447
54733
46832
6516
41943
18754
53109
32445
14066
59363
36172
41078
7916
6706
17990
20098
37998
54409
16088
4271
3580
53542
14571
6179
29940
11028
24092
28241
15013
7306
31763
