915
5150
17736
22449
54802
28591
11116
34966
32391
39876
32571
50707
26451
16503
3580
25120
57911
58175
50627
45074
47538
52069
49915
11355
55475
8059
26750
35058
26768
46050
15313
10955
6400
25624
25631
41656
54432
35692
56283
37486
12482
18927
39587
11261
31302
46245
17834
42155
23554
19118
33975
4681
22375
46562
29843
40573
45238
22511
17420
16280
33740
4323
56904
17465
43144
7372
36334
49706
7743
51554
54506
8178
33704
34389
23654
28353
15649
49573
30722
4417
38088
53766
26090
7203
52509
56237
21034
29290
57564
24329
58477
59649
40220
47693
32614
32103
11680
42650
39751
12843
7133
45131
27990
52361
59653
15220
9872
12682
14770
24281
46315
17609
36582
42932
31377
57121
41548
41338
17369
55146
31306
37968
21841
27095
59447
4881
43870
4824
11770
58302
57654
7208
13201
12423
58402
6776
14930
21589
38169
11875
6497
22376
46761
30414
19751
49149
59283
26805
55497
20242
32648
37453
23406
58459
22723
15280
59685
55960
49379
21775
54872
34588
28090
59237
59696
23974
37159
39092
48042
57146
14954
3399
42868
6095
24748
14364
25064
7669
42105
22803
57835
39232
49245
3339
50920
14099
11926
7309
58329
54591
11783
3108
49268
14759
4156
22517
11085
37726
10889
20058
8523
45534
7357
58518
12459
6021
19940
36635
15274
49245
52282
47894
46583
30155
27969
17132
53678
43435
35715
54896
20233
38215
52333
37129
3537
34678
8425
3470
54860
10634
8040
25576
51204
13676
27432
14209
20770
55130
27706
15194
4593
37544
10934
45309
15636
19203
21553
10983
52533
12807
17173
50294
5171
57004
16153
37344
39224
8292
58974
32172
49126
15111
41180
55492
28354
4732
49640
6588
41433
10175
29165
53223
12746
9450
13910
8688
5400
37277
49454
36711
36550
58260
36847
30680
5440
30564
14569
39678
16318
27560
50979
37515
36068
34543
34223
34061
8311
55595
4114
15753
17011
20237
24108
45907
13942
26239
43535
38239
17648
34509
40668
35585
33261
5793
32655
46319
34840
10269
3757
48868
17121
36396
19173
48224
33180
6976
38877
51668
52480
54035
42457
17304
44453
15406
3871
57913
8463
51841
10231
50388
22431
27328
25170
43574
3707
18519
41265
30801
37060
5495
31983
59021
50179
19014
23376
38977
48485
7955
53184
24407
58487
24018
9044
10058
21677
48779
35865
37647
9806
40879
45798
30809
58918
35313
36942
58557
30390
23199
57375
52442
24533
4190
26551
29598
41022
6671
7055
54536
37913
49038
12827
47914
3876
27513
17060
29408
59272
3760
31702
51471
24373
43499
20225
5951
7582
50540
25339
56459
53385
27125
53676
56777
59824
30940
3728
59494
52056
45253
17867
54174
44189
12747
55258
36670
33466
33805
37250
7697
41139
35675
20006
57520
43141
36172
13628
50037
16262
21695
45617
21569
45368
36303
16240
20994
12821
32227
21586
10059
18280
24406
10019
44504
17432
33431
12317
52295
44156
43529
38813
57137
46133
15883
19989
42098
45335
45168
10015
43193
52893
52214
31111
25577
39498
9455
40581
49109
46436
55543
39599
26192
17233
51519
4773
41502
51773
58025
37787
11982
58192
54750
30695
43533
8399
49654
32548
23297
44935
10647
38248
30156
21883
29354
44983
33657
8849
37002
43360
36210
22908
44333
59446
17206
58736
43293
53998
30950
24663
27645
10846
27904
42960
15198
27666
46824
31758
34664
19034
14682
41870
24847
16290
36850
58573
25267
3937
37416
16579
12320
11224
32895
39603
53896
45540
51589
48641
13766
40037
53739
54473
25714
16885
15454
33503
28324
38556
44724
36820
12782
42730
43019
41570
5631
9320
39057
10042
3031
21341
30200
12084
7780
24267
44280
13309
31430
20245
3366
31569
11569
3033
5369
20666
42807
4106
49274
20303
45417
34977
35007
26347
54502
37732
44734
46598
58877
22952
28477
23423
34758
8221
53584
4335
5531
58294
37141
27946
10427
16708
10076
23697
53481
58648
38152
15043
14378
46106
40615
50801
13235
4581
55251
46019
27345
44765
25362
12104
31510
34173
40901
34722
25184
45277
51250
6169
31847
35046
13788
50985
17185
38790
13062
20463
16631
56661
34706
18764
35091
15387
17725
19839
18073
44769
38200
29853
41412
27582
18318
6829
56566
16507
42075
55780
9171
39530
44448
31886
38627
45716
10096
49635
22548
42877
30965
40225
58666
55480
32801
29962
8433
22311
42771
29516
21675
35617
46128
51078
57293
49383
48673
14358
45243
42257
29498
22808
42894
20223
3719
7441
17404
9973
9745
27952
13768
42874
31954
8587
41095
56209
28977
41208
51073
42539
14921
35197
50688
43369
7182
56282
42710
52237
15898
10979
36694
36445
16478
17377
4085
51740
8742
45892
21039
42735
54444
35706
36085
4605
40481
20346
52213
58991
38826
9995
24695
59278
21909
19957
40871
27029
53440
28007
29960
54048
23742
35363
21556
4169
41846
30811
26531
26450
32635
36443
21819
52921
38097
55231
6704
37641
54225
31275
33140
12492
36155
10746
45712
23553
24642
20671
52862
20575
21098
37572
30182
48283
40305
59215
53197
37422
58929
39071
26690
15841
27230
41309
43359
47804
28179
13676
30234
10659
51891
11581
56770
29627
32192
17241
4006
52209
57707
57375
11476
9818
24372
22791
33873
41283
4464
27165
25921
36583
22038
27574
33196
13657
11140
35505
58752
47954
58716
30128
27695
15409
41394
48079
57832
11535
57981
42186
32431
14333
28471
11352
32702
40077
35684
24498
58762
37080
13104
10330
51300
30096
19812
23463
30766
10031
59055
24118
4050
58517
41646
6065
22495
16331
5320
50681
38968
20698
16973
51119
41987
12949
30709
27176
39632
8813
20679
49744
40347
52008
52966
45070
14873
45896
28638
14011
22573
30584
57738
46510
32047
24000
26017
46194
29460
39018
43560
54594
20658
24752
18475
7266
33235
44132
51334
14700
24238
47114
46391
48251
37951
9583
29250
57551
53862
24315
23974
