1840
30017
27360
56966
38880
27016
19475
28298
39075
5347
39906
43473
51859
33068
40628
12129
25589
23926
27002
22804
52411
42346
33007
25168
15978
49868
4737
44139
59989
46548
7823
3229
21608
13128
18100
36527
35468
49732
34193
23505
11429
6449
23267
45462
15360
53008
31790
9453
10808
57658
8224
10940
20680
37660
17823
23807
40470
47461
31164
59278
10524
40181
58488
15991
53610
53542
49095
54944
56123
15327
24873
25962
43928
57747
48427
43012
47911
6582
26215
34139
25217
28211
26767
22448
11389
34010
18191
9826
34202
31574
29885
3576
47048
41282
51563
17419
46211
33439
14050
39959
43151
34015
17245
31199
22692
23881
29767
24273
34286
36590
21203
21950
14509
58185
56653
52547
8836
13119
13478
9448
32918
36759
54704
27090
22197
41604
56136
51168
3583
24613
26883
24633
35964
54649
47602
18422
14592
9189
34700
47222
17557
27183
50453
7132
50031
12372
29440
25931
37681
37161
50214
54864
54653
53739
34608
27460
35010
7671
7935
10862
59961
32290
23222
52724
52017
33027
11759
12074
46340
36003
16876
28377
52981
59221
46364
21903
43444
24340
11167
30407
42685
21850
50666
37725
25597
55282
21350
32611
40842
59352
48715
47645
33097
24997
10282
55958
31167
36413
14962
9943
55493
23050
30980
28328
27307
35194
22484
20939
55415
45111
4642
47152
39190
23586
5237
24707
40411
33525
9096
34941
50838
23879
50585
24049
45699
34481
10559
10190
15609
47707
47279
25433
3221
7890
31841
21309
6808
43392
49737
38126
49044
34998
34507
32419
48928
32870
5661
17779
42627
35431
51581
17219
26008
25176
7751
38687
51506
30331
35167
36742
41411
29586
57088
9843
35676
12866
46631
24044
16390
59252
40331
4991
3129
42696
6724
14075
51887
40264
27887
42141
27041
12767
47964
50385
6142
49129
3087
38007
15719
7824
32488
13638
10907
26398
39566
36251
28164
12477
41914
19815
19446
4806
32210
7625
14076
27684
57810
22897
3303
56224
10839
32495
11327
50129
59877
37625
30450
28744
28293
8186
56665
9318
37535
41904
43455
58705
58763
18523
15395
42358
21047
47537
46306
35087
29737
22412
8975
49172
49397
24722
22957
10284
44755
46773
6983
13287
50629
37192
59113
19472
25580
16483
44140
33336
40712
48819
12788
27075
4134
28312
34768
6033
35697
49337
49261
54287
43780
29888
13123
38449
30343
33693
56913
26512
6426
5397
54675
51731
27288
58092
49622
29528
32029
9837
51090
38613
32011
54530
15797
16044
55025
13506
19158
55407
50865
20154
34552
17942
33161
46147
33939
40999
21876
24564
44713
10817
37985
17431
57655
3101
30457
50731
57769
32573
14627
39011
5315
6528
18458
58110
34005
59478
21511
34699
37296
27497
35311
12524
56396
16740
46284
54129
22292
39274
35372
23923
53552
43671
3748
24990
9792
30367
11379
19479
29337
33609
44017
4280
58770
56566
38259
55107
8371
55797
20669
52053
52882
7562
16012
58757
38198
5588
53746
23075
51027
9258
56402
59602
25972
42094
55429
26060
29029
55045
18022
10553
14189
3659
37307
54626
49449
36879
44960
43029
34279
12005
41309
24054
44487
28327
59608
44475
15469
25602
8442
10144
32299
59524
38008
13330
46266
12349
12963
34883
58354
16496
12135
41192
38823
29476
13035
58839
8789
33461
17314
17257
14658
42923
33624
43840
17548
36580
6312
48814
27779
31301
43483
39323
50788
21804
53834
24085
43273
47048
12360
7655
17203
57732
51323
11490
44110
32322
27503
24699
9168
39671
11871
13454
28869
50384
39807
50928
6586
10328
17733
36577
28079
6569
28112
22641
53247
11504
45344
39854
32186
43847
38911
46793
24610
12447
57768
33185
57265
6474
35425
59347
53861
53026
29885
53376
42405
46203
16306
21906
14939
50704
32092
7736
29089
49977
36696
6609
25668
58687
35065
19866
41578
51171
51511
51742
5807
42432
13240
39667
27142
18833
8677
3126
13889
44520
6695
14610
55068
13194
5201
34090
48762
49879
18772
13704
6092
49846
53759
57600
14732
26161
19862
48360
36576
39037
58380
18891
37643
30905
30051
8611
51066
20599
14642
47329
34175
22359
33966
4229
47405
45566
37827
56567
35770
52882
27501
38187
44881
41592
58482
17847
5440
45077
22449
53407
52265
22731
9833
26693
31570
27306
52571
45915
38599
9719
7222
46361
49493
56554
22350
41190
17862
21895
34967
49726
29967
34017
5670
17222
16487
41366
4595
9169
56999
29841
21333
58249
20633
9587
56895
46280
16797
27600
10069
14709
33604
3959
11472
6486
16038
55756
26282
35891
50635
33793
27518
34418
42377
19874
49692
52113
27076
5718
19104
21603
53843
5821
49267
45992
8020
27758
31782
33261
18995
38400
34294
7489
17761
33946
36407
28237
7286
50916
14510
21625
35676
17737
56534
52211
23703
43709
59973
12919
55131
39920
11537
56540
26749
4931
30051
56193
15935
40319
33142
12696
48378
32771
4077
56181
3534
26167
41340
39354
57925
14529
57826
14249
14472
18549
45540
29087
16174
28741
31338
45850
4926
32606
42950
36174
56761
4612
10198
4138
51890
10370
26342
44836
30597
41365
19443
9253
59658
18103
33007
35278
7958
40077
48104
43155
42067
45031
58366
26307
35250
36378
24555
32524
25532
59523
21650
40776
56304
9493
7277
52243
23179
14064
10973
38481
33197
44126
17207
4623
51936
36680
32342
34742
58504
19111
36551
25578
58593
11314
37855
17582
30394
53646
55832
28198
18124
48515
31883
22183
4848
36091
56324
32612
6744
24763
22267
53381
7739
6782
4982
14233
43202
56400
52980
20804
4702
31932
35342
41452
11816
24124
53106
11733
40943
37899
29679
45624
25089
39032
11362
24572
36950
4747
52337
31738
26043
7794
7843
28841
12773
16422
13105
13121
44053
28409
32691
22605
18941
22322
51905
23404
9792
29687
47436
40078
44590
33690
52833
12792
34673
59466
34785
58170
46424
43479
33537
16657
15371
47470
28519
22511
33106
20317
23547
12375
39949
58212
8081
44243
8879
39798
49935
49405
18495
33525
45598
12599
19304
24425
19880
50499
25294
7977
51000
10346
14786
15277
26058
35708
43963
43488
16389
19724
48781
57694
45076
51960
24604
46274
40249
11770
43406
3764
30810
32229
54736
55654
49215
37627
58886
35343
20693
38684
7101
55796
11053
34967
24639
39348
13532
42003
29181
8490
46547
12113
22143
17296
3728
10132
13360
10926
49455
8527
57040
28723
29949
18651
19187
4703
3674
17552
59111
32042
46262
9813
55477
31894
44004
38837
3485
4610
44064
14330
25787
6996
34402
21779
25144
4240
43289
17264
25749
33410
44445
31733
9739
34446
8018
20227
27611
46619
23817
10722
50392
41693
9950
36152
12326
39866
16387
19599
59220
47076
54982
52556
56050
10645
24378
22095
59425
52255
38510
47387
8819
41999
55930
58126
22359
58762
57327
55561
12544
24234
59883
45583
37936
43468
19430
22705
12336
12093
53289
50461
50052
46545
24128
7565
7067
20125
25866
48510
14066
22011
34860
56722
31743
47026
33718
42384
45149
56193
59106
20445
19833
42939
19211
36778
19743
12782
14044
19723
43312
21223
35060
10243
18198
47117
53368
43991
31368
33951
26992
58323
35328
49898
16667
36669
19140
37580
53878
50004
9667
54753
26681
17689
44371
29053
8901
56869
3406
57988
47694
5966
54251
23406
34552
7948
34509
40627
34563
28372
30254
24141
10055
8037
17186
48254
59630
15854
58486
11411
15987
14286
18974
54118
22650
54158
32725
8080
24196
17670
3676
38906
19646
48383
12789
48401
46603
51896
36120
45100
48119
27260
47240
27790
29928
7713
28734
32036
15471
38115
27647
9657
29948
57863
22719
53107
11457
43138
14882
8730
9074
32427
34170
42207
57442
54127
43994
29002
21881
36926
23265
8076
26037
44183
37112
32504
15283
46513
6563
42553
36154
41568
48536
16736
26701
56285
34889
55277
28524
43920
4733
52138
17940
28725
10350
17557
22925
32842
20776
54142
10079
4637
54597
12440
31860
59383
13683
31434
40662
45126
12465
17791
55983
20735
49942
23017
18631
27950
7989
15468
14529
49000
18025
4310
30369
15815
50190
42636
39960
6053
24525
14239
45837
47953
11573
55545
59755
3686
42480
58122
32952
20963
33070
3218
47426
47023
44183
59114
9996
49520
30923
5949
47473
13273
9851
23952
46398
57697
54126
31068
30850
31893
56887
47333
41814
49260
40542
21889
40254
50100
43972
46654
40644
13790
9355
39836
15342
33587
41005
3985
11986
53935
19453
47006
12038
54449
23025
20972
5843
28880
11023
5781
23059
21628
30492
23419
45540
47522
34736
34830
22195
27937
48788
3289
50961
35068
15352
58575
21852
19118
39590
53849
46445
25516
52747
32170
17247
27316
54080
18778
57069
58782
27100
56415
27867
54466
18057
17724
18705
53980
23404
13817
52638
37045
8272
56721
27264
44546
33844
40721
36306
49675
13663
15137
47014
6006
50367
33214
3265
12684
18277
45012
4050
41242
15096
32436
4837
19187
27402
23629
12864
20106
14862
55925
19882
17594
52104
26908
6238
36881
35444
26285
52259
22333
17988
57412
6965
11726
50779
40548
34574
32964
27094
15333
19493
38474
37778
53729
34444
27724
9952
9094
31193
59894
13302
19329
34408
59045
52617
24614
47433
6272
28388
38853
15192
36484
39357
52442
57982
53236
20376
30980
10442
46016
38287
4165
28581
59998
52768
36324
45500
11734
49141
39067
51283
44330
22955
34794
32486
18174
5782
51097
29343
15588
29099
18294
47421
4699
55129
58992
18976
7202
15420
50145
41812
8607
3574
46843
47614
28648
36038
38768
36667
11733
31310
49364
24073
5204
14962
31577
42456
20753
11187
9666
26687
35491
34086
16693
28019
39345
17740
42692
7193
46617
41383
9854
4196
43403
18007
42257
8342
30392
4683
33091
24108
22146
34517
24653
38083
40938
35372
10727
15045
47886
58480
20207
39512
29276
25108
15363
35980
48426
7429
19865
26591
47838
5675
17235
49516
51163
35303
55385
8035
59095
14207
26602
5670
35306
27314
23826
39104
49370
5098
48721
55233
44754
29933
23125
3090
18906
4906
35013
52994
40522
51652
35556
20100
50775
25147
56041
14035
13393
37353
7828
48752
7533
58961
12059
43065
10487
57497
30645
10702
38123
33126
24888
4461
41924
47646
55180
34852
35152
47319
33845
15252
31444
9005
16443
43075
5913
43643
51635
9630
44870
9200
41171
22714
8039
21894
44639
4261
46294
12012
45545
8060
5741
56050
58553
43846
25222
51471
7182
38122
29709
3516
16533
39723
55795
16206
57866
26181
52216
14134
52396
51308
26376
47636
51325
56440
51863
5283
33577
28282
32056
34636
59439
16389
26132
17204
55013
21519
58205
5994
7173
40129
23132
18018
34580
7320
35481
20589
20140
42986
25796
52091
20927
8417
18469
37615
34108
27200
4581
18873
47155
40638
43156
20197
13877
4011
55945
50763
35942
49183
52327
55285
53293
35328
48026
56949
40583
34713
58060
45893
41618
49653
53581
29604
21956
41852
33587
4462
23640
30535
15848
29828
5741
23937
10467
16265
27624
38587
31905
47344
15174
29130
12747
30559
5792
52297
26410
31092
41211
52733
17952
57031
4893
56753
58818
26912
9455
17838
3180
58900
15905
41495
27708
24274
19850
16362
59261
53651
52923
49953
30089
55896
17263
41792
8332
34442
15040
42419
57816
54248
49900
36106
43785
42188
55823
41096
58044
48089
35874
6920
7579
5463
54948
3983
48640
52941
56537
20794
41193
42825
23556
49818
21397
43128
27305
27204
9133
16375
42725
40105
23715
34631
4912
46962
32795
32511
31145
17151
13586
52069
57885
14559
23172
25345
55877
25706
37973
59562
50752
5834
5586
28111
17328
58110
53858
22453
3214
36911
27134
8920
44485
34427
9694
51041
15430
47365
39692
5628
46494
46799
28259
55156
24636
5343
16004
46919
26878
50900
53075
46682
12299
16675
28323
57133
30198
14225
53544
13187
