660
22730
34191
34245
34071
33668
40821
45204
3794
37711
44257
27352
58175
50910
44253
39257
45189
42875
20066
55555
28775
13743
23484
34568
32059
18405
14128
16513
13046
13677
45550
13928
29718
28474
58778
45228
25442
35207
13597
11715
7942
15395
52838
30403
33773
52835
43963
50263
16928
21113
8408
38911
26519
3532
5246
41311
23102
39490
7643
23348
31702
49340
16711
10443
23945
40565
43135
30461
7131
51828
40684
7844
24014
25537
27764
31151
46437
52031
44101
21440
7700
18994
35300
42847
10744
12733
22781
20858
7764
48120
24469
58182
40159
37817
19227
8121
56275
35316
43274
27437
37525
18899
4556
22834
45704
34671
26743
53675
26545
57529
51307
14934
9295
32173
3479
55173
56403
36050
49559
29309
54619
36131
11071
39312
12085
28095
6811
56229
29300
23610
29106
49362
27011
10782
4776
57568
31198
35093
37972
3604
31444
45329
6017
13647
8301
35849
38891
33559
29413
56040
53190
44673
24552
4887
11477
3414
30388
17105
20645
3700
42568
31135
58498
25993
34360
41456
20087
5330
16008
36660
39716
30981
54188
39946
38770
15391
43021
42729
28388
12880
59983
18233
7431
10066
7722
56207
42304
56748
48265
55272
11002
33975
14175
37096
43072
14013
32076
52181
41005
7678
35537
22329
52405
16033
55970
19732
34047
44677
54437
51185
43741
53182
54865
24489
7899
30844
51948
25089
7397
50758
41528
55193
39315
56240
48925
8837
27537
49535
31769
28136
56273
36967
3870
49224
31690
51003
8193
24422
45648
38362
29826
51410
36229
37006
24304
39878
25266
56205
6132
24273
43651
50579
12791
51114
27286
35270
35046
8120
46898
21098
33795
11007
58757
48312
36743
47303
32662
19033
51924
5787
17462
21115
25286
15894
24275
18975
54298
21842
4450
31403
37207
48539
22724
37274
35777
8970
43834
52686
8975
47778
28352
23159
53323
56394
40714
22343
45318
57266
10375
4044
55759
11046
21712
3268
50544
36161
26397
52311
30590
53825
18305
34695
39047
55504
41815
29866
55089
42189
58841
4471
30541
53726
6370
57650
43343
42213
13184
24735
49546
20037
19935
57559
38723
12629
56910
21761
49680
51523
35270
58032
54947
46809
4896
44851
56407
16749
55517
30707
11809
37860
57300
27351
40363
17669
58638
40553
55927
40947
58986
55888
35655
28660
12192
14345
6683
48216
41103
8165
51292
19825
13983
36713
32457
19651
52358
46708
44647
21746
50468
4742
47256
53194
46101
57176
54488
33910
22885
29065
45371
50763
59485
26878
39986
10208
18204
47173
58913
59430
57174
26411
13477
47067
17365
27033
35633
45346
20719
55100
55379
35977
58628
46737
28118
9147
37756
42734
46653
55631
15693
20638
48999
44529
18045
23902
32019
39655
21902
4823
54335
49769
53920
28331
27850
51068
20118
40383
7008
10565
40407
3451
31464
15318
11623
11713
13828
48614
42766
32042
20935
50782
46429
58983
18356
7859
12927
19694
40171
35712
54689
45473
44643
27860
35397
43536
26405
56442
22979
23960
43971
28543
9489
41901
40338
43505
47696
16333
15507
11324
22199
4508
39388
56920
22115
56352
32487
43325
42345
28866
36879
26595
43600
46301
12291
29408
7379
42714
49785
22630
9324
51604
43495
17897
31211
45671
29855
57003
12858
6096
16665
47210
14664
18799
22231
56440
25809
27358
56547
3832
6207
25248
55543
8070
18899
48939
34504
33869
4762
44303
14875
55254
53473
16704
45752
45412
13965
47102
32779
36159
38351
43368
54829
30399
5200
6301
36653
52625
21307
25480
41047
28682
57390
7206
6395
27096
48972
52838
29020
24708
5448
53507
38667
17324
53270
34889
6135
4555
11850
26870
33450
35953
23771
6582
10001
25973
20233
29730
5069
43303
39585
38410
55708
12996
8524
26299
8215
37569
59895
41056
33864
43186
30577
36601
10217
22317
56621
14982
59539
24141
44122
45453
50196
31424
6060
29683
28789
13577
12710
41697
49025
11916
22845
42194
57864
60000
37387
52495
33434
37581
8269
18447
39797
59595
4034
7667
30405
26858
8046
26653
46020
36675
36017
22860
26163
8743
53042
23227
20098
54278
57238
33813
32287
50726
12855
44811
22376
31440
14874
48553
59403
49496
39822
51742
57307
50296
23736
30426
39029
8397
15783
5220
11499
