1297
29498
18115
10274
19536
59065
13309
22637
20490
31392
49818
31684
36200
3005
13819
27370
32798
42832
9719
32288
16216
5680
19422
23742
33417
8721
35837
50684
23972
12460
13389
26168
59314
5318
48249
33018
6965
47861
39703
34215
31090
9968
44674
46278
51179
39916
29309
42535
45571
51661
13157
21287
59486
21680
46597
24898
13203
4463
25913
21492
27508
49685
13547
25759
57243
44834
16628
45370
12731
14785
13201
24068
12384
28080
16446
5477
59112
30946
48645
10741
31952
35211
46480
5465
4662
32620
8346
40960
21044
20040
36095
16220
8879
54056
35540
46778
22440
36850
8635
30924
49495
52993
3728
32052
43849
59272
46535
50290
42132
9856
11109
39907
35505
15190
7773
22489
42743
15349
32127
56517
31880
31328
16809
31193
13358
5898
3808
48360
58530
42450
41219
50781
52235
26642
21669
56044
49839
54923
24155
36285
39346
42205
24731
51413
36285
38802
17342
42934
52625
26892
40969
20470
34552
26348
7171
9194
46526
41135
41632
57388
30092
44000
23363
36330
55301
41922
48262
27509
34744
8609
6247
6411
16380
42813
15111
47645
5692
52910
30157
35264
51206
16251
20410
7598
33235
48936
16941
12428
46999
44038
14476
45440
31330
32258
42153
47700
17631
53983
16286
44794
28101
24577
22960
18845
46118
20866
22016
52105
7487
50586
36658
19856
33659
43280
32198
28193
55197
21401
29334
26084
7001
23947
55578
53851
12301
8089
29254
53928
29345
36873
23792
40685
46313
47726
23411
44112
48625
11335
3042
19224
24826
25699
44527
46891
30466
54210
52897
25187
51892
57128
37148
18528
39568
23469
54310
46323
5199
29455
50333
50442
38074
16766
18615
12813
13863
47946
55506
3184
59559
15336
39687
11918
31041
21741
28076
52323
30885
18056
34342
30153
5005
42267
47599
21113
43739
6898
41234
43441
19597
11762
7442
31712
56316
26971
5989
29676
53980
27538
10761
20415
49509
41117
40700
5149
35902
44971
51612
44412
29029
57037
19864
25263
31665
9823
22704
51161
11551
39324
27213
48041
40515
32985
41753
24664
4739
20254
53068
22525
46555
41621
4232
54655
35968
47865
24383
31925
22858
4135
34214
50986
36370
15363
14715
10033
21936
33053
24755
40206
50306
8449
51317
54359
10568
35565
32314
7716
58221
57008
9659
57215
25783
13084
32038
3535
42946
21844
34842
40620
13208
6577
36890
49828
33769
5248
21801
38271
22266
27169
44019
34647
3617
46404
57804
53427
44955
16087
48741
20161
56468
23849
5593
17619
35136
29763
38741
24703
21508
9698
25308
29620
24526
51157
24489
23928
28854
18279
35029
10342
19286
13114
49508
34961
20404
56043
41960
27865
45251
52577
22292
24334
8251
41767
10409
56928
27357
15932
22508
3822
11801
53812
47923
46949
43968
42519
39051
33061
55735
48602
41704
15704
27955
58894
47508
57143
36124
8978
44921
8321
48987
3981
29585
49973
50570
22906
44817
45550
23207
17277
38028
3643
27360
16447
36673
33886
16619
56585
19742
9210
47691
9044
58041
53928
7311
16952
4803
37979
46731
43444
3095
42294
49514
33978
10092
30354
50083
42969
20398
53110
39141
29048
33085
21881
46479
18080
52234
13081
10343
54213
42534
40056
8803
34756
10016
15204
13271
15360
36012
41740
12101
12007
47461
12088
32305
51930
5056
7253
28870
29566
32964
23283
58909
13691
35668
25217
59136
56593
45817
3863
33863
30083
43375
29906
38193
58057
18093
13237
25345
28330
13251
28324
57880
48883
20913
34118
38752
47742
18034
11555
22945
23856
3324
27828
43958
41389
26805
33697
30127
41940
31979
32837
8046
50488
59481
33989
10976
54636
4545
45300
34422
17811
23998
22931
7517
19144
57466
41299
6131
36228
54903
25996
59333
9852
35058
38660
27864
36401
59526
20705
11931
20765
27763
51142
20114
18670
55217
44409
12613
49539
23954
13854
33975
27823
10911
18316
29659
41757
46271
23097
5469
37565
58926
32523
47499
54040
31982
26041
51838
6939
51722
22779
9572
41197
20629
12098
44897
51286
51290
53964
12089
6703
23307
5081
51752
35183
49076
51263
55108
6690
53944
8664
55710
12219
9871
15616
49789
17170
32103
3849
55787
27219
39265
39832
6185
14532
27435
5746
46426
5458
37380
29553
32447
7901
29174
16918
57257
58565
16615
51138
44119
55970
51385
20304
55682
47257
42921
47786
25120
49225
24469
19989
39721
14161
15329
48181
4884
6016
33021
14805
34770
17663
9170
40211
53010
8205
52550
42366
32958
51924
12546
21634
40553
50158
17584
4838
39151
24207
20480
50382
12609
51909
56114
19905
23115
6926
12967
46568
56759
46138
43545
54594
57828
8503
24228
45045
35608
36137
9737
45943
50630
14114
44566
5753
37559
3847
5106
43724
44716
44321
17771
45240
55772
9311
41449
29451
49712
39513
38031
15954
25277
4954
46421
10614
3922
13075
53674
7053
8738
35433
37488
42470
48328
31894
59520
17084
57725
25022
58257
3199
17903
21928
46829
31581
14149
26321
22131
12340
45114
39898
33558
4861
32052
5172
48961
7774
43340
38682
22183
53675
23491
22540
40413
45056
43589
4816
11598
50886
53487
54378
44341
20628
21619
58835
6618
54308
55607
28828
52534
16034
26758
28290
50312
33303
15065
20399
29426
5494
21091
58405
12026
29915
6956
56264
34060
27362
20101
30089
27701
46519
7245
51015
24832
4175
47627
42125
22179
5474
58072
46462
36475
47807
44507
18358
58566
11716
12905
46161
11381
45428
12887
55962
58987
36442
40701
35202
27405
53306
47278
48447
13691
15752
23675
19978
5875
22220
40583
14692
25930
11776
29125
39724
34889
5599
21879
31213
54831
47524
58921
36602
44063
17693
24522
33301
59800
30271
48982
36762
13235
43479
16992
31155
20432
11635
4088
27763
35635
45745
50590
27116
34382
25050
30026
53006
14518
41352
29620
41162
19862
57359
55815
49288
41663
14079
53809
30692
29987
30489
6006
28854
53688
34023
40934
7152
24303
47695
50302
15763
34655
18393
21428
25145
8786
32556
42672
59404
50393
48937
32470
56009
20832
15439
46617
45152
32882
18668
35053
39297
30813
8907
17400
4931
18699
7844
58775
19365
57425
18169
10165
33342
16446
45406
22419
41748
25109
15885
22910
39033
6181
22708
55423
43744
56607
34932
29976
45796
19502
18748
31790
58271
47558
15512
32825
23306
21828
22719
11222
46354
53084
22066
17905
50820
40997
49071
14768
15988
13553
57182
46838
4910
41833
26493
28693
55439
52709
53080
26417
7266
55249
38855
12318
47528
41234
52070
23228
40653
17954
24020
33166
19926
5747
41008
41632
55903
49706
34987
13540
43584
58858
12593
36803
7580
11407
52495
40395
43585
43839
27881
37629
4537
48643
56147
30105
33057
43025
44132
12855
41544
35321
27487
36130
42681
36298
45624
5440
49781
12672
28728
30712
54203
25879
38571
29234
52190
44205
44506
31890
4015
54126
5785
24172
12326
30867
26896
25152
12517
43531
21718
7616
11260
37251
55708
40481
7936
42905
52763
35917
5555
37695
43604
33181
45801
49004
14050
17141
28391
4033
57212
16516
23288
12499
23527
57623
10933
36606
52265
9186
8855
59604
32945
50517
52316
37126
32673
26767
34477
20744
5131
14696
37274
46495
36972
42946
26767
6802
34862
56461
18321
34931
12920
35471
45992
48189
48931
59394
43332
16311
40414
45961
12925
19584
11900
54104
4290
18277
12186
11186
47152
45142
4892
4520
5324
55159
49547
29018
47401
29101
46483
47867
25525
50349
53669
29060
35726
25764
10768
21453
45018
23806
54876
23966
42937
23028
27061
50555
44219
52059
25243
29866
23248
45337
53259
36092
11007
14046
27146
5517
28680
34970
39932
30004
49312
37468
53220
31540
39390
34818
29999
31870
15798
43600
41612
56906
32992
54566
53768
33933
51468
7299
56385
19887
40917
49029
18086
46008
44092
38647
8987
33165
21850
37084
53270
40940
13129
20000
3631
40149
42163
26602
24503
39681
11335
39058
18015
27288
14048
42998
23526
57436
4723
43098
19951
57446
14126
46690
28815
4175
8198
39326
14374
24404
55927
3424
24637
46905
16398
32524
15158
38243
56000
51451
20053
31807
27045
43672
18887
41258
23969
51779
11935
42217
37528
27584
21884
5451
13463
10299
53018
32770
46054
9655
20156
57384
22584
49980
15630
18462
26913
37972
31730
3677
6271
35153
57192
42595
42217
12281
54994
11527
54447
