876
17126
42156
3656
29029
37389
52428
46816
42638
28257
8155
59439
52017
53081
36555
44580
27638
4771
12281
8504
57677
55052
5523
26021
21872
27667
40194
21930
9260
59175
6061
16725
44892
39667
5552
8852
16480
3869
17439
16600
5067
56080
3932
38407
14401
49118
4475
55959
56771
35384
43432
3825
8446
38581
47511
21656
46145
18239
31563
39401
58152
5540
32812
17202
16459
6407
29780
57285
44931
48197
58154
51179
31979
58421
53623
17800
33872
34317
57891
45239
6883
41616
37193
33789
45757
32127
55205
14699
27707
10549
11160
5333
32963
7377
39753
41371
32216
28115
53895
38380
48116
56433
52885
57230
30758
15105
51761
54911
31854
24965
5686
5841
7247
55690
49454
14733
17088
37351
13244
16242
34176
38815
39338
57393
56633
49285
14750
21182
45281
37579
14941
46105
30611
31217
18550
14862
50971
52060
37321
16336
38746
3642
48504
5325
41876
10331
39695
4537
13155
15905
6951
9161
14467
39281
50476
24599
48550
42625
9059
28380
59744
14955
45422
56208
28365
18130
49991
11291
22497
7601
7251
25240
28582
27498
17906
5464
51657
31819
42323
58335
12271
51279
58799
24424
15331
36154
30986
33668
28174
40135
9814
37709
30179
39106
24684
21425
31566
18836
38626
18230
8468
7255
24764
14609
7357
6491
34207
35935
37614
28058
55700
3225
20598
20509
37784
15376
12340
11050
41048
44374
14019
19518
57114
14617
24514
9336
29194
51645
25274
26685
23551
39114
36901
16028
15784
32877
32180
31430
11058
42500
54027
47212
47992
20783
46316
58122
33037
18981
54593
54646
13975
3343
4635
12257
18578
21775
21030
57499
29347
39609
33404
56261
19733
5381
58548
7426
4023
26005
6858
34468
44611
55669
46616
25087
18676
35864
37738
35027
47026
51240
19487
43507
46852
34085
55029
22966
39959
9342
45987
41242
37038
5567
16848
11146
40727
49817
8654
47424
10697
18037
52448
16610
50518
17826
18061
34256
30072
16400
38012
58199
10439
26600
37466
28835
45926
27106
37416
48739
8201
9925
27298
16312
34298
56519
40372
51396
15992
45049
52357
27460
55310
56939
23824
43354
36008
59107
19944
54187
25000
51619
35622
40508
28129
20013
4261
52668
10634
13900
3363
40510
32325
49938
17144
14469
20522
43274
16613
33458
10354
11270
31930
34127
22394
23211
47527
38316
45124
32799
49153
17113
54967
43292
45967
38285
14019
42675
26018
28112
50511
18886
14937
43568
54196
22037
14541
16197
38757
26619
25177
16755
13403
44580
38804
22584
46824
52946
5990
19159
55661
47232
3377
50730
37165
27910
23848
10900
9716
46635
31939
15889
17187
46457
31834
6424
49622
34744
52699
29449
31119
51527
54272
35148
35432
10924
45825
28175
5660
24654
34881
47762
31699
58094
15320
19985
6553
59428
11834
38497
18045
54554
43140
18818
30355
32758
31605
48073
29048
17022
13816
3303
13414
4791
42706
31036
32595
51817
43009
20042
49413
24110
20735
45460
9472
27026
15072
19238
45950
31414
3416
9680
5262
57843
43924
58233
29379
26806
53804
31406
54017
38186
30002
55737
28034
10327
57564
26742
18426
9912
24448
51310
8489
25691
9216
44922
20511
17845
32911
11302
34194
52016
28854
52638
31904
26625
9482
49582
22948
49404
26007
8768
12959
52764
45768
43226
54252
5894
25872
36808
11473
18981
39058
51625
46624
37346
21993
38139
59463
17231
20398
13772
14786
13339
26691
34726
43285
46158
40085
50013
11902
21184
18337
45086
18430
46583
35316
27741
51487
57220
30248
24773
5405
35568
12009
3958
26604
42481
27392
53044
21408
38777
10166
59239
53599
54338
24877
22599
42350
32570
41286
40527
5516
34594
42405
35507
20197
14939
25301
21799
15097
23082
40555
11251
23679
4687
28202
33539
32384
25874
31581
29273
32988
45807
25682
47093
47410
24737
33027
43995
8746
42173
14544
44268
44572
38978
12922
15017
54819
29786
9566
3172
3896
53498
41805
30148
44163
52426
43628
51803
36301
21872
54276
47241
16034
30324
12225
3824
48632
13607
57171
43140
19153
43836
35577
31475
34236
7854
13165
18795
7074
10485
10266
41846
18572
5658
52915
20548
13353
51214
26973
26782
47368
42069
8142
56314
56441
3113
14008
12129
29576
12906
11251
10623
33490
58376
6025
45817
46304
29105
15802
18513
40511
59661
41335
59665
51942
47563
25787
13607
47580
22473
30667
21789
9275
56933
55575
8059
6429
5749
5940
57942
41511
18583
57687
31226
32622
6588
55856
49671
8255
14036
56398
12896
36883
59215
7662
10319
37925
20522
52123
57070
26711
27095
47143
46402
46181
37142
54296
37076
47678
34082
5751
43962
24106
41472
27885
16183
55686
5003
3422
7818
56358
28245
22390
3752
5290
15006
36846
45873
52886
59023
12076
21906
37227
49213
34926
36432
18838
27085
32483
25230
17641
30232
25417
53491
50988
41017
7548
51093
54791
54753
44239
51979
37880
45710
50420
51305
20263
30672
46569
56702
39181
59376
10964
58752
43348
49528
19947
50551
24760
51931
41070
42363
38422
19317
21117
34909
39951
48541
48802
33144
40380
23134
20772
43802
55242
18117
30357
5564
57766
11217
10888
51620
50568
51433
32748
58666
39186
8341
34446
20037
39581
50354
30193
50362
7024
47372
17810
53915
41653
13940
54911
14004
29078
10612
38740
37472
4806
25659
58921
14084
43024
46335
49136
48996
8252
51591
40953
48975
15563
37848
29608
5287
25639
4427
23834
45004
10991
50592
25049
6200
10113
43456
35614
32165
47522
13693
41956
3280
19387
29894
5251
58044
11632
12312
56947
27712
28700
51271
5648
34888
58842
43596
14901
32643
37943
41898
59389
