1124
58190
59995
43774
28840
42989
4517
19934
19066
44541
22052
53033
40225
27216
15856
25786
30042
34482
6784
23495
28902
11291
10755
48752
47652
18789
24068
34267
11166
13023
23526
23510
50900
19884
37415
47034
26921
16653
28437
43860
6611
16874
33049
22672
42800
33123
30192
48103
36635
40461
41225
58970
46111
55244
41458
57720
44976
43426
41377
52409
16736
14732
6794
17769
38778
9749
15083
24480
24518
11738
56743
42088
45871
26906
14771
11715
9665
28926
18821
58392
55292
46694
4993
59191
40562
40160
58076
52550
20481
27148
11800
47759
26543
20142
16649
31550
11309
43344
10027
30334
45696
19581
9054
13326
28891
4334
29998
54957
40351
35875
49370
16304
15317
33372
21150
32430
22669
11121
54975
30046
36097
37513
46997
5167
56773
38507
46300
33081
58961
4091
29854
24173
26709
41952
53648
29011
22348
34350
30215
46565
55302
44481
6561
21149
20490
12998
27916
55028
40552
8117
6237
15302
35597
17105
54163
14071
14319
34656
38487
56445
19390
15904
43179
21436
29809
45839
20818
4996
26978
11967
27388
35985
5827
52458
38880
6515
5908
35559
43488
36404
13056
27970
19039
41774
12255
15194
58349
24492
6401
50928
39855
48201
43376
59881
45215
48699
33216
19491
48707
12470
54509
45680
14467
10844
36524
50470
39704
31135
11319
54329
50430
52511
56547
9934
3920
17332
41315
56604
38701
43330
18567
53668
13828
53625
55607
32212
17201
15904
23463
23553
51791
36714
10611
59427
42503
13481
30581
52203
12567
23406
52983
28114
13360
36220
48444
52560
32705
30687
27626
38658
18879
39349
42308
14514
22329
41823
15445
40955
54386
38587
35347
19983
55283
21002
20776
8698
15912
44950
17533
22434
27768
16751
21481
42795
33207
55826
48593
4425
19757
16422
31320
44064
8847
22418
34306
8317
25101
32081
14486
54691
44732
13536
52487
42030
6438
44720
23822
37672
31797
13943
28017
54569
24512
31562
9851
39462
20500
51401
40452
49729
21257
48842
37089
25748
21525
39513
27876
43504
15410
32540
48316
24962
40338
51918
49415
38949
50144
51845
7920
27263
6976
57485
59998
31263
34941
42352
25423
35284
34630
52883
51753
6301
32059
50660
29870
46433
28472
18427
23557
7704
31892
9447
14980
23881
7496
46780
59744
56337
52992
6734
33620
51376
38430
26048
46036
34623
34371
37830
7216
18285
32373
28320
31350
31842
52659
43558
48084
27374
14729
28577
3544
51281
30436
6557
18916
19582
45667
46568
10111
5471
41152
43166
38633
58016
46623
54275
52782
41191
3055
51399
24539
13853
30594
33047
22476
7685
33042
20528
16995
28402
11981
42442
52142
7702
9205
25655
49097
51213
21902
48856
46104
23261
20702
24455
5027
49756
7833
54877
56182
13056
40518
24942
42481
47391
4460
9067
54492
25919
12428
13179
31270
54808
18613
23839
43898
12473
44982
46644
33344
3831
52370
31665
8246
29480
20362
31004
7149
10322
56384
47304
33520
18274
8091
23833
58514
50387
24361
28298
51065
55724
53947
45818
14629
18215
56619
32878
48505
31545
15693
9965
36273
51254
28476
30298
34265
50704
55159
42184
15501
55507
18786
23331
18022
45921
5957
8356
34412
14057
33553
14855
36690
18716
26469
45455
9649
30511
29703
23975
24080
23960
52629
44008
58596
20308
23005
15242
57076
25262
5081
14135
24637
49213
55294
29480
47411
26601
4991
50442
14530
12065
31453
9242
58818
25771
19855
31899
51022
56165
50058
8955
30837
46617
10158
5086
19906
10107
28184
13697
9302
48855
20474
53091
16773
23388
6398
48148
38379
51931
57315
57181
26066
33437
26619
6920
51264
33590
43170
16687
56347
56167
15028
44140
44570
19631
32437
8715
4186
22145
13446
21140
22398
42203
10490
35048
57104
41379
47957
24459
58549
20382
37211
43584
21824
56099
51916
53595
10393
37089
54838
42203
50886
38160
26457
34667
25018
51421
14515
59993
5906
54948
59454
10286
27607
37396
18193
28312
24299
13954
57072
36497
50318
50303
58732
23321
14145
19762
40516
51655
3266
51273
56614
12924
17480
53087
6557
17385
23287
27857
25279
30696
14146
49428
54668
8080
55448
24479
38832
51919
8206
21317
28746
18190
31469
15744
21045
3744
12326
57905
9277
34781
21660
29597
48513
19650
54091
31745
5014
45743
16021
7616
41103
38817
33664
4956
3699
38539
33798
38958
34981
7629
3243
47857
47117
50786
39730
37404
53374
46576
29203
8767
21878
31237
44969
54656
11073
11002
14459
28380
33098
27490
23114
54789
7243
57648
33953
4094
4409
9133
34351
14409
37312
54758
31790
10184
10313
44466
6880
42234
40001
52856
11086
6743
19766
49420
25022
37759
52767
23967
3990
36497
30806
34254
41293
33223
26251
26820
44706
14011
40868
29721
36045
41174
37022
10157
50149
54957
56570
52538
6193
16252
15292
9265
11032
23993
5789
26508
4092
35493
25777
23367
25993
50970
5865
5326
47766
32851
40502
34823
31728
34983
30431
56054
53553
17184
37694
8823
10942
12347
27256
47216
53808
12940
55843
49998
46563
45061
26180
19807
11655
23112
44605
22266
35663
3411
15162
48906
56462
49527
12057
10635
20519
46320
54103
54728
36086
50023
50317
29631
33920
51097
57752
22077
44445
29820
53189
6434
15510
20029
12904
5448
29566
42631
44829
4755
30969
43006
12384
7505
58630
38583
14589
30283
35569
7671
42964
29081
43608
17753
46661
7636
31238
45374
38991
4164
36345
56588
30947
14543
57100
16731
13291
24216
40043
40914
57057
25562
55491
52222
10153
57018
50555
33428
45343
13050
30243
12777
33814
35808
45203
46873
25958
45546
24660
28742
58413
15914
25944
18905
8452
42616
33862
38729
22601
28903
9347
9052
54351
36397
21281
42518
27089
44727
57549
5162
52049
21760
52761
17390
57911
18463
43533
43132
44293
37384
9877
11578
14992
58924
4902
38150
51136
31868
29006
32911
51753
36305
12189
56086
9774
17512
15041
14556
30455
6396
34345
13355
49683
44617
27939
22692
47902
41675
48975
51032
35762
22285
52128
13006
4081
22093
42716
47316
26814
47637
11116
59856
42278
17035
14739
54967
58762
50478
33885
59369
6194
38865
54771
53739
29960
34971
45294
3461
31887
32320
58470
17494
6777
48949
11262
38338
45801
18795
5806
11994
30682
46820
49868
56101
21109
10389
59712
55331
11534
55621
50414
16891
28550
8062
4892
7152
23777
40997
37658
28498
5837
43785
27785
41993
47399
11762
57525
36041
27336
52265
54554
13865
52666
35496
16911
3046
59262
44668
39804
50530
46273
30078
15372
42655
33956
40474
57988
45833
23374
27428
27979
26715
37585
3814
42580
4058
30933
59718
48358
29393
9215
59511
11078
35614
33327
36800
15886
7212
47591
51403
34873
22248
15415
36477
21564
54645
29582
51401
14572
15979
40375
17532
48123
51388
42502
53198
45742
18520
29572
31427
17982
37813
25283
10233
7515
46624
55533
54172
9116
54644
49846
54287
32466
21476
57710
54816
22273
29242
49586
53715
43157
26257
28896
46637
13458
36286
46328
22398
35149
49563
55464
9471
42552
50362
52001
46394
22987
19816
34164
6667
10883
52499
28670
16385
43420
18729
42399
22003
22953
46577
18018
27388
7990
30870
31446
44347
16802
52574
3795
43602
26069
