102
42941
26920
30026
24691
40222
57851
14168
25417
32806
14672
45691
15120
56878
18548
43691
56776
36411
34773
9746
55994
24381
54436
17651
23729
14124
46926
9730
11749
10504
18770
50398
30814
30096
9297
38573
34492
6468
24780
19743
54587
43343
5567
27270
51185
5210
14133
11971
4700
47211
55269
4683
40104
51344
38705
31558
33622
3486
20367
34641
58115
20864
9607
39305
56362
20169
8232
40252
29727
43681
45317
12047
26796
47928
57054
16316
38863
20994
41150
22083
19803
37287
8237
37658
31417
46751
57934
23207
49441
26904
19735
18322
3264
37559
24474
59344
49971
19621
38048
3962
18136
9200
37387
