212
50990
54273
30479
45049
33465
52963
58863
59373
49707
22519
8719
20849
35776
34973
8816
54196
28710
58135
12372
5099
19169
55238
57696
15779
15165
12693
47827
8653
10334
14007
57589
48332
7687
43249
26470
16324
25568
41822
32497
23874
27074
11184
30323
28101
24463
39605
42902
20909
5757
31420
50919
38460
10166
15883
46025
53846
30826
34570
28453
37597
42904
58837
33606
40205
52973
16997
27403
48044
58995
50471
24452
7926
28942
37870
5297
57125
50672
32357
33521
15022
25739
42405
54543
7616
50771
21446
55178
3024
44448
48675
18672
7193
13442
50949
29615
13679
27317
48574
19324
45791
25765
9323
54923
54153
21689
49268
52684
25111
25579
31529
33371
3905
22073
17560
22438
27454
40461
57548
42571
27228
41545
33896
21370
15796
3226
21953
7334
12945
47117
8750
3608
22099
58973
27507
57102
30829
23574
13373
26115
34850
24047
27653
51195
27486
32033
31456
22035
30136
48365
27855
28989
52051
45612
34838
14954
32307
22911
28680
35107
35148
22876
56599
47270
23728
26098
19368
23039
43406
11225
55215
16306
34694
14708
58131
33330
48259
40908
8506
42956
22328
48887
22680
41763
32151
42009
52346
59767
12896
13939
19255
24034
32128
58328
12700
50163
34949
25498
55270
6318
43458
12191
49692
43869
9941
59216
3645
11516
42122
54181
37198
9989
38842
