1245
3299
58667
49333
7705
45809
35244
37543
21760
32476
8916
50895
36546
46007
7863
43710
25957
57699
23256
39640
44955
53928
52615
49877
54220
53983
57809
43052
11349
24256
15186
12979
11421
52866
37815
4605
55447
30836
56688
54093
9858
5530
38429
27318
21689
46885
27176
36229
4036
3551
7690
53038
20379
35435
22282
16891
10856
31160
43789
37500
7640
56683
57236
49878
3207
41539
10580
31541
48864
59231
41933
46224
5743
7633
23876
57668
30356
28156
54532
40094
50562
6280
52652
57597
21286
18708
3369
21493
42983
14250
50015
56235
12549
33756
37436
44319
29384
4036
17358
32759
47330
59700
36973
48740
13146
4010
7778
49176
39098
13066
24355
26838
46745
59415
32888
25315
36755
23029
44684
44425
38027
48318
25499
57891
50081
35521
6111
39564
23685
21354
17209
15223
16817
9024
55068
27952
30793
20186
46145
25049
15856
49453
18874
58178
13333
48021
15101
16076
18389
55043
17755
19460
29414
39210
48892
39032
46690
17035
35602
10906
57538
13085
55323
11843
4361
48595
57387
3557
23802
51469
41010
5052
56030
51751
12829
23054
54868
21127
10136
22493
35967
53023
32323
58960
44164
3162
51726
58614
39606
26203
44353
15921
18042
26404
59603
58528
21948
45551
55373
59033
39990
37287
19522
44124
54857
43899
32671
30970
31575
52666
39500
51559
20381
6641
46850
31646
17876
54298
32712
9735
34462
26216
19481
48079
20386
48663
49061
3204
10422
5978
23229
47745
25983
43780
41595
25972
8666
10362
6319
30456
24214
58343
56848
53161
38208
4999
16222
53674
45947
56242
57347
15227
52571
37323
4253
58703
33999
59371
12823
47425
10946
11042
45908
14014
10850
21135
14387
49192
43537
12318
47903
38476
44686
29740
20256
31770
34448
20282
36214
58076
29497
42124
17696
12380
59130
33198
49372
12347
34703
36185
26434
4524
3620
51742
46476
9439
35582
39058
29770
41540
48645
54076
16583
33627
20196
18102
29344
33950
5884
46589
53839
28625
53771
18959
25080
45298
10283
57824
48340
6396
10840
6826
12093
47764
8899
8152
13291
42229
24004
52228
58364
6601
21952
57928
46324
57624
35858
46923
42909
27576
5576
57412
4213
12918
15285
24764
57742
23378
36565
19034
19323
38511
43055
10374
21509
25743
13835
44706
35527
14447
26966
30980
44968
8752
44633
42575
38792
5338
42588
17330
46945
8640
56607
7466
3622
44243
7416
10288
36270
52699
38418
21104
33456
33431
36484
10533
35844
5069
39655
14028
8093
48276
21425
43755
42096
52487
3380
16697
4259
26928
8822
55489
19968
33387
3335
18038
36561
51524
20780
56695
48026
24404
36234
27645
58234
19056
55466
30192
11087
18660
4576
16338
41200
4632
57092
4834
36313
52050
56547
20248
42706
6168
45663
46501
31985
10271
26261
13461
52687
53917
11426
24336
10688
39860
58411
4272
57675
18717
15472
37877
34867
35809
19836
57532
47456
6778
11492
13598
27313
20937
34534
19495
11314
50453
24125
52098
12783
7561
25733
39224
49499
52900
25312
55626
5231
33053
5429
6439
10378
48686
30586
12412
48077
23377
46189
35303
17714
17194
49666
27119
56656
32150
26163
44371
9395
56185
48234
59350
57221
53253
27463
34390
52960
54431
34497
28029
31712
23556
53869
37293
50637
35081
3982
39779
22151
29021
44807
9743
52740
45215
35546
49088
39871
28675
30998
19121
26767
21249
57311
32905
33547
37685
37252
23533
17575
25081
58216
5300
6626
29416
38942
36045
10979
42263
49416
5139
16140
9424
33522
59314
49696
20966
10678
49884
25752
49242
18595
38724
22800
46990
15842
7814
43261
27089
22845
12343
37779
28654
26633
43906
52023
43518
48041
24700
29612
5827
44663
56714
22322
15076
44158
17389
22494
24096
46642
48641
36193
52706
36462
9062
33111
10439
10736
12872
3327
42034
51610
4922
33718
37405
4179
22341
6437
58514
18892
19389
20668
58565
7154
38905
29634
46205
12563
18278
4373
57644
58831
32309
56746
8401
45069
49407
57614
40517
18076
41039
46998
17444
10265
26571
38541
23937
8225
24145
14330
49833
4375
52349
13751
13754
4291
47989
27263
30548
16179
13979
13825
43577
44632
13703
34313
18305
46319
21323
27079
5485
49190
22926
36967
55576
38353
13650
53050
8041
22584
20386
28006
41862
28777
52960
19587
5939
23363
20373
21882
18125
14265
4872
34117
21214
42886
20874
16959
19718
21280
24547
40821
36471
12436
16674
18042
58100
35985
36621
14087
41334
26342
52073
30696
27051
30751
46399
6567
46312
49316
35927
32685
10239
5401
5322
26373
53700
49536
33382
8543
4497
58582
59741
17831
36640
3460
38329
14426
24536
42015
35572
20877
58715
42520
31482
46174
28252
59497
29181
35102
22028
30269
34468
13107
35385
15310
9264
20681
24530
6561
30142
36549
42540
24490
58451
22248
51014
41101
3237
17991
7319
28277
25009
55841
55554
59018
45881
21629
15577
53512
24862
35270
42010
26917
12867
20381
44457
24398
38042
54403
58039
53904
49399
50051
26382
20311
13312
47635
25514
9293
51189
50831
18104
6338
6077
11844
18195
55282
23555
40191
55916
55847
18637
31837
51128
38763
42453
55173
38587
6566
17475
57575
20587
17685
25378
31255
37675
41317
12860
51722
6451
7235
18382
8675
17352
6991
33875
32825
33345
43714
43856
34203
3841
8435
26565
29452
5816
51218
51730
35040
36052
5035
58589
52554
29202
18965
58346
3969
18384
45680
31828
13242
34485
25008
12262
55130
5150
23894
6077
44913
37849
22887
6361
44507
28754
28635
35704
5212
34767
53714
19845
27106
17708
44987
9389
55789
9014
41570
34429
42839
8445
12005
9654
52747
46221
57317
17928
15632
55233
54067
41887
6887
17893
45366
9057
47175
53392
12439
30011
7104
39727
13785
33721
39478
14740
4833
44287
56410
49932
3692
53062
8940
8029
30781
7126
14862
23352
51191
4786
14434
5391
43042
50977
50455
14542
45864
17699
48231
27178
58160
10368
8312
48955
32990
10004
45665
45885
40897
22958
23314
34136
27097
55814
28934
57603
9867
35509
24598
51519
22692
25839
54567
25615
37438
45726
36979
36273
16926
35130
34326
3180
6498
30587
25600
33078
40368
46614
26388
19887
9922
41999
35067
45392
57248
29138
42373
36724
26425
4589
49144
11475
47125
35369
33149
34310
20182
14595
58510
28953
31762
10090
46348
36760
29646
44337
35184
40909
15109
58838
33663
7468
14833
34376
14021
32529
11599
56797
57062
35200
37159
53129
55858
56885
18600
3207
34889
6692
52034
20197
42326
18740
9055
6380
15343
21653
55602
31573
58197
4021
35607
17097
42443
46527
46589
16286
45456
26556
46696
56943
48995
24955
37582
56761
42217
53280
24403
38016
45954
41953
28757
20510
11355
16752
12831
44900
9154
40461
13730
47855
37303
50476
3944
48981
6844
29361
48490
16469
13502
36835
18305
11185
50732
42085
35368
56038
38558
5621
31768
7047
52739
52872
42182
16763
20880
49892
57620
37002
25678
50645
19833
30283
48317
34477
4596
25341
48738
14276
22058
31736
40992
11199
15634
32985
40217
6640
11787
53225
45799
57905
40429
30355
9966
25100
45309
9728
35311
29947
24477
38924
26884
5864
48378
33396
49033
51938
10077
46298
25452
33122
27275
36358
6830
25842
47541
17543
32211
33092
33691
26254
52808
5447
4655
50858
9757
8584
30468
52750
45086
55224
34403
18327
21029
19113
29719
12400
50675
46649
49392
44128
16337
21535
44155
28099
18542
16032
55513
42958
45344
3719
57642
49025
21818
23045
29595
51394
46861
54901
39599
49900
59628
52636
20614
52839
42041
35162
46761
24513
43838
22835
49807
44949
49579
23290
41681
4476
54410
20549
26395
7472
53517
16220
8880
23479
29983
50128
15117
49777
5035
23849
39197
44738
54714
40333
13342
6036
43367
43946
3094
3155
55994
36430
30684
52102
10256
52415
12322
11141
9962
14549
23415
25185
37830
24078
4298
36742
12689
41428
24781
13002
16521
49275
55436
59034
9189
9074
24689
46845
46592
11069
11300
26156
