1713
13325
32581
12930
54045
43579
44705
28077
25637
49581
47270
24888
18038
21053
53033
56618
19781
30226
47697
9280
9015
50602
11782
24258
28764
29636
27596
23421
49450
33296
20554
7135
38250
40896
28809
17360
43983
46059
37243
8372
23482
52192
39636
9286
21430
10268
43812
20902
25298
47979
53291
27670
24800
57525
33160
48519
54118
37274
49731
38460
43099
21000
52536
59621
5695
7545
48585
59959
14129
50670
54307
32205
59259
24647
7797
39538
35790
31659
53171
34333
13814
57446
6331
55726
13200
42031
14492
18770
54990
37828
26882
6933
27495
58705
10239
53889
19229
45350
54945
40390
53368
56042
14345
24466
4605
43169
44249
45119
25598
56683
7526
30291
37372
11583
55537
41581
39108
40757
35786
23643
12926
58818
57271
49720
50642
52440
32669
14518
13342
12045
34519
37077
24943
47775
24434
33753
12541
10727
36947
42059
6978
27405
12555
8808
33988
3030
40247
52274
30830
36245
20604
29466
31535
21816
7945
37009
6182
58928
42580
36423
29741
8238
58866
16504
51809
44975
58887
35375
3615
7851
36778
31379
37796
16113
53347
48392
41320
17826
26809
22447
33388
29765
8319
25787
43214
53672
37389
4574
7077
26720
36579
59927
54009
22803
49625
16356
16905
16409
30435
47409
43260
55243
25499
8734
3279
59988
25803
30691
18580
17134
32374
59884
49814
13474
43449
28921
20183
27087
23962
42285
49569
40990
14508
13595
40979
39884
37213
21661
18111
12796
35361
50366
18336
34914
44602
7513
16812
35261
3344
58531
5950
15321
58711
42936
10070
49318
8750
48070
46675
23201
23781
31598
33354
51315
55046
57325
40454
12056
10582
3063
36119
41954
4545
52531
28900
18625
41845
48860
56493
39302
49393
45921
45672
43120
16413
38261
37313
21838
59139
23969
36114
55549
19010
42676
38365
38170
56872
7594
52583
42172
21033
24982
33420
31997
16266
19390
20359
58735
7360
7796
46645
18194
41529
42999
4349
14449
58418
20570
11705
43179
49760
39469
21571
22918
17870
13066
34123
3907
7768
41835
23778
56332
5525
35911
23957
15599
20879
49334
5534
34527
39795
20756
4806
49722
43475
45093
47710
30095
50982
20105
18056
53391
16472
25301
56420
21014
52511
43035
10710
40855
11526
43609
41229
56177
18975
55181
49594
15697
55237
12026
37221
9819
58920
45953
17556
52146
9370
20931
49608
26071
29553
44289
33563
14254
26146
7732
22297
30429
51533
26720
40275
31384
29414
34628
34952
19992
58540
36519
28955
7728
50710
16354
39781
24489
42299
4397
45391
54413
11520
59867
31436
17790
40662
18825
13992
44571
25138
14458
49840
54058
30068
42266
48885
14003
38771
13032
16221
10525
8080
31516
53475
13001
26843
7745
51759
26185
26362
59504
4565
43544
17307
5170
34486
25206
15193
16898
52003
26518
14803
10534
30700
41445
11530
42083
13399
31997
33739
4711
30630
49960
43256
11160
7626
44309
38970
9048
46675
3167
39703
10273
17001
46856
15924
44741
25961
32759
58573
54688
45746
6566
56745
18701
7957
35959
18831
19815
26252
35759
53986
14311
27931
18014
53194
7143
48083
17964
27481
40563
24725
10695
32268
30282
19227
25821
39092
12784
55507
29835
50078
9717
15278
33143
29799
25691
6062
54366
50432
8317
20491
46478
36624
12031
32584
41894
3875
52363
12965
14038
33693
20050
34965
44538
10713
26171
52748
42275
4548
46639
13276
11173
52184
19076
55495
50893
30708
8169
26440
39455
10900
16154
9274
57906
26420
59247
44377
39911
27129
40021
45836
5754
3523
47518
50772
32908
55734
24780
20644
28251
21444
24033
10615
10304
22957
21502
19337
28045
56778
25603
43343
13988
30595
44972
40111
20160
55028
15250
38800
35175
19722
3688
42451
37731
35662
59277
17478
56945
36337
48621
37891
48531
37523
5127
42933
28319
53742
27555
5711
47760
55614
18072
29472
13593
5414
58825
13484
57999
30310
49153
57990
51123
54015
17306
31144
46979
4811
48326
18700
15982
58720
5822
24887
14486
14314
3108
32236
53694
4195
25299
47279
48599
32593
49695
4358
24105
19334
5113
55603
8785
26003
42575
35577
27976
28669
59627
40892
16971
33682
51840
33644
55136
30180
3324
28159
15157
29196
42056
56717
46037
42663
21656
15726
15779
3411
35832
39053
37599
6462
36586
27532
40203
27724
29876
10884
20856
15035
21436
56737
9184
47393
38517
54941
55254
20505
56263
46620
58980
24007
59211
22373
3293
6928
5195
7301
41300
59198
41639
15897
49366
50702
38786
35040
58492
28701
59245
12897
5663
56967
27502
4872
38924
28948
42177
47968
36085
40090
45548
36758
42904
51548
15158
7439
38733
38968
55712
24075
51149
55657
11607
28742
18118
36169
53074
42511
17710
21111
25411
30613
57746
23640
37899
5257
3223
27513
15855
33888
41659
41533
34428
8858
14461
27190
30632
45029
6846
17551
15837
26047
4501
47045
3714
9671
24355
25770
46116
18361
20966
34010
22057
28941
39465
21177
40989
23060
31038
8684
56789
4396
59233
17389
15238
18074
38703
12577
54554
40438
9988
51047
37249
31150
33937
19855
17326
19226
47152
14974
55388
28618
47475
9090
3532
19850
26293
33594
28948
21577
27043
47840
12483
27219
57610
31417
5713
36350
55024
50950
40235
48445
49393
50716
24269
54735
52340
4550
41155
22636
4481
43122
37425
4443
5606
40779
27437
54157
47699
23872
29914
58219
23895
42823
56098
40032
16675
42261
49232
51619
47560
5401
52180
47594
4731
24311
27704
27756
44222
30378
42781
56001
4458
59791
52294
25045
9367
43150
20798
53416
49559
49846
27152
3996
26286
52642
33313
33938
21663
9120
35354
38902
50605
39921
44380
42342
6021
30056
33271
41732
13409
33844
16285
59140
32955
41170
32751
57799
29174
44903
34543
12899
22389
19642
8684
3971
26248
53260
6636
56420
43855
28286
23824
14818
19764
14667
33477
17848
54476
11136
27182
47290
20675
21747
13860
22175
25125
32898
41119
29677
43123
35672
39623
34812
3948
50752
19801
54997
11626
15913
12222
20082
5444
22129
43292
16510
16627
38841
51780
58631
48765
6062
7382
32700
27813
49229
47099
50005
12287
50401
46330
42456
7602
5126
13032
42098
47833
48870
58186
18809
12857
47109
31597
42702
15047
49031
28813
52102
5987
9316
57345
11923
12516
54932
56554
11537
30462
51702
15294
40467
24070
39606
49675
33121
51584
20964
7584
21218
57216
54699
20204
42195
16029
38968
52286
54490
5608
20096
56933
3225
43547
6839
34771
43554
39868
45738
19950
44268
30530
14940
22488
25315
56251
15322
38023
50895
28254
10182
7209
25928
18289
10360
13695
27449
28856
21280
10408
53515
50349
24541
41109
55317
46148
18271
22729
39311
44594
8599
52203
26264
39707
47997
46431
5835
55042
16098
51313
45905
29050
56087
12465
23600
38553
42419
51674
38724
51397
45896
22804
56464
8345
48927
40043
26198
46822
23320
42526
31531
53392
22299
12485
37410
15929
34026
18192
55519
38725
31192
26716
46085
50435
19255
16512
47479
7226
21619
36159
35991
53179
27208
45412
54516
31977
6531
55737
50460
11204
16833
11980
38935
7885
52792
48423
53684
35661
13625
56507
8467
14558
53565
34185
15263
4756
9121
21811
38120
32480
33192
10732
49669
16685
50463
3886
34683
42291
50843
36112
11745
15560
54606
10684
19620
57507
51599
23366
4692
38775
8335
43496
25070
25739
15805
5791
10524
6742
19644
36325
10164
46195
11291
33351
4505
47841
53227
14262
55041
20014
17963
42518
41931
25693
56713
23461
20555
51920
36597
14841
48605
55439
57112
17739
39050
22409
46807
29938
10381
43102
50800
27241
54166
7690
20622
6134
56274
45408
33062
12897
5974
12503
54504
46820
47842
10865
27203
5607
39271
14147
17059
57702
3594
27820
15275
31173
34675
17200
20665
6333
47509
39969
47973
54795
27708
15298
57662
41948
20062
37051
34888
56648
29128
43668
3187
41999
25583
13227
3199
22946
47578
42977
42628
11600
53253
51762
54755
26379
26243
31148
59209
21495
48815
40750
21283
46852
54251
32837
21665
40096
8038
25769
28239
58164
42181
38477
18070
13919
48400
38169
20111
53131
58680
20033
8028
31701
52213
23122
31147
30286
47448
40970
19215
21871
43443
55201
19060
15360
48858
38948
53843
28917
53353
52773
27881
42626
19440
30226
16471
21179
56041
36827
33221
8370
13955
7713
27037
13667
24188
58008
29738
18414
17286
13428
7229
50784
15735
15864
47212
4770
19110
41018
14524
35584
39286
36169
9232
38580
25088
43137
4975
15561
35165
33774
56212
21289
29961
28921
33430
21654
53080
57054
3002
8184
49233
53123
30522
56858
37931
59672
45154
15399
26002
16715
59407
47111
22186
28422
58489
52313
16291
58603
45685
8585
44502
4168
8345
4041
12951
31819
20856
34606
4404
40375
36036
40091
39421
31633
59181
40473
23198
27958
15972
17800
57316
40640
49814
41489
9919
6824
35542
38724
18574
46170
24080
25162
32820
5101
40318
47401
56572
36404
29303
37381
56973
44342
12660
3040
37043
59908
8610
32615
43492
11804
48026
15686
44640
28669
7984
59879
19568
24159
9961
31115
36721
26877
17100
35895
28243
34977
51753
45100
25993
59601
56472
48739
30462
22092
49079
27345
59019
4675
45829
30682
12879
49952
31775
29115
34494
51583
5705
4007
21894
10243
24960
3636
24167
32217
40653
6588
6284
26645
25663
8126
3408
40795
46127
30382
54689
56353
33811
41248
41302
38633
19314
53175
32118
42515
59093
20788
19154
10769
39493
53084
14526
20584
41387
51670
41466
36484
42927
31210
17238
19754
12777
38411
49564
5877
16146
12333
47929
5170
30687
40679
18522
39968
11211
32181
13273
51554
35961
44115
47049
17678
22278
27256
49366
30695
25878
29568
3675
5128
41618
6629
58878
48086
18879
43201
37013
55553
43069
44357
28503
17961
39960
10408
38107
55734
38983
55259
59211
25064
14933
58152
19224
43621
56922
25919
53627
59306
30217
6944
12456
16303
11708
51736
17224
36776
49530
57428
6012
35185
53631
16288
14315
16779
9726
33225
13814
21123
31994
55214
10418
29560
36310
33374
14590
3096
28241
49296
35480
25067
45112
39689
6748
28978
26330
6502
25166
44433
51737
57968
38268
53066
23976
28282
25970
30534
59339
32916
34453
27906
39039
49849
56635
52727
17139
14235
17069
56377
36805
45468
36060
9983
25003
30948
6839
56044
54685
33959
18346
20646
31814
33333
8421
8006
42377
49734
18829
28895
28282
19421
17532
13846
46640
45400
42396
10043
45644
32528
20895
15426
14502
17712
7577
58895
22444
22417
40851
51459
15307
33894
44862
40910
30281
38767
58531
3325
8177
49181
18486
17581
7641
19386
49933
49973
24723
8423
22764
46922
4484
27526
23174
33182
16399
33209
37038
43793
58232
11073
16764
45042
8503
27223
25928
52760
21041
21920
34423
37015
36338
4383
48963
18901
16561
12660
6967
34843
39270
39074
36768
11445
14390
16724
18117
19557
56118
39074
52250
39205
50855
37054
44001
30849
8538
27173
37708
9898
42206
28105
46707
13112
