2231
26618
27465
38726
15223
24217
32991
34137
28374
9976
37315
22940
14860
54339
41250
30885
6261
33486
50982
37213
14243
36331
20338
4783
40026
16599
46789
26888
57248
37930
7224
41459
58467
45701
10686
32332
29339
53727
46684
41002
24560
55457
34982
39487
5696
30823
53682
33075
18231
27483
32093
41471
12587
9430
13642
3011
34615
57053
18962
15965
36719
42874
29360
27928
3584
44295
53117
51734
21212
26502
36870
36447
27877
42069
43926
39699
36359
56702
27714
51936
36031
56436
16847
53063
27173
13610
32102
48933
38230
6192
50823
21017
53753
50885
46935
24500
55787
20186
28725
8493
56761
52680
24099
38603
38095
57200
9352
56438
7431
55420
48237
55622
49744
8410
55615
18008
10351
16941
29588
20969
28025
53327
39124
5201
10895
39984
37115
32084
21053
18029
50431
40363
4394
29116
46025
43110
28416
49903
24888
4167
11222
18318
43768
26208
45783
57642
32389
32351
26820
56056
49721
3126
4922
14333
23289
45272
21682
30728
15592
24310
14568
44023
34635
58255
52071
39236
24972
23548
9334
34883
42181
6237
46969
23197
6804
21365
45792
14605
48995
53083
29403
56293
12074
12064
41606
10491
34969
22978
15242
22165
45103
5881
27973
32597
16309
21033
59947
20871
29409
53469
48714
14372
42732
51311
44175
25735
54816
39983
49348
43059
18436
36769
29307
4836
34103
38113
11730
57032
33808
14710
17946
57737
36991
25243
37922
39349
14896
36151
29761
9888
57609
35882
7854
8646
6337
17132
43610
24923
7988
22849
22482
23321
53656
51225
5846
31229
37085
27469
4900
55753
26925
29726
51804
51108
33294
34469
33321
23826
51370
12527
28170
57175
13231
50603
42353
37994
23295
40935
27665
27713
12337
17992
52337
53554
39170
28265
33871
35364
20339
12117
45173
59119
46819
14712
7512
52725
17978
22666
46060
12568
17791
35767
56390
24792
18724
16169
26106
30984
58070
7684
47633
38755
46871
24500
8883
20722
51229
29229
14074
32581
51082
19096
3846
56541
24916
26314
29520
32926
23940
47737
44879
6230
39727
6075
49639
8500
57996
32464
30952
23060
53752
48685
9123
3828
36712
13039
59350
53225
3775
36168
9780
45318
37248
29485
15020
39215
24246
47295
17433
18343
31990
24142
3757
48136
24116
53129
12849
11267
36428
22204
46153
23000
9094
50775
12608
51406
11687
20544
8554
42476
40346
18392
14399
55299
54485
28311
33077
7848
35858
22821
49861
24870
20184
56330
39447
8800
13728
58413
55628
4730
58373
5104
38337
6420
42342
28007
21779
13185
4650
30528
7000
6461
51427
30793
21599
5819
6904
23495
23191
46782
47556
18502
6536
36866
39979
54454
26229
19097
5521
51907
7084
18522
3421
22492
22634
54192
10414
53460
10139
43793
40904
25111
6600
58114
23916
35767
54037
23291
38242
29460
29685
6919
27217
6147
29599
18394
56621
7652
17393
39275
16895
51745
22253
56671
38355
36171
58433
30289
15969
42581
37263
16957
51850
25535
55228
37395
23552
40373
28231
37515
16197
33749
25542
58126
35166
43337
10897
4549
40546
44635
42044
25439
11821
11225
51531
47961
23254
50665
33902
21250
30361
19290
59379
39336
13099
17198
52364
8290
23353
42063
53224
45709
52848
29647
50418
35566
56683
17212
46645
9918
13263
50677
45494
55416
59945
20438
33377
27308
12396
35379
40483
13623
17038
23187
13728
49695
11899
13243
51701
39656
30789
4662
37024
51959
33957
36800
35775
55924
37212
30665
8791
52545
3644
40709
45256
40585
57503
58277
16990
22817
57887
12779
42169
11760
17415
42209
33244
11966
36833
12453
51157
29975
11510
47102
58456
34007
46385
17573
4671
41646
14199
11393
49293
31732
52693
34166
34274
58796
24269
46041
59560
32059
5513
19093
7023
52846
39174
38202
35312
19435
52464
34185
4696
55591
50972
37634
50212
3343
18988
47050
3121
10453
32430
7130
53772
17306
25342
58464
28251
11859
8568
16416
31919
13818
45233
47152
46317
32481
17017
47035
4851
18217
45358
7193
5967
52933
43177
17133
41715
30099
33437
8989
13639
29583
17279
42905
48177
55222
26237
39747
39514
52080
11719
9451
54784
55491
41306
59474
4404
59288
50910
43742
53258
18525
48596
35912
56385
22031
36357
26531
39601
30601
18177
13750
39397
18499
29401
13221
59008
59433
27959
39872
51678
24435
29516
4611
50324
20249
46426
12994
9219
25878
30892
8567
44275
44936
29914
50773
46494
31589
34372
47037
19803
17528
9957
46061
26661
11863
41334
18001
6079
56704
36782
44246
19879
4454
23274
27543
38720
33273
19840
33329
25813
52446
15711
22185
38806
19345
10245
31338
24638
20441
22018
32890
53416
46390
36556
25137
27027
26443
40682
21632
8315
52517
45793
4277
5330
28284
4211
9509
22556
19860
44260
24238
21693
38282
51135
16809
38080
28097
24802
16945
33650
30327
49334
26287
13891
55168
13510
44421
12530
28794
42836
37882
34275
21365
50674
25814
39025
48114
48993
36522
56481
24303
39664
44544
50900
23811
9757
55573
15950
4457
54765
54860
6933
54258
20364
55599
3046
42742
29906
30669
8224
40416
18135
56832
15658
27882
41202
50053
40386
55931
59231
50330
56069
50180
30883
10799
37060
13427
22344
45094
56507
47121
9686
54141
46407
50810
19774
54572
48919
7356
41440
59373
53282
4870
23438
8766
6941
29936
14472
48303
18523
38431
56091
35745
19113
55264
57258
4048
20304
38607
4641
54190
17801
4134
17952
21725
11900
6551
15602
58348
33835
10586
44876
17460
18492
59100
23665
41570
17904
7031
53272
58943
53288
49906
58001
4249
11285
24000
6762
25047
47351
41928
48342
52361
30466
12430
41599
34386
33057
10797
32425
29121
22711
14832
43032
40329
54414
48354
13712
41836
35820
20888
54571
13473
25111
59614
52895
49128
29426
42607
8924
17930
3437
37926
20378
46237
11804
56635
14344
9958
58309
23964
59782
22832
45138
16527
21144
32194
36516
34629
13094
24511
42155
13837
49019
17786
50774
14199
27072
28810
16805
15574
23524
13749
19058
9996
28907
51671
30368
39267
43304
19221
27533
50710
8482
57364
16261
34910
24073
42853
26215
12046
52087
26128
19782
26925
49405
12766
30183
29324
33105
17844
43272
48772
15581
50916
4605
52485
42303
22828
30812
49897
52483
14102
22520
39915
11512
56147
30131
29061
52522
14546
34905
25335
54406
14506
44098
12559
40903
52478
9309
41240
41149
47811
50463
9808
30441
38312
58767
14938
34098
17022
32095
25070
23708
3836
35867
8589
20772
10889
32956
48835
34476
29297
48537
40279
31267
41907
8283
24615
8083
58610
47288
48547
26757
46601
45588
32530
48855
4469
42162
33945
42152
16325
52752
36058
46952
51683
54401
23412
45155
20456
23922
55627
59971
11002
19163
47352
46831
7733
38235
47565
23609
14324
52949
23056
46426
23432
22517
56082
42060
48462
10513
19062
3459
59082
43773
48976
40024
3705
8909
36747
24370
16526
34445
14175
25645
44846
53640
31361
44119
16471
30910
27094
29275
43228
39100
20714
46638
33376
34719
32542
56649
10390
19293
25338
56261
51705
55321
33824
6264
38904
17608
58059
46350
28441
41306
5482
4202
41277
49086
18383
57849
4289
18430
45503
45325
17178
44243
32769
9951
31964
18823
15894
26073
58210
58126
58221
17816
30159
46648
55587
42877
22397
34395
47444
48316
39199
55386
25743
44709
3753
50616
54557
43388
52245
10220
44227
42253
34310
12088
11223
20216
25148
12612
55310
44094
46054
17536
56686
14573
36140
39906
37760
28249
43719
44946
5065
41961
54295
4560
36423
33823
8022
6310
40038
40720
46862
40717
10399
48052
9485
20479
8765
13116
41390
55754
25302
21159
17745
51342
16859
15691
41334
5975
33212
28137
13182
7607
21803
55904
7318
18870
5166
54440
4640
18479
35156
56225
34755
59864
8864
51897
13304
23272
23424
31887
48734
29601
31683
47717
37934
19188
40050
53920
36098
52499
16578
33263
10055
22548
13932
42439
25203
8808
11790
49437
17241
34232
12489
9656
33862
43557
18245
4517
4605
32643
28704
21443
46116
54202
9040
50040
37208
45119
12829
51945
43413
20373
34362
48375
43559
23469
54349
14869
3011
47534
50377
54685
32904
49666
18674
22626
11940
32450
42752
16395
58973
51471
27784
14423
17142
45279
41413
47422
27847
20242
4800
46658
20531
6990
42456
40127
7232
35576
43019
16911
4407
18051
42490
29869
16926
47932
23023
35876
38872
47622
42793
23037
36929
28069
35313
55618
12980
51973
5497
6610
14169
52381
25390
55404
28480
9497
26153
46811
51901
3681
30667
12223
55032
37697
45371
9548
9141
31866
25277
17153
15096
59216
51954
31399
12636
52628
12586
30183
38003
14153
29007
56290
23983
3749
15632
31213
54021
57567
28896
59032
45175
48247
42572
53258
30859
50257
12178
39772
47993
3816
20382
25859
8695
48105
6521
20901
47733
34931
11163
19060
43148
34696
34828
42376
26806
12435
53463
11264
12627
16790
52058
10688
58166
18395
22818
33514
26261
59394
18165
17785
8377
9753
37684
52008
36505
37687
53357
54630
24750
51531
23629
43486
28766
38690
38318
30652
53104
59068
5291
45536
48045
17685
54963
36864
58862
23494
32384
19350
20411
58628
43189
51416
9889
58712
30279
14051
29197
25599
31920
30300
24545
59799
50550
27137
12686
14486
57574
41806
26848
41391
46390
5298
4328
39103
18125
48374
55362
42484
47218
48765
25348
29862
41458
55409
45791
48284
22828
12605
28678
28445
55334
15372
34578
28785
38122
12431
13233
24343
46301
48720
27139
46732
37372
26540
22428
19699
20015
49287
42536
26717
20312
4603
13291
19192
36402
33707
50788
8091
46895
58382
26072
18729
25776
23499
16624
19013
51059
54449
7391
58389
7833
10855
3971
28668
45907
58513
45200
42457
4986
54212
42190
17074
38564
52238
9057
17687
14072
25959
48047
34658
52075
26427
53891
58099
6929
45038
55772
31934
27977
3642
46046
32695
49612
8935
55814
14310
48168
34937
18052
7829
47218
28511
40693
37206
8243
3388
34509
19142
15261
24290
51660
21055
23864
4808
54051
44926
59681
39064
18317
3386
30896
14117
29147
21144
15004
18790
56983
59243
53903
13374
46965
36588
25961
48937
57028
37391
6608
25619
20510
55890
31198
28393
12035
24997
5886
10191
27672
58943
25394
57072
57867
58643
50095
6387
41175
7626
55976
8106
28351
55325
39665
20765
28044
51407
6369
4118
52536
18939
24950
5542
32963
16271
18674
5645
51591
7155
15156
34170
43861
46963
44100
39302
51092
18215
23658
40170
6251
25923
14933
58870
28212
10361
49299
16937
53127
8630
42319
35957
58707
51933
48802
28062
25647
10764
15609
14492
21142
41143
23332
27632
29621
39532
41657
28115
27773
59520
48989
40695
59257
32175
23875
6328
29131
34364
4537
54690
9158
10808
16352
54973
50234
11911
34115
45665
56731
9326
19752
11093
10941
9071
21734
29231
20021
5747
13821
55588
18790
16937
41684
30245
20381
25823
50890
40262
4999
5598
58970
13264
39318
16169
35870
20569
43916
24022
50236
17624
53503
33690
34185
23025
44963
8637
7479
33878
38791
16663
29056
17507
32174
8271
49121
30133
52268
45883
31003
11799
10651
18401
14830
36557
54636
22618
11007
35404
46536
8707
13428
43782
9160
8044
20104
57245
50460
8169
25491
3567
32713
48113
22459
42312
7750
31937
26150
34850
24275
55963
37931
38210
11175
21543
58789
46559
6728
12032
13572
11929
23571
40639
42494
46726
55617
28081
57294
11253
25927
50822
47488
26713
56015
42163
24190
21628
12266
43476
34846
42831
52259
23235
30315
46362
9828
7095
50609
57037
9545
3271
44120
45572
38336
44270
46416
32917
30490
4198
44502
28606
49303
41924
52886
41573
25759
27121
25923
33319
34526
46072
27631
39954
59578
12910
36930
45937
55824
13691
11560
14545
44064
35230
24871
49265
16154
9559
36764
46708
16408
50770
43341
17931
26415
7912
44137
29474
49102
48377
19966
7689
35657
48699
38601
47795
25926
56280
27248
29821
6498
51132
26479
52623
45867
29010
58030
18979
58720
20543
11398
30799
50581
55034
26867
51670
57792
8157
31678
52390
13012
7374
31965
21932
36894
28485
11358
56232
59307
21885
56629
29608
43635
28324
10119
15808
3486
41801
33327
7617
57784
28838
23717
16924
32929
6753
15860
42277
58030
4215
37988
55998
42127
39527
8364
32703
10071
7627
7620
15449
17097
28985
4095
58015
27156
38424
16800
25712
10977
45408
46941
6108
5670
32935
10768
25787
39486
4592
10813
46454
7074
15245
49470
41542
51160
50630
23262
55148
27191
13028
47795
22947
38157
43698
17047
42015
40195
5319
19493
54223
37766
6809
21594
49158
44672
32391
11950
34707
43034
56932
17914
34999
46822
41175
50335
12185
48972
21034
51755
51774
54694
52832
6978
56241
21350
55630
38325
45258
4101
31615
23382
28630
54402
45516
41352
25752
55581
3261
50908
32003
11487
41953
50186
31489
56110
35603
19627
59775
39926
28674
59620
29037
30969
52196
29255
38075
54024
13748
26620
22046
16512
42864
31499
7461
30336
20084
31476
55394
38770
29045
10698
10389
37394
31083
13398
46441
6477
25374
9923
48766
10549
5689
37299
23482
47672
53342
25365
16949
52769
41298
8722
10720
55463
57342
17763
43015
34640
8042
43672
11908
26262
17330
36909
28996
59701
12933
31653
21824
48931
22880
4871
28799
25500
48609
16524
39662
55488
57740
7736
32819
4363
5462
23850
38345
3786
15671
4100
35298
19321
37687
29887
3712
19217
44889
57925
16795
55243
12963
21506
7625
8395
35367
7058
35949
58162
55720
41897
17837
15828
49266
14249
11595
4208
11884
24979
56130
47881
47130
25965
30443
37009
44829
32412
3915
38814
52618
20490
55606
52218
12583
25155
22060
56472
18072
23943
24076
27334
38866
8770
8196
41358
52537
42131
42654
5304
35043
37508
8635
55075
35203
20162
30529
28591
22640
41645
25541
18581
31643
40049
20298
51798
34952
39794
26680
37609
6972
37822
33610
50828
44140
20158
56413
25071
51988
49059
53021
52834
35782
50747
8067
23753
16050
46275
52143
14968
9940
25629
7503
50347
24347
47143
40837
38341
49635
47351
31105
4003
3998
39440
7301
23155
48264
41313
55988
58601
21475
29488
23191
46468
51732
7556
52622
13502
51097
37461
34991
45593
36855
6720
26892
53791
44851
48183
55367
22865
34061
28200
30983
21763
