1842
13560
27091
10645
50066
52183
56057
27881
52334
28429
24626
40082
39426
29632
32775
29364
56971
10188
38487
27876
51063
29354
23842
11776
24690
57277
27354
11965
38595
32753
25143
32729
22868
29000
23452
39638
49976
56494
27061
7197
42906
29058
54049
7214
3079
11340
13129
57074
39535
25281
40373
56197
22441
10324
34263
37530
6826
31919
24113
48957
15000
35602
21188
50486
59245
31765
58453
3892
44611
19059
45633
36012
28470
8896
46237
30869
56443
55037
55853
49978
18800
48523
9936
22112
57089
22983
58649
29322
27357
27521
43647
31128
3996
5991
21142
59875
22152
36158
7449
9743
22075
45636
35449
31007
59931
53827
58525
57347
46656
49416
10046
34181
44741
29175
25750
53628
5773
50457
53138
54293
40042
48491
19205
11363
38267
52239
24263
46801
54188
42835
7677
36161
8815
49724
55721
27747
36816
45187
54346
41510
31332
57516
13087
42048
43140
21087
23077
39945
32878
19943
42417
34231
27405
34884
16193
11211
53620
9699
8923
52954
45168
54498
20598
8750
51589
21313
54668
27164
5833
36116
9715
24634
36843
56093
25973
56741
57849
23670
9929
46847
33082
25734
42537
32217
13751
18658
13565
52664
32309
47162
6875
46678
35427
51457
14012
23076
17785
56802
53759
58091
9386
29655
42266
11701
46387
3120
32346
43805
30252
29445
52444
20798
29295
22040
57108
52897
29659
13671
47113
15299
16334
38416
49363
6260
19242
34192
37212
11378
3293
24712
7073
13977
47251
14623
48909
27680
24468
10259
48507
55402
30282
27644
49001
3227
24155
30762
32087
17393
58863
50541
5357
6772
9847
31495
12678
7402
5145
17239
30116
25814
5520
55033
21205
10984
45040
8628
20626
31260
27267
10424
44505
12123
24048
6073
7663
54710
39349
6788
33271
13651
38768
27368
52654
41058
26392
18188
56828
58914
39742
58091
44307
51910
51862
6689
21693
59034
8359
4527
26537
31490
22165
58393
8821
30120
42786
8948
50540
28439
12692
53270
14590
8932
29022
8151
42335
50735
39059
12922
35961
22143
46156
12800
10261
45538
44914
20296
27443
31308
33677
5739
40814
9925
32244
4008
12610
50258
3881
34196
31613
6426
3428
49730
46342
33341
32708
12240
43248
39959
29604
6818
34844
15051
6868
26416
53000
54542
57788
22066
44817
35482
54585
41995
12045
29072
40535
28016
7758
41383
54709
20321
20632
6455
58253
58553
31757
5735
16904
22404
46762
5287
27581
17022
22603
36386
46691
14824
16285
58373
47347
49051
19183
4177
16563
44426
28994
57036
56312
28876
42167
32779
15946
29145
54978
27201
44959
58686
8662
47683
58886
4519
56794
13584
6194
21707
59944
45965
21280
35666
31571
30034
26169
57164
3931
48381
18004
48894
55928
35753
24743
23038
27390
45727
22619
5109
44433
29457
10236
18501
23168
46018
32384
39300
32141
15126
12851
8042
43883
21888
37343
27787
17883
6003
39956
4463
14211
13410
50580
44687
50418
19761
44169
22059
48334
36930
33150
36670
15620
30815
31932
29006
25730
19087
57972
56677
28676
56482
4084
11403
52851
25100
5846
43716
54376
45023
36836
24352
28554
51695
14135
49004
13448
7794
52276
16568
22192
53061
29629
13001
42131
50731
29413
16890
51118
53516
23957
22970
14568
25644
24316
32053
27033
12827
21165
25033
20661
25389
53542
48470
33761
29516
43161
42710
41888
33158
37555
52586
51022
48583
16440
39328
18429
11533
17318
23856
4483
15189
45928
27122
13194
44470
49094
53342
26613
52518
46444
3083
36922
28874
27410
31988
48016
53207
54322
58666
7406
44556
15001
12710
45372
23037
31605
47572
46039
31783
38390
29719
28732
28939
21743
13071
42673
52255
18394
34280
16286
21775
12355
20544
19376
28233
32212
30237
54458
14751
51910
55206
41441
30112
12558
16300
20548
47751
40984
5389
20433
11066
25537
37783
44184
4924
44546
5323
21022
36860
29609
24424
38568
57060
37739
37577
10777
16762
5456
10908
3238
50101
34062
44976
27565
49682
20771
30431
10097
40010
45872
45996
20046
17157
17737
14488
12107
18928
12610
52883
43423
22074
47370
35773
44108
33877
53890
37747
52006
45712
48782
50318
51808
38245
48593
51904
31752
26625
36748
38372
29373
3386
5721
21757
27967
14168
9256
59635
26784
44916
23735
33507
11650
32026
27470
41090
52477
41681
54264
14744
4528
56889
22977
16416
13734
42215
43544
19268
36916
46317
6052
8836
9752
54951
30070
50458
3234
32063
29535
33745
40857
32185
6526
40063
54748
38021
18942
19135
5824
6142
17141
44203
20458
45535
36509
42884
31928
28285
29837
20349
27463
40657
55486
37753
36704
53515
5262
47539
12713
4546
39346
58559
29880
33530
38399
12650
38810
27668
25268
43225
59459
12959
58217
23389
36550
40164
54243
33170
42084
36751
25393
12272
16014
56687
15412
36233
20934
43234
29253
59814
16327
59026
48450
31443
32538
30498
18105
11773
39698
13862
52986
18250
54369
3742
37912
50684
9612
45439
5952
29421
8360
30327
28212
55830
41895
55097
11323
46205
56748
18199
49272
15431
27550
50528
12308
32424
7469
42489
34714
35577
15151
34954
39402
20284
29773
41442
52905
38129
18552
29563
15051
51254
53178
52213
54650
19949
11104
39710
38324
36389
21465
19255
41909
25635
3002
40592
42448
18598
6826
8012
30073
58928
48809
20550
37658
42882
40402
12003
16284
29712
51298
22281
29902
43464
49052
55158
3811
27424
37783
51835
42264
54515
59616
54368
4579
56824
32461
10434
6279
3564
19451
21223
52934
7154
56540
33945
17593
12756
39018
30678
17880
27846
59183
43894
28512
42924
20162
5456
10227
11379
14959
4254
22163
14590
17490
46955
19579
4436
11782
55726
41892
9480
23685
38369
50982
27654
53366
22759
19873
10017
22665
18306
42679
35375
55245
37206
25713
57383
28506
33895
41204
19962
43061
32775
36085
31438
41698
32894
14678
48504
55357
33647
8036
24621
53965
41184
31878
14458
49583
29557
18942
15897
21489
29637
38326
46090
11677
54798
9807
48383
14269
59865
42182
37400
13889
25514
55433
47085
8999
59338
15048
7017
22765
7941
34515
20647
26112
43240
39746
32583
20879
20482
20020
5656
39392
20359
6802
24609
24813
11662
51649
17786
51279
11062
30580
25960
29228
27645
47936
17155
7151
44220
51109
51359
35518
36925
11550
4087
24466
38166
41677
55549
34585
27657
51531
4562
43262
36152
41449
40289
36692
56595
9038
21839
53333
58182
37728
50380
48486
29773
20442
14533
22442
8380
38290
50398
53571
13668
43211
23930
24443
25192
13157
33487
38641
49540
51161
46569
18547
36507
59012
27094
14808
5298
41877
46525
13713
44823
36506
39576
18632
43059
10901
8991
46108
51028
54270
14126
29085
52606
54706
18895
9349
9268
33286
3747
40013
5578
39936
25688
56925
57506
28552
52686
56910
54892
27098
5547
37456
35516
57328
16102
29573
13680
39214
4143
5308
19552
53440
57714
23418
42654
19898
43773
11048
58150
5513
8297
48686
39978
5218
16127
23157
56129
49141
24831
50054
48807
54905
33652
51206
24686
50074
34610
22129
45191
50390
45450
25492
42180
59510
33719
33512
20524
45900
54195
39775
59431
41747
37315
52719
8925
13637
3690
6036
32240
38059
10677
20579
9794
20906
44760
19617
43735
59438
23252
3431
18168
53288
51736
22971
15230
19096
49115
41634
17588
41731
57766
8764
26889
18125
25324
34729
10309
23040
56763
42457
36487
42056
9339
29863
27133
35009
55538
5892
52406
12429
8287
21693
16576
45839
19007
49719
28972
28462
18200
6721
53202
7358
41776
7286
36447
53156
16725
4657
27764
36082
34847
29415
35052
15672
13031
51304
12456
28185
3482
57453
8744
47848
6742
18746
26990
42102
30824
37338
47342
18335
30755
35050
52500
42925
17504
53648
31485
31784
3589
58996
22875
12163
55243
43375
3945
50424
18352
6682
29337
19882
21379
5734
7725
24801
8153
29116
9974
31099
7877
43280
42675
9582
56416
41097
10942
54567
41171
48573
11382
36446
22957
32092
42086
19051
41704
56000
46531
18344
49043
46994
26141
16584
7059
8413
42883
16259
44468
4173
23730
7672
53722
33290
19801
34444
31993
59546
26643
52699
17042
37210
45704
4193
46072
26680
36763
44800
21485
25421
32834
57360
43165
9995
24191
10256
38612
47794
3548
54641
39409
37203
21939
34397
22831
34107
5743
7482
57641
28496
43963
43844
28972
50458
41973
10445
58704
55895
56075
15951
54272
39176
29341
21943
35865
10907
5594
29350
26595
57690
51101
50019
45078
34742
23709
11943
22887
31350
9134
18651
43548
10433
37805
40642
41939
35767
47459
45721
48245
50125
44509
23820
27401
20341
55815
49152
42573
15848
13016
59048
48943
50672
3532
52314
11338
57909
34243
57650
10309
15342
7132
52888
14593
56716
19790
49844
48819
40400
10540
44409
5703
19726
52708
14309
13667
11157
13880
4367
25519
31099
58469
43075
48285
35725
59910
18686
35453
48517
11144
42788
53962
46128
41204
21728
48834
36851
43279
16896
59517
52557
50063
7948
23748
49755
39538
23429
30570
11488
26621
50512
47770
7068
19858
23182
7563
21287
52538
33305
37040
23090
28114
55214
24500
48890
49823
18251
10614
38023
36910
16073
8478
3319
40323
22453
19842
41335
23600
55640
14238
52778
20958
17333
53078
3649
22810
34032
39862
32719
27059
33547
37146
15318
25289
10604
39607
55277
31725
36386
6859
47193
25141
9459
44657
45102
12696
14679
14458
5693
30334
40641
25553
22599
35464
12674
9992
17449
16956
35163
17746
27598
9647
17245
58000
41796
29154
14691
23002
5457
45906
27227
24816
30275
46268
44759
38050
4402
51622
7704
33998
53979
36273
13386
48093
14197
57058
28395
42536
46397
44540
12646
55564
19324
16115
11003
39782
10438
30677
48456
23281
27629
42000
35313
33870
39445
50341
18906
56444
51525
43186
35884
12885
20226
50979
9916
29424
57907
27242
9077
21091
15725
36816
19467
52191
54225
51040
50382
49701
23562
6929
28459
4114
41870
28123
13373
42738
58929
24793
5839
59650
31768
53390
55005
38090
18805
11446
30530
27945
35611
17282
6925
12085
41329
59699
12236
11323
11810
33376
15578
6975
8798
4953
14320
35766
29363
26796
39369
26664
35370
15960
57366
47318
57368
4722
39195
18112
55581
26894
52815
58903
9799
44723
17946
10948
27330
27453
3251
33761
40179
59778
48725
56865
16584
43437
14250
20461
44098
17980
5996
48829
59647
50555
50386
46331
8078
44615
8259
57195
19898
49683
32646
37967
59810
31001
58925
10428
24959
57770
22306
30834
34323
47953
54776
16754
10430
37851
45250
24450
57658
59624
9383
56421
37391
24826
39693
11261
25016
44661
13825
44425
36953
56725
5991
46857
3076
45726
45401
43329
54509
37375
48098
52492
24634
26373
36842
37910
39143
58818
30821
35161
53945
49523
13706
56086
32257
15643
49744
50509
38002
4149
27709
29216
40783
24533
29435
3085
19659
45156
43211
50649
28940
49938
24102
28018
47184
5686
5973
27921
32155
14924
59276
10190
28951
16533
49005
30574
59154
28617
19242
51378
44975
39139
58747
3899
3712
51291
54142
35491
14982
37255
39594
43875
12521
6308
15723
15853
44511
32399
8705
5779
39371
14643
42408
44070
18394
56512
46379
36629
5412
40622
53812
26920
40300
43079
34333
37677
31660
22427
12189
15597
42447
22286
49558
44874
30927
33976
56970
55197
48638
31158
12346
49322
9648
44158
4890
37437
29215
43211
27894
52890
36322
5368
59881
24753
48168
4835
25766
37870
12910
3150
44168
28142
26621
57202
9163
12260
43590
34448
34194
24193
16375
11275
13246
59361
37087
47333
31182
18014
51021
40445
32288
36130
11093
55953
20877
12268
53786
53594
5410
55561
29508
59988
50447
7814
33036
54885
51258
29702
6001
9860
17085
14529
41008
13695
47595
59159
51124
42889
21460
32642
32635
26371
26630
35662
24595
