2173
11824
36664
33385
43643
5660
3194
52268
46653
19563
21693
34369
54743
42881
6338
32421
24140
23866
47034
15151
16829
59227
22887
46865
30179
29787
28337
11806
11803
47959
20063
40690
43640
46666
32346
28118
51567
22730
10483
28587
52771
53191
49731
14510
25759
3456
17880
31072
42524
13974
52395
16516
25534
15094
34426
17104
12853
45602
45621
8518
9375
34133
41021
14141
15462
6402
41897
29712
50574
36210
18479
19874
20814
6392
46611
55041
34945
4441
53481
26298
27294
58311
5014
32529
40274
16701
50192
8485
52131
59407
52670
59280
14646
15592
24151
53161
44586
30371
57170
27001
21239
21110
28679
30730
40881
5195
59771
57107
3920
54144
7317
59860
18295
49622
38968
37777
33623
7176
7871
53943
58834
9588
25729
56170
8834
54232
20835
26263
37215
16489
47978
47631
21309
50168
47893
8038
9498
33624
55281
11613
10977
54374
25013
46257
38859
56870
50167
47968
56058
40084
19617
9236
17624
7853
36286
50095
58904
21410
28199
3396
15987
42679
10407
32795
24841
36582
22846
35310
55124
50301
33454
42613
57837
41782
25581
50041
55105
41321
46583
14548
30289
59397
37903
56951
46946
31500
50732
49032
55713
46549
7376
16920
42037
12899
58632
14557
56170
7230
44003
6224
36861
22785
34187
58837
3551
28047
28825
43325
10586
48928
54623
15318
33536
16579
35159
47154
49241
33325
54471
57922
32613
36375
6536
25268
18486
55219
28449
19445
5695
38155
57582
3946
58833
56316
29527
6387
16024
36931
15641
42943
40471
36525
44427
28407
37544
34862
50233
15181
16874
40869
20697
4447
32699
37452
43111
55379
34638
19727
7194
51513
3725
28295
3387
52190
30795
43800
57235
57532
51804
36222
56362
13692
31116
52475
28284
59521
54574
16124
10337
27503
36672
16705
11200
21218
21305
28298
25596
20912
3793
57836
36747
22705
19769
9167
15585
50348
39556
46427
15271
10344
54159
46559
18495
12255
41681
11082
35955
54576
3186
22342
36510
27299
51916
31980
42414
41282
39231
57339
21188
31546
15904
19426
37858
58433
53899
3070
58998
25449
40042
19569
44464
18976
49766
46837
21346
26772
49643
46717
20861
29250
36382
5869
49932
56312
11235
44230
55233
44446
7456
54676
3230
55369
34843
6839
6697
12589
24103
28289
44886
28178
33405
50378
46288
52112
59578
24330
49371
14729
22691
10170
53664
40465
21070
55866
24127
23973
22719
25053
38717
14563
17852
54855
10141
15158
13228
49730
35658
47327
11434
37313
4179
16775
25283
40734
28897
11760
37302
39957
31833
16604
53244
57875
35049
30014
56683
19837
47895
30962
36695
49810
6677
53077
18431
18169
24662
41051
46214
19412
28286
35117
36595
38198
10860
58748
57059
41554
54100
30938
4627
8681
50932
19673
26616
12264
17767
49160
46182
11416
34640
49796
9074
36280
56307
53115
46984
48310
50142
29812
49856
58766
43159
24778
37866
16549
19106
53484
31401
59181
5496
56844
35687
48255
10835
58531
38959
13597
13845
37353
57886
39684
10072
26049
25578
57470
52348
37050
58836
50092
37201
10329
25544
14525
30896
4027
6912
19624
24941
5055
40368
21221
51234
13629
21270
13739
38023
20341
30911
40134
33661
28173
49690
35899
53772
44797
32443
11145
9558
24292
36715
29827
54052
33512
37181
34454
22865
30897
7805
40339
24701
29608
45703
4457
51079
50778
4464
43855
9405
29237
22389
43241
50114
17763
14792
59307
8907
27719
51980
23259
3300
28002
6680
25138
31613
19447
43295
7676
41665
37650
4083
18916
10837
36031
3758
24088
21106
25684
26945
54575
21139
37331
40736
48744
55542
7268
58624
13980
41548
36022
22494
38578
41947
19920
5101
12770
48894
51182
33177
8458
30501
32699
47782
11108
47900
24781
45674
47558
7639
25433
14246
50923
28667
12223
25218
9150
32336
34005
58195
58908
50040
18097
28331
50036
54116
41026
51022
38797
51971
59849
55909
19881
43971
16554
59578
41701
7343
33054
57183
41159
16811
30709
29228
50928
18924
11322
6535
53951
43696
24601
58625
10729
52563
17926
41239
46707
17130
54077
40045
44040
13161
57257
42214
16635
50949
49845
49615
18555
57640
32463
8250
13841
53262
37634
29865
40402
17453
39191
58886
33093
21766
45169
13611
21025
19994
45731
18971
40521
42503
25279
49481
16540
41747
21129
41412
30233
48316
9657
21399
33366
40139
49224
54941
17964
26534
51726
41707
8076
17031
52031
43008
18111
38311
57146
4835
36016
9824
50073
57845
38633
54183
41465
54872
45135
47690
54902
43256
8546
25507
4185
7452
52056
24825
50408
8557
4888
57194
7980
25732
55899
58179
35410
35352
35617
41665
53868
8307
45887
17620
59953
30454
24507
36520
32854
59284
7870
6921
50480
3584
5666
41264
31497
16667
49032
16403
57667
22199
24312
32187
31240
51258
32174
34175
6856
15401
36031
26564
34723
53547
8884
4095
29092
9512
37770
14651
49995
48924
48616
22352
55194
8496
25644
23749
49207
40965
59504
39666
54602
29768
42683
7209
56936
20750
12112
13052
26368
42740
28835
22184
8666
46445
27091
45944
7938
56025
45011
35454
51814
53457
27530
55085
35647
26803
5458
40821
40123
58869
35665
56719
32398
45881
49987
43553
35117
18930
48299
30522
56675
38159
26117
35415
21562
26903
22115
53271
49728
42254
46738
31021
29688
13191
44770
45705
17820
11417
14061
3580
9110
8650
14987
47000
27264
15050
33812
3673
41553
40064
19165
18226
57380
26433
9185
37915
24270
29814
43546
45993
8302
11061
51611
50368
41479
23447
25937
6445
31614
42147
42488
21455
32909
11901
29543
42815
27623
52164
43980
37394
4692
3818
54670
28048
38328
31254
51985
50643
52222
56916
23217
26443
53088
56712
38826
41998
34940
49608
43121
48290
50696
16204
10718
12809
18997
52812
53239
30402
27475
21943
55022
37105
16680
19709
56248
7147
55910
40764
32184
26718
12461
24076
16352
22798
34168
7225
58396
26232
42380
11318
20473
12389
33853
35858
28275
55519
11114
3728
29795
11416
5555
24468
17292
11102
20990
51534
44972
15260
40265
16004
40413
21129
43028
11873
28244
6806
44674
29506
15954
53496
11442
19794
41541
58510
17883
28334
5461
30905
26815
33779
3619
37656
43554
51428
39101
39540
3102
23427
38675
47071
49931
42525
24386
52551
25332
48132
28068
36132
41437
46359
29719
35602
15909
10612
56998
35162
23353
23046
49769
21500
14050
12477
33526
53007
18190
21321
9571
25380
5024
47865
55983
27918
19615
53408
36284
52833
36813
23122
8394
4466
12414
35982
49602
51851
20877
8624
52470
19464
3543
21623
39128
34677
10498
40356
20069
38548
38785
34575
34006
13048
43308
40290
27760
16349
19874
24305
13416
4407
49833
23523
11456
4624
54574
30807
34250
24708
26664
55680
49114
26678
48700
21717
37445
52355
40347
30406
26468
3254
24153
44483
44943
38506
56761
16390
20993
53118
43125
13108
13749
10959
38854
10429
34202
15816
31001
42469
12237
8712
44611
11052
39696
56669
39987
45013
32405
50464
17247
26155
44052
30679
8726
14393
53371
47925
51813
36979
9929
41813
4557
46666
46986
45117
13733
25686
31332
28755
16317
40597
18401
22264
44475
35548
24612
19294
47048
12747
12527
3561
13143
38851
23119
52845
15349
29618
10082
21863
36767
22124
32377
10082
16618
6834
55779
18632
39290
17337
18492
32669
19725
18053
16948
59448
28376
39800
42377
36661
4280
25285
56334
42187
22464
19995
44117
5479
11104
21124
18824
9306
40751
9817
17740
3047
44199
57897
13341
14594
48776
14109
30133
57979
11611
55798
35927
30183
9980
37410
18206
53884
7321
50038
14877
35482
31757
53752
3067
36504
51697
36364
55285
32515
44558
33180
36043
55579
47842
49100
57586
52371
42554
43839
14788
51221
28638
3596
53972
5621
23235
55880
10855
30451
27735
42264
15488
22242
16277
48636
4180
12385
3978
10208
29783
49545
46494
29249
15978
53561
6148
56725
30948
49158
13268
13711
28336
3123
38415
26789
7195
16342
7770
36366
48352
23333
28689
43375
23308
34909
51030
54031
12191
47569
47696
58930
7203
4520
38002
31215
4322
43947
52553
12810
40944
30412
38080
57903
23055
12022
56926
55010
13242
46699
47414
29747
18060
11395
25173
53912
15800
15029
43556
21877
41582
42949
55815
9822
10074
44638
25122
27888
11140
57135
9147
33225
9086
38165
19171
30994
25148
29067
43850
46355
24652
46666
54017
20147
20487
46853
19448
3078
9693
40288
15790
14452
39672
48313
39928
56879
52979
40092
34535
50109
28792
54542
32578
53756
4402
50535
15289
50860
9555
19183
35176
50712
24422
42491
38490
11622
8697
7295
41327
39299
18819
34148
11773
58574
38579
35552
53614
5966
34483
4489
24497
8314
28821
40255
52096
14925
29847
55352
51702
19864
11146
29851
52821
22028
46476
44644
50028
52492
57114
25708
37532
32421
9765
5277
24928
48210
44128
38671
15352
21346
48842
51816
57892
18488
17953
30632
32402
14878
11358
6743
47791
11480
35501
56776
36022
7315
45167
39466
38359
17651
57051
22052
16189
56681
3159
10777
49159
42598
29685
52291
4817
34769
8198
57591
48281
53116
45850
54584
37271
23558
10463
32528
54166
55503
44972
41845
7910
57797
26151
56637
41034
54639
56874
30018
38831
40788
13740
29901
4274
18077
15507
3704
45336
54590
35188
50514
53366
19293
24894
45168
8787
50536
41231
49220
46110
20735
29082
4364
24763
35010
13902
50694
55171
33233
11674
31846
4838
52779
41979
56016
32046
36815
50777
49455
40071
43622
39446
51174
10927
58262
49499
55829
52690
12417
34479
8279
9804
8724
22290
6983
40553
9120
8544
7109
15958
3746
26618
29127
13481
25520
26356
24126
31805
24402
12109
40595
4997
13556
3469
3732
31404
10664
43321
46290
51998
50597
15948
6942
30596
17119
18130
45080
13355
58498
16470
45484
48381
58602
49009
39559
3167
13070
27341
10015
8564
34669
59822
39395
44903
48320
37808
23289
52684
6082
6005
45281
53700
12806
16113
26889
11211
53454
18153
11744
25851
46826
26216
7909
38121
54319
21029
51677
49565
16799
33015
11944
7740
54135
14128
45609
13434
55991
20231
58958
21572
49057
4341
17828
55930
5558
9527
59967
25191
33552
21461
35334
37584
59953
36839
8831
5798
45903
55360
15024
28797
12366
56802
6714
23717
4743
52801
43938
12919
50157
4525
12818
53508
54700
12765
3507
29216
23585
52874
34834
40555
41037
51263
41482
7317
51604
21386
15783
21559
31899
47349
53122
56960
14897
44094
17587
29515
28215
23678
22057
15339
18568
14173
56680
48341
50816
58447
8928
50385
57969
59437
51351
11923
28694
52870
27936
35323
53045
28463
40551
22389
19742
22063
48030
21914
8199
3519
36766
38757
9000
48172
22367
37953
30029
51191
36968
20727
42772
21016
11163
54964
31843
27072
20289
59023
40510
4774
10043
32772
3559
44349
22832
30852
24552
54439
34939
52979
8490
25678
36418
22376
38990
20157
27038
10269
27263
55914
51180
30589
53628
43525
48557
42924
30520
28476
21116
9312
47671
32396
39318
41915
59220
6851
3372
24954
14410
6225
16550
38341
21079
51539
45801
39095
35217
57005
36797
3791
27276
32364
19657
14485
4820
36207
56309
29336
12651
58614
49896
49936
29151
46274
48886
57115
34405
37755
21899
4999
12177
37027
48965
26876
54617
54316
39526
38890
45276
56728
27741
48959
5875
52188
31056
18840
6354
40796
21221
45233
48642
29281
31533
32256
22076
37115
19942
10514
3799
52277
36865
22470
10788
6725
32780
57785
16333
51658
31707
52476
34757
11864
28484
10563
58506
52816
9642
4977
20923
18227
58546
3827
48698
24505
12932
17983
50907
12930
44475
26608
28496
6153
50296
16261
47135
53359
20152
14017
22575
21400
51831
5771
28999
33741
56348
59218
23621
18383
29688
46517
6451
12344
38829
55993
44743
22434
32017
51679
15732
17179
57025
27418
57935
13039
39497
11825
23722
53388
15824
58177
44487
53444
19777
20040
33269
7527
19137
5053
52478
8858
37369
42324
50896
4369
20766
46779
10779
53540
6793
42998
40947
58621
16879
57235
30969
23495
32689
51366
57091
39131
27698
30190
41068
6202
8543
27984
23858
40183
15452
29263
44665
39783
15201
48269
18656
21482
12714
3366
9449
50286
16646
9307
51667
37150
25597
45070
59170
34587
32021
43129
5401
40059
43247
57555
12553
28273
31763
53425
7856
4031
46656
55523
12582
35753
7586
5480
52841
45215
43365
34330
15354
17157
17131
47509
25368
28225
39993
9721
55163
49285
46771
45104
7186
27061
24053
31944
31222
52245
15763
34801
4445
16789
37799
9121
19637
22309
10803
51284
55075
24083
59688
47443
10829
27736
55898
57937
56238
34104
38277
9183
39759
23029
34047
58087
12494
18296
19362
22622
12641
19114
34438
51446
17095
22491
50219
33616
32136
29008
38034
28952
56855
22256
24238
23020
31394
42721
9303
49062
10041
45596
36634
33902
14100
38494
54259
48182
28208
25821
9862
3872
21581
39387
51143
44412
19617
46450
31337
59560
48028
40622
31439
27781
20726
31622
52728
4195
41899
34470
42510
56620
39686
44304
54288
46924
23345
33146
8963
46821
29688
30368
45762
25252
30483
59246
30094
9534
17766
40754
44598
57001
55705
54452
36484
47345
18376
57829
15368
48320
9835
20480
52667
23400
54399
34678
36800
50566
49633
32028
53575
11485
40248
54672
26379
58562
31248
14885
50290
8980
10205
51527
49036
27579
59405
16564
55426
53725
31159
14223
8063
40712
25575
6833
20635
44660
34226
37242
49133
32119
19787
17111
28765
34680
40943
59610
58127
18960
7564
45182
44362
8621
59215
57994
29943
3161
12234
32653
56657
45331
39328
19685
28043
51900
23949
4723
39069
30670
35380
5519
7410
6573
53497
59826
39848
37908
7748
58652
38964
12793
6579
55045
55287
38852
9077
49884
57437
26585
21935
3047
9489
3128
23227
6361
11835
22932
39910
41981
59969
14733
13659
24949
34097
9943
19873
12251
43100
3439
55236
14160
