625
48207
56204
25111
17371
11511
46365
28884
59204
50752
42869
46616
50114
28918
40229
30605
40838
3951
39345
15338
5753
23889
36765
52666
30540
49504
35038
23001
33509
20929
19830
17405
42305
44069
23877
48377
42596
26310
46853
6139
57423
14821
39805
37512
26615
5624
4669
6958
10252
24746
20173
47114
12220
25904
6727
7113
39760
8236
43989
46993
12901
38249
7316
10650
31015
45437
36968
9698
21926
54816
59468
7385
44624
12804
15467
11526
26161
3384
30544
32051
5088
49098
40756
24984
53671
23602
56325
50013
39521
32154
16095
28890
12924
19345
17356
44933
50900
28517
50643
13293
15148
24938
39411
35996
53868
6123
29046
27923
40745
31316
24091
52015
28336
51323
57396
16694
26003
11123
35225
55206
3690
26014
23127
20483
15210
8630
5735
41449
59677
3343
23755
10124
8428
40113
31318
6477
46424
32612
35436
12190
47200
36735
7233
43537
58065
30562
59645
26231
21947
15002
47075
45876
3300
51805
41959
52843
45415
36864
45546
46671
55279
23935
39221
39412
17951
33581
57825
35498
34146
59906
50924
43573
37348
32781
43565
26198
31043
47068
42678
16698
48688
16207
8420
24484
6197
41186
48555
12897
28848
20033
29869
4194
7372
35374
4674
4573
28199
11962
56883
26134
59228
7339
34597
8074
51730
57567
37592
17254
52695
49108
44318
43529
43365
4628
23838
46645
35601
38281
33027
51490
14449
31030
3707
14224
27520
6974
29181
14772
47320
40255
39369
27620
15123
47252
12854
32198
33029
45802
25556
8545
49905
8173
22117
58694
53298
8886
59088
7112
38148
27429
40194
33680
25416
22106
22151
12132
14151
47340
46300
20673
18059
51139
20487
23170
43749
49764
27304
48705
53799
27630
48523
16393
30110
13216
45812
57569
37064
5547
13569
20813
44337
55517
37451
3577
30872
38156
58741
58327
40181
53106
40867
25796
7385
36715
34994
42474
30317
58027
57634
35076
28478
9614
16243
49713
26144
16557
50850
33965
34861
3237
17941
19010
13499
15782
27248
36920
19584
25451
22989
38688
6092
47994
13584
29886
50452
40925
35740
11501
57125
11147
13264
22820
48403
40570
23803
23835
23962
26126
49796
26960
49155
6627
45735
45565
56458
35074
29927
26875
6916
53757
19966
46910
3464
7863
39166
34275
53573
59528
41018
46153
58245
40345
47694
6619
13561
21602
53179
8103
27681
6822
31709
14997
21312
53812
55818
29581
56096
9929
25369
3932
29876
12842
50319
42377
44949
44904
41399
19509
50790
7315
34634
31465
3127
25171
3280
43418
59762
57937
28503
43532
55740
9017
41048
22300
33640
43833
13455
5410
12756
22648
25653
51150
12651
40171
58465
48546
13302
11666
20082
7867
39817
56270
31232
34109
45224
16576
59059
19653
58920
10545
39918
4123
4870
18727
47499
8851
59503
47323
9537
47872
59456
18766
35812
17273
25146
27482
17105
53328
34193
19477
51975
19594
15956
15324
31569
25482
48258
15728
22373
16059
46218
34138
22205
6736
19518
59145
58154
3248
25632
30031
22405
46575
12962
25077
14870
11414
20248
37412
26746
17706
39631
53434
25140
57729
11013
10530
42555
27460
13043
48059
26138
33102
48141
22610
5893
33904
10059
31031
15421
38025
10204
38986
28889
46240
33482
42497
23346
37328
34887
4522
22780
46199
51263
48102
5943
9295
30504
53310
45482
50326
18617
56487
59924
10515
20393
49257
41533
35940
34096
37300
17906
25258
38715
13481
34658
14571
50130
47219
49748
38926
29532
23743
49263
19439
56132
5673
37426
12346
17634
6715
23209
52733
8380
31043
17199
19518
36032
54508
45534
38587
13356
14631
20722
15208
4877
35468
38671
29251
58395
57200
27557
34893
6252
38749
20957
31843
19973
4735
54807
51738
9422
12763
50226
15272
56519
38781
34070
57259
41872
4874
48121
4690
59557
26696
13463
58499
17080
59391
37553
56384
51286
44529
47795
58811
28386
55330
13034
10012
29834
33628
41381
47276
56268
8983
3014
40675
49749
44938
12239
21814
13192
15223
31391
39609
39569
7105
