1615
24435
50329
27481
28745
47126
29452
25923
16714
52059
30859
5924
12865
37936
58121
58548
12205
22393
12539
23724
24812
4625
30352
24797
28587
57143
41874
21601
17787
54490
56945
31345
43136
25823
53533
34949
48264
18091
24285
17864
25190
27887
11216
28807
59004
15304
12362
56280
25854
28366
40593
6857
45894
49009
16361
19999
44408
24186
4278
25831
36416
39961
41409
50294
37812
59065
45888
44477
40751
37101
16118
27755
37977
34116
38983
36617
24875
15972
17291
19661
26779
8203
26718
38122
30767
3556
32201
16962
34997
5750
49074
36377
22820
46069
3924
24896
51554
15170
45632
15568
20961
41024
3048
31985
41510
45843
27893
13992
35770
34590
44941
31454
12276
51935
4324
42990
22625
44868
45441
52054
25178
49869
32034
59803
50199
47668
44622
39779
25461
38557
6286
13664
49419
29644
16648
39599
54657
19019
43837
19993
39703
38092
17692
39342
15306
7100
43259
18288
22348
23666
14429
56112
12289
32479
7612
16502
52062
35487
27853
22422
32887
40882
15128
21960
21726
45302
13303
34626
47142
10927
6329
47628
26967
46664
27270
31309
12995
15831
44864
36336
18066
48987
28186
41545
50449
50017
57736
33622
39371
25497
54711
42918
18626
54809
52418
12330
37351
51692
8621
42177
13811
42721
13239
39712
16098
17735
20047
18795
23824
25585
31824
4219
57767
38987
21880
10559
22951
44862
41387
10012
40222
31852
51905
29056
56464
32870
22444
36235
16810
59977
25428
5206
47480
52180
45407
17025
59723
30292
30399
28380
58931
39205
52653
35209
31307
19472
17832
4737
57919
12569
58161
44603
50833
19343
12389
24320
47477
39011
34294
3058
15485
29495
41039
36750
3791
48777
49466
59502
32832
5077
3731
14081
38160
17462
3705
6585
30757
24944
50174
18739
20538
23709
22973
44342
53201
8808
27447
38790
43530
44330
8716
48308
28871
30591
25109
38172
7659
25282
44015
24301
40326
39677
53601
52935
25676
29712
39598
43128
36250
5027
22477
16197
57637
58351
3097
53962
24071
54408
31957
22342
5538
14742
31062
15996
36665
4421
22361
42078
17324
49806
15712
5930
55016
19400
25592
20448
54048
13132
29473
9841
24578
42130
33486
50537
35606
15021
52422
28463
13752
24006
22722
3685
43686
51091
31372
30964
13574
37800
5567
56053
30105
16379
54480
45309
25517
41650
27414
10147
23927
32529
3294
48168
8621
9220
47617
51728
47260
46848
14086
5524
19038
3168
58824
56898
41629
28587
38307
36210
21679
42811
41480
11298
51248
8538
57234
14010
19932
40085
37749
55630
53333
3873
33028
8266
8043
7490
42853
28772
57861
55949
9827
23382
40505
40371
33078
52371
44119
54834
30100
45520
34576
40060
30191
45923
30158
16875
44495
54879
41434
6662
26354
50500
13293
17784
55798
9111
10131
35331
42045
12443
54550
17612
46401
45368
21699
32104
49660
50876
46406
41815
4419
58803
20680
58995
43545
34276
26233
44755
56683
12910
16502
30710
31034
17480
21273
53152
15505
4491
33159
9927
44277
35588
22947
26679
9681
5892
6330
51246
16011
43434
54222
43705
33719
18005
7122
25748
50054
41115
48570
48315
17041
39145
3103
59879
28110
19518
54400
19611
48450
4512
46880
56601
48982
34437
52686
52586
22095
13689
24070
36980
51552
6390
24689
12789
20771
47757
55892
36498
58716
42042
9253
15400
29859
52324
26177
36528
21760
8646
42608
55310
4706
39390
10510
20445
10219
10261
32223
32477
7605
16176
21445
34732
41683
5536
58963
42361
27558
35805
44989
46985
39303
32866
46131
45340
39680
34170
14030
17870
42102
40229
55738
17292
42143
28402
26306
49613
20652
27862
8557
50949
27587
14520
42742
55653
39897
53603
47620
31808
36611
48914
39638
19398
9257
27091
42705
39575
34544
54164
19492
34240
50465
43061
27812
58667
53524
24295
9441
13667
12497
24536
42407
25870
25220
5852
39342
17663
38389
58983
12368
44297
53887
59493
3068
43831
58000
48006
13355
16280
12665
16473
40061
58535
27003
16609
12247
18927
5053
50323
45979
26476
10745
52843
55058
43432
11211
20067
34756
42886
15660
29888
53333
46139
11438
19051
40581
54275
29427
28281
21802
54455
15716
52749
34791
51113
12962
47678
51115
34818
19883
18308
20876
38622
49061
22680
18581
16023
46687
56345
56846
42726
16062
45365
57367
26535
28561
16478
10503
55166
19695
53357
3333
26599
32676
10165
28065
55022
57789
31390
37406
25860
28298
54333
50465
34290
9112
13153
57798
13678
53472
25777
23957
56617
14931
45103
59987
56895
40602
19249
37696
55585
13235
56232
52144
8423
35453
54782
20284
49946
47253
3962
46594
52211
23638
36860
3063
9408
12149
31819
53684
36458
5567
4869
25246
37144
23586
3313
51638
54718
13891
18957
50808
57634
25566
25438
53146
19801
34455
36418
18173
35829
35590
28822
53313
23794
45827
51882
44521
18824
56431
23139
22811
8658
10532
18140
20274
7318
8035
11150
8463
54318
45748
35008
37673
7966
16782
51508
43393
40831
57378
56511
9546
28031
36956
10989
5590
19831
13444
32494
4833
24623
20453
25445
5968
36802
6433
58220
54518
22969
53520
44667
21808
43374
59771
13651
23886
33805
45531
27628
45591
46006
46182
16950
7751
27831
18484
50880
17611
30677
12244
14147
54587
53967
45655
34646
13743
10797
26177
58171
38664
50726
7366
52925
6358
52689
6549
16680
7798
54277
6372
13174
30197
6900
10119
19338
24699
11515
33377
13025
17640
20843
17188
35042
38740
27317
57634
14163
36334
51809
51633
36311
14207
33920
5414
24061
28407
48731
48409
9779
34616
8721
58552
7376
25256
6791
18726
26454
46650
32283
48569
35020
44319
50601
41686
48863
57809
15771
44464
3215
46033
31716
9202
14674
39795
3538
45883
13104
50126
36981
48373
10815
36727
14603
46459
22106
57476
56641
40149
41212
50674
19459
24935
23062
23952
8896
21137
23573
28836
17900
48730
27799
11627
59354
32801
39732
51726
48134
32529
25887
3897
46579
5065
27571
28647
9653
38063
8804
28357
13075
3168
20657
36062
10476
45001
4132
10496
40938
12584
22125
16204
40522
5651
48869
36350
26351
31616
14601
17908
48140
9418
14896
45899
32753
13907
24247
25168
14856
28450
37564
21172
41594
34328
25348
58676
15913
17115
55744
47402
36345
30752
57703
33019
26223
20647
57519
46878
53366
18802
55267
54347
37567
18421
27677
23125
11557
44638
16202
26767
11854
43730
38930
41600
16059
36813
30557
16132
14685
51228
28778
41731
27690
51763
25256
59164
59263
20200
5169
23574
20120
43508
8911
8594
45017
47044
46135
5377
41950
21437
40692
15604
50564
36344
21034
38486
41773
37743
50478
33290
31236
16265
58067
12183
58045
52195
6552
27380
28769
31236
31376
39767
44074
6403
15250
20087
46194
42081
57420
27900
16174
36779
30209
18888
48287
54689
10537
19175
50367
14069
52566
16346
35928
42624
36375
18168
15138
56353
43200
57088
59401
16174
42973
30141
39300
50055
43697
42658
19861
50317
58847
26355
59870
41737
36992
16112
45109
50993
13688
4799
31471
31401
29715
26236
35427
45214
17653
57905
38985
39381
41542
26050
44718
23562
12917
25191
17380
50758
17323
57474
29313
14154
58330
38773
6041
11445
42160
5388
22136
33462
59034
41121
48333
3403
24626
36951
25768
9484
27546
32864
38607
43371
6175
56421
8469
28564
49350
41973
52329
41892
54978
35302
49643
9492
23420
36346
24712
50423
22979
41666
42377
52873
38328
5759
30053
28296
48849
15165
26009
32669
23487
38761
19493
48642
5544
33663
32355
10091
46999
16104
51712
27679
16146
37160
40030
33196
45208
8503
18482
30325
5150
43418
33195
50559
45944
37973
28535
22018
23330
7306
5084
5298
50403
15405
16452
41223
30298
56815
28752
51227
13452
13966
28168
4273
33748
53127
55882
41941
5725
27233
46317
8542
50846
52981
31032
41121
14520
36229
20428
6195
36931
39126
37366
32367
35712
27366
20482
17381
35312
9766
34565
50272
41029
41321
36164
6147
55765
36071
55003
52418
39647
13825
38728
44981
48459
25501
48040
21730
52218
41232
38609
55753
57430
4444
49844
45571
39498
57206
44309
7813
30317
7396
43590
30743
46015
4822
53128
53672
13882
51819
41295
47428
4483
13256
54837
8208
20422
34328
38424
30561
25618
16938
7658
16049
33575
46900
6949
39072
53382
47101
55205
4648
54367
24027
19676
29405
19759
22656
17308
42037
7114
7336
7204
32052
43933
20414
58199
34457
23629
37473
53540
23182
38233
20605
44324
59413
56542
28089
33212
52391
35688
14023
3400
6522
49897
42525
55289
45814
47917
26017
35529
23056
44864
53906
23468
19167
23761
50746
10277
38908
46590
17053
49830
3812
12833
6816
13005
6061
27713
3411
38372
4073
27398
43213
41436
30289
25744
37303
18081
8871
8640
52834
57863
36943
57148
44110
52416
57892
26197
46725
50009
7230
9693
24781
50915
34408
32117
57077
45719
22121
19697
33700
7716
51498
47387
14999
31622
5359
55875
58473
10997
14972
53773
31466
55111
22030
52691
30688
55355
56807
28729
50796
16587
47596
12471
7477
40364
52363
32589
54403
52333
32698
58076
55861
42829
26667
23785
22842
27657
27676
29195
32498
37611
44926
55888
27561
27279
55085
19997
19121
56782
26986
13657
20695
58097
24057
34566
47449
14919
41579
17189
55897
29799
14616
49273
7779
44235
39080
39762
41789
50943
44068
29332
57244
24257
35302
30576
38489
39488
44001
6577
25131
10430
10420
47733
49902
49858
59238
30527
15336
45390
47953
10974
9351
43727
7828
5990
23384
25477
19978
45782
51045
57139
24529
41443
5205
13701
9161
26151
5732
15883
14753
19809
37823
26506
12234
41767
42172
58441
43510
30546
53850
29184
4338
25596
29106
19909
10617
31017
29374
32232
55096
29596
46548
39013
26875
13293
30900
18177
13372
29417
31555
3981
39967
58232
4262
28766
55941
55251
24030
32760
31058
14262
40205
58658
57448
42769
31410
50000
44144
21158
7819
51330
37649
48937
18446
9946
53969
32914
5260
12033
27904
8518
16893
34771
51981
13193
24192
37692
26084
50600
30783
14405
50809
12353
29501
28829
36357
58022
56608
19997
30059
9316
26651
28587
25972
11938
40592
56613
41474
49846
42171
28870
20344
26897
32590
20408
4976
7431
50239
26249
7723
43462
43296
28035
26999
27297
59806
7044
55240
49954
26279
32650
15071
12545
32007
59844
39492
45551
