1974
34739
11839
16224
10824
21838
58820
35695
16812
50198
56433
39041
34077
18836
52490
8388
35726
50397
34192
38528
42785
30817
16704
46478
3659
54715
38514
29515
41611
49812
11518
22160
27664
56619
23025
31100
59360
57624
27296
50554
22813
15573
41818
36267
58606
28949
12333
36907
36886
13635
6011
3576
39407
48069
49726
39667
6232
17671
41274
14347
33704
43892
58127
48780
14484
22629
19275
50422
34449
58180
43020
3456
45384
30821
28789
42851
47026
48073
15154
27157
26950
22674
21432
29318
40597
56430
15404
46956
24374
23420
27821
47873
4501
55563
9095
41402
48624
28908
38758
26896
42908
52527
58294
40453
25873
21430
39660
41077
37057
4308
21547
49299
23288
22632
4494
52706
14544
3614
39005
36332
14106
23383
39453
8497
50991
42984
39282
45839
43470
33301
42550
7539
51927
40509
44133
39631
57535
58475
9702
54287
4752
42497
22214
11165
46425
14269
34638
9779
12877
35432
50085
22082
36711
33263
49640
11623
6805
27684
9650
6715
44579
22777
36880
16465
19409
21826
16003
33336
38113
25149
5866
50399
18491
13508
19702
53931
4835
50787
44952
9874
39604
4838
10560
51520
26126
8133
16903
40610
10161
36390
35475
52239
59845
42904
35104
56311
10060
5557
9251
26424
31128
18987
20061
42973
58548
47725
25006
18780
51840
4577
52730
49697
29410
19047
10174
18447
16658
8753
43430
38308
48813
46987
28006
39054
31735
48728
10513
20480
3736
51978
49489
55139
48407
55045
38021
22997
24020
21135
43607
13072
49048
47423
44824
41545
7922
15166
59815
49317
43691
9403
23742
37333
44319
3147
41949
5107
53069
54616
27370
40559
6195
20627
41338
59091
55024
4888
41837
7364
4634
39959
54270
41991
14681
57044
15500
38664
39318
20550
58067
3039
7778
35943
19453
12829
20083
36076
52806
42284
27879
21811
19928
42753
35200
31369
27799
16333
17151
20077
52899
25180
53615
57481
42041
35304
32958
4978
32088
37351
33768
50686
53990
59227
59428
13978
34589
59964
35561
55679
22593
47492
15411
13189
11801
58066
25118
11940
54209
9219
20080
18558
17531
30051
13184
20891
38657
26423
8424
13501
56910
32479
27680
21402
41763
30347
56182
56484
27945
29508
8929
25138
38092
28176
10276
19126
29657
22873
14082
20846
28228
39980
14903
21239
39906
38880
35751
23544
7036
9802
52794
19126
16984
25930
59358
12494
39884
39459
9650
18529
29656
40554
57809
24878
44766
24371
20105
52980
31273
3194
43569
17817
59380
34180
22054
46760
32549
10726
15473
13515
33062
45340
4767
39007
46381
54850
42510
20596
47684
41802
19699
46077
4508
54268
43543
50029
11935
7662
53641
49979
36187
8199
22602
13459
38167
51580
57116
29572
51136
29062
41613
59520
31079
29646
41228
4122
11764
41202
33395
8082
50753
6937
31484
21515
28210
38075
49064
7865
18325
56393
39268
51226
46997
53574
21763
54819
28156
11834
9694
57200
33687
47812
50739
42974
9850
13905
49786
10588
42813
48800
35831
15109
49216
48127
4952
27482
45221
26012
22635
10704
43130
17100
18957
14630
26737
39501
59540
58967
3488
56089
28210
24923
16722
21965
56041
36317
10545
34119
38484
36931
54043
26393
24769
7017
35928
51874
42833
12878
58793
46320
45060
4939
54690
47128
54977
47896
31800
7241
48724
25329
28414
4318
12993
9943
11108
29444
14243
36358
31289
9397
56429
52172
21762
17788
10191
44612
40824
8550
37522
53842
10863
58840
34982
30363
13608
27489
49325
14949
12570
55017
45511
12965
45182
39167
19890
44707
17535
13123
59791
31157
17491
59317
42786
5871
48555
59249
22838
36602
18272
11392
24238
55939
26708
28760
42112
56954
28462
11199
22226
32494
38649
46304
54216
37434
50421
50312
45011
36983
7837
26427
57131
56537
20675
51747
34754
33595
23372
37405
55217
5173
56232
59644
54470
7089
48871
29437
25518
44534
44414
22919
10316
55864
51603
16389
38537
37333
48467
39649
54728
45040
12895
51685
46150
15660
29587
41329
37119
43622
37644
29117
29116
3769
36473
15956
35291
59207
44636
43867
51549
5649
16791
11762
56065
50334
44568
11543
59078
48730
18659
47525
57515
35262
6910
7708
17963
35262
15490
42716
56061
5736
40367
20240
9607
15741
46235
40172
13545
38292
42470
55178
25690
25063
16675
40403
4164
27662
5351
33844
19107
46220
14099
55653
15533
35415
30193
40249
57835
45403
11181
12814
9587
42776
31442
11096
46145
37309
7752
8520
12135
28858
24214
36450
55308
18204
6195
6209
5970
40395
28984
12357
9306
38105
18024
47582
5067
18494
12196
26034
44519
31180
42866
27416
12082
35893
15361
32226
20486
16636
14604
50962
11339
28662
49054
24958
38245
12883
5404
20102
37354
51511
23318
33309
46066
54876
59637
42103
24537
5487
26389
3805
16458
47514
19311
12953
54190
35361
21886
48972
44926
4836
22366
18611
45387
12101
35404
7938
32161
20234
23337
19660
40348
27553
48204
35900
10719
14650
27212
21222
54867
38485
44292
50584
43840
30075
23141
52711
17180
48653
36709
12594
21020
26699
6794
52462
30165
19788
4016
28735
5102
23324
44020
11329
11266
58624
38924
31995
40311
11606
27136
39407
10573
14138
51744
7315
54914
34124
22761
22042
8097
12412
10411
44392
20734
43149
30631
32416
31843
34296
37833
58844
7142
33498
4667
34437
59576
45394
25496
37819
45230
17457
32459
29787
16282
54422
44235
22849
58359
56893
52369
20647
29168
6375
52607
23983
12845
44626
28218
22452
25905
52805
35993
39445
54050
36219
45457
38561
38764
54962
28349
31470
25619
40004
40094
28602
21649
6583
49910
19150
30117
47946
19792
33211
39171
30656
28876
9856
20002
47228
35714
17839
36586
15657
16358
55117
16542
47863
40108
15024
34101
54020
51419
54622
47330
28905
7626
51667
44715
9747
47071
41623
24986
28799
31296
53756
6988
57111
14222
48292
16274
48141
30220
31509
51288
13938
25147
55852
50462
28967
57585
40753
56013
48677
26808
59195
43087
24609
32261
54349
34267
5296
36588
39331
25622
38962
20630
30141
12989
30965
45681
33237
32531
17104
37295
25305
27424
47263
47690
47943
26242
48584
17147
38116
9981
34128
42075
50478
37120
47415
38260
40193
19819
36241
52749
6299
21416
42922
22212
3533
7690
34661
56406
30970
49817
24108
13606
57075
55048
22237
33501
4402
24295
43659
18557
20153
37761
6742
11183
28987
59679
9445
33344
13568
25436
9444
52406
19300
29604
30105
36138
52756
44133
50319
34151
30215
48086
16584
46226
44437
30438
7889
9051
10467
18671
27072
43308
30650
30834
35231
30002
24414
37923
27402
36573
50000
17043
49614
32504
8033
30695
24080
51811
22684
53664
50548
44209
53311
34571
20146
32488
25660
16784
38576
57182
3579
4642
17118
24650
12626
28170
13324
30926
35839
46223
21786
45026
50487
25138
26132
43832
42189
45248
37576
57537
40512
34573
3583
21946
26943
45677
42150
20009
58707
36749
26853
57016
27721
43522
38927
41202
50766
7054
42214
3212
46661
18247
23432
31063
39071
8158
14474
53188
21398
30135
7075
17192
47344
26488
14374
48271
5397
54276
51875
25877
3993
18832
21648
11742
13003
39721
27732
8038
16918
47342
48782
54918
31005
41390
12483
39915
49941
51393
52497
5815
21035
59472
55828
58248
27189
34527
8290
41926
52181
21045
15512
28482
23338
59455
20978
44261
22759
23313
16438
9161
11710
49189
59406
14047
56380
10759
29952
19876
40870
5778
37723
33827
27753
50138
20576
40840
49545
30759
13917
41058
29773
56348
44847
41669
32920
34208
57804
30057
35942
48373
45621
55716
17251
46741
17196
6977
14821
56383
7798
15122
11069
9012
46778
8379
18561
25859
19090
29367
38874
49672
20139
20854
30674
23475
40044
41244
6004
56515
6598
9049
52451
29339
28138
56249
22019
35276
33138
13518
53977
49366
46296
15492
32339
36005
52888
53361
56286
20182
38590
46434
34034
33160
50171
8098
13408
55308
17861
30031
25538
6870
52891
18181
27192
41803
8217
46856
6550
33736
11071
7530
7058
27666
15196
23777
53504
55183
15752
25734
38806
5077
8029
23512
3861
11213
5565
21353
36443
10631
18883
41816
27329
34152
48090
21356
34088
22885
48649
19505
54333
9477
41860
45355
56740
35559
54411
44246
15377
35766
11250
29356
24768
44798
9636
11242
33140
51845
47524
48676
20953
17549
42681
5017
19098
56868
15084
36606
54290
58993
46461
32622
46424
15256
34686
24362
55024
55243
5967
59287
7591
58828
38988
13488
16145
35358
27740
20370
7502
3764
15702
16697
30316
8431
53227
51291
12810
34932
13524
48645
23819
38768
48327
49277
33085
38133
28745
46036
26001
45895
33824
31924
10186
12355
34271
56966
47190
17203
16217
42636
38747
47916
30222
9456
42607
13128
20200
11475
29629
24071
30225
3566
46575
49306
20759
54426
12250
59117
52738
34447
11705
41746
47727
26369
42728
14430
55575
51545
40002
43451
14994
32395
51631
37962
34828
23475
32168
39423
37568
15801
46632
36095
38553
32681
46374
21427
3673
17512
7840
17528
21713
29078
6636
55730
30739
12027
29768
55130
20394
32045
12515
5175
52319
43434
48311
40063
54726
26136
58399
48800
33986
11399
46357
31237
16902
29003
23951
21101
51382
56514
19667
9067
23363
51022
29062
24613
11814
48714
16494
37056
16454
30603
41871
25731
26784
43558
42887
28342
59421
48023
17839
36862
17082
12433
40975
52074
17881
20206
44951
58937
45658
30666
19031
18653
6580
40559
15226
18617
21995
39583
51217
54322
38890
43535
43462
28514
56326
3662
52138
17594
47297
11368
6335
15206
16845
41121
49106
31986
45559
29024
41706
57969
44436
53516
8642
9528
28480
9391
3535
59759
11560
34189
43715
14776
42046
20824
27043
55755
10831
56276
40344
8643
48602
15718
49337
21189
39485
59415
49377
32977
26711
47350
48532
3836
7971
13186
47314
36932
13289
20086
48550
33146
29889
52455
35853
31003
33199
14228
46363
33366
3646
45808
58470
13209
55094
53932
16993
23989
59983
46937
52726
59728
51024
29325
32600
37304
44276
7032
41133
8690
10956
16023
10652
10468
6596
15012
6820
59962
58907
10506
17375
48306
39635
14886
9323
37000
25972
36059
7603
58601
4679
43137
41432
12704
14900
5900
54592
48069
10959
39296
34980
20451
31370
51274
4659
13917
31608
21635
33204
3810
25952
20421
25545
41219
6029
47291
13892
44848
16275
40842
31273
6200
12490
4290
43549
56403
40274
11127
40762
49054
34633
9367
44274
33303
29189
57598
34924
46468
19203
37891
46388
35060
16893
54116
32624
24523
25968
32855
18364
44129
23184
37457
12765
22691
19341
24345
19865
18413
58048
43452
54835
57273
26484
12830
4380
57191
59338
24848
19688
53432
14453
13732
20831
3464
47914
24875
57935
20778
44732
19017
26625
49492
42830
55524
14067
30900
41972
49963
53471
39377
10037
47459
47370
8729
16211
16647
13110
58872
35131
48974
16970
5384
18207
29241
24854
7395
7276
35016
6895
12171
11306
59693
22610
56662
42094
43618
31447
5424
18862
27606
47414
32067
18896
41765
51913
25024
35925
5635
49854
53617
3523
52937
41316
26798
18111
36989
27382
27722
5282
45617
15002
19132
34142
34266
56004
7084
11879
57772
38771
46329
44608
34715
38589
52553
29456
4191
15872
53240
7992
58418
34786
20742
9056
10593
11339
50382
40790
10388
26810
48450
5184
13988
17687
13956
48873
36825
39457
30821
54959
59818
3725
3021
38417
47924
19423
28344
42718
37090
45399
50778
52178
10535
25375
54956
15256
32180
38858
21601
49109
48592
35177
53534
36871
36009
41302
8376
49163
18320
14345
51163
38824
54284
25341
37427
16556
36715
24212
3086
35123
45399
47080
59221
10559
44807
58050
33603
42859
50529
10400
30704
13578
23856
46231
54610
21578
25731
44493
3598
19610
20978
10879
22250
39618
48334
40747
39514
14576
30630
18687
59657
29360
39384
34459
22938
38724
11611
37579
7182
4489
56931
23894
8707
36633
26250
4162
20624
3829
36775
33024
44728
12971
39943
17845
4435
14911
9318
42415
35514
57412
32351
57855
26777
34352
25239
26769
20856
25004
23511
36994
28927
5747
3055
31256
3244
6243
12219
36113
45224
10664
23540
43820
14140
38263
10804
12220
18345
36554
20832
30087
33646
42244
53706
23587
58505
3982
20915
12149
13013
50861
26326
15371
3041
59242
39482
22969
58628
19175
18660
23095
58481
3932
53774
59497
47694
53325
52226
34358
3418
26382
44137
27098
7184
7858
54009
28217
49269
44717
21588
22662
16179
34931
3151
47223
43990
13671
14583
15365
12960
3844
35785
28787
44570
16982
51524
5441
28705
34361
34470
30219
4359
10261
47947
7511
32701
19925
6030
