1640
18748
52301
46595
25967
48925
32316
24496
23147
23741
50527
12951
38786
14000
51160
50189
21936
13582
17514
38568
11464
57734
29631
45656
6403
31443
58287
27929
23265
5478
25848
51648
41542
8083
40652
7271
11522
27569
50206
16337
34664
16858
57684
16949
32986
59802
10871
34800
13840
6782
15461
44010
41260
29419
8111
42523
35106
46291
55235
27702
27143
30623
31472
41881
23768
58378
48735
5427
26221
34561
39242
15925
11902
9095
23137
12411
52743
23249
16814
4508
42006
36111
25039
49960
14557
7708
13031
43199
49452
38217
27890
13709
51678
19234
17563
32043
24581
17589
4989
53228
41650
4195
18735
13719
43867
37441
15164
6422
27463
17852
43042
24304
54941
23804
10421
32721
4036
16499
56754
36947
50500
18385
6561
19356
58248
21524
32057
14296
42584
30853
55040
37619
6966
19868
44901
42806
39291
54104
41996
51318
9657
12460
11871
48646
42320
16789
25574
13257
43787
14039
3047
12365
45386
58219
56317
47384
46827
9075
27088
59809
40957
27714
31909
7788
4747
42171
42296
15125
41773
21102
20320
41352
48841
24940
21428
52558
17268
22201
35454
46075
9605
40473
37646
13111
37704
21773
11754
19086
57469
30363
15122
52677
9170
16354
20142
6878
6210
6111
5579
32314
34522
42115
53884
35959
39663
42204
30980
6604
3905
48883
49549
17348
37763
8881
20784
10056
4663
26807
50630
40181
59343
21949
20391
55149
31908
14906
52373
11705
53314
43447
18409
38594
17116
13369
23033
36238
18439
39458
22047
20508
37997
59189
27831
13942
39222
23329
42475
54956
14321
29878
30676
8946
11708
4536
44792
42950
18012
35410
12540
27588
22051
18735
12827
53817
24399
14124
58832
48655
50955
59424
43416
38012
13518
47492
34946
33517
45048
53586
57140
3414
27662
52933
10972
39958
51916
53041
29205
26692
51713
16501
52637
20612
52196
15567
28236
29435
33672
9683
46156
12145
57009
29469
35137
52463
51635
50999
30778
43261
29628
45266
44790
21941
33344
33317
3895
10505
56839
17532
6665
17491
40960
45397
23402
35640
32232
5902
56205
28689
22457
57303
33542
23358
37500
34512
20149
16668
45097
51962
18084
43108
39468
26955
45966
33594
45830
17691
23119
6586
23908
24877
30111
17923
21149
27728
13225
15596
33185
10261
5637
31737
34485
28888
11381
53657
26528
38228
20005
11944
31080
20894
40542
3721
8272
18668
7820
6350
30675
34350
23832
26073
44722
22318
44044
46274
7000
8625
30310
30939
57976
34975
52989
47991
56415
38588
50163
5537
6849
21030
59487
23784
20584
53109
44230
13524
23483
25657
4120
47268
11024
10592
20599
10966
39292
18960
14175
11929
10936
38990
10381
3329
21963
35198
20908
29468
25647
14212
10313
9649
31305
17332
31016
9796
55609
45810
43535
4943
48899
55960
36205
53440
57003
25083
15269
16019
56902
47735
4907
59617
17186
18462
22926
32582
14694
17730
18357
42090
26520
47218
5836
58230
52981
28330
6876
50186
29929
47441
52991
22409
36675
56592
32997
54876
33578
47627
18671
25772
19242
56939
19858
33793
31607
33024
15336
10011
41075
40059
27509
10102
37616
30540
4267
29484
49367
42571
26166
13139
53382
20861
20060
10673
13750
10523
21725
8167
21085
50082
11618
26649
45594
20493
30303
33942
26125
22784
45069
50935
57959
37472
58726
27664
16397
40232
36883
22483
25506
5021
42317
47728
39669
21204
28796
27792
32446
24058
52051
55335
5698
31671
4607
13314
48763
12690
59767
54305
51088
49046
46459
26689
12078
18529
15959
5950
48752
39295
27905
52672
49815
31638
51336
50461
49737
38345
35025
39949
52666
27425
48443
23604
3701
57096
16972
35356
41202
15055
49715
12118
54122
9308
56670
13541
43807
59377
42480
43684
6406
29221
43375
35355
3750
23590
23043
31727
27515
50040
21610
37763
53407
50049
11623
32668
38180
39163
11175
51298
8565
42687
54853
59654
33021
32337
47691
41216
12509
21986
15045
8783
45728
4707
37208
56998
17265
33425
44829
37375
29730
13327
49599
9386
55696
31992
7820
5390
25680
22135
54573
7026
33142
56479
15240
56658
25075
54834
49318
6062
9265
50861
22415
26367
48064
30015
31498
33655
45072
12257
18396
14303
5300
33981
28735
24004
3594
8801
30732
54314
22993
48700
42080
46134
54407
32604
33504
46435
6954
23294
43065
15041
29683
51034
30979
38530
39544
14897
33202
56265
18319
3986
32861
4386
20067
36727
35509
22611
41396
42398
31219
53408
17769
49963
53507
32313
45998
54939
19846
7702
14773
29873
15298
34076
38579
12949
35517
39820
50712
11125
46336
43405
12435
8455
15892
57332
41881
15730
18057
35051
50485
48347
29311
20743
9606
33127
51454
3596
21856
32770
11858
27078
10968
51063
32420
43311
16419
59887
21428
38079
19948
44658
24840
16443
49812
56193
56944
41597
11550
3895
10039
33671
29091
49018
38777
17482
32056
8872
30883
9592
8171
55394
34058
33495
41602
50551
42108
55303
44985
51146
22633
28075
57000
59562
23835
56842
52101
33751
52490
11791
33694
14289
44961
32866
31838
36242
33498
38046
26814
9034
27133
31818
23803
44305
21894
16973
49469
33187
21986
50282
12481
33989
25186
33415
37786
49003
13065
46858
57755
38545
17555
15635
15209
56704
17324
38493
52998
38100
19997
42447
27293
54920
21539
7929
35700
58498
36157
59705
45695
4710
6536
44471
30652
26471
53579
38197
19066
35449
24212
55722
22391
38435
3713
7441
7982
5225
5567
30123
12812
52396
11652
43059
54767
13124
5603
6927
8299
15464
58986
16982
38091
25433
53411
35826
45192
20550
23118
26161
19036
37848
17387
50313
53554
36503
54038
41627
56842
39300
40312
14274
47438
11501
13127
23858
17748
45877
19909
59894
37114
7657
33428
15111
24240
59216
43944
33350
14914
40426
55376
50038
54276
49471
35178
49738
19763
44358
50207
5978
42898
49739
22936
9361
6456
58712
50837
35413
34246
17964
11206
14309
34690
6032
36583
31300
18451
47727
13657
13634
36594
37642
19642
5655
29140
41350
21189
18304
31508
41569
49483
8098
14115
29463
33896
36844
49910
32395
48804
58239
57082
8542
14520
53004
25802
25436
47493
37429
43222
10843
45216
28406
53414
6585
44274
5646
26319
8610
56788
13900
51717
25691
44482
29284
44926
55463
4572
20593
35471
50482
46398
46762
5334
11215
40676
49019
5274
9305
3922
37273
17975
32486
9281
3275
54137
57288
20327
30860
45028
32445
29437
24180
28724
8995
32901
11114
3421
45064
54179
30488
12497
7418
39975
38408
33914
6515
33758
33969
55806
31677
10831
27719
36778
6821
32571
31876
41199
51544
52071
39243
50024
8134
15296
41457
3196
31482
22730
42882
29499
34721
17420
39387
6985
26227
12662
27013
25264
49576
12930
16313
19906
43416
19596
23250
58520
49208
49984
43556
39785
17906
18011
48102
54209
35806
49571
58132
23081
35677
7752
4950
22714
47582
33555
40561
44170
42038
38831
18593
20999
20694
6952
55551
44805
32474
55456
51372
31021
18861
44495
45712
45177
47449
11598
35137
25867
35960
36814
18314
17906
59085
28746
26062
5275
19256
45216
18298
40992
27095
20668
49744
37375
9902
15137
25945
27657
37279
56675
17960
32875
4731
34903
35053
8801
26123
31612
14523
39858
16905
59805
14592
49375
27705
58378
38135
54061
23950
5266
30155
9586
24635
10190
33966
59698
23990
56731
15138
26079
52849
5975
32693
13603
14374
54073
24266
52226
28469
31349
19118
42327
48937
41307
6982
53994
35885
43665
16954
38775
56597
14064
9238
33813
28997
27556
5269
27759
25237
57058
58829
58854
38480
29421
40009
44857
47248
39334
15745
20983
3089
28376
50224
14543
24159
54864
40396
44347
35579
11574
49647
40945
19325
57011
19183
24945
12978
20698
5730
32549
40572
23165
22789
38224
9585
17816
50298
46700
4163
9242
7371
25597
3230
56851
52637
53206
19143
8219
39725
40375
51269
17028
12128
21668
14544
48955
34783
36061
42889
18699
30270
10731
39701
23861
3989
31648
34506
25746
28160
37900
48875
27738
51887
43361
52623
38374
20243
46394
11685
4642
52300
23722
33133
48634
42681
31904
26167
31047
58461
17303
54245
54214
56737
35391
37553
53523
16277
44010
21960
45433
37735
6664
45234
49534
7379
17119
6208
26814
25287
7503
37936
30514
26179
52354
9758
54106
13127
57370
33228
50701
55765
50675
51356
29338
43350
16130
21096
30590
41262
53568
30904
18204
25940
12474
27170
17692
55923
54804
43846
59322
28093
32797
34543
18201
31896
5991
12948
50191
38510
39480
50939
52075
40764
28776
12453
24352
59849
49784
23770
9846
15796
25580
6789
16027
24702
48562
15957
46962
55880
51524
50822
49659
50324
5581
26183
34364
51764
21230
9509
58084
18959
42292
57144
35725
35989
17592
33174
10792
51527
43484
35745
12408
47708
59838
11123
14469
10187
52425
14807
3194
5214
41923
23313
26843
17081
19597
9932
56182
16000
32737
42402
21357
43310
51481
17554
46735
3744
38769
36654
38524
56055
31319
33855
9467
42309
33607
24112
59649
36791
44198
8869
28106
42509
6788
58339
20831
22097
36748
59685
53442
33602
36100
8615
56450
40802
39137
10027
4495
31602
41274
57785
15137
9963
53762
14708
55109
4485
22645
30519
50931
47900
51022
20335
54497
31537
8749
59817
51506
40549
59186
43755
34714
4800
40057
9640
17941
9842
22315
28520
7098
24687
12499
46220
45835
37588
29688
21898
11535
52081
18142
56192
24500
4720
29566
39099
38115
58185
10421
50057
31306
52317
29532
47960
26012
44891
47375
38830
21068
32528
16088
18261
35975
50608
55032
30663
33385
35396
28026
10147
19788
46594
9552
21560
7077
32908
43999
27752
8946
34014
33443
51796
26567
28665
23405
35038
48806
18317
53271
29796
51367
52621
29227
24588
35301
15333
40937
49453
49508
38946
50739
54916
34637
50481
33683
14463
10532
20154
28188
21752
16971
30465
3014
28305
33962
17781
58886
35370
51571
11422
31277
16122
52045
21681
24336
16078
40988
23442
47585
47475
18580
32663
3341
34345
25865
24456
35507
28237
25559
22843
10243
18926
56943
56916
11738
3373
41275
54757
41014
20770
7851
16889
50644
27593
20442
55699
52425
22430
47678
25037
8793
32798
23264
12392
18504
22975
37559
5790
54615
9195
22933
20836
47401
25068
15887
38113
15582
30087
27102
7662
45287
40863
36627
26037
36664
10390
33403
45939
55611
38903
15092
21147
28630
24806
17853
39814
33945
54384
35827
46807
25631
35977
3069
32961
7212
41020
21452
15091
59414
23728
59834
25506
13431
