671
7502
45018
32204
52423
17470
39065
24479
45360
55749
45182
42856
9745
29862
3708
29487
24365
4820
11520
43379
59833
52367
45296
33023
20108
17418
7131
45707
37169
22736
49225
13123
48467
54898
44140
32154
6613
22843
32206
58077
58868
31357
48196
59088
25151
28653
7623
12351
50709
51306
43469
13164
48847
6113
22868
28427
58231
19606
3506
41142
52493
40096
55116
23899
33391
12015
44111
35894
39864
36863
9548
59523
41329
49298
27771
59109
3379
42751
24148
14802
10746
49566
34584
35850
6958
17734
14858
5170
25193
59666
18040
20701
40643
33778
34475
56471
11267
8064
17491
23519
48600
12599
57604
35214
47628
31904
37951
4340
59085
16239
24605
24649
9942
44840
50319
40116
29958
5791
21235
43164
29133
47868
47603
31878
18528
9530
15654
42139
23587
11142
30913
12577
23147
47434
53920
57150
30839
31225
37034
21343
39420
29604
41671
48580
27758
30661
33725
53967
49231
48737
11609
33146
22927
53877
29949
28972
35217
40858
3438
29807
14149
49771
53250
5255
28611
34014
23060
14008
57427
14214
24893
20194
39549
21912
50500
51238
37184
37409
20082
44978
30496
38896
34760
15002
47828
50488
42866
10409
27810
58191
5939
30153
49400
44709
38582
47637
30855
37898
3808
55450
37997
4157
36097
12427
41266
4461
20299
10658
51434
34127
36784
51557
3250
55665
33463
34376
3736
45916
3795
44751
57667
18577
11397
8673
47238
14955
6830
16944
52001
19821
17417
37699
55891
20742
15494
9121
27559
54454
43368
20973
24581
54046
53989
24563
58004
53238
42970
22698
55745
9773
27645
13408
38967
54958
3707
42977
44702
3845
59356
54958
9075
58365
37774
47807
36516
54874
19187
56574
57639
40351
41556
28569
51853
15734
21910
17113
7877
23211
55978
4773
30852
25661
15912
4345
7677
57126
22407
15119
47182
30903
57016
30421
17935
7475
5209
57769
52419
55893
49844
8413
31165
25286
48776
13803
3008
45503
17524
43192
36535
52308
23058
14677
22394
17732
52777
41563
28594
18849
8908
42098
34161
46916
40736
26597
16905
50386
55936
28625
49161
22298
17202
34122
14373
59454
32100
40800
26959
27900
47783
11170
51950
6583
18484
25266
6201
30106
49963
6229
44586
49706
50069
57170
28917
48607
54563
42822
33463
48115
23907
47645
51035
31028
5729
48310
21358
15617
47115
27059
29899
58500
48514
21455
13513
26541
31254
58585
34066
57560
5158
36164
54491
29532
6684
56145
24676
29775
53399
37468
33428
33414
36684
21656
14276
52350
45283
21647
8216
59282
46132
57711
45514
15583
26163
13884
41794
6882
57927
34838
30118
48874
28026
21809
50033
52340
58386
6717
30374
37683
19269
45035
20993
28332
49741
44044
14533
19306
36126
37516
30868
21121
3639
55804
46557
56050
33469
57640
30650
37727
35615
48584
57285
41180
35907
44443
16510
51000
22505
55898
44229
33470
18714
20287
36512
48137
27521
55580
53053
11371
42612
4994
5053
26575
6784
47399
29072
6843
11073
5689
56964
11044
13008
45334
16891
36781
57569
38137
19189
3269
34903
36654
54120
17100
34715
9349
31851
32203
42990
19658
5632
27831
30597
22742
37642
46090
34801
57904
13741
50524
32446
29491
5541
37967
17738
18938
52183
19286
35279
23047
16180
19362
54948
8409
37084
5536
55402
8537
40495
40304
11002
17508
40576
8648
33444
21712
20202
22500
30871
31641
47486
9105
10321
23432
40993
52853
4215
34135
26915
6530
49254
32269
4834
7159
25096
54543
38396
54513
34575
27482
28847
31901
39390
46851
4345
27021
28911
24891
52858
20135
35139
32288
34568
6552
20457
42188
53364
23232
27320
16437
9771
6528
33053
13139
6799
14815
12316
49224
38964
14341
9187
23020
7283
3156
46321
4509
44499
9923
6169
7494
58648
12331
10291
40764
16851
27020
22138
55920
7230
25552
39520
31356
14367
52996
55130
30137
32422
25063
34013
8616
30098
25691
3402
29614
24365
3919
56898
29661
17464
23155
34839
44722
43342
3252
28649
29320
40559
42653
3585
6747
19193
28381
48742
6409
42746
50083
58792
50721
10546
46814
45163
34322
17708
38567
55003
53726
3911
36449
16446
47244
53424
42529
39447
36469
37419
22333
9636
44675
43924
42737
20446
56349
44753
15895
29332
29301
9082
37610
55456
11711
18073
38233
12757
19221
