930
4984
52117
28383
8134
56219
41460
27186
12173
54089
30907
44298
48825
46345
35337
36180
48681
23553
24203
55035
4095
23467
38624
59317
28047
11362
53840
35601
33763
9576
14697
45044
57367
7690
4975
22800
27393
7154
50345
31234
30018
57292
21488
48249
7060
22491
38229
27653
18799
29954
43814
8187
40931
26046
49342
26637
35568
29700
13339
23221
38522
12596
31728
30720
33047
40080
8548
30975
43897
27925
48818
4421
30040
52952
7110
52764
54724
16967
49675
50055
32759
3352
23407
16945
59621
42964
20994
13844
24324
31271
56427
55915
28162
21704
21668
26305
21194
27055
9412
52780
29793
29572
27486
40064
59712
43100
42044
20428
50773
21815
49292
50385
18974
7899
56376
24272
32786
4215
22407
55811
3676
10422
45799
8134
21784
32168
12475
55891
11595
4859
20333
48962
13169
53195
58482
21625
6798
55986
23821
51240
10285
28986
16000
27997
16779
26520
50795
36965
16577
5575
25816
47532
39071
30665
13768
43936
58959
33332
40384
42956
43391
8878
48444
5448
5351
23292
55057
38616
59850
52096
29611
19081
42404
49977
6276
30329
5804
48098
14362
5116
41872
13694
56185
56444
15698
5674
51174
16805
10404
56643
27527
23057
55112
8746
25151
23763
12527
28500
45974
38024
11974
7944
11011
19855
38722
39688
34879
22436
9773
45919
37056
54320
4711
30237
20040
31608
6102
51558
45737
24318
48428
11503
16902
46134
40156
35949
3737
56522
52563
54948
29309
18346
58533
19795
59063
56043
5304
57306
54381
49773
50342
13176
11430
36994
15109
31508
36181
32872
34899
41227
58542
23890
20727
41274
8259
13545
40461
36044
23304
7698
58217
33736
46027
54406
20098
16134
8827
29802
17295
30231
33264
35137
13833
40724
49260
31305
6142
23440
5602
42731
5181
33332
30636
51737
40040
14141
3665
48228
51423
58983
13416
38048
26166
16746
35617
13746
46307
16175
31291
48537
59474
50581
36947
8880
51309
30635
47453
36451
32909
26268
15878
33138
50402
42485
12059
51042
22632
14406
47924
42740
9958
14276
12198
29358
20248
15404
8227
34663
37274
19178
14961
55805
13608
16865
45263
22576
13806
30155
6727
48889
16185
40183
12944
16034
11465
55625
11415
57415
15156
41228
27505
42508
9569
30294
44252
34634
16410
21874
49084
4394
7384
39507
18981
15961
41092
28516
44105
18709
6634
15126
10170
3831
35361
46159
47993
42824
27641
20294
24984
50809
34400
3028
5403
58878
40611
46518
40931
46454
52642
21820
32962
40639
38050
7413
39169
35293
15557
13153
8659
41375
9264
6820
53817
11988
54760
9904
45958
9686
22506
31326
12585
18133
39008
50355
36127
7927
14429
24038
38616
5382
22840
6113
21536
55893
8765
36302
45472
14273
33017
27460
46767
25471
25452
9969
47682
15093
27792
7408
3395
10224
48603
24410
17083
41950
38032
59299
56044
10372
50978
28774
56997
43545
48679
34364
26177
54908
53954
24079
7521
36592
14250
23274
6272
7523
40906
15461
27728
31026
9475
50707
23450
8859
39711
42049
38218
54459
34100
45641
27962
43312
37458
33184
30564
33693
42349
28192
23321
53264
6812
6219
12167
50398
38605
32341
52832
15170
12413
40450
51190
58978
42684
21461
54292
21679
3607
10745
9380
14582
37954
42805
45680
24746
6065
16207
50636
51842
39502
9971
58231
26449
15275
56969
6962
14680
11442
17105
50073
14174
23881
58167
7733
34633
40656
21118
36221
28606
14247
8925
55845
55405
34029
50064
31924
59741
31781
5773
50596
39170
51137
46645
5765
23307
31565
49582
48095
40054
36082
56541
11260
34822
17756
57022
35621
41245
19229
13255
5223
33448
22105
10491
15331
23152
11824
21378
34377
39217
10266
57642
59676
12710
10461
28046
20985
29342
11397
43354
17127
13009
17434
28798
17198
18845
55445
52015
51908
30444
25658
34270
42699
38954
54577
54119
56323
31373
38904
9186
21587
17623
34160
41548
30930
36451
24827
54841
25943
22134
45298
23491
48955
52553
54429
3973
25817
38245
52981
58423
14152
58217
51665
49882
30205
56370
38303
18182
57979
57171
40884
22178
52886
21037
25987
30247
27128
50711
4050
45804
52476
30683
28181
29882
41872
43237
16931
54984
43980
29983
36677
55850
39741
22214
25790
36739
24067
25123
12281
4877
44371
31330
15010
13052
35113
16500
18593
36903
6326
40308
6537
42434
26909
52754
57123
3116
27580
8718
49670
59855
21290
34443
27968
14079
5711
34020
44939
13383
24043
28401
21463
11184
3243
41661
25023
11199
19613
23064
42809
31027
24334
18595
20764
18392
6176
58825
48185
25339
11046
5143
27818
26441
34080
53145
46863
39703
55463
49635
31009
18414
29168
27932
40642
9507
44585
24931
22941
30929
47900
54995
52271
39012
52104
21858
32763
27978
6467
54406
24359
16948
7591
13563
22838
42568
35686
53763
19128
3949
53410
26836
37863
46733
50106
55128
17669
4380
44277
21096
52202
35131
47918
7754
19126
36890
54437
55903
16135
58973
44574
11215
7351
46180
17406
11864
20984
6908
33960
6919
42172
17265
32386
51799
8994
58051
53736
18796
25798
4680
49283
15341
41534
53436
42546
47854
7216
48588
11891
57993
20955
20546
50540
43396
4120
20447
26649
44887
39751
44976
52116
51801
7632
13287
31871
7648
24428
26605
31428
13714
27845
23273
44643
36148
54812
28777
54871
32549
18866
52256
20354
49170
16959
18734
11423
22925
54256
11973
12740
25861
11797
58187
18212
9071
33853
43200
8040
32607
22253
16486
55557
10262
13184
43282
19156
4219
54226
43882
34021
46178
41944
41710
41676
26496
5048
34918
54120
45482
47237
16900
48451
6168
47262
35164
37687
29538
53316
18103
20289
38938
25165
59251
51859
34871
7645
26945
9331
33309
8480
51061
47401
33746
19254
25253
54692
27389
41009
22472
28864
35938
12490
17849
42772
47748
3467
15569
13813
4147
28699
45073
4315
10266
56065
44020
21112
21809
3734
31187
53416
28504
22665
19441
59444
53703
55005
24650
59529
