116
55321
18934
44632
12646
6798
23702
41645
55603
56784
16965
9534
15383
28109
53041
39893
53527
12370
47214
9667
3457
49031
35650
54720
21660
23554
39570
28897
4661
12261
51063
54941
24044
15537
46926
33743
33660
40626
43257
54660
6943
22407
54358
7589
34646
21220
13849
31644
11278
13374
21230
33106
33269
52990
53194
45946
18464
49173
22954
8119
38019
38717
43985
47589
54508
46580
16446
31623
26951
18592
39461
40010
45167
13031
21365
10482
30651
49488
38290
58585
19330
11584
48029
28719
28447
38091
26204
50049
13549
56524
37328
51011
44946
32485
17576
36811
25065
11245
57153
56416
23191
10665
41532
55849
40258
37989
30760
21283
59122
42807
13234
51970
43555
19422
24685
8210
18802
