858
57596
54398
19038
20670
31738
51427
6255
52774
54272
6576
57882
32941
16668
6919
56057
46429
13085
45598
55646
38689
43375
20691
49157
3584
20886
44581
55921
7067
13810
44582
6608
37262
28846
59535
51840
23450
30737
29664
27717
5988
50716
22437
8084
14039
5902
34765
43949
7059
25298
3059
19881
21729
44171
7837
57773
46816
22167
21768
39926
3121
47898
19105
52312
36837
14227
46306
9095
8502
33446
32205
41648
29425
20163
55631
24588
26128
4127
4456
35998
11686
35615
4571
58456
22609
18057
42241
29281
17767
14207
31147
15275
24229
52426
40608
31995
32568
5224
24651
10647
15994
9579
32188
35504
46399
10254
58680
34582
4139
22920
26000
14977
12180
51997
8753
13373
42544
16487
47436
45632
25640
8904
44256
47918
58744
11999
21735
31490
53338
36401
57235
9724
32354
29214
48286
30255
19452
6489
29039
5347
10727
11917
13655
44395
38793
26641
25239
15066
23714
34574
59387
17449
19774
47708
21651
33726
38522
46989
4994
26182
39165
4111
43941
39444
41782
33267
5358
36920
58865
6797
4932
20265
46017
57303
11340
3463
55101
23826
25698
10201
45343
16222
50150
34686
24855
22538
29602
41704
14932
58959
34219
41236
56610
55044
21205
26281
4920
46934
24472
19547
50413
16744
31744
58452
40782
51126
13475
52933
33919
39812
20329
31607
11820
49223
28889
10599
11930
56314
30291
47690
14602
53280
18665
41454
43115
26653
19126
38903
15083
22447
11865
5292
58256
36185
23387
46894
17614
22622
44696
7418
26157
29520
51004
15681
16954
25121
59098
12570
11203
17408
55161
52714
5787
19185
33446
44640
59682
43808
26749
50433
56751
43035
13840
32993
10403
15606
8784
18769
43689
4343
49371
33897
54796
4984
52328
14895
46901
22910
37767
53128
28197
11189
51924
15731
48606
44649
52973
23947
40214
43720
31741
51209
3906
18985
35093
18151
28856
42470
4175
57366
45020
3945
36137
27326
56186
36440
16517
56423
33766
13756
39617
4249
19635
56614
25513
51005
28852
43937
15867
7828
50778
15426
10838
56326
12707
3811
26203
5116
43630
38578
31478
6460
27157
50017
44004
33943
23151
31579
21944
34719
45961
50882
11972
8992
41759
22343
31850
29903
53596
50737
32196
41567
36012
40499
21376
58372
50454
6149
19076
51780
27355
28842
24332
32312
31862
16509
26308
18202
26931
57496
50896
27895
28454
22002
17287
56177
11108
59845
28920
27236
32500
4718
30478
30944
35793
49529
9921
20900
37331
4945
8605
26237
29831
33960
16176
15302
39340
4067
23167
52175
52956
52566
41825
50878
38449
35409
21463
39846
42258
30513
19944
3496
18402
50445
22133
46095
36691
54451
47078
6042
11221
19297
32905
41355
39918
31729
43783
57281
11665
15591
5140
19631
13196
23053
27097
46923
58745
44609
37641
50727
30839
57266
55671
32891
10167
11035
44775
17622
12466
38874
37529
13097
28650
15431
59454
48547
50254
57773
29109
57278
56294
22426
6354
27925
21451
26255
24594
27441
58644
6609
39358
15578
49887
14344
40016
57485
36359
4312
50072
12066
40952
13959
51076
48020
40481
10350
9055
45559
39000
28244
33707
51566
33892
51584
57700
19017
13446
16724
15269
43676
19910
12460
23213
18261
46309
45182
4665
48433
38566
58441
35291
41786
32245
14725
39955
14351
35723
46617
51321
59645
42287
32423
40619
22241
30745
43842
15771
32961
17684
7685
8520
56816
13413
22344
21076
11443
40936
5213
57167
51206
15828
26461
21274
12493
55282
40368
18899
59697
48944
39178
59577
16387
25378
37387
10037
42094
15470
25147
34580
58137
31855
23964
17189
24362
16709
53988
27305
37387
11837
7153
7727
6513
34132
35996
33104
23514
18748
20067
13545
17584
13060
34250
55365
4508
58331
52700
48801
49775
7558
40977
10044
22234
26926
10994
9580
16667
5896
21357
29508
47729
19377
56332
34477
38098
39322
58283
30743
9020
20717
41015
37451
33094
45164
25289
17157
5045
31275
59189
31794
3731
42975
6004
4678
6513
59119
42415
34413
57829
41719
49292
54101
47878
7314
8882
24624
52798
49070
48917
10275
59899
11357
7737
39398
6072
24081
20007
54481
24582
16008
48258
31301
51316
20440
39192
21426
29167
51826
33041
55412
39395
12113
19045
12699
50093
29045
20959
59931
51709
50250
5478
55738
32163
43036
13166
51935
58309
37289
10659
7497
18205
48529
30388
40071
10778
19018
42087
13626
58172
53160
52096
24583
12105
25046
50093
30781
28670
54546
10278
55624
10319
57621
32019
53252
7039
10310
56385
20469
45393
56034
37243
32474
21367
23716
21356
57400
15262
43216
18986
38872
49164
31417
50184
30845
33326
24226
41272
16645
48125
5621
25616
13158
27801
54675
35294
53722
55214
17712
16541
31556
53536
4514
10429
57959
26536
53667
51392
52768
39476
29782
3965
41702
22429
27300
18871
36876
5805
24629
33335
40922
32327
28203
55857
47858
22565
4630
47965
5043
54165
52615
50391
18836
13992
31304
27411
26493
25969
39008
56408
19276
16514
35748
15316
7978
48280
33701
59117
54744
33460
47666
50050
31265
9869
9275
30668
35108
11019
41948
47749
33498
18138
17147
32814
52999
36817
46991
58110
59934
13257
55555
47670
38325
7205
14487
30832
51690
7161
18765
48984
45716
14391
47572
52776
8374
56009
8467
12139
23163
56310
54818
20764
39248
26819
27489
20988
51665
40143
54689
26638
43322
50571
51352
49462
6106
4656
48449
4256
22077
34508
48734
29898
40367
6841
57690
54389
15996
6537
15193
9200
33159
