1475
23382
5839
22484
32815
59334
12924
35205
57567
53098
20760
6195
59035
18468
49565
57761
45441
59018
35715
22423
27696
11006
37238
11087
17320
41839
31872
31332
41671
36123
36557
51515
14344
19767
41834
16686
37767
22553
26322
28416
22037
27922
57989
8640
55795
9396
21932
57081
22040
11017
10399
13885
6807
8677
38595
22862
17626
24723
50252
25501
17627
59957
7944
11055
43663
31658
31126
26472
7647
40095
52605
9775
26362
36031
47825
21751
32455
59103
14697
44989
13729
22537
20907
11039
17983
23070
49097
39357
14621
34080
46307
18924
9604
8146
27003
7150
18790
38934
33757
50615
30755
26459
33982
36085
48370
6236
33677
3387
39211
35653
38809
42134
3862
49445
59305
7583
10861
44360
15446
24266
34434
12092
33349
47307
21607
19117
12284
31091
24498
19160
49935
20391
6721
25915
32524
16959
25607
49111
13717
10074
59825
15114
55522
15076
3939
57713
44931
9454
14010
37636
22135
8911
35773
19090
8680
49927
26794
16765
27350
23387
41724
47257
31202
5268
37410
31118
13739
54537
11086
4525
34731
20549
19868
39103
46461
25793
28545
46127
13308
29833
9211
31456
57300
49706
24336
27596
18941
53201
34410
42108
43151
6921
14024
54345
41143
13711
45704
44198
45859
45652
11778
13549
28086
45812
20546
12346
51590
11692
30497
10681
24760
25414
43771
26725
5233
57876
43520
14964
45608
41654
10321
29274
3043
23899
21330
6530
8962
49591
7948
35941
34676
28982
37180
46208
25246
29395
8702
56788
22495
46171
20929
49024
23303
44131
17795
27688
53308
29717
44156
18106
12301
42164
36812
14767
51409
38358
54114
22229
55057
12891
24269
43011
48927
31887
23612
43820
49154
22586
33442
46516
14314
57693
35158
5645
35461
41431
50571
14345
19021
20154
25464
29339
13204
39246
15050
59411
56833
24329
6446
56562
23699
53915
14422
25919
9750
10046
44458
22431
29274
14767
46658
20504
6156
27135
50586
18917
47495
8289
49419
33956
49484
59990
24265
57017
44648
48190
33397
19787
52821
43839
58806
3460
39400
3593
34877
57508
59022
40042
22802
47926
47869
31249
38667
50662
35854
25103
4415
59042
3657
44434
33930
31127
53770
5740
45602
31592
20971
55071
4886
8974
13374
59081
27099
8457
17931
17551
12484
20012
42792
10943
15033
51531
37888
38076
31497
21478
31470
3584
48725
28654
20915
19005
33402
37573
9321
56420
18476
40007
53586
15882
12403
56555
3643
34186
14494
22551
24847
22082
49427
35105
33070
46014
29160
17877
40826
12913
17831
37869
26313
43632
28796
13746
57261
43843
46662
40562
47255
21601
46940
59721
6227
32825
28145
44302
56720
44210
13273
7195
5167
46708
5194
49093
34240
42282
23756
43352
5187
40998
47819
50683
9782
24308
34921
32963
59705
24918
50127
54232
58605
4992
49535
17720
11849
7810
53461
5552
57085
58128
47703
53931
24587
19079
57015
12492
12663
16261
22860
13738
45951
31196
39158
52402
7786
46978
51143
6266
19087
21912
39668
10790
18825
57101
49722
39631
38435
35433
9165
42655
56985
13975
36266
36211
54854
49610
32788
59190
21275
12594
47686
15577
14149
44714
14211
26340
9842
6569
39765
19922
6618
55166
33506
33827
11427
54341
15964
29158
19595
8737
17300
46061
40906
39439
37844
41843
35589
52992
9477
3210
38184
16705
22982
49330
46675
35984
43515
20083
15322
12625
35547
33364
44169
23360
9752
14494
25927
53112
16435
25724
28243
40210
43028
18401
52539
31816
29208
50918
56185
45316
37446
23587
35003
36682
9543
40976
38138
50517
6545
46692
26808
40179
30273
20188
22039
27126
27411
46282
38152
4687
53081
14707
25293
17535
54324
54558
6355
26557
53894
35842
25550
52527
3984
54594
41807
31986
27389
50907
28512
24907
10523
51943
41937
5444
30025
6352
19423
4780
34685
15217
9379
11146
33989
26688
49492
3091
30728
46797
40288
43111
4596
6709
39985
43215
10597
39754
34603
5059
17323
5236
40846
11014
32831
51347
18697
54992
45898
15376
34970
54005
46038
40629
32005
13954
45413
43858
13553
44691
40202
16442
3516
41722
16177
37099
50460
25300
28218
6781
34747
8671
43884
33073
16881
23703
28494
7952
5687
34883
8945
49605
5569
20458
9357
28729
44275
4903
54766
12856
9991
9523
19422
47656
40892
11376
38543
31185
52323
45908
57572
38738
59780
44961
41995
8967
13496
12060
54617
10314
7679
48049
3065
39186
14881
12000
8192
18719
5259
48277
4290
11708
3866
27510
46398
31992
45697
31942
30758
21813
56142
10646
46610
52977
25023
49497
51156
49372
55066
28079
55762
20780
27332
50091
6283
14685
8376
43661
48203
40167
42009
22377
30103
6974
5901
54265
20235
36437
3544
25516
56321
7343
24739
21763
30042
15189
41635
57810
55671
42615
26039
55592
55913
32374
44408
23486
32421
23317
45329
26322
57122
20741
21942
41872
28525
18497
27399
29454
21125
25227
59050
41375
14846
43884
20862
6985
34726
22349
6754
10787
44905
3023
28519
11121
49943
12873
44428
15226
4455
26914
23405
51941
52664
58173
29873
33805
13693
15951
12224
22560
8662
39207
53557
41516
34803
5224
40204
31329
58748
53487
22041
28063
34555
30703
32487
4134
11108
44546
32990
25259
20146
44523
36214
50419
13621
53367
55938
14015
15583
45629
10418
22524
36709
35882
44752
27995
4265
46412
49762
59126
28915
32937
22299
52334
32494
8118
10587
18317
50315
13391
21051
7388
12896
43408
28415
33526
30434
4749
21553
28765
26229
39067
7338
32819
53400
13117
22425
52333
23126
27594
24607
21396
5664
55786
41586
42243
55418
40514
49710
15241
41834
3073
9368
44129
48883
10957
53847
13163
59565
20572
43867
57398
16261
27889
39270
49968
55282
41629
19765
59294
45130
4444
13542
4367
41197
47726
32419
53873
50171
34081
40685
52428
49337
20859
6981
19939
56441
23871
5723
28689
25986
23280
52349
17702
40868
21964
8091
25451
17090
4468
24125
58940
55252
3806
37309
30464
44460
11460
57137
26844
50840
45419
53982
34702
30445
44197
49405
48142
44063
52336
6209
36421
12946
56854
46952
7534
5867
19540
25237
49222
34637
16881
51341
9696
23608
50496
39834
34643
59206
43897
54848
29252
58042
13713
36435
26440
13787
12281
53894
41761
55986
35351
30276
59232
41673
50998
56748
40941
20333
22475
49720
51096
13972
16005
56359
18779
55792
4187
48639
22294
44288
24636
50491
41111
51637
8740
40432
55413
35420
20228
27305
38891
34479
34932
35143
6357
14494
44596
59875
46668
17468
31557
59006
11082
46967
5954
53998
56441
7300
23929
40823
34287
59140
7082
29753
18858
36476
30755
43421
59330
13586
8761
54405
46483
29125
26398
31945
41546
7659
12036
27316
6750
27878
23397
19397
59361
19700
14004
47145
53353
16222
35856
30220
7837
12419
43485
55445
9883
17783
3143
13944
47893
9955
40948
33629
31664
19140
43338
42227
49733
49418
32277
57601
38120
26757
29065
32307
32807
44733
46039
36761
7374
27766
52918
50898
36659
9393
43531
15127
20472
17555
43762
47343
18958
10435
16753
15654
50636
6209
29024
18196
27525
39230
39631
8780
22457
13602
19244
46973
20816
53727
48825
4423
55037
30602
23641
13812
38169
51457
43703
10580
52383
26565
47463
36968
38575
8425
56923
20570
27210
30918
25958
41090
18079
39301
27748
43862
53951
40625
53336
17537
4953
37797
37619
35237
38143
50509
59059
10356
20932
16943
26673
7423
57058
40049
43239
54273
32215
16064
30320
59972
19913
55212
59379
25017
20600
12637
8223
52605
20854
22116
55605
49637
36277
27435
55305
15729
22528
41529
32581
58228
28674
21618
46764
25445
19215
19423
24864
45597
6098
32619
53628
16393
23903
37595
43203
3336
8913
59603
5802
4461
36129
13562
53302
4055
23564
45834
45375
42584
48659
18361
53077
39600
9554
47685
10987
17330
36500
5936
58021
3610
39964
15286
5924
21885
12277
40648
40881
50822
11853
20415
48081
28955
58546
42382
7257
28044
22588
23328
14519
7647
17881
9736
50678
12078
40904
35386
9883
36563
41525
42446
41587
3275
10381
10312
55798
33903
48860
9934
11497
20653
11706
11157
9604
52356
34396
10715
40115
28783
4138
21063
58304
59460
38891
35761
7139
32536
54484
38550
55717
59400
46575
26594
40678
20157
59236
42976
12757
50395
34741
17623
3048
37734
57610
3766
48142
11186
14250
54326
15061
6390
37296
5370
6982
49823
52512
42130
34542
58488
30523
34248
36239
11271
58458
45822
19018
57409
15034
33433
32890
16797
15610
30547
31885
54257
38500
54127
8403
21599
49630
51124
19105
29447
44276
20245
46564
37189
32088
54906
22987
33626
25904
15740
34903
46972
41583
53282
8138
49617
41639
12041
54605
7793
47102
54972
20419
32178
38011
55547
44585
18589
8568
3362
34181
49379
45833
5415
20001
44301
59211
30961
32028
41244
43737
37490
41271
51476
31098
14929
20055
56005
15964
43992
14885
42566
54829
47143
10276
32698
34299
44982
10581
26835
31769
28522
29338
51989
39203
8242
15255
20987
31375
9084
58244
8494
28995
19184
53891
37614
41276
46844
15585
47211
38096
37230
42969
14593
54727
11223
43041
15323
46309
6206
57246
4977
19962
23666
15256
30375
54379
19737
57067
58386
49826
13978
34918
15586
45097
24829
25544
26381
36944
23492
37236
17863
59379
23375
17844
22014
13733
20392
28475
54284
21554
40787
6856
5536
50035
37174
19474
47885
57943
10367
7448
13266
15717
46352
52975
38400
23723
