1856
37263
3790
12280
12400
58596
56243
12475
56363
42999
24415
51551
32311
11470
59953
7092
8117
29473
36309
41976
17396
36740
9348
44989
37402
20366
27673
5581
54509
23811
29948
23644
24160
39459
18086
25921
36259
6880
59016
36187
7472
3681
25748
36705
31484
24856
48803
6546
11658
30281
11706
7490
59249
16273
5287
20951
16623
13259
13416
44333
40417
12421
19789
29088
6550
33380
42972
45801
56563
22782
39801
53640
3077
41448
14133
50473
13134
53509
32274
12588
42772
37440
28549
9293
40142
46636
9514
40387
41660
31622
28875
16513
30669
26464
29881
15839
50341
16351
40576
14194
21522
8149
29561
7387
19213
39387
56049
39317
10828
57336
44089
31841
40354
24775
58867
28242
16625
55169
23198
5952
30711
19616
46306
21929
36490
28566
44104
3115
44188
22096
24896
25080
49120
47461
28457
33181
50306
27133
54093
16076
11528
8551
14532
20601
51185
4303
46358
18353
28642
37901
9903
8944
36532
13913
37721
36111
19911
33421
17324
28943
27579
40626
38778
38640
54873
30265
52900
19189
40037
33664
19159
51909
39961
50569
4108
40068
30950
44710
16847
54658
32183
58193
30112
58421
11132
38566
10922
51548
40958
28472
34073
24342
43165
4333
27262
39030
16773
20287
8150
14909
38581
41814
38389
51422
14875
37094
5988
52139
22747
38090
56521
50938
38120
18609
45144
53750
33559
43250
53337
47250
41089
22372
55915
17910
18578
46467
27559
21078
32143
25177
10573
57976
30996
52004
33766
45436
31242
9797
4248
58621
30769
59866
41393
35728
55788
33053
38720
44591
52646
30479
43444
14193
38634
36698
31550
28476
28568
18847
28688
54146
59895
33146
28726
46318
36863
42298
49846
46091
12279
8897
46192
19298
5701
48038
9071
49228
54419
41520
39912
26309
28750
45558
37385
20787
49962
52284
46382
58238
6402
6714
52707
52806
48713
21252
33925
52474
33071
10515
5491
25046
26842
46797
43907
25313
28355
5077
41395
38679
13025
12426
14708
44114
16423
13502
16522
36407
17588
19763
31851
10410
27860
54896
55948
58733
17650
5766
54844
33231
51829
44500
13234
14856
44121
49154
10792
31779
18508
13918
38529
16309
34308
19083
21165
52700
43084
24690
48493
19737
15439
43584
14798
3033
16553
44570
37341
10740
22694
50229
7836
16497
25584
22984
18714
5843
8056
51157
37097
24059
54648
56278
35264
8666
40103
20309
34515
35425
55379
35399
30011
44971
58853
44006
46728
7290
17903
43283
15990
9134
7089
57256
4647
37181
47894
44176
51548
32489
32541
22129
38367
33695
47042
21853
19915
52530
20167
43387
6230
16038
26315
32279
57036
32374
36481
46128
15073
18733
36533
19345
41318
25326
29933
15470
29032
22720
53040
5838
40488
7781
44259
28705
7597
38014
58920
23447
24360
31367
48002
7389
45577
25698
23875
32052
23853
9040
19664
33570
34370
17448
18364
58790
12013
59982
19073
39784
50674
53421
48842
30138
59560
52532
6291
17908
13575
53804
24731
29848
16618
7457
29065
43197
16317
41249
12382
29552
58084
54852
38622
57031
47065
42940
56040
46372
4233
56222
58714
25693
28629
25761
43293
30468
42109
40492
36105
52340
41627
27068
44769
33492
11859
7188
11435
59030
50689
24694
9346
28291
29566
56031
41087
23504
5459
34180
26336
43200
29232
53665
40769
44845
16940
26319
39395
24541
59751
36149
14274
23313
56738
3425
17733
35514
57734
46933
8929
49475
58665
55939
37670
3963
3947
57679
10578
21165
36307
10056
45202
8038
6746
11263
43296
13004
36686
18251
47135
52930
7347
32383
37438
18245
46230
15287
3350
23066
11530
18838
53784
58094
13732
45848
8384
18515
3793
52930
15757
50805
3652
30683
13398
7408
10707
33357
56181
14287
4338
23606
48731
32309
12203
59047
4308
3992
9179
57882
34777
43940
29164
14513
51475
49373
34211
25569
18729
37027
38821
36439
28472
54852
31610
46520
39987
14770
11870
7533
56176
20084
31660
12048
29782
37193
47367
55905
15946
22520
54871
25065
17716
38718
9453
8452
42404
26959
43937
24304
46504
32435
15618
10062
19481
31826
5080
47320
43381
21875
29560
23284
16826
52788
6761
47335
8022
55276
25156
18123
33482
53980
11684
48894
49283
46557
40275
8643
15452
54388
41725
36430
56313
38647
21023
22142
6276
18867
16394
39330
57907
38857
25339
55758
56401
51320
30644
27460
29404
34183
34519
28983
42207
33868
52826
23750
8257
25408
6071
18595
31527
28301
35514
51418
42268
43309
43725
20687
26405
48847
32929
14511
53222
27195
56611
22247
52826
12318
22252
7642
35720
23919
46283
57012
57648
30706
36464
50947
57758
44147
28870
25698
16854
34188
12729
21592
4602
10472
53492
24505
56032
11398
40062
17144
5377
53860
8975
24220
47105
34370
59961
16880
26709
31121
38084
37423
44897
9887
13460
36787
49603
58157
38409
24207
36157
45993
24175
4884
55808
38872
22263
30712
21016
24657
18224
10456
50714
50971
19782
3067
47321
13074
48179
53497
49481
59250
34518
29768
51483
46984
23009
23166
47261
25382
56259
20008
55293
37331
14335
39684
12761
37687
38668
24110
15890
30307
12028
14876
5886
56713
56028
26680
18654
38325
17300
43349
48097
39389
14631
27386
7225
41525
21442
9713
30554
41257
23758
11646
3905
56937
16496
10231
11702
3407
53279
43242
3891
20001
4937
14998
10593
43304
10201
45881
40653
20794
42111
16053
7287
45090
46303
54629
33036
47031
5891
41089
15901
26711
14878
10428
54044
58303
39414
41682
35276
21889
23600
5857
21345
40122
52739
56303
43818
38923
13412
7588
8822
38204
36682
38793
30208
41385
44055
46037
28801
35792
36697
8701
40312
59895
23848
14714
14807
59264
50458
28690
37053
22380
33870
29000
42284
46827
17442
44193
33041
34694
49943
47053
47881
26160
22224
46494
35294
43007
7682
15038
17284
18700
27962
31680
20729
59858
55846
46998
13525
57958
51593
9353
54236
19378
58330
34950
35554
3657
8983
30884
18445
46404
16098
43383
11333
14752
4783
16783
52977
30528
8975
23386
10450
12609
13246
52874
24306
11911
48990
26587
4473
52037
47130
22671
6862
19883
11215
17691
23901
21256
26829
23181
34238
21945
4066
55365
12051
32113
38218
8860
50126
56742
13461
15229
58859
13216
44975
17375
38471
4631
44877
49205
30122
23955
51820
47933
14727
22036
12582
44052
53088
38782
4741
11466
54359
40619
22226
6378
27313
19295
26430
50748
33837
32386
3773
36723
38037
52808
12362
10270
44633
44848
56619
42245
28303
26790
59857
57367
52187
14018
52013
31655
56930
34897
38277
32647
59096
48642
53556
47154
32331
12991
19459
27335
24785
14941
20082
31760
25546
58500
18863
35357
22185
33748
49232
16447
56664
29256
35594
36981
39147
38208
57603
8429
13780
35584
31772
58595
6872
24126
32873
13386
57238
12701
7070
31836
14437
12341
10342
41488
59236
13302
19383
28357
53747
37977
41724
11332
8346
48285
6166
31574
10329
56617
33160
37978
30573
25632
7475
5482
43916
34849
50513
38425
49348
32278
22721
35708
17209
52185
55303
11241
5099
40552
32139
6590
45382
53533
31897
10122
15609
22849
35965
28220
51110
58654
25886
4163
36226
15636
54563
31044
37789
50312
55539
49890
39695
4510
16857
20659
34426
29897
47808
19164
22824
45830
27014
14996
8725
46372
53052
54587
4860
8494
11454
43215
15059
59830
53616
11022
29216
42086
29531
28718
4478
4738
31726
47619
42799
50394
3121
31725
4013
48313
13312
37722
28929
46226
19642
3915
27865
22966
59581
9947
48390
17138
54041
51690
7440
21014
45519
40337
14236
20296
28287
11587
31221
44841
29630
8022
59778
35471
27117
16562
59043
40619
39384
47469
36209
4544
18290
29404
57853
7754
30238
7768
46232
50943
51123
13742
57104
56537
57240
7916
33043
18021
33845
58873
24108
4169
17813
25691
6965
23751
24919
54515
26772
44372
46346
8768
34704
10792
36868
28464
46354
41045
15708
5852
50263
38954
6840
32911
12018
34623
6906
44725
4451
34089
57212
17955
11883
32971
53545
33750
19711
35046
4417
8577
21649
43278
52429
4255
24815
5757
57423
51659
36112
17222
6156
16433
16169
4286
57766
35419
57966
17832
37794
38520
59007
44382
57971
50839
46678
11749
20091
33155
3927
41925
33105
18156
20849
18567
49462
9752
55549
28332
15473
9618
45573
11585
29627
52245
29856
58802
8202
6125
5063
48490
33017
40604
24412
7263
32625
13558
27892
30735
35753
23839
6802
51512
36108
8027
38122
21385
26832
46876
49210
11435
23410
54970
50690
41944
16165
52697
8350
14060
17763
24281
8194
42554
9236
57192
30727
17114
21015
18719
41062
24187
21997
49121
6504
36229
41354
36790
42081
4131
9702
44273
28828
16341
37110
28368
59035
34622
52595
38920
46068
50603
8731
46365
15005
44537
33724
48446
35536
11885
5381
23871
45311
47597
41992
13603
43901
9933
19851
43122
50651
40476
20455
14603
40802
37258
31567
24045
7304
49518
34776
9436
11721
25724
31542
16388
33622
28180
40175
53178
22284
32041
29118
39124
32441
14798
48715
53593
9668
52218
59802
56705
32510
5140
3333
7022
6062
55603
19182
20430
50092
42728
20627
24165
39504
16501
29814
21540
42452
35580
41924
4397
14552
15260
15842
49939
40874
53708
48134
42123
7468
11581
25593
54936
23042
41449
13632
54696
47751
4875
12922
35640
34207
55660
9711
25446
20892
14649
10445
45133
20059
14694
29399
34430
50269
55631
7751
37299
45266
37785
43832
46319
20342
56005
35570
38915
3755
15075
47107
47459
19833
34464
29545
57161
39883
20283
12313
18557
6717
18953
56028
24784
37669
52027
26617
4091
59589
33966
19900
31637
41399
26757
21564
27915
21026
20693
6908
23025
47870
56169
9300
19291
7363
56921
57963
46212
49034
10257
17682
10069
19645
39755
20086
58105
37677
59287
14182
20978
5432
11030
54476
5664
23386
36613
29791
23038
59607
55407
26292
12618
10666
8230
57222
45531
51967
47808
9631
44939
41731
58013
59017
11649
57507
18178
46228
24728
14417
7986
3618
33621
24255
12571
28514
55325
36215
37357
23595
58353
51187
16958
54280
30977
25348
5610
52752
50297
18167
40133
47321
53762
50580
44152
54688
36429
8872
30672
28569
45837
11085
32327
39308
31601
15999
42684
57218
50665
5109
56283
19724
27542
12734
33617
5921
46538
54743
34596
56675
8635
6502
57507
16931
15417
4128
43695
55984
30770
28807
43035
32443
19572
36073
24398
44500
10929
55236
28693
28592
46796
38189
40188
11934
21246
42237
3240
58814
34900
37067
23227
4585
37448
22953
36967
12389
9642
6825
45186
33684
35186
31959
32799
35611
22019
58788
17099
30096
9050
26939
50633
19405
20010
51895
56080
40714
56350
15185
39958
14620
25832
30588
39721
19579
48978
4775
37419
12910
7793
28427
8514
6073
23904
42783
11190
55255
30619
58841
52004
6069
3028
18321
4180
54292
25023
47316
22920
30027
34155
12852
54024
13363
9283
21681
48718
47536
31175
37490
4155
55493
25581
42880
29114
52095
50263
10317
54622
6137
31245
39782
23106
46964
25123
50905
56068
8114
39560
53930
23559
53444
10740
17349
18724
13883
18905
4953
52101
44286
25290
28522
28449
34585
16336
56474
9860
39947
15752
31775
56574
15935
31584
55495
42533
28949
9562
6578
31914
44861
6796
42104
58075
50801
21921
27313
59024
47122
49682
13743
32531
57519
18829
46790
39552
26179
52778
29122
23785
37556
38271
33562
9272
12862
53688
32414
12615
38189
41560
27799
6117
28808
10191
19663
51208
4740
19847
22756
45684
26041
29742
27965
11958
20195
28412
39682
7490
7738
33315
5005
45196
7580
41723
59474
42727
39747
30000
42779
28513
20136
18625
8782
22245
17606
20320
33702
13904
50591
34300
47032
19109
54608
27479
5049
15730
25221
42765
44044
58595
9051
5631
7086
15618
5058
25379
49923
40963
10540
51494
59341
26608
18389
59085
36314
53753
25163
58531
48644
