159
25752
6255
30869
38906
31476
58078
6345
30595
11597
50399
21046
46930
19099
28618
59368
45520
27739
24301
29935
12261
25581
36069
5646
59406
6417
29863
25520
25788
3560
12503
57009
46566
16746
54794
59353
28283
4571
46186
48256
28598
9257
5609
36693
32453
55604
11617
15202
12250
55101
40991
7682
24658
44668
27043
35398
8271
10782
47211
22897
27645
28320
25047
28393
32233
46971
38147
28425
27142
39686
57750
27132
26799
53178
24459
48267
57940
47590
10617
49070
59680
34368
49877
39786
45162
46561
11316
54230
23469
7435
7158
20688
29214
44259
12016
44216
15609
34808
40162
19509
8503
54258
31936
17603
50500
4244
14495
27105
24278
34343
19830
44746
28321
21550
34855
23673
57426
27915
8122
23160
33375
44817
7527
31715
12199
24676
13933
15038
30382
8935
4276
8872
45367
31856
14000
15060
28442
33162
3998
20509
9140
30953
25305
7642
44979
26755
23644
43864
54135
34982
37340
17432
27151
3329
36979
40537
37054
49878
17746
16656
