1397
28408
57600
40894
34858
29653
45877
40078
35406
23088
22454
44692
11779
29949
55605
6029
40679
26591
54239
52297
50729
48517
19114
25482
41354
18492
57777
44778
11443
10218
52501
49022
28460
39277
11058
15239
38581
30937
47140
30950
37341
27621
57520
45878
17101
56717
33911
3376
27336
12081
13081
15894
13897
23443
21105
10730
38180
39349
15681
41172
20990
50043
19117
30886
42336
40394
29026
21629
38530
13192
44439
17409
27155
39032
25817
51508
30015
48795
26285
30395
13402
48564
19373
45049
18293
16074
57168
18263
33207
41313
58692
25126
54327
3409
48588
16902
30976
32788
58036
55095
8311
28498
27631
13493
54100
49596
7127
19079
3939
59011
3671
19578
50001
37556
11555
52935
40778
50979
28983
48186
17018
12019
3956
42603
21007
42235
56862
34811
52660
20127
16197
24794
56093
39600
8243
51671
45758
54166
7537
12629
48870
47595
39825
44321
24458
30613
7147
33882
54867
7358
34089
19247
9323
6325
46143
39381
26417
46149
47859
22112
52316
55346
5573
49383
29479
10900
9316
44819
54800
24001
25512
11029
52853
5903
31674
57047
51505
18794
8011
49765
28127
37180
26345
8888
23529
50428
3679
36002
37287
45386
35824
10663
16454
48963
38264
55361
23841
15460
34987
58246
24805
23256
52337
28958
16571
56437
58670
20442
7614
57818
16802
31120
5890
5558
52437
56416
26583
38817
18402
55182
55155
30963
58578
21015
16729
48967
6822
5997
31828
19716
16320
30472
10906
6510
38592
53690
4823
26073
20576
39274
26886
9444
41947
40749
42555
35900
3499
50255
4549
59624
33489
4675
26508
11999
33240
32063
23416
45313
13077
3061
9380
56449
17561
46137
23676
53135
56723
34229
52843
16966
40183
47499
41432
43958
37056
24272
50625
12945
42492
51942
37170
11760
53648
22141
27617
48531
30653
53398
12018
8063
10674
9426
45785
32367
59634
28467
3852
13646
25962
38150
42170
7695
29028
10071
33798
36391
43547
48041
27748
56576
54796
31618
49077
51775
3971
34444
54299
44888
46855
8603
39677
45275
54173
22067
41987
21157
48412
18522
43097
30539
47766
27557
13423
47642
16738
13212
8711
39286
57215
20286
37682
37869
39638
30759
9820
54275
26034
12919
49981
36259
24445
51210
25741
25645
4743
19786
38424
7407
49046
13230
36454
5350
44363
9866
53215
21816
29315
15093
20038
24381
26520
23051
31447
31533
56502
42514
44106
34992
13154
7632
22908
36010
25096
32144
16966
35118
44059
42117
10740
23273
24342
20160
58256
26363
29486
26843
15809
30860
48849
24409
52141
48701
25999
3019
48197
4121
15823
55144
45847
32032
46532
32760
39905
9852
28863
25194
38907
50125
55074
58738
49371
12256
10092
40392
41637
46864
4896
50899
13163
32952
15544
31152
33232
41181
45712
58304
56763
35606
31437
16402
22212
54294
13233
42116
39670
10308
38805
32795
40109
57057
33727
40195
52600
51850
13602
41139
38133
44129
35854
14303
25163
28100
6709
4420
58059
20417
44246
25051
53150
3853
37771
50157
12667
52061
34319
47142
16543
23281
34381
16247
10748
28660
49479
5830
57416
46187
44468
30854
50364
52275
43114
28787
23697
46687
36702
57164
51048
15657
43226
10588
39355
42623
28570
27034
4369
22654
46193
30207
15235
23495
46980
20298
48281
32189
16914
21494
16007
52126
20034
52562
47647
3672
31137
46982
42717
46450
20122
25813
38397
47773
25228
23738
55334
47254
4915
31206
20587
40209
18155
8375
54972
31814
18478
45707
49956
45397
33030
55086
48014
41533
32704
37562
14649
29122
8887
53055
56383
33053
26199
30868
54469
51252
45620
15230
6425
24747
37895
36071
35528
48065
56016
53105
19504
23385
32844
55345
35531
52307
15321
25387
27551
27002
54700
29926
4400
17695
58071
30689
23221
42182
17564
34207
11077
40328
20240
58203
42965
44765
54210
59383
35561
45661
3310
36712
5595
40016
47802
55880
59754
14590
51860
16944
20232
27336
41915
21089
51968
29309
29950
35670
58891
22684
54263
48980
26795
33529
59219
11534
43685
18311
43015
40085
25912
9367
46238
55657
56161
59342
50967
15286
17626
21573
38723
56061
32508
27242
48216
5275
27171
33102
58702
18035
18293
27470
34482
4120
27217
10075
51742
42451
10872
46912
40084
11257
31188
55369
8262
58861
12582
24611
40016
43591
46750
6189
38855
6228
25117
27952
10508
9134
42449
18978
15221
16506
24766
20430
24259
14098
46956
14904
46954
18749
57007
58845
19752
29274
58910
35404
34580
53846
39268
54442
38085
45817
10402
8850
14737
20796
55949
23008
43264
3460
21981
31635
39937
38080
30712
51408
51402
46247
50365
35184
23738
57880
3973
59594
19382
26215
49102
12283
34347
44993
43167
57992
37565
4136
35405
3464
34017
19553
33083
47025
15984
55387
28581
43202
5063
59751
11799
48939
11114
55842
52125
31626
14235
22639
37803
7530
19063
25098
55925
34827
43803
13956
16978
33876
5090
22189
8757
31007
38645
10245
26801
6975
42932
14764
54425
19796
54185
38244
45978
5144
30988
31193
42913
50359
24978
33793
40516
43942
55129
23267
12872
31025
20896
46984
50241
5973
59726
15232
18511
47485
12641
22752
26655
8162
55921
7070
31515
51130
45077
45990
25702
50682
41387
20651
9258
49274
31410
15272
25481
32721
11553
10832
26765
46451
31560
39548
54936
56520
56493
32700
40587
28943
19786
32184
58777
41800
27243
17182
8500
20907
35913
34881
29038
31329
42074
57032
31585
15167
15380
47291
57550
32064
13074
30812
30825
4939
32134
57983
26967
29952
33017
18984
27825
43628
55915
44892
20503
5154
49835
50628
39350
46367
47268
33972
37546
56233
8376
37627
41526
59337
30909
39123
51392
23712
44342
48693
22718
32502
35345
45628
57541
42121
12099
29286
41160
42394
17462
41413
11713
43579
9480
54533
18817
19048
29185
36045
51824
30682
13258
43198
41341
18537
18528
51691
54394
57322
42535
14234
8936
22293
21733
56206
42682
9269
7439
11051
43018
57702
45969
15442
15362
18377
36281
50230
30768
18924
43840
16002
17847
11834
27514
6159
17670
38151
14556
54922
35073
10833
47318
22976
53177
41085
31598
42828
23057
12659
52192
18262
35725
27387
55753
14116
59891
41858
8017
23962
42437
11980
46250
51879
55021
11457
16109
11904
20115
49394
6486
58663
5006
22174
24574
44560
36462
53693
47913
10008
17040
34079
18446
54195
49694
21042
8460
52438
17537
7598
34545
5163
52086
56896
50522
42314
51407
15224
59813
59995
42913
36182
39033
47831
20233
18929
12107
14058
3513
39048
50736
46682
14072
21930
29550
25174
30995
54599
6099
39529
40513
21896
25861
38923
33167
28413
5429
44870
10114
44041
37862
52591
49265
5724
47747
57013
30303
6318
17455
43860
56758
11664
56777
24117
41828
20058
51181
43780
26527
3235
38718
47873
25558
20383
50849
56519
27333
7463
13728
43214
4562
22638
17472
44478
47328
9531
22730
18881
46672
53593
50476
32340
48656
42578
42879
26715
56640
45253
29831
54218
4481
22105
49350
20569
43904
26321
15780
45090
59322
25171
48287
57547
39774
58890
4509
33765
3017
15518
32613
40663
30848
8733
23013
21323
58811
20605
52242
26747
7872
36660
17229
34101
24503
59651
52084
32451
3889
17037
7049
53283
27075
4431
49893
44445
24537
11118
8568
8455
24770
44569
39173
16116
11212
47905
6741
16868
29323
31971
58980
46953
24582
27642
21250
53275
50305
29818
42466
20593
14405
18736
47149
39467
50154
47710
55562
27458
22252
5823
54247
33413
36715
43982
37227
17945
45507
43948
26326
54399
20439
35446
57922
27677
6237
42094
17520
22051
54996
18171
36408
8418
22810
18724
20409
55038
40590
17504
38801
11307
26548
31297
11001
6881
34987
58745
5788
35557
8648
37705
18281
34887
29342
33993
45340
32597
59461
56934
43768
18422
54646
17921
39406
8326
39358
45594
14735
22602
56825
37538
13302
50520
12743
33116
28496
5825
29304
10111
44466
15172
4561
13493
38371
47985
59106
34034
19306
48022
53185
45928
10907
21362
11234
11744
12448
49647
14214
6076
55749
16400
50024
58254
11619
8384
7763
38791
34424
8261
23782
20772
24884
12812
45489
41115
8142
39871
20524
52860
21840
7160
35915
33574
10568
10883
22407
21225
47334
4383
43361
48583
31880
25222
11345
7568
14269
5656
49042
19446
9138
4038
14296
38776
7537
49212
8200
59195
46028
52318
28808
34796
11154
32455
26729
9532
50752
35776
48059
3292
46580
24077
46880
25867
58863
24310
32909
32703
17389
34588
46357
20198
48165
49187
11580
49848
14523
48502
56325
25474
59239
22186
47954
34618
53414
59613
51400
27314
37538
31491
43128
41232
45966
13350
15677
55917
37207
7864
14690
22244
14472
42779
22769
28979
24451
30176
35308
12942
44087
42709
40809
23138
20520
16804
51484
50735
31367
42815
41271
4467
35844
23173
36681
22987
40010
23456
5461
7026
40007
46380
25705
57663
48453
3969
4292
10625
56973
8450
42441
19473
11004
44575
50381
26739
