1043
45935
24483
8117
23524
16039
22682
31195
37272
9099
52444
7015
29322
31116
36608
8829
56575
14459
8676
30738
8681
24601
59919
28812
46734
12611
43702
15659
14842
7627
7426
4834
11598
59075
19758
29556
55848
35971
43370
36190
38123
7163
11826
7967
11756
25266
35110
53401
36328
43594
13240
5481
11435
48555
16618
32636
36393
26357
12176
35739
52779
35252
33437
46203
56337
51869
23820
51101
26248
56793
33293
18452
17086
7573
5392
19638
33317
12101
50706
20339
40778
21620
23501
49023
32585
19808
37384
8623
57610
3725
36105
37138
38548
56299
40236
41535
25097
45506
50988
46106
6144
51536
14061
4994
8757
32527
39939
26401
29158
7036
10487
12803
14819
4733
44700
23814
6848
56729
18980
36441
11784
39252
11041
28910
10589
43506
7971
5782
19797
35541
26184
29722
45834
21373
34526
41608
20510
33948
44370
7526
33813
41553
52370
4451
49079
27592
53529
26737
24671
4578
13961
29169
16017
46771
13784
8717
16066
46277
59309
14765
40278
13718
52187
20105
15747
13634
37782
46269
6895
38269
7555
15498
35302
20108
27154
10871
51571
53253
9753
35855
38714
18017
48163
14777
34559
54704
42174
27751
25147
6557
34698
9285
45037
20254
20319
21880
18261
32179
28190
30060
22706
34600
45259
31481
11948
20132
54427
36919
35326
53388
26954
14982
13144
30287
42657
11979
20653
55861
40308
49002
58688
29410
55790
44123
13832
32238
38402
16993
53994
57534
7956
40919
29129
51649
29781
21745
48840
45996
59020
20943
25855
14797
20826
44623
5154
59277
57693
28520
6325
31600
36867
44287
57999
43360
35941
55569
19492
54106
30240
41407
38757
53623
6759
50573
51610
35137
45999
13570
24518
22158
20311
42861
9399
18944
37861
42159
19196
44285
18966
36482
36276
17407
27653
17775
22270
47333
48290
23469
34638
26222
50705
19516
14886
51679
9004
17177
33861
45889
18062
32589
53443
8532
50957
3138
21474
39806
50720
32630
7091
34697
43051
35015
28320
30649
31434
26465
10547
49958
49402
14493
42828
4257
59302
17389
32805
56460
38954
29174
12029
55156
27935
54501
12903
45060
29540
40386
22446
10377
56197
40065
55818
21457
8256
6756
43940
39740
34566
47165
6987
30348
38210
25151
26234
25605
17772
9678
36118
20156
10117
44292
44559
21250
54951
30477
27030
57791
53348
8112
38615
30924
47244
37276
22660
49939
37653
58371
9131
35237
48888
37484
32190
45687
21395
29633
19721
34556
39575
33253
20806
34417
10958
47246
53179
21958
16701
53215
16290
34961
49839
6099
31741
34742
15075
41596
43595
8606
43924
34137
37709
32169
59366
13562
45134
50301
4764
41838
48836
41424
18908
22786
4885
44830
29851
3069
33985
4275
26950
11490
49631
47608
37021
37754
6453
34244
6006
21258
42590
41847
58884
10627
5437
32927
40929
44492
40167
15706
5333
55965
36728
31536
58447
14767
51155
18676
30746
47197
40100
38022
19763
48101
59359
53678
9503
42667
18342
39650
10709
33962
36150
13575
4020
36322
15524
29937
21887
12814
57599
51640
57526
25976
15181
56760
4483
51552
56452
50568
23539
20730
26200
15565
33892
58548
47892
4457
3033
31117
8864
52348
3896
38521
4483
12774
48532
20349
59436
45019
52995
41309
24233
12189
35836
46961
39512
45004
6313
59324
20920
46432
22290
17782
46767
14208
51095
51470
8306
9115
52090
3032
10330
7549
33027
59990
42112
50611
45127
3393
21564
59909
25906
57889
56289
53926
15032
47916
38291
31944
24136
24001
53890
29854
50902
19512
48686
53992
18800
33602
49382
27747
10713
47169
44154
37505
8830
13010
7736
42073
48244
37987
34203
19697
51316
10862
23556
19377
54532
33998
44011
24229
24534
30625
6535
37078
30048
41502
11775
59637
56350
53810
42960
17509
47330
17844
15333
8494
10270
53585
11104
31437
23350
26579
43229
35161
21011
28677
13990
19620
29610
18338
35626
52141
40639
15079
23161
24932
10327
56397
25826
43882
21146
30857
4601
28972
43201
57804
11942
35656
19630
49115
32127
45519
33729
41329
3641
23701
13387
46778
55606
4294
24052
43147
56863
39996
12490
15446
58015
21352
33448
27704
40592
44609
42819
7977
20662
45347
24676
27138
12999
52055
49061
51943
6587
56541
3993
43966
54553
43545
15498
19139
49135
5231
40028
45211
22943
56135
31264
40337
8821
53897
4753
42222
49357
44377
30251
42265
24739
11009
7704
21504
35940
39475
35621
8501
37584
32365
54445
58271
51770
59610
50972
57917
14095
13888
6526
16121
21971
59438
51154
57941
47334
55994
54425
35076
33902
24285
4277
23305
59081
31549
16598
58889
27072
45716
27236
30357
4683
58774
38704
18628
47515
19670
6199
47487
11565
37455
14098
45274
46378
7872
57566
30242
24391
16317
4750
14584
34155
50569
49742
25028
4441
22069
17110
57843
39073
12948
17007
40945
42012
44466
29761
48748
18703
59854
24191
41594
38749
34891
59058
44966
40546
36364
56101
14851
39453
58114
30034
18318
41009
17504
5028
5439
56689
53781
39317
17601
50229
32109
6936
55834
58347
5909
43060
12995
33235
26023
58932
27872
23816
57464
52460
18566
4059
53460
50897
22765
32505
34434
33452
42232
22572
52098
45552
51837
42053
50840
51215
15801
12908
16937
26638
5773
4073
44890
53634
8586
48673
35578
6245
51974
59395
10085
26292
45429
26516
19417
51614
43024
48279
45242
42251
23462
47263
44157
6926
38956
46298
16871
17591
13613
20336
26773
18931
54639
26378
44029
53762
13206
3650
18842
5232
56184
20209
42101
11958
17363
53129
13338
39227
20753
41162
22404
41228
21822
31545
30430
58232
33902
49323
44833
18865
41324
49736
50148
49208
23049
52673
7364
38752
58559
11876
26837
56485
40131
57739
42789
47449
48144
31426
5331
50362
15721
27429
44084
12323
45493
45570
15072
40912
22092
34792
12254
50418
7299
49176
15915
7516
52313
11272
52226
12925
13895
22171
20546
37589
6804
51663
53021
31669
43894
38425
24220
21103
35021
42491
28645
50462
29210
11195
5597
18131
37916
50851
56492
35894
31941
48138
42427
21433
37929
50346
55447
50016
25163
43441
3787
40697
36209
25122
35774
43070
58544
22655
49034
33558
16258
31645
14509
45308
31633
10049
23932
37323
21585
3317
39108
40868
11443
16933
38471
23436
48046
44216
39197
59735
39368
20478
43689
6809
47303
8515
34049
44901
38316
4286
55438
57666
52929
51905
3229
16561
51436
22106
53160
42313
6372
28669
29377
28691
5854
12633
41311
31899
57385
50164
43124
57485
52923
6992
54902
53117
28022
14024
47362
50482
50358
9491
54390
34097
17389
13440
16074
35218
29457
43608
14154
17433
50177
29918
39182
6719
9262
45810
27872
40357
10706
