485
39637
46618
42468
28179
29741
13519
27986
25425
49950
49224
9007
46903
6878
23435
19774
17452
23416
40738
14308
53539
42477
25484
49324
58344
3416
35192
29283
5673
41725
26958
23869
17796
42225
43645
47660
31914
35004
19992
22633
11809
29388
38616
22910
46733
18224
47043
10609
14308
13915
36713
32386
22388
50755
27707
29606
7507
30473
31667
57743
43841
43635
41167
6671
35024
53777
34054
19353
56024
21314
33603
20494
52591
48679
31783
53550
32484
38895
37681
26594
21441
37503
39258
30813
16372
16371
55448
3797
19885
25348
38598
41146
27923
22179
33215
29225
8830
22826
42476
34046
4978
37804
59575
24480
16211
50362
6962
30720
3060
9008
37089
41614
7223
47647
11685
15146
9214
36948
39667
23170
50371
51467
27978
17747
4541
53480
28934
20227
16973
48668
42713
11780
52820
55162
26910
28973
9808
6242
30239
37535
50934
10747
38425
38157
8705
13511
27365
8047
38800
36542
13784
28674
41584
55626
23273
3556
33983
24271
7451
48264
37631
48234
3404
43659
51888
53128
42503
44746
34429
20624
24352
4310
41715
47010
6045
12836
46361
31671
22926
16416
43702
16430
12746
6220
20416
47025
46633
37370
50090
30782
15345
22800
40442
24925
40197
6808
43741
47761
34845
8442
18720
42045
38657
37519
50012
25440
40820
48022
58738
27217
44659
8241
58061
51102
52160
21659
19734
6610
36804
14707
19177
15650
50275
47498
21625
45764
28633
22270
39558
18564
42694
18044
15685
28938
37159
31325
55268
30739
58412
53496
27384
40458
59550
20310
18828
14223
44704
18126
57911
24418
35334
34330
54167
27603
52154
26838
9041
19534
4643
32563
51001
9160
52737
25148
14270
53756
42557
41811
59641
40965
49378
15402
17668
52553
4678
34555
36967
23529
45425
31101
8104
52260
10461
52590
56309
55254
38915
18513
36869
47138
56662
59359
48470
12328
31051
9400
28732
59900
25328
7144
20738
15039
27242
25743
43947
51666
13103
27854
8342
29236
27749
8438
57905
46823
47436
30580
43186
26356
41459
43049
22907
31321
35185
16021
38724
39425
25886
7630
15317
52475
52772
7973
36791
21020
53244
24587
33665
32871
36215
9295
36814
25843
20626
17858
21217
58357
12874
43410
22842
25787
46368
15968
23267
20474
9127
6277
47780
36684
58135
37412
43870
6598
51843
56521
48956
59792
41138
5221
8898
16609
30312
22937
30029
35405
26729
58483
13913
28121
38811
3603
43469
27846
7193
36207
46497
35005
51288
30298
25138
31702
39632
14177
34221
26096
8079
33186
25221
34690
51906
50333
56837
6783
8297
27637
6955
45673
3576
44369
28982
34504
40561
14592
59623
38914
40205
16139
43207
44935
45434
23928
10225
10390
33921
4339
46773
5073
32561
28881
16236
25782
12972
19957
13648
3092
50471
13629
25756
40002
8475
11569
20568
11077
7628
49786
31178
3713
18310
22173
17476
32905
24868
13793
38918
44132
26728
25150
46227
47247
22008
48814
53896
31958
29286
15431
49342
44793
29356
20862
22633
13992
43108
57868
58374
36753
38130
12955
52276
37749
37825
11416
45655
41340
12494
59722
7008
20974
