296
56455
35039
5392
49500
12983
12137
19861
4147
48245
54853
31619
25745
54130
54728
58983
47101
13038
53933
33627
50745
32340
43918
30294
32561
18847
22565
27465
20159
8419
7195
31381
25249
24351
18403
42817
34431
57721
23786
57807
5692
48536
44480
35279
28664
11879
52221
57742
14848
22249
18949
47648
38531
8364
5388
16901
15868
39774
12189
40123
21520
39975
22253
15620
41519
4196
56338
57103
33323
22770
39131
36711
30437
31753
59763
9065
28517
54820
10089
37247
14248
46690
8732
10983
52623
47492
19641
10563
42681
10946
22881
16961
40714
32975
24181
12718
58920
51522
32870
45042
35934
47809
9766
19216
48246
46215
50822
6132
53331
4556
59990
17543
57771
12413
53050
45468
53059
37792
28037
8008
46573
19974
16949
40709
35024
12658
51742
31938
30801
27633
41754
13852
7241
41491
10430
57772
18513
47574
37398
23852
29951
53138
26541
5271
3857
18880
12157
27802
50652
28021
4914
57188
22197
55022
29039
43499
17528
33953
32892
34005
48616
8593
22839
41876
50936
43205
21548
7241
41296
15716
23732
15440
13926
51218
17395
56662
24026
13768
23635
55005
42154
44004
31346
47454
40302
39834
41704
57458
4001
37730
22987
41243
51997
26719
35773
51056
20935
57194
3983
55126
29342
27064
32552
54147
59765
13928
31386
11295
20013
10613
48396
14430
59810
12943
59155
36219
11760
39438
34408
45866
29144
48390
7870
38398
51730
35832
15536
7473
45239
46980
43244
54861
15023
55665
9551
44967
39502
33462
45391
25061
17126
6750
18445
31339
58071
48053
50066
14681
5011
42416
13386
17524
34897
7584
22992
6886
15993
28975
26845
15751
30127
33537
26648
39997
21065
3028
35702
31950
38178
10885
38251
36724
55611
39994
59422
57180
34541
51861
21242
33405
46829
52666
18517
37337
5497
15841
56642
24318
40224
36982
9069
42682
22112
40059
8993
51435
58426
