726
16978
54773
3363
13621
7430
52131
42677
17531
21805
22327
3341
22832
23314
51763
56118
30146
52592
18289
5375
9956
33947
15867
56652
33017
32442
31863
26749
30633
3079
46232
25522
13093
48782
25628
18960
15797
14424
19283
58135
27245
34092
9621
21952
34235
29589
49567
47239
51076
39023
10172
45902
57261
10702
24216
45408
45624
30440
41216
34357
3319
42382
18850
22289
5932
9172
14939
10723
47027
30122
46516
3244
49980
5673
20973
5317
35582
5186
51805
38163
40544
34054
8600
28606
48067
29864
45574
10896
12976
10008
34864
26515
31042
47488
12506
8401
6632
25669
34089
45336
39129
30539
53960
10037
30494
39253
42425
30081
10717
7448
51437
44191
24412
5939
15071
56948
42352
23725
12371
55054
26160
39416
52399
8536
10301
15751
46681
42855
47027
18121
9331
48718
36157
33280
15957
52546
11897
54413
18157
20426
47833
5496
13200
19630
30822
38680
45986
45400
42703
34539
34087
31708
32337
15649
54582
50095
52169
39429
39029
43986
35765
25897
30202
48978
38369
9661
58093
52052
46233
6370
28529
57155
33147
36323
18741
5057
20265
57524
42673
43738
41795
16915
56933
50529
25425
5005
15581
30024
40485
39380
30200
38226
34862
25879
28088
30531
53983
16618
37634
4230
56935
18219
3399
34426
51879
19542
36446
3861
27373
52297
48494
25042
59398
30860
15052
54303
8534
27657
52535
31657
16335
54519
52168
35666
37965
58350
57586
59338
55986
28128
14908
33974
24015
40575
18462
48714
10674
41312
53534
27821
3727
40093
52212
37076
4946
53435
22908
58945
33469
51622
43838
9646
30981
32177
45003
44692
47226
40371
56376
35314
29505
55708
34421
46984
4412
40433
11491
24337
57738
25775
49370
47869
5821
32781
38202
23227
59414
18299
11110
45281
10541
37008
35416
56271
30134
57891
49716
6202
54903
41362
34769
32983
7185
11441
42060
10210
32241
32607
37140
30726
19333
3058
21325
28428
15338
8707
25099
32110
16422
37685
41342
18242
15581
51445
3404
18820
16070
16776
21417
44036
8806
50672
54331
50267
59929
22780
29753
36955
30728
43895
53415
38083
47283
21385
57559
6794
29425
45399
37633
59868
25810
3206
32156
3560
22438
47967
5515
29640
57733
35645
27337
18529
5532
17633
42103
16050
37806
10833
53441
56059
18447
53600
33792
31808
29124
9414
58063
56267
18473
44037
21999
38952
44883
28507
40988
18694
4541
45696
56536
54862
16273
42412
11648
28222
17827
21105
40255
55631
44201
4211
37216
6426
3181
59435
46276
23540
58087
14177
29267
16935
10728
55739
6300
39787
38147
45608
20856
16712
52407
42247
50787
35785
11815
35642
34573
13963
56334
19169
56549
8096
4389
21406
39548
35301
43093
25501
52886
37311
15526
49724
29214
5629
29344
30390
26490
50883
41976
16669
15457
3743
51157
54085
31368
54446
17893
49161
56660
14815
37199
53707
21731
44942
58907
38071
5058
5146
58380
47666
35706
51743
19633
16338
15455
35175
13432
24325
24999
22607
37199
16423
7282
55287
24753
35730
49613
6169
3130
53579
5822
28826
54035
54438
38168
8503
15943
55509
10592
12554
49791
6698
8484
32553
13785
49132
19589
9191
49901
4295
35578
52724
26050
53610
39596
42878
30816
10371
32298
7352
34612
37946
58224
10997
9935
24567
18791
40870
41488
41519
15161
37532
40385
24889
38616
59529
22901
40948
53709
5738
21887
44914
58816
26724
17851
10451
16554
40981
27967
42521
48896
16978
8754
15396
27768
27416
54922
33013
8017
7480
35455
28775
54449
40287
12289
37834
44681
51789
37906
45902
22480
51844
50964
42833
5087
28603
52061
46682
38814
49821
33002
41685
34736
40326
46257
48549
7943
15558
3086
19509
12591
8016
22895
56111
4969
19932
51130
34637
47825
5889
34414
5097
42380
46487
53807
55086
45467
41215
11000
24491
31493
30749
7690
20771
54647
29911
39205
16062
7655
45777
16767
11348
26241
48279
22045
46130
28020
26394
19131
9785
21763
11936
51751
19661
36585
34991
38605
31137
33764
28646
10832
40533
46395
58785
54876
5667
56614
48282
43778
16954
40896
36472
33634
21568
24795
19526
7941
23928
39611
46779
3949
27417
11765
28416
41123
39904
56382
38283
28446
36607
51373
18981
44091
5236
41519
11414
53136
10729
28094
8579
44017
33211
31439
46274
35778
44278
55776
14531
16830
11504
37091
57309
55258
57338
56638
23298
10919
43523
51393
40418
48803
41918
21583
53675
46519
23879
3646
46664
40084
25212
38336
41366
41133
23870
49978
27002
7449
6014
47448
15258
55484
12293
54080
20949
10314
22513
20076
31834
14982
22867
41055
37261
6937
5397
52332
45914
8757
44661
24935
