1529
30213
8685
57687
18701
32433
40452
49559
52305
25291
55015
40087
42106
12150
19648
47127
17594
30279
19927
12683
36762
29313
43008
19036
14529
19488
54777
12521
7303
6546
46412
42207
15845
22846
9386
5037
22933
34913
16724
5338
46580
13769
30476
31202
3455
22105
13022
42578
51440
14816
29367
51653
12600
3228
47288
48268
36382
55813
12777
57091
51918
43134
4754
12147
38714
46821
15752
22689
22304
39924
36946
14225
5414
52012
8891
9622
58382
33942
34314
3580
38597
50778
26495
44620
43477
36676
36133
43886
17449
51235
38415
36707
9897
20179
37339
10679
53765
46051
7903
33841
29350
24485
33315
33588
34062
8078
7717
37060
12644
37178
49080
11981
29812
29248
56580
29725
33847
31486
31348
15474
6018
28577
19896
19226
11108
38318
53983
55785
27148
32975
37850
21984
30002
14278
53948
56571
32774
58500
40679
48365
54843
22408
25806
44757
48722
28178
23908
16117
57078
11841
46933
49695
7334
49916
11238
28646
12130
18334
26124
27769
25561
19846
45071
57270
18695
34687
46405
32028
8887
9956
11482
34781
54407
46873
10126
11348
4283
19150
53715
42219
44910
39959
26753
31878
31528
57385
52855
47308
29629
10812
39816
17687
13842
49463
7380
57373
3103
43592
37491
41094
17935
39784
24533
37498
22012
21202
19306
52522
47950
12311
38240
59483
27281
41558
39075
50849
46391
53396
17735
14089
39774
41544
18417
56744
25218
21783
6876
30967
31762
26788
50060
6227
53227
49664
28387
5954
41683
36965
40185
7909
46754
52533
8291
56108
9557
5280
59909
33769
36473
25214
21702
58113
37237
57322
49384
56645
35427
29011
16651
13588
18874
18767
29847
20010
51493
8714
37690
27979
38746
12592
23412
13893
30950
45841
30157
36522
18865
24884
41834
56816
54919
29361
50081
28878
9829
38336
3481
54056
16159
21442
59072
12735
33339
41933
44656
51907
54522
55323
38233
8867
54158
31481
45300
15263
51552
10791
51021
10914
55009
33806
53387
36224
15477
29183
41631
46409
34226
38046
18716
48149
4485
58909
42513
3457
23719
23533
40618
36977
3661
58948
16691
8724
15074
40268
41336
34975
3380
34900
20953
8696
8982
23534
49109
57434
49009
25936
35071
17129
22968
30826
7835
6889
54138
10417
37542
55135
17133
12883
12359
45753
11989
34589
40525
5093
7745
4758
33900
53949
23776
40230
33627
7592
33001
9978
56275
20031
5419
53976
41940
28969
38733
11202
44409
23897
46245
8946
28744
49094
27551
26938
55454
48608
10477
14471
54313
13603
12514
22016
42850
4082
42199
27475
15927
54785
23592
13167
40212
3655
14072
54285
40003
11798
41293
25957
28179
20111
25173
15292
38144
31695
25823
37556
17429
41863
5374
39577
54353
13853
57711
15401
15633
41655
14833
17135
24631
34805
50515
4391
17909
8167
52059
37677
36087
20888
10116
7835
59789
10083
22542
50916
42814
21955
19066
11639
45919
38060
40057
21401
3969
33829
21835
55532
26315
46667
58911
37208
32970
35114
25048
42272
6779
5561
25268
17546
10872
22014
30956
3323
19670
47721
41026
31328
20362
40343
8040
53020
56901
17444
36717
22214
54095
22604
22227
49761
29278
59965
38634
30681
26659
4958
53508
47668
18526
49349
49808
53743
21645
43377
59795
6970
16098
30297
40606
31952
26581
7226
47694
51341
48561
55236
15208
39732
29262
14004
52015
41285
4040
58975
13725
40980
49632
40065
44744
32981
56003
21850
57244
47299
44075
46979
17665
59655
53944
11209
11906
45397
5687
4325
36029
18464
14122
36529
6096
8403
56246
26981
29853
32675
11279
25903
3341
26429
22849
50967
58545
32788
20001
33878
31519
47539
54198
16322
39160
45868
21280
8897
53226
33929
41089
53365
3972
45998
40459
29025
40891
33945
7090
26572
50586
37997
58135
26222
43214
26144
4500
18872
15710
56879
33542
55431
38339
53321
30771
38137
27321
3257
42754
44007
33931
19534
9284
15152
30948
50344
17201
34960
44581
8195
42875
40829
41035
15120
9613
45842
11401
59949
21102
55875
38674
26994
23461
42558
37964
24106
46992
57912
48042
25697
46084
9203
45495
47185
45603
13238
31572
37099
12188
46530
39314
7641
21396
53669
6787
40063
37947
49471
22065
41408
25840
4571
32783
49014
21575
55845
55310
55844
9441
50136
37690
29620
36243
30127
38110
53549
8495
19531
58032
42902
7711
7418
51919
20652
39461
37588
56701
36574
26871
35968
30027
50882
9507
3315
55786
41248
25944
35947
57105
45494
43538
52522
38685
22713
38982
56794
43720
43792
13961
25128
5805
19396
3074
33300
58219
9356
26446
40661
33707
15771
38675
51660
54591
43248
28217
26839
16148
54598
49785
58885
22113
48861
12956
18032
40740
51569
28137
36940
50090
30097
30767
43265
5466
15390
29438
34372
19947
42873
20394
27317
22741
26095
51493
44283
13849
37497
5915
28221
43247
57501
55514
33648
46977
5757
47195
14905
52094
29673
55330
17940
20647
20408
49168
56353
56147
27406
44236
30382
36132
45607
18633
28878
52294
22971
35848
11075
12136
32109
10498
7201
10615
19039
17972
25342
8605
7645
28654
15706
14258
50982
15347
32231
35947
44360
23812
33377
53758
48733
49638
35422
24473
50238
41801
3718
35730
21969
29419
51961
15071
36350
50899
23463
18681
25243
56354
8411
43905
18500
53152
39369
41418
58035
58682
17267
47998
46896
56282
18018
56892
8874
30859
9925
33321
18612
55027
27175
31663
26637
24412
24982
56424
6018
24920
13952
8083
57251
47573
44415
55664
17987
4146
51719
9437
39008
16079
42777
56226
17999
10848
48162
33423
58255
6534
20611
14019
48630
33549
14616
27084
17794
58857
56198
34461
19536
12315
25713
48773
12945
17910
46459
4101
14727
18682
49264
26705
40244
49168
14825
22972
4379
50464
50497
17300
19854
17298
18663
43409
44183
58896
43210
45541
39799
5903
44633
49224
33410
6132
52124
35915
20621
56121
32100
54874
20214
53532
8036
34029
53839
14674
22664
52585
22746
56391
51095
11696
53781
25948
25714
51243
16761
55880
12616
41855
15047
43712
15568
39189
7623
27116
39607
18755
28382
11092
25866
13123
45635
25588
4233
12899
48791
44266
15959
49432
27870
39045
13794
5442
10362
23914
17958
11377
15730
24923
18341
26537
43775
20447
32436
4839
45757
29402
39941
56065
50699
54239
19885
31056
37829
40181
48144
53331
15304
31310
20976
21750
30118
17933
19223
23206
27047
43245
50162
26348
35538
58331
29336
11937
24609
6402
31916
38345
46019
9874
45942
43883
20578
25835
29425
59325
54509
18587
40668
3475
55971
10949
20670
30637
30980
31273
21836
17045
39271
53933
22317
11838
17275
24769
7496
5648
54163
48942
54381
50790
46240
22644
11044
46824
25479
11795
6470
11890
55866
30724
51408
25201
52842
27521
21506
3947
50772
6564
59408
45459
50526
4147
41138
7812
41446
12430
13253
32866
13628
29369
7614
47734
3590
40186
42290
45611
17919
11652
8662
20705
47115
30202
15406
48996
11709
52570
44411
54039
59880
3622
15377
41508
9183
38097
47630
56346
39454
26877
34326
9807
28413
5377
52614
22590
14948
31688
58551
45469
55874
55258
47351
49264
42937
41711
42842
48547
22946
47597
24504
58373
24516
20361
25128
26527
44807
33697
4110
34910
24458
37760
12089
7085
38879
42542
36958
52037
12661
25051
42836
54181
35968
43230
48639
49123
32612
33420
12748
37794
42610
54872
44867
56924
10864
40330
47012
10223
13099
36067
35106
35167
8215
12152
48963
37355
6238
58002
21936
55163
8403
4921
11838
59720
12701
28600
44438
24371
44893
16407
3976
40583
8160
24666
3733
42967
3326
36023
53205
9416
22451
40080
42073
37734
18078
44611
26201
29455
9998
11135
39227
29776
40415
16366
56349
25138
23062
23503
47663
7371
29725
26438
27065
34977
47773
32744
31123
59997
47556
22084
38458
55028
9786
20964
32906
3635
5424
41477
54810
5118
20280
28848
53164
20997
29934
9716
12770
25466
10634
18385
19923
48870
21903
41635
11788
23790
15015
6357
6796
55014
48487
17694
55242
51933
39993
9734
42385
18913
55679
12156
31772
48702
3043
48924
18190
16184
6693
21834
46147
14752
15188
43979
15330
23414
51667
56474
3021
26963
25526
43345
10088
53875
12668
28245
26216
47821
12158
13849
52832
55046
36356
9649
38428
59305
25533
6831
21843
10888
40612
38476
40388
9833
56771
34072
24231
43118
27936
31418
36916
5413
31155
29382
42382
48786
36392
49318
15768
36165
7597
43512
55863
15088
28814
4314
50500
57201
45398
23786
52378
33403
6239
13907
44127
56988
50750
6499
45593
4222
24547
11291
58045
4767
5912
26605
52501
55395
37904
37798
55990
5244
11505
20882
15084
46521
9590
10177
49081
59596
43731
26624
37218
33140
37922
47759
31643
18638
27004
3069
8715
10569
38991
52840
46145
25848
22044
59533
51512
28550
18854
29280
6121
6259
42892
37267
10317
26053
14919
56486
13292
20766
46173
32778
26597
27437
13542
9082
11777
50043
8792
46514
20996
8550
31344
16073
57861
41384
12007
11721
42068
56418
12218
22820
56660
13132
59614
58800
53712
11887
39451
46131
31595
26120
25217
14965
34550
45333
38224
27843
46742
9105
45722
40480
10397
12999
52743
34484
44754
43874
33110
58497
43111
3517
14301
54400
23810
10224
17301
43077
20319
15401
19226
42152
3202
30907
19866
5387
17375
26899
42390
14174
40134
14930
12418
9791
41290
28792
27314
5414
19895
58027
23005
36662
29913
39616
56779
18442
6755
27390
34595
19634
5299
42406
25675
30801
44502
53659
6856
37811
17226
42640
23048
30023
18018
7100
23268
32898
43336
53773
20081
3726
53169
47427
11616
12682
45257
58279
19198
54156
8099
48361
29409
24734
6817
13437
47460
56150
42470
44549
38982
35659
59777
5733
53727
34565
46414
57294
10894
59207
39177
21387
4727
