1410
43192
20804
39909
10335
33865
30311
32652
16420
40600
20168
52324
37391
12487
39912
12919
50461
51418
39339
53799
25474
20555
58412
58565
40770
42673
5449
12671
26344
11201
22654
37857
50023
56762
15566
8443
44529
33325
26577
10948
41873
44732
20227
11381
13708
46937
17258
29118
4504
37752
27472
25037
22101
32479
59691
53209
28253
15748
16200
37814
44433
44771
59985
27992
6222
9224
17807
29983
11698
17180
59782
57383
3803
31955
19127
13159
44380
15206
54864
12717
19638
31063
37454
46441
8963
6156
7815
56176
32751
59590
53078
28137
15467
11831
40925
34561
36959
3180
30104
38233
46779
28263
5172
45788
56081
55040
24160
6855
29272
27209
39636
3125
8112
20711
10198
54361
25989
26842
11595
8885
41685
37046
29906
48861
36922
52533
6932
53028
46660
8694
41799
58181
14643
58961
38940
31735
29172
57755
23639
54810
53524
18023
49141
51838
35237
45151
46283
17956
42223
48400
36626
13031
10348
11345
43284
18264
7551
5469
37833
16891
29798
29489
51797
26621
3496
45122
31503
14862
38940
19583
41685
5216
18211
29910
41495
49228
22758
49736
7729
40891
11932
53909
4130
29949
49184
17498
13013
8258
5685
42831
19120
44024
41202
20545
17303
29076
9329
25754
18366
43083
19452
58842
7741
35126
35683
26998
50832
55509
15156
13221
48927
33140
44108
55820
4562
28145
33337
9800
47874
3956
4608
58785
42797
55702
47324
56468
46542
14587
42529
40482
38755
20014
15014
43640
53836
9786
46221
31464
48582
57793
41848
46387
47015
13753
57026
56208
30548
8931
44422
7556
49229
59355
5354
40492
40163
12176
28234
52944
3860
46283
8430
51159
58443
7739
14411
41996
19867
55785
28596
41006
29063
30536
35225
26596
38561
22476
15756
28682
22881
57046
19753
21485
36763
14998
14760
26898
21302
17082
48332
22814
18960
48410
33302
24303
4738
35150
53289
29277
12048
18737
25164
16607
10551
36298
32624
56606
58361
16208
23999
53759
38054
21912
51837
44992
52507
35384
22971
17315
34340
30165
33444
25183
14737
51764
41850
8092
43907
34788
26978
24866
29452
14459
43656
16862
49545
53371
38636
49427
36467
58229
39967
8260
57563
46676
39009
35470
46659
44056
51575
34966
10434
23894
18938
17433
43849
18933
58412
16495
52974
40564
32833
34015
7583
53336
11379
12949
33974
17181
57704
8368
14779
24161
34553
28053
9982
43862
51113
20380
54346
12036
51232
44376
56187
32355
4669
31366
54688
15387
55666
59190
3897
45273
19243
7420
50581
11475
39982
56233
14448
34179
56761
34273
55640
35883
12034
7546
30410
19423
24541
52695
42217
55191
32712
10135
43833
22235
5669
54451
58003
14646
10078
56434
43135
32610
42609
46169
30956
29116
20840
45038
20040
28912
44819
39241
59330
3818
57705
52569
11488
13012
48455
30431
9100
16892
8088
16895
24467
49941
21278
22268
47696
12123
8735
40528
29462
27620
50871
5853
49044
9169
49829
19640
49157
35639
31490
10729
11646
49141
59303
42791
11270
40852
14471
51358
28494
18052
38626
6843
38977
42986
54822
57486
59747
52074
29356
14528
53487
12838
40948
57424
56315
34497
35242
19505
17638
22823
54078
4797
37465
27541
23515
5870
50783
26328
30557
14864
5637
19686
57589
15945
39971
9851
38145
45340
49519
55290
29005
39159
30195
13987
53591
8900
16785
29823
23835
3426
10060
5561
52935
55126
31760
14098
3693
40929
30394
54978
23084
17653
3803
35454
5528
25724
5281
55229
24279
4167
53300
48732
58745
27587
56593
17643
36510
16008
37665
37736
23960
44999
27539
37066
34319
22344
56222
25017
21238
20768
20559
45555
40365
12358
11579
47463
41848
19217
12093
5519
30765
11998
20293
35727
50063
21254
43086
51523
58563
43611
14221
37103
35687
16401
10738
58062
48026
42048
57497
28002
8655
8144
33746
28929
27614
10618
29694
36938
25757
24829
30932
23985
31219
4702
14265
50725
52085
28800
14529
33627
45684
39927
52537
14674
32415
38977
48509
5321
37296
23624
21681
41691
59690
28982
47684
31005
52381
5284
9107
30723
28956
4645
56634
12434
59711
37531
16052
31764
4628
58794
5462
59866
28886
49194
29113
26814
54619
29315
55550
22211
20622
44743
3485
11562
43357
53453
13769
38511
57171
6101
44488
23087
57854
52393
12816
51900
55236
8314
32065
5643
56366
39293
54431
30395
13457
12129
9430
52999
22432
23803
55631
14252
30960
49816
53780
16905
41668
49097
50003
55158
28235
10553
59399
30360
58139
35720
33108
13242
29306
42402
17561
15262
16435
10502
42262
31657
24736
33135
55981
20323
26933
23333
6488
50862
4713
50697
38378
10382
21767
49762
36914
13567
27825
28562
52378
51680
55745
35185
30856
46153
14179
29170
31145
49340
44576
37576
59622
51315
29743
42583
20781
40822
54650
48072
15817
57230
57052
25708
53645
7591
5314
33800
11813
23794
6936
14900
19381
56265
24722
12203
28772
19832
57420
50878
27814
17979
6245
9590
56506
49271
42396
29377
9845
40801
40190
14925
50022
45563
47208
14848
55636
27003
54898
48405
18522
51999
51560
59939
19008
37093
53745
57566
44112
7495
16422
48741
41941
53479
29392
42233
54246
8611
39097
32870
12470
14093
24958
28535
24050
51943
9226
10366
56275
7041
25837
12463
27150
48245
18165
15828
5154
19860
27106
8489
55292
42670
51574
10991
28217
26216
43332
42478
56334
40115
15091
46333
3181
9004
40992
30988
13454
48958
38080
30741
39189
43494
38253
43549
9248
31982
58957
50918
19251
50803
47443
17444
47030
41854
47874
8064
10073
43154
33872
18679
29406
8987
50057
21248
38644
55386
9076
14652
53301
3846
55969
47061
20061
8564
56920
31267
22672
49002
17853
8618
53301
41865
24062
23650
4635
25393
14839
10456
48838
17564
16876
14094
22803
9638
8154
24564
55962
33107
11930
41113
31454
19354
29201
17670
40376
52951
37025
18284
49414
36688
13216
34746
14645
29299
32739
40242
25225
45871
8385
47386
33241
7860
12061
34427
26069
28677
36700
34084
35289
9606
50737
8320
46487
20033
20141
39022
36883
37129
8538
44722
34162
25728
20049
55258
19976
15509
45175
24145
51160
45680
7450
38310
10070
48939
56186
3924
53547
4981
37420
35236
34080
40234
14061
39514
28644
40920
51092
59794
42266
12112
55758
56770
13749
32506
47317
37094
27013
43377
19942
33833
20364
23448
32038
54937
49473
17871
55477
48262
7428
42904
53952
41224
19454
53495
59859
20979
44935
12916
23245
43607
56102
15395
56260
55617
10387
46448
21508
50149
37981
55797
55115
21946
54218
53005
18642
28445
9597
27864
58870
42008
38885
43152
59611
47047
13185
11829
26729
8269
3024
5863
43249
23753
34311
43625
33841
58875
40501
51294
33068
15442
26131
25668
4881
24175
42225
55214
13345
53493
12206
57841
38577
35803
37059
58529
50976
37975
53552
19140
46441
31894
24647
27951
18965
22734
41103
50986
36221
47762
22371
26152
3472
43905
41333
44867
9328
48264
56455
9282
57161
37531
48708
5985
52971
55729
54274
41419
52725
39498
10275
31863
17032
31784
8962
14678
19977
51788
54665
55717
24415
51438
45286
18905
12487
56916
17776
46561
47106
30786
14367
56440
54265
13177
7164
12401
58985
40218
33118
5046
32426
3787
58604
24196
20334
20627
26198
35180
22408
6000
35905
15257
22358
52948
57441
10124
19031
23217
10332
35047
33036
13115
24012
22064
46889
28410
19875
21506
14549
25628
5396
35769
32578
26689
55837
27721
39683
28622
35323
19775
11003
30435
36821
58989
26050
9075
45381
19529
54094
53020
11111
18923
13615
30305
58420
25562
47760
42300
42928
37891
28221
48264
31243
35301
44575
44223
23971
41570
24562
4395
58574
9598
33268
18358
34559
24665
54602
22718
35533
19184
13605
20886
51627
23163
55308
13129
46525
47627
25881
5923
38717
41075
55062
29099
15350
44216
42686
23820
27147
56825
47618
25585
11503
20077
59323
48584
53081
5613
48233
18758
12956
35285
19230
13275
29567
18128
42830
22683
46388
45558
14030
3680
23127
23603
35974
27354
4952
16434
43177
4302
34424
33824
38134
35856
13675
32543
48487
14900
54502
30849
41816
53140
35158
6914
23092
34075
12214
49009
29419
51809
10857
19628
56030
49696
9565
8446
31641
21633
37972
31926
58995
56527
14989
9446
29510
59050
38614
54943
26564
28568
19353
30498
57874
21888
32623
37577
24308
18675
54615
23150
51320
14048
20685
58984
16771
20019
28097
48604
36100
52472
58955
21842
9534
20534
58317
18287
35160
32038
31813
3275
38929
5379
19439
26100
20605
46029
35626
34194
25418
59534
45457
18626
35217
33502
15793
15716
36436
51367
30382
56600
32619
9575
28619
55028
6315
59885
9755
14496
22031
19485
56651
4526
7855
54941
4810
39075
35401
16948
3488
38312
52337
45620
48725
57310
25551
47945
44484
45517
56749
30887
59401
9786
38642
50774
26304
29996
51929
13630
4926
22819
25642
52619
31413
36214
38253
56419
42884
49974
7201
48348
42387
20348
58484
50993
55715
26070
54053
48684
26866
26589
44463
32308
4253
