1767
15005
18789
15867
6192
34941
55961
53002
46555
22191
57913
43453
9163
12404
19254
9113
37505
15159
46745
13609
9459
30263
15190
51889
24770
18612
51734
32766
24339
38440
37218
18787
15780
26975
18062
27205
33949
54198
38538
17517
13590
52332
54220
57279
23662
22320
40263
29526
29786
13139
15880
36083
11103
36461
50946
18001
19884
58382
41876
52329
7742
10272
51464
24738
49902
3850
22452
44564
30957
37947
29542
44876
18985
18421
54430
7536
56975
3735
34983
7802
53606
59028
10301
54615
42811
16961
3774
30036
32207
30064
50034
46135
32075
20140
29893
33164
15685
19027
40480
43963
50166
28025
25992
54866
29718
39118
48458
56403
44115
25851
26965
48823
17657
3714
36710
39797
10710
26074
18781
43584
37300
35753
28606
28299
6051
4682
10898
31283
40667
19454
24324
54139
47893
49335
57904
51961
50893
52556
53357
41708
41825
35934
22706
53641
37327
25294
23810
48436
48601
5973
41954
37643
19227
36644
3938
33429
10630
11928
34604
11833
27464
16903
41784
49376
20492
21871
4754
42862
16971
47102
47104
44310
14689
45604
54039
39012
18897
10717
21700
48248
43401
23397
17876
20149
43699
24715
38534
19113
28752
55583
59248
31203
26397
32567
57011
22452
25705
23317
30515
57376
35272
8874
12424
54210
36231
42415
6656
7990
27554
19425
21740
58599
7689
30168
3741
53918
27130
35542
36754
24723
17195
46143
35211
57273
52283
6609
30434
39204
12001
13710
33532
41632
41402
10885
31112
24463
17968
54713
4475
34743
23525
19245
35367
20192
3351
20099
10730
33919
11421
48613
24333
9046
18462
19164
27520
44560
12299
32055
48121
24035
22111
5931
52285
12405
52945
10746
47717
25484
15970
36342
52416
39377
5845
59608
24232
12983
44409
5840
45730
22143
25887
20756
44262
9284
44742
29758
48573
7460
21728
24299
47231
15771
39795
17485
28499
36841
58991
15825
50831
39769
23547
25263
48837
8995
28997
23916
8365
40807
14936
24150
45517
3974
24485
28918
35806
50592
28343
25499
18162
38423
8638
37763
5553
34220
30663
3265
37197
25849
53053
3954
30508
14085
30421
20692
10110
26507
36155
19522
58882
41308
31599
48908
8276
30965
29147
29556
52540
3325
52004
50101
12867
47989
17192
46449
25973
18475
42561
4336
37010
38343
30307
42028
4071
42861
3992
59166
15811
52874
6202
7820
20220
10543
51388
24642
36902
22609
39570
56063
25321
24292
41541
37256
35660
20638
50373
8088
54197
59764
24397
42177
42822
24303
16181
35053
39885
20791
43575
28004
3430
14046
56357
59966
37898
21964
22575
7299
32395
50445
50959
55966
28651
37989
57233
22708
16968
42871
8043
54263
11553
51019
10528
4196
49462
52796
50125
30257
10035
4440
18999
56833
33139
30511
49542
42204
30974
39227
15896
25765
43418
17666
17246
35681
55703
15141
5470
29268
47978
23773
43292
32871
13826
4713
34862
9459
3577
4755
13838
42842
9010
44687
7900
4934
34965
28260
23905
20438
29521
10526
10379
53046
55400
8883
49058
19596
43217
44204
22964
41931
51146
46407
51096
55105
58356
36967
32450
31112
18263
12420
57928
44889
29042
28027
9710
59906
10013
32959
12446
23622
53273
39462
17338
45485
46443
54711
57093
8260
53074
39452
39620
57821
38261
57672
22579
49302
6521
43072
31905
54910
26671
46736
38956
6164
21234
37719
19018
27640
9885
43332
9553
45089
11690
12823
13220
39027
5174
53921
37537
37603
22958
47576
11127
31814
16166
17832
28587
45357
16681
15247
44648
26468
20058
13887
38744
25104
24488
44038
29137
17177
21163
54463
11240
31673
16252
51728
45247
21160
4776
52529
55667
42153
21136
34947
17486
56615
27759
48437
16353
39406
34577
6646
54042
51711
31064
8752
53944
10567
52006
19219
36873
50619
29576
27326
5268
15764
21244
7735
46804
41373
57244
19463
24072
53704
35755
10266
31707
22014
21432
47821
3505
59052
33961
53384
7158
36150
30634
31427
56927
58233
19059
18431
28519
19243
28071
45331
19151
25436
24565
49971
14955
24602
20243
38520
17879
36201
29137
23723
27411
45394
43882
4595
37298
59004
29873
19179
3569
36284
58592
13136
5755
41924
53762
26485
14394
10153
7061
5824
48152
31828
15969
4928
58750
4428
58991
43611
19695
50697
45867
45023
12432
53639
24325
30471
22205
50624
28351
51862
42938
56887
25668
23753
50551
38410
53209
3217
28723
11260
5800
46979
45692
45268
19774
39743
29511
44132
53296
27160
54830
56173
20082
42483
57377
14834
52447
14206
44846
9272
4990
34410
10417
28565
55008
33759
3133
15020
3818
41825
5419
5717
59756
54237
32903
59197
57715
23770
21841
45805
30493
54973
5745
57935
7139
23189
15282
21200
53997
35132
33498
28960
50208
30285
15253
17717
42468
12440
27606
28235
40753
59760
52203
20911
5788
38284
57758
51949
33964
30799
28074
9138
18731
45692
31148
53305
20696
48432
36515
30612
19269
40957
19435
42843
42642
40372
47373
5912
47197
25012
40854
47806
6301
21053
8552
28005
4873
51052
47308
34723
55732
50389
29820
30050
55591
7305
25270
57401
47823
59483
28827
51169
15522
21817
25117
50539
10159
32604
57302
16426
36901
52653
43114
22912
52373
58854
3359
54730
46977
38951
30399
14218
13515
57570
24500
51713
59749
28247
30440
56132
3665
15619
41988
32953
41343
7915
45538
7386
47738
24470
38961
59050
43456
8405
28928
6924
21948
55978
11404
39829
43395
6833
13662
46199
39542
32949
8048
52058
4288
8843
11571
39242
20156
32769
32165
23294
34309
58094
38838
33813
24958
13289
23561
50029
49641
32454
58076
17830
18100
50887
40715
28961
51502
38362
6824
46894
12034
12695
22923
24194
34938
13089
6382
43396
29016
18152
49151
31178
15634
29349
44439
35163
24500
56337
29331
36791
3024
7392
19925
20790
3554
27770
38273
48139
55867
45090
12720
23896
44179
46011
21294
40962
32077
49885
57711
12147
52900
31055
10952
59720
57297
51171
48128
42358
46589
27134
16624
33465
6827
28743
44916
42582
42615
34972
48283
10191
5149
23035
32104
55730
54739
4687
34291
36208
28810
34517
32775
25541
33116
13583
32323
37504
32127
15038
42144
22005
17192
47117
32436
58665
44924
26519
41542
56452
23200
15286
54297
17925
11258
44282
51109
18769
39077
16689
26191
29193
16830
26955
43230
39418
5910
5958
49413
50856
39122
7882
8808
32793
18106
35055
6039
31687
29791
41954
28432
28356
10737
7011
44701
13237
51785
48269
26409
52018
3717
37715
55274
15636
20062
25317
38591
24865
31132
51675
26462
45520
39738
26642
18452
27681
15388
57573
26116
41185
23648
24104
23560
59476
40880
9800
14797
45824
7028
37218
24409
42402
50660
49644
52567
27784
53543
16610
40160
51914
36118
32303
20707
47564
18617
59578
30374
9661
50660
8934
35646
48999
28744
22913
9785
32810
30918
54495
7843
28590
13733
30250
19048
18203
28532
30749
34240
27979
20046
48056
50283
45335
45322
17084
25362
21636
33481
12425
38231
5308
51692
16978
38188
55796
9943
50901
23798
54603
9362
50902
58308
47286
29985
36814
10364
7984
53503
11828
8114
33884
44434
30922
28116
35972
24349
4430
52565
17766
49106
54743
16934
42946
42588
27795
48491
53267
38201
9940
56280
37232
26476
43530
54218
59938
28115
54860
41265
5376
50455
28027
22012
48658
9235
21033
5526
23500
54782
28158
28056
26508
18951
26802
41073
12826
21127
39576
38416
36164
9041
48990
59453
18816
55262
36479
29742
7517
47619
48452
5368
19638
7802
41513
33062
48153
7319
3658
31734
51953
39516
31421
23235
43710
38559
17819
58488
20678
37630
37297
47226
43118
44780
58174
11517
34034
8247
40084
8500
4439
31789
54448
19647
22935
35861
54713
51826
31281
44920
11639
24661
32846
36132
6860
31126
26202
58809
40946
51794
44533
23158
44718
6281
40565
17896
30319
57835
55063
48825
54957
24408
5735
50314
21354
38810
14924
36958
20143
38599
52291
18330
5943
40045
59037
11522
4476
22911
22989
20592
52850
14284
8384
34912
33004
45949
40788
47548
48907
28034
26050
8873
30953
48392
10998
3726
14567
7666
32022
25192
51023
50470
19406
47672
11877
22749
9625
49641
59858
14179
3414
23932
9912
49882
37650
35167
53276
32490
3938
59642
15696
56627
45178
54092
29938
32544
44389
35228
43703
41522
54280
20900
57559
41741
10938
5557
57648
51333
35586
31431
11895
21314
49845
14205
32212
18490
43585
10471
24843
14470
20152
21660
56034
16234
25181
29013
55419
44347
17311
17866
26126
43032
56145
44873
42319
49070
59257
38689
19615
51815
23058
49078
30965
18543
51704
31030
35558
34961
33313
8959
8359
28474
47604
49342
27116
46823
3352
5300
51029
23204
56245
36684
42060
39453
44400
39810
54527
18842
21929
47486
16383
41163
29978
3956
36789
10069
46102
50542
52507
35023
12203
58332
58504
48572
33876
28243
55137
23686
46924
35298
52477
10451
42214
53883
58713
56414
8441
35440
34757
44260
55045
48494
3904
46939
54166
43725
21595
44037
21718
42306
55244
30321
38347
26117
12040
3352
54970
43972
15139
7450
37754
32664
41746
41765
55625
42198
42060
15113
36341
48092
14907
16698
50066
21131
29611
31476
48560
56288
6235
49533
53488
48583
27353
48797
23745
19889
7722
47982
26720
36158
46712
21394
3605
52763
57408
52660
57912
54558
26346
58423
52785
38247
33454
30589
29469
31172
8047
19607
8938
51336
56577
5392
12219
24450
55735
30896
33577
19145
38545
45629
39165
7550
27013
56396
8597
30998
37539
39080
41636
27068
50787
46997
3517
41591
53547
52752
59238
51610
18942
31653
32638
53382
7293
10443
17967
21980
49774
33845
57166
3251
43442
4240
20476
29994
6999
5648
5849
56352
50012
23943
17177
28784
46670
42848
19933
33048
59318
56811
50607
56755
43067
39219
37799
35667
28972
33816
35649
10881
7324
5868
27086
34144
44742
9193
22615
32991
25284
5746
22135
5160
15109
14989
7263
54129
35745
5049
34503
35951
28079
10439
47831
28290
57125
9635
26603
44460
53972
12649
50304
27589
29375
41468
46848
17206
15141
44736
6163
13971
25290
5001
12323
19754
39024
55183
24562
31102
37200
3084
52176
7327
36139
48934
39090
46097
34127
27316
32082
26823
59357
29048
59991
23309
56595
8059
47906
56381
33850
51875
48424
7662
4661
54643
50700
16390
37234
17147
23673
8997
56593
25622
46885
24967
53065
58656
57689
41705
3732
49110
17715
9760
39596
46091
56099
5007
54386
58112
51176
56958
58443
48484
57031
58254
4354
38050
11249
36317
8584
15634
39594
22288
58679
59494
57609
35390
35521
15588
44082
23689
42491
40168
4521
9386
20039
17610
11306
42167
20416
14001
26447
27293
33606
6686
36355
50307
37561
38435
41028
9286
5899
27693
39730
59088
53023
21493
57449
24700
31153
23958
22807
21780
52403
51914
22580
21590
40161
51196
29721
50075
30261
56455
15448
24180
29718
31169
55769
17797
39172
42540
42711
42974
12329
3510
7002
22952
32880
31257
4992
39180
48495
36197
59094
45084
17657
14638
53741
19615
5007
45956
55167
56767
56833
5248
10360
29131
51999
21565
15941
34248
23900
30417
54135
21053
34123
10523
56380
54577
54628
27228
34960
29647
43919
18696
15351
31387
19092
52540
43493
53251
6246
30738
31820
22583
55378
40410
46513
16450
41383
44490
17269
59830
7217
