289
21274
48180
59344
41502
34342
27678
38239
28882
14728
59428
33816
35525
17842
57188
48783
26422
30990
39915
22951
58718
51600
17952
17516
13095
3360
43663
15645
26868
55055
45911
43130
18518
41492
16563
24136
43673
36178
33733
18058
4388
20205
16049
32126
22153
50729
57564
28294
23121
49372
11279
17826
9599
47496
37470
8138
10286
52888
27293
24262
32134
30767
5859
31609
41084
48307
27295
57683
27020
33228
58008
45991
31605
22424
35635
4831
58663
53109
22278
44059
5233
12562
26859
40085
50300
14059
59723
57285
17644
46298
32132
44829
55612
9226
33785
7888
27329
47441
58076
49676
21007
8209
19340
22209
11560
51650
3779
42315
27953
15380
42546
3177
35315
22398
23672
10587
47295
43048
4063
50507
13744
19646
12273
7659
19449
14384
23445
15057
23024
8886
25186
41676
48390
43177
3762
24672
7528
51287
27213
12705
11845
20719
37683
43957
14018
7540
45501
42484
9269
39102
14521
53703
22421
39388
30782
33637
34024
22011
55305
30830
3560
11006
49949
48432
56662
39083
54425
40127
57461
28103
48560
30890
39750
48453
47514
30313
43475
45108
44010
29694
38447
30177
43228
38351
42890
30372
22763
8115
33627
47898
16973
5841
30108
11275
14161
23755
8989
38255
28127
17389
58968
11685
7016
7508
27961
58130
31351
15758
32050
46734
6855
5058
46629
21729
56912
48839
29197
53384
14909
12580
32227
40546
50297
58876
30951
15037
36315
36777
27820
17378
38988
21515
3924
25499
17655
4726
59991
36469
31838
44390
13642
5753
54416
6092
14829
19319
12542
51480
44214
57848
6985
12661
36961
41211
4320
40867
18700
8342
22351
50095
43003
50749
8555
54658
14849
4436
3242
32349
45299
30289
32192
33012
18275
16104
13128
3834
43235
28850
49335
40421
42261
22138
52005
7640
53447
5495
45085
23359
50800
8115
