98
25013
25757
54427
38310
3652
44007
40159
34695
45552
26555
45203
14449
44329
38017
23447
38200
30045
15479
34128
4827
36570
47470
11483
50625
53598
53864
26195
55448
42091
13098
29354
10366
31163
44784
11405
10110
27971
37209
11199
35108
39753
30495
57473
36822
46997
29849
17589
45511
33444
34112
52309
51957
25951
20589
56835
9834
35940
6930
50444
14449
54918
53574
6535
45788
49374
39074
16479
34936
45401
17108
15747
22436
13979
38864
32580
16211
51636
50280
47557
3981
47030
40693
27867
26524
13395
6225
50493
51750
26161
33222
7737
40614
50112
10768
6690
45268
26723
18092
