888
21396
12656
41241
8502
48888
23126
7528
9954
59536
34130
14537
19993
20382
41320
27822
30274
9700
32533
41260
6855
45396
41770
24604
14260
22461
52612
17829
57444
47718
23534
25234
12588
17084
3645
55591
6223
55960
26553
33503
32104
34573
48739
40070
5598
27309
57565
49535
34445
46074
50954
50049
43825
14542
4300
19208
36822
36084
43948
5121
56780
3504
7292
16490
8240
6672
27122
16660
4075
39500
40277
25200
48229
53570
51837
3392
7301
49010
3637
28308
50028
18873
52639
12992
19307
54104
7126
50241
6977
33529
27705
58173
56155
49663
43789
6643
15260
11437
48149
34709
40727
10941
18479
51518
4888
33757
17124
14429
9973
21789
30752
53915
52944
39829
21043
50865
44083
8235
4146
44386
41374
55041
34985
32855
51804
35667
44000
14904
36012
58885
42023
13665
21103
18022
24129
48295
56721
51776
56004
33218
44007
31939
8460
49680
17572
43289
53446
57408
36525
56249
27328
45926
55701
52922
57520
40184
29049
50760
35706
23018
53167
57099
46943
3481
57949
12286
57201
16299
29035
7051
15840
20382
19309
59177
17080
27725
59723
31985
28455
12069
48236
44202
18531
54018
20476
10520
27301
49297
50405
54845
50566
30855
36336
15680
15266
38859
28342
26126
57399
40463
23288
59856
20023
54164
25747
11233
57405
12718
44924
50802
46900
26035
13422
36991
13813
26814
50240
47542
23340
4269
14874
26376
36334
35396
55964
34631
4235
41171
33036
52888
28258
24436
56272
49864
47609
50521
55625
15402
36151
41744
46379
8529
19448
35064
31391
20144
33823
22627
14994
47476
21365
52421
15402
58295
11117
47222
14993
21315
3267
12089
24301
49206
48324
36577
12135
12530
54258
19543
36169
35062
17282
54413
32319
10649
38779
3716
57373
51338
39392
47255
25852
39617
16428
15570
55846
47681
37431
21493
57855
8028
3163
55739
5356
32623
34206
47055
16435
36824
41526
24681
27169
30987
19757
57266
11398
17057
8939
7103
39853
37885
45130
5423
13990
26458
52366
5857
3458
41483
13870
16074
29985
40228
47686
50003
42441
4188
51724
40691
52432
53294
27594
38887
47022
51370
5804
31255
9039
43936
42714
4239
35823
56416
21653
53008
49679
13970
41019
16417
53268
28584
49257
6070
33777
29297
32529
11489
50183
6618
12641
36636
8077
49297
10329
31634
40537
53424
33171
55389
21178
47197
11488
18740
41654
48515
3809
12870
59961
7039
39736
57274
25708
34829
20370
31668
6064
51260
33775
23415
59711
36049
48617
25054
27560
30815
8284
45819
12409
52551
5777
29875
40298
34551
14250
19846
32706
52457
18649
59517
44273
16921
7899
21438
48462
53790
42600
6743
44210
35632
52373
52812
8637
51754
34987
16780
26121
8289
59770
27130
14470
18059
54963
29054
29232
12373
40706
30588
21355
58389
29719
41586
20239
23687
44761
44193
6886
16683
58260
46928
56263
47749
7776
9894
32050
17544
34126
53699
36127
58207
15954
4435
30383
58285
45824
24651
53097
5750
13546
38703
10596
54109
57612
19852
48035
41499
54098
44813
16307
38991
29873
37172
54359
29740
47219
49534
30857
53778
35568
47926
30887
7277
34787
33744
24970
4611
19602
53698
7235
49224
14232
22133
42784
16379
43477
15555
35098
28134
40037
56145
6781
12718
39706
31305
53284
18255
54429
45619
7576
9797
42511
27649
51446
29195
9951
39351
56652
33011
34593
56957
19583
40856
33799
58817
11103
39741
31321
42310
38298
5544
36796
45305
30226
17942
49893
34981
40809
18505
29103
31545
3222
46334
6415
3925
9169
3451
37708
6703
10076
20463
42892
46524
48279
30511
26967
21426
56964
57373
40586
19408
25879
50169
30353
30196
18389
42093
44647
42733
47556
43591
15650
30571
12610
3191
26702
42109
36435
33876
41090
24343
23426
10026
56842
20602
28528
40501
23267
24786
11698
40929
52955
23611
59816
18617
23258
23817
39694
19324
42400
28110
45595
57677
34495
24991
51109
23228
45956
17275
12986
29533
32751
30423
15796
13025
14834
5201
57403
21329
16479
22880
44868
25208
47780
21308
16631
42940
8041
13020
30292
15711
46759
8260
15921
20625
10366
31200
31264
59097
46188
32185
27566
22081
40862
43093
37412
28321
55651
12252
19761
35030
26362
28733
3558
28630
53770
21098
7043
21489
33244
52104
17739
20686
9726
37440
20344
58401
10227
25292
44811
11133
17259
26859
34867
32550
40525
12466
8397
30902
43567
51430
52302
56211
39771
6536
6002
31446
45396
21859
36839
13673
12807
45439
12667
57373
3692
36681
34511
14877
4429
36367
51054
41268
34104
7383
39950
11933
54733
8597
7196
17208
38455
23718
21695
12966
58080
37779
50160
44480
18574
28556
21798
3112
13063
24619
38211
52031
57242
28830
37629
32836
36262
43840
12351
54709
45631
48885
36932
28809
30511
13369
39415
10935
24441
7491
3973
4505
59072
17239
11564
26190
11381
34368
14020
54743
26250
17372
36565
48515
55997
58113
47797
33895
38034
22046
27661
19612
9382
19237
37366
16470
17036
39164
50866
35445
6859
50288
5901
26896
8269
37256
22057
36971
33960
48009
46798
53953
34129
6900
53030
30003
59152
24681
7058
45874
51901
32035
20317
44622
55229
43032
23206
21292
12424
48606
54209
25123
8790
45776
23773
5795
35076
29993
19938
25986
56093
41472
35212
54452
51100
22510
26446
18994
40770
53693
15859
59348
36784
12488
3180
35260
40796
6882
15542
30243
56045
51131
25653
31506
9294
9530
54311
11101
15506
20957
8641
4994
46969
15303
21090
22285
24051
19162
20348
45839
4679
21491
12124
25696
3445
16259
18603
20952
42088
20615
25100
13599
18615
17963
32687
51623
15632
54218
7077
36202
19551
18484
44097
25970
12925
56686
20636
