527
24194
4751
30699
8967
22738
5808
4559
36389
6343
41986
44852
49855
48564
31411
57881
13584
34885
4195
42300
8603
39388
42366
23576
17497
35944
45811
16417
54788
3340
51724
36595
53999
42920
40377
15917
8161
33132
16436
54373
18039
45146
35998
21972
59981
41090
37444
14043
14493
57158
16122
19491
34647
49754
54180
58745
30107
14986
42355
29120
20115
3021
13060
48754
45245
21532
10508
14890
30837
37111
30661
33205
21944
53071
20740
18804
15519
22356
4677
35478
8402
13181
17310
33624
16457
3294
40670
22773
27203
57618
27174
31918
21222
49722
41709
36654
19346
3389
21746
6628
15738
33952
58541
8202
46525
36239
10788
27295
45119
20929
32690
44233
28785
15678
59411
50861
22683
9091
54622
59382
20887
37767
8543
49757
28581
24293
3298
41759
39358
19387
54321
43080
30767
56054
26919
42469
19246
4309
16887
4858
20862
48307
34467
3114
39857
41161
17336
55372
19069
8421
42862
39195
49618
55702
5351
32726
16769
28027
56797
59803
29932
45968
12755
53285
38345
57417
41167
3114
24512
36901
58404
21453
4896
43755
18171
23606
59951
27746
29911
33579
47551
39048
33913
52921
53335
32173
56186
46000
30065
9669
12465
17443
7299
54920
7959
26217
42053
7415
28212
37806
34650
46421
13356
6502
53502
6528
7920
21894
53142
28086
59289
13412
39170
24204
50821
29373
45413
20759
22420
13453
57970
57987
10601
47874
35119
23087
12491
10109
44998
34016
26235
38199
6925
49827
38190
43263
56754
27783
15273
26329
13465
41930
49751
57935
38630
26861
39653
24860
3442
57642
11983
16788
52162
42741
10086
37647
24686
51037
33451
6476
46934
35991
30440
11865
37808
28784
24737
16661
8904
13582
6486
31337
28606
19258
20563
16719
56734
18896
42807
45906
34320
38430
38260
18643
26856
44319
3179
4193
27681
7396
49892
42378
7258
36002
19920
40248
50610
16587
55875
39266
29691
38422
25085
13917
44552
11916
39606
14730
46355
3907
41420
28968
38729
49278
53189
14903
44569
27402
57164
13971
40158
53157
44879
23398
21775
3171
57218
46753
29170
5821
49291
35854
41435
54869
36852
27261
29407
20484
15490
58941
23977
18408
10129
26428
35066
18759
52753
53640
35752
42856
15533
8103
20604
55850
11659
8129
34987
21398
18659
54311
4792
22661
11598
19826
8639
24111
57088
57421
48746
32362
25055
41772
10546
25574
39111
29448
56368
48545
9899
16363
27671
52042
46933
6079
53578
34896
53252
11034
18188
13274
26060
56115
57266
8602
3828
4596
28350
44767
37240
8989
43204
21757
30775
28337
51419
45117
46195
52209
6387
7036
38228
28566
13917
43391
38233
47366
55043
11925
51911
14328
11899
21796
19028
7800
40296
35071
42922
45094
16421
32484
45492
23103
45362
46320
6362
17228
15865
17075
42295
23062
58603
39885
52361
18950
53199
45196
15146
35587
19210
47033
58344
19593
45795
27321
24791
23494
25876
7228
31096
4031
56070
30223
30679
41734
16278
52207
5569
54482
58258
19062
44291
22960
8311
18223
56463
32517
56116
34446
36775
43575
10302
47649
5200
14034
31157
18925
52644
6539
45920
50790
29570
38496
27777
37202
48960
3244
24203
42000
41353
26461
45094
36001
16158
7717
46817
20708
55874
32239
18521
41994
30338
4541
3898
26285
11430
23751
25072
25570
9791
57491
21515
38301
36324
33359
55811
22033
3242
47481
