1593
44923
18711
39249
42262
15714
45527
54370
10678
16046
10595
40445
52793
10983
47671
42076
45916
21034
38573
16041
5751
6279
21940
39331
30673
39889
22128
59116
41507
4090
35592
15089
48073
54776
48927
24353
14332
19940
41046
39189
37926
40645
45987
40582
58080
27762
13351
32369
46381
48796
12544
51710
35331
39920
25933
51816
27043
48831
29240
47551
5641
11233
37821
13227
48497
38003
47695
30075
5214
3495
15221
11711
37758
6673
8120
28179
9864
34262
50247
31477
47733
14875
19370
55874
42053
20469
22464
8252
30821
24051
54955
16599
22180
24557
52144
35794
32449
3550
35629
19975
7574
11892
4894
27863
39629
5298
20647
47483
26834
10012
19550
3817
38984
3177
58040
16081
50385
52023
15135
17098
55721
4302
8784
18766
4749
37454
10249
59174
49317
59446
34013
54339
34214
40116
30873
32607
25751
54529
11220
25581
52436
43330
13822
38364
38467
56510
53077
36966
39551
21724
52973
6022
58637
30679
5150
42948
9528
26884
13517
25466
8554
22266
39346
21504
15299
7730
12787
48621
9399
24053
9768
8567
12518
56112
11449
47907
55387
40184
20722
56721
22190
29286
13636
36835
35197
59192
29679
48510
57727
42450
41274
31648
49079
57132
20677
58249
25461
57929
25949
34363
8150
55611
38259
5213
37460
17565
54250
38950
33728
52309
50683
54678
40359
34399
25330
46434
56725
50115
3811
39673
36790
14408
48309
37538
57853
40216
35096
12504
54381
32178
28860
42412
37029
43706
29647
38499
42414
26710
31057
6830
8003
5181
45122
6081
20626
37385
22521
53647
23014
19169
50614
30753
37369
8057
57035
32857
54057
16400
9853
33635
8442
29664
22265
46214
3159
13524
21278
4475
46678
26713
5029
12878
58973
19669
5367
46443
24238
36189
9701
52830
42552
34996
45080
33600
10933
5881
14529
5834
18067
31530
45053
16273
22494
12029
46505
49774
6978
36917
51869
6930
32877
32340
3523
36613
51637
58576
19520
45488
39016
29074
4554
37385
48989
20973
54714
18905
38481
30922
37737
15014
51854
23216
45805
23858
50578
40649
54406
17369
14813
20743
3022
49492
5870
14055
55733
9410
40940
34771
16840
24151
35078
26097
7899
23515
27297
47208
44539
56259
42502
57921
21206
52407
40503
50031
55055
44474
17725
43915
46499
31093
25217
42044
20763
15955
48982
33358
18404
6823
22016
58651
53455
43550
57929
16632
5045
43578
44483
52547
4356
18281
16514
27803
11870
5805
13766
52224
23422
9294
43898
40251
32112
35524
3750
8015
21217
38723
49327
11954
7049
55211
14652
43691
27280
13227
31880
42049
39187
17154
16389
47128
37333
19132
50730
59321
25238
51251
43871
54270
34111
48783
30558
57378
5094
52142
59830
42328
22363
19509
31082
56880
13172
35175
54700
28958
48815
22858
20694
41551
39892
53906
29612
50338
50922
16970
20009
12821
8009
57124
35052
9861
4836
48664
10613
47769
10129
18791
16036
45759
25998
48138
42989
45568
20875
6757
47618
28310
53874
55667
19803
23671
20924
31538
14204
42836
34832
14397
41199
31852
52509
50740
7741
51394
42516
17851
30973
19080
53680
27765
8392
34665
35140
36430
11118
51245
49177
9652
58876
17607
53371
25095
31030
29187
30943
34948
31245
25149
53404
35266
6503
51224
5514
52063
5917
24628
15251
20194
16849
33607
16675
33802
11171
53915
5082
26861
20430
46047
30926
55560
42511
41733
34631
57047
17923
44531
43826
53780
29995
3956
55062
4248
46807
53892
34301
17005
11720
9607
25871
7251
47973
21183
10065
10971
14070
9585
3188
35641
33941
37101
9969
23901
37385
55287
18338
36344
13204
57239
32076
5914
55883
38914
19169
57327
55403
37715
4584
40669
3384
55123
21935
36839
35117
28295
54202
10129
32026
10079
23672
34023
40073
50143
5023
22380
52555
27510
50145
9992
44242
59956
45213
38975
58816
37964
51041
53674
43723
56295
34856
30975
57722
21832
58601
48287
32015
57806
36524
12006
24292
13183
56343
57894
25945
38476
29248
40145
57625
39827
53874
18757
40828
36230
11953
19922
27534
35586
48628
39851
58806
54904
6392
53646
49315
29820
14485
27362
16522
24398
54737
56680
7013
46347
19656
17481
53954
4137
53020
23706
40503
15532
57154
46759
19288
53608
22346
43601
42989
55564
4210
22586
44319
14018
30959
6809
33584
50535
23721
40753
45577
30761
18986
35247
13360
56663
19869
12463
43650
33772
54997
42498
10059
6589
7072
17840
7385
6620
30620
11396
18843
35960
38762
35644
53851
30483
50307
33917
3632
59498
39052
54518
5453
22169
21548
37332
54600
50647
4283
51148
20092
19690
26724
58589
42966
8673
43017
24807
19630
57812
18476
21220
4147
10588
37970
31641
39516
8422
26271
56732
12992
23738
19477
42843
40815
13001
29714
59014
5007
57005
29410
51866
23347
32883
5719
38136
55521
40036
29095
39192
39106
46910
22451
11152
3894
46863
24539
20168
29144
16759
50031
39536
27955
24111
44690
53246
27695
39300
25108
24188
45966
25099
13027
38362
37594
43400
36555
34202
32518
11165
40294
6039
57511
39170
44489
19601
16600
17896
19198
46034
29188
46825
35909
46821
57205
15501
14905
8539
35209
54805
58472
50355
29259
44593
45575
27445
38432
17891
52161
10690
50673
12205
26029
17750
29740
59645
14978
20015
22607
19517
5478
14675
45586
55588
12080
24866
50051
3355
3415
53969
17833
32163
49367
10568
48287
59707
49830
40378
48589
7571
5439
23559
51156
25537
16669
28901
45806
31286
22096
25676
28771
55570
3199
57790
25356
48838
56760
37009
30508
56808
21868
35935
14696
44299
19665
26350
7502
22787
28964
50247
16761
42574
26421
53021
46631
33132
20886
38277
50911
51688
5514
37630
47611
8986
17501
34168
30634
26388
7273
51618
47368
24450
55843
28961
58130
43441
57345
12591
10317
46193
39613
21990
7713
8504
33702
26317
52866
30170
53130
45975
38810
53857
49422
9162
43094
4931
27656
59344
53169
58461
59848
6966
57408
46775
27522
22724
47770
56857
21193
39039
27530
23668
57030
27577
45211
41877
37623
19122
32414
5265
51285
16258
17294
33190
17533
26054
29134
57546
47397
51166
3181
39596
22601
32172
53317
25061
10603
48254
5813
52675
28869
47775
37912
26122
51849
13512
17484
17980
29834
17722
27507
10992
45632
34922
37495
45937
35867
48924
40240
46050
11215
30557
29218
29815
17714
42771
16991
6645
8041
58803
31471
7932
32221
55850
6786
49677
55664
35307
7351
28376
41363
36562
43372
52910
10644
43000
17228
20715
8472
7666
47123
6312
47289
45612
13594
50004
36933
48535
59583
9972
19970
30404
14100
39218
56597
4132
13348
4726
9982
24387
45654
38266
50852
42959
30968
48145
34092
36827
27969
3408
23973
40243
4624
47240
32683
18366
28442
6592
25766
37108
13868
52447
11386
39453
50194
58532
13089
12708
57442
51800
10115
24913
8129
17569
56108
45306
23235
7475
16038
37504
49317
37252
40957
56844
26026
39266
21229
48522
32621
31961
38275
7649
48254
47884
3082
9601
50771
54432
22419
6378
47286
6874
25611
44108
48426
34710
54079
19999
17581
52073
23018
25846
20729
26192
21925
28861
32708
53090
36573
39791
54264
58038
46976
46376
49062
6286
19186
32980
13506
53185
33733
4066
45082
44885
37100
8905
54996
20306
22108
58424
44428
42485
53295
52016
27511
52309
48621
11590
58205
36948
55387
9324
56294
55892
38013
10592
41155
47344
31048
9137
55153
48147
53718
51365
6479
45007
16110
55084
12084
7030
14809
24249
57654
12965
16263
23912
25217
29829
24656
37501
43873
49610
11627
17369
17573
11421
56211
50646
57004
16788
19821
59334
12888
50906
29028
33888
36808
19903
9066
54086
22067
41573
3530
49640
24608
26577
3671
13469
22865
12033
37070
24644
29251
14842
28197
7386
3529
56436
43930
18144
18648
51039
8744
33817
40213
36553
54222
18745
48632
12009
8956
17765
33334
52024
23050
58755
6270
53746
21755
27407
12340
24525
46240
59472
34447
8814
8795
4946
15802
11853
13310
31125
37177
42603
31864
3986
57916
5386
15256
49988
47145
14566
31504
15186
38250
13817
4020
5242
25062
10268
58589
24419
35332
26599
48286
36000
38516
27110
57265
59513
20282
17616
54368
30188
48625
5362
52797
15185
4849
34450
3630
42472
24168
43594
43679
46680
11608
40736
59908
52462
18171
46384
29706
7268
40594
9323
32266
44800
32246
11057
35866
44913
19540
19399
47603
4405
6159
33570
7207
49776
8611
36901
38778
34384
10910
35699
34955
51294
33852
6489
59988
55339
35024
45918
26672
20099
40837
52621
30865
21604
40080
40218
34139
4293
10060
52262
9200
13890
18068
11504
12122
26531
44344
40031
27769
33582
7127
3267
38664
5736
17757
17815
24089
17015
28585
21390
52167
49140
36251
43806
40262
20534
6877
9366
19981
29225
48156
32018
15412
35402
18126
19004
30307
40420
54336
28705
47125
31507
50665
17335
37316
52773
39232
58269
22110
55286
14817
57341
59111
46844
15572
19832
40506
34295
13147
22545
53841
22149
16296
34127
25407
47650
20920
23696
21549
30673
34172
21243
18602
44862
20276
15708
7173
38603
27592
6136
43993
43971
30300
41773
18677
43571
14005
52973
9701
28070
10881
54569
7416
29049
46554
47373
10930
7959
44393
14974
59661
15497
15007
40777
26132
48997
37998
44409
34643
21024
46538
27111
46315
3502
45204
36241
53151
20586
8425
53411
47050
8590
34837
14831
22642
34454
48015
42485
36814
35388
45336
10194
22055
59627
39946
39610
12782
21819
59510
44798
53054
55416
4330
46287
28474
26293
43631
22679
45180
11730
50338
45017
27350
22331
27115
11079
36544
51377
18635
26123
21184
30478
18383
30047
25893
3401
31174
8369
7794
54079
30149
50739
48323
57539
40789
16996
46544
17137
52657
26436
6207
17033
51637
27685
16108
54195
31525
3521
42045
47937
38831
36897
23702
56458
24807
6439
35829
33301
18630
43400
17015
54000
44354
54077
48703
47307
20990
11633
36801
29851
39358
11333
40723
56451
14239
34811
46462
15350
42782
30363
57727
39711
47850
22642
10771
52166
24901
49564
46563
48223
45177
55009
5816
31274
4599
6674
6111
3480
6482
51317
18642
22620
44645
34489
8379
41510
40433
55504
49769
23405
37547
5353
