324
58064
30759
28806
46833
14136
40227
11299
5826
45816
41600
4340
50378
30861
58320
33504
40565
57564
10049
11198
41970
43310
43673
58030
8682
24201
18764
13287
58212
46901
8849
45961
41217
58146
36285
12583
17207
41628
9514
25015
30903
37414
5206
46436
19424
48433
37202
41387
12216
7104
45355
40841
17994
59867
6654
36417
55795
45930
56415
16606
29751
9779
59879
9067
6515
8499
57746
7169
6905
57640
55444
5310
46955
3515
43146
16953
18605
42279
31175
36455
50372
22187
16026
31341
17582
35826
8963
56770
37221
18020
58962
56152
50945
47259
22385
31176
27944
35353
51441
20406
20224
22494
14765
30432
20818
35638
42411
52538
37569
10548
30968
19455
9583
41705
35818
38542
56151
59420
6404
59748
36918
29729
6058
51120
19574
52518
44874
39657
54807
41121
43675
6158
14478
45487
17610
32796
29776
31647
27884
35393
27166
4663
48016
15455
55285
50225
15780
43419
3250
7602
14225
44144
40804
6413
49953
18513
9317
22537
58008
38611
40367
52593
39035
51870
41916
20995
53059
49504
34928
53182
44628
14164
26095
26915
45616
34284
19657
15782
29696
42286
55248
54645
45556
4518
51767
23200
42598
48895
3541
18199
6508
5481
4438
9100
17588
12500
37062
9191
22224
55090
8392
54535
25667
25325
6420
7099
3166
43729
55696
36734
29249
57696
19769
20386
17667
9796
59560
26498
8552
32099
29435
22227
49142
31139
58224
49903
12315
54739
34874
55335
22721
47184
18825
59865
41140
15169
52240
48091
18493
22673
41903
42232
33811
38854
23940
55024
7779
14641
10954
16550
54856
10844
29823
33702
38886
5372
33245
38362
44528
58676
35974
23022
55923
6160
3825
16045
23665
22019
56000
11166
54072
15175
19098
34707
25481
27912
21576
22665
21963
29670
57219
39183
44221
33109
7513
44033
13999
32193
39991
52017
58171
43489
51240
30913
50084
57307
27394
9703
48210
29859
16073
16853
6345
43826
39459
55905
18405
57764
40777
18249
41379
52181
58525
22091
43111
51590
33443
43896
57057
49124
56717
25786
50763
56409
19296
