689
52310
36981
32374
59032
34461
49009
45023
6405
28418
51775
38074
3123
11316
39562
48474
15880
36218
50043
43061
33595
58259
24562
16917
46255
15851
41725
5984
38421
26411
38967
6154
33109
41765
24060
53531
44597
36681
22296
34419
47373
41804
42429
33563
13475
27040
34990
33007
34697
51676
29548
36253
54624
18892
24139
35101
7367
13334
9091
38258
36690
39563
33995
14190
30601
34139
23612
6721
40981
30856
20929
57877
48384
8295
50332
32198
43696
59545
14601
57152
7303
54742
7793
44748
50270
16123
47635
58396
43823
24830
28108
37901
20082
19060
58360
44035
25577
36830
3607
25770
8597
42084
30839
33883
42657
15177
23503
7404
44099
9576
5625
33025
14717
37656
25281
13840
37270
43773
32656
6511
25779
4653
33588
6639
13342
7304
3191
28718
56375
55119
56655
41332
13204
4878
15066
36482
16718
46027
41302
36213
9894
12998
42984
20575
59462
31697
38718
13669
14497
5015
20418
51891
44116
21046
47136
33789
30183
35888
54145
48095
47248
15641
59978
10142
45284
52927
13892
55636
11041
31407
32848
54719
44556
29706
52070
22710
25968
34891
38137
27198
48747
17434
45178
9797
57939
57885
34096
37069
22888
8854
27049
11124
10315
50346
38775
38645
27887
24482
48587
59419
28168
32971
20840
54215
39424
19875
28177
16311
42945
8248
58117
29949
15661
8564
48474
9032
33943
52652
34819
31560
7731
19034
26711
12317
55314
7911
48254
10764
52323
55614
39408
5374
37070
11210
37524
37331
49288
40712
37142
34970
29774
30951
29688
18101
31635
14462
55843
59881
52747
40713
56294
40349
56894
46774
15665
34266
38051
16293
53835
48450
55951
19546
55955
41841
20356
13712
51725
31854
52695
5840
57947
52563
36167
16734
12806
32331
53663
14997
13102
27987
10254
6582
10592
43243
18097
21203
25405
20618
11938
27641
43685
58887
47806
32096
3072
26125
35612
5377
11641
25627
41242
8383
43806
29956
39287
55832
9319
35224
29988
50867
20685
29593
53923
36553
25935
46812
29288
40641
55598
5426
30657
6290
7080
30098
16560
52645
16492
7710
6901
31186
45418
12308
29924
8366
50040
4937
17056
17929
46641
14499
31724
54254
36921
36876
30331
51457
29237
16132
41270
37069
49405
32188
20986
34533
22419
33125
35963
45281
54476
7045
35199
47664
10831
52285
21700
48714
25030
40381
53785
10615
5512
18539
45255
57349
31434
29517
53423
17205
22528
20738
31808
54779
47841
16761
8297
8726
40633
58657
22982
21838
29272
31669
24919
15230
5427
20353
53039
29800
35781
36129
51315
21670
7205
38885
19040
30965
7562
59005
47858
25909
41275
57014
36538
27305
42458
53759
57644
21715
25864
39616
55359
45403
44996
57950
49577
58230
50765
6241
39324
5712
3207
30303
56923
10242
52963
17217
31601
45405
10382
15939
43947
56380
23681
4792
56412
35743
30183
50261
22686
13541
39474
32810
35475
30101
6408
36472
12483
31448
38566
6617
59582
24045
29620
57831
59111
39125
50038
32686
11727
53589
43028
30572
47505
49744
15121
43992
51057
49885
23400
58672
24015
11203
41040
38962
43762
14839
19560
37765
30561
21998
16398
39842
13735
29611
32693
3756
3740
49307
56637
44435
55230
6905
40685
16885
17469
32365
41956
6433
40248
16044
8420
36660
38634
34773
25830
32903
59425
15889
4831
56068
58970
16285
40402
39397
56659
20242
59776
33631
5701
26997
31720
4910
31844
56093
7793
42580
27108
17131
44313
45366
38646
21417
37170
49804
15823
18402
56821
9394
23748
9902
40448
45326
38951
51020
15282
10062
40246
4052
13481
44939
41762
53370
17439
24707
52474
30580
47940
53034
3793
38581
55079
27819
51212
47609
57409
39636
13722
56540
57673
38158
57564
44829
33356
13670
31480
44589
8258
15003
48747
3838
40339
46942
54799
33891
21238
17737
44584
9052
50254
52025
59570
59095
37106
56579
24180
22395
42824
58097
47057
39941
40662
42331
57820
30596
15618
29652
32015
57929
50688
34418
56509
3287
45338
57933
54716
15064
33922
47234
9748
13992
6538
26343
38633
12365
10898
35979
16097
10501
15853
35765
28534
12058
41797
38180
46970
50180
10448
10865
27366
37150
42642
35106
9776
7840
32767
41590
46312
14773
45888
8942
34712
46764
36539
44251
17464
38544
55829
35539
43240
56087
19407
50912
14614
10749
28857
5283
22587
14467
48838
8428
38625
12912
18046
40380
59259
8965
45761
24663
15453
21227
