1630
30797
4222
28781
50190
25804
27953
40108
14740
55172
30120
36790
51478
51342
12921
49547
43274
30420
51587
14129
29637
56923
32649
42287
47913
6742
17428
44888
36663
19716
19333
8878
7360
57120
44214
3250
24998
59142
31902
58455
11533
38640
24412
58775
5441
26966
11224
15384
38651
55202
30539
32146
9437
23313
42721
45117
29186
11945
6829
38192
47011
16708
19219
53894
14802
57609
5998
57309
12056
54623
57293
30564
25258
28602
8933
22223
50353
42017
39399
38690
16337
15527
53773
25422
39291
4117
16481
45773
23930
9140
56236
52224
33925
47765
45754
20846
16097
25357
11334
47647
26929
35830
13179
39950
27115
41860
39173
32793
32421
14331
54670
59391
26998
5704
23773
51547
36940
33806
25054
27228
58293
45327
16090
8904
56353
22432
4073
51347
50445
19705
41086
9624
5743
5380
29077
17537
50914
22584
53540
28668
49852
39698
24671
4449
55043
6503
35958
57031
57812
3016
13895
11458
11621
23641
46788
56276
57597
52320
18915
30308
46759
5697
18020
29610
18022
46908
35778
27915
24563
54737
16075
20096
5889
43798
33716
13033
56036
7785
9922
9364
38503
10055
55890
18732
59690
5134
25676
9435
25841
23728
25538
22357
4259
41612
18351
9157
40431
10880
54034
32959
21589
30087
10075
10864
43447
30266
35006
47917
18697
33794
47766
27976
12973
32173
56601
29784
51210
29965
32501
20896
40081
11775
36470
45308
11450
19468
50506
34877
11193
34098
50705
11293
33106
3854
41891
39582
59965
26042
9007
7603
26414
31125
29856
50997
4248
4623
31103
58631
59084
45042
57844
47967
23291
23618
52591
28917
20180
59132
21190
43632
58249
48925
16092
59806
44159
43263
48416
8373
24555
28604
34406
6679
10478
20023
13188
12814
17393
38173
4164
45116
53195
5981
23090
44889
7661
29912
9257
5186
47979
16881
18365
25719
29301
16363
48815
33084
39812
10921
21472
21555
24247
34871
46230
51280
54048
20255
23168
48823
37202
13204
57438
50583
7253
41369
38761
54066
12605
13526
14397
51465
9861
10726
32407
6326
10781
16838
51062
15181
41174
9263
7580
33813
54503
51340
28381
56428
8727
13433
47189
32279
8375
31169
36875
37371
6932
9367
32451
40768
44962
48543
7092
49117
36499
7935
15878
15987
18779
14333
48823
51069
32205
25901
12268
5162
51310
45639
22641
39974
20200
59936
23204
17800
7143
38429
21422
8875
29593
13733
18344
3345
26170
13578
9934
23763
14857
15732
38489
3908
50164
47638
58086
53717
51511
5203
12125
4470
42163
10395
59807
12867
57725
58475
34984
11260
12010
7934
36633
18195
56042
3224
13937
10583
30182
50805
31721
17442
13737
28455
52150
9555
19766
38332
49307
56612
27530
6005
48346
43269
42452
47024
13586
32593
7618
20524
38479
55219
13461
11805
56234
39011
4904
38874
8401
19724
10242
14190
21734
26294
26092
33240
4607
20424
42638
45038
30873
54272
54302
24138
18622
12552
4992
20397
27048
37997
55081
3293
25228
30555
26575
55632
46083
59743
11752
16631
31728
54486
28632
16679
22124
55978
40323
6568
37248
55567
19034
52046
51443
38642
20534
32645
44363
5605
32739
5089
26980
38022
59104
53643
57809
18395
51676
48673
54408
24012
53967
44366
14329
41690
45865
21511
42162
37227
58027
26062
44160
37855
20355
43254
29710
50768
45385
30037
40907
43455
43835
27174
30437
5771
30800
41836
34002
14650
45181
35574
40166
59467
3351
56088
31306
16313
13430
46425
33121
17287
21446
38292
41248
22725
32294
44243
38802
26878
23632
44547
46356
39658
58304
12773
37776
33528
18154
8691
8527
18611
17229
42953
5363
52663
43141
12674
22221
27276
30789
38640
24530
14567
30174
59592
26199
49831
32136
20143
11115
16278
53841
48848
25371
59623
13751
35712
4954
19875
17847
47323
42522
18264
25573
53709
45547
52383
26291
59795
5132
50616
17699
21412
14550
33388
46548
8699
55309
14952
15321
10094
58750
58496
15025
31014
33251
56538
40033
51698
16669
22939
57466
29227
23165
15001
35296
32384
14011
18078
16807
14253
47129
28492
20890
18730
7458
10367
32680
41122
27754
55486
58165
40915
6549
42841
51218
14868
44718
11095
30429
52717
19061
35327
29514
54067
57357
38441
14761
55815
13708
43500
14998
59257
20953
38303
9651
54799
40131
36166
22268
20120
51481
27258
6239
40540
51247
13054
22986
17600
41194
41460
27036
9778
53072
31591
39490
5898
45815
11016
5172
24677
29213
35451
54155
51816
52927
32505
23375
23338
33857
56540
53831
51403
34226
22315
15007
54188
32409
8921
6448
38726
23048
7003
20621
28977
56532
6155
13306
4010
11647
40308
37171
22457
31462
58309
8209
8065
28619
48879
57802
46481
45261
58756
14284
35447
54751
49321
34731
15862
59115
4303
58576
34670
45369
33298
9618
7697
8363
24408
56455
30464
43697
26153
33622
53152
36389
44286
48977
25476
58315
43607
12335
43522
49989
54435
4772
12034
12587
13021
19419
20727
42104
21185
52131
56587
44376
12169
52031
29277
13832
27899
19682
46073
29264
43796
42711
39402
16141
25483
13075
16373
3036
40765
10414
28587
4457
10635
46677
58701
42987
13777
27668
36665
36551
26565
37550
53796
26189
22580
4671
35303
4573
10454
18460
39240
58528
54989
48266
50088
3626
26306
44022
22008
37047
58235
38366
52788
14959
30091
37636
22107
3962
31412
40796
9554
40846
14136
7651
8184
7726
39901
57046
45843
17806
13748
16325
17021
19241
18099
23465
39076
19430
25672
27661
45258
50340
19888
55972
36496
8789
16826
24617
19733
44699
59569
39678
17052
7025
55996
56773
35255
32787
39508
51514
18949
58316
44107
26130
23506
51170
41255
58340
3326
47067
40220
11587
36793
57295
38769
57142
27660
33418
46348
6629
37425
44490
47510
47581
23019
22437
51175
24487
26969
36067
9834
53348
43913
33932
29729
44804
22175
26598
31347
31324
5398
10859
59924
20926
46856
51439
54823
44254
24207
26720
30507
57697
13730
59504
5942
13817
5976
27172
26744
37832
37824
3430
27281
23810
35856
36534
43539
57723
19288
50309
44983
38095
42312
25458
45547
55616
33114
50088
51752
29287
41983
24136
8725
53367
33845
27420
46586
36294
46212
31095
16664
30965
26599
40020
51593
16506
5760
23256
47886
4277
47552
53274
26002
17327
26190
11895
33689
4162
32754
3998
49456
40008
21000
30690
3893
4703
15025
44561
48056
7268
47926
23085
4312
48105
15691
6166
32245
59185
23457
20319
28822
54042
42822
54331
30374
10298
14008
28939
4053
46377
42736
22757
23323
30842
27681
17053
12360
36819
45971
14612
52006
13536
49403
37635
52024
14329
10511
20485
31398
46177
20072
32905
26011
44277
38563
18227
46566
21593
3620
58572
11301
10910
31829
57243
28543
55455
35075
16232
30049
15790
46665
49048
22620
53770
36193
34074
5386
32413
55561
13924
23284
59838
22626
59966
33700
21033
54554
54890
12756
16429
32022
39050
41320
48508
42653
24735
20883
5665
30003
54840
41937
41064
30594
41716
49694
40879
21373
3258
43397
55207
12595
30749
23900
27925
17957
7937
23284
19767
24600
41038
38339
46066
25335
6651
36541
4768
16787
4598
11777
5115
19400
9358
21844
45495
39705
33307
15247
57390
19735
39043
34286
19467
33252
3273
4209
30002
28699
17714
6590
49289
22497
50430
58524
42325
52179
41309
15248
29696
46948
44366
45662
30562
16389
19434
12700
58466
20924
4748
56997
58684
12161
56968
33473
42197
9306
49039
16984
46636
57777
6281
37160
26165
31987
19886
6271
15717
33805
53299
20745
58739
40953
36927
12125
34553
48213
23827
53774
13183
43764
51837
31459
13263
17538
19213
24133
7117
23862
37980
16958
20299
50638
47175
7578
30126
33340
5242
47487
52013
28927
24072
10231
57694
16919
13414
28968
27952
19108
19864
52050
43365
55398
33188
3075
57553
57232
36143
54961
10564
52509
28001
18851
16087
7878
53839
19146
51049
25234
41813
53884
25783
45278
42375
43766
13364
53657
50991
53279
15588
33210
58950
3444
43401
51759
32858
24024
40514
37503
30560
43207
18068
25515
53313
6209
21523
37384
45319
45670
38247
40591
51570
49349
22720
42809
29677
46785
37425
21269
5777
54213
10995
30439
3021
43955
21194
26186
12724
53081
32122
37166
50763
59700
36059
23683
54793
7416
26678
31619
37044
46824
7985
17935
55329
57494
43396
14914
41996
50075
57289
21632
22918
35667
7427
26717
26150
22177
11701
39602
7272
40598
28198
46269
48444
56665
43329
49541
9159
19631
49612
35456
20510
56579
22571
4960
34253
9687
43676
7184
49528
30679
39250
44034
39304
23549
30255
34522
7238
11017
12235
49528
25357
42035
49235
4559
55460
42180
17640
35994
11241
50359
27754
46200
39965
53329
43235
9013
25382
48386
40399
25578
25250
20392
48720
20834
42892
46084
29814
24909
48494
29313
13276
8849
55636
23266
23354
47873
6698
36309
8792
15581
36982
41359
30827
14787
41098
5049
15155
6103
11524
42951
39984
50046
23562
34448
10178
15411
51459
41094
15694
46286
56235
45117
35232
37120
10808
36746
23741
10093
6444
41447
5473
33545
45530
40971
11151
40931
25913
6497
4110
25921
20403
45790
24667
57930
26349
40543
48147
10323
46027
50535
20886
14414
59390
12612
41004
59657
37405
57881
54782
48271
13545
4187
56743
30527
25610
4829
51166
4269
58071
19543
49790
28726
49899
26035
42047
40721
59163
14298
57893
47067
27316
16717
10911
58065
54592
48455
47950
37503
54810
42384
28437
44893
34132
54957
50483
21277
36453
21027
41209
25814
59812
58512
55003
54760
43799
59340
37753
20119
54176
3609
50777
40308
59919
32717
8091
13594
17427
26139
37812
26437
49947
44119
32069
30807
35674
53238
37445
50265
43291
15331
42981
45727
9134
30738
12248
29332
19961
18949
21421
19747
29682
59041
55634
13269
18398
58723
34175
7528
21668
7753
11162
16366
37647
13394
4384
45240
32639
46935
32741
31521
37847
47847
40800
11581
39339
58166
22605
5783
12312
43559
53661
53306
45292
6560
23907
30225
56009
25854
52480
45303
44803
15920
47027
13288
51050
38732
47668
58662
26994
7780
56716
39556
25430
43031
16707
8910
46083
17764
21238
50991
25151
16538
7813
26180
42573
48468
8780
53308
7991
25846
41669
9802
54309
55637
26514
32267
11077
54909
44873
29801
54408
13782
29480
32428
26240
50499
43166
16724
28996
44134
41898
6188
42273
4658
31683
46020
14432
10375
57333
37472
38829
33694
52291
42222
21121
