1586
52667
42580
3095
50674
6910
25828
50690
58608
58740
11470
27160
14488
39551
32272
26671
30516
29990
9943
54414
17387
52593
15581
14009
41291
50190
56627
37561
33361
28629
11073
32422
52955
19036
50474
23063
47239
47768
11450
15245
35599
13205
26514
37682
12624
24704
31776
22756
22114
9197
16498
28079
37427
59935
31962
39162
25850
4396
17020
42333
51594
50368
16833
24087
44838
54482
21479
11834
12550
11907
37797
26421
29430
35173
24943
43410
15131
31661
7259
36960
17331
17129
14573
7727
6005
23324
9076
31895
28334
16423
59864
30470
19763
48424
57671
9101
39186
52188
22570
18332
17232
41218
43339
5319
23285
8664
16909
45693
41015
43699
19437
53893
57784
56615
7654
17072
4124
56738
31971
38590
15070
27243
20154
9153
36407
53109
15549
47472
10877
26764
31814
8777
6705
14175
42116
16153
34128
51411
34452
42221
32615
49404
20872
31999
10397
42399
50782
54589
24450
11447
13118
3675
57523
31409
43135
53300
44761
50063
44581
11053
48376
18875
43433
31646
9855
28857
24179
25216
41593
47164
4169
56452
20669
54398
43962
13833
33935
13102
43718
57754
44818
9392
13562
45596
56499
30874
11090
19431
17112
24746
41789
38263
7744
52681
20329
31801
28029
20852
3233
9731
35536
14285
55019
28486
19069
44291
40446
9219
17068
20185
13761
54802
18604
41404
57557
19585
12931
55524
15213
29604
30451
58332
43439
33101
45196
43527
52883
42225
25075
54483
41628
48924
40999
6727
19978
39988
40305
57661
40348
13093
29030
59944
7195
10440
51844
11080
43805
11995
25090
42642
49035
4450
25047
53727
5682
51137
3040
23473
33872
55305
52176
10070
31808
35889
4058
14063
11896
7001
45371
52854
10594
19872
58233
44856
32942
52230
45568
40125
25278
6263
3781
36740
55138
26763
36249
52431
25538
53774
8753
11038
14824
29836
5084
15996
5525
45807
22770
43470
9372
23746
11611
18661
13187
24227
48361
26843
29036
6046
53852
18647
36831
8713
53396
30109
40656
50855
50202
24449
32821
49156
16514
33987
15592
20596
8947
50779
54575
31439
13965
51298
37941
23855
55406
23523
3018
23466
46249
51434
29883
47200
42644
26379
48720
45795
18433
52129
48838
12440
42606
26544
37792
43324
25734
33340
58853
56082
54894
9957
57262
48182
55354
33432
12420
31923
26334
39343
39414
57635
45493
21681
50450
7476
56113
51902
29383
40169
51324
19648
45869
47092
57039
25484
45353
17358
8013
12456
10872
58731
18868
15566
52053
6028
12432
15797
46456
8221
3470
12553
44883
29815
58573
55329
23444
33117
20717
37761
27914
49160
59171
21863
15582
17153
44892
53297
16835
15290
57581
45767
52486
53663
33004
23013
44076
52655
4281
24508
12321
5010
46315
58624
8452
6320
54184
33476
11256
8117
8132
26412
14433
10632
31981
18422
53592
29174
55291
39785
50909
26089
41639
28826
42112
22821
48369
51594
9578
25978
55922
28843
19638
21569
49270
24728
54328
28997
51743
25579
24233
4421
36727
43393
36304
40534
45032
52418
44752
41298
44035
32504
40593
42280
12263
40562
19214
24876
37179
14989
29250
28068
50049
21717
34433
57351
3969
12967
49906
3840
18491
40093
52160
45446
27410
7302
9997
43289
27341
53792
30721
6892
58013
11288
24401
12872
57892
17124
41555
6887
42711
44673
48920
33707
15956
37446
58228
17556
4784
11834
3784
11004
3605
29369
26588
24511
16212
51353
14148
58109
43711
8998
14740
4339
26294
18292
34311
39605
23578
59608
59599
7715
6082
32760
40028
46755
53598
25255
57229
52945
38331
54115
43091
53918
3021
57296
3945
9867
29685
5620
26031
42438
3184
43426
38230
23784
18744
5285
51651
16486
37061
23698
45127
14454
6125
58080
32139
42352
17985
25945
27717
39574
43505
48483
30022
58532
34747
39019
18881
54129
44950
58465
56531
57373
45408
24949
52184
43482
48843
23497
34253
23607
8457
6412
16445
44573
17273
38032
8562
51389
11968
47116
34785
31028
58682
12094
13269
53400
10026
46244
48608
44697
18017
46514
16596
40588
9878
7147
43568
51282
38977
56114
30073
59035
6318
30491
11581
21684
44325
45853
5395
57642
44192
58883
13859
24488
6161
18705
50922
4053
34892
32404
27145
21159
40870
9656
46032
27305
45305
16957
50829
46040
53213
25909
35420
20620
17006
30807
4570
32356
39023
49125
26473
36346
37212
22966
19537
25027
47259
42280
17766
24069
56448
37325
29842
48655
30396
50262
19656
26041
31174
49627
7523
31414
21538
4823
7222
42588
26757
58171
58479
11501
32852
35523
4213
9029
40147
52142
6142
49450
47049
45112
52911
33721
26647
27021
4342
16505
45831
36977
57307
9522
7141
51813
54938
48742
18466
59430
19619
18002
32784
48699
15070
22852
52338
50510
43587
11400
29164
12654
6524
47383
31611
10622
33615
58009
12111
15293
12935
20848
23841
51267
17173
22470
21672
24963
7602
40366
50228
21729
56132
11531
28663
44682
15698
36753
41280
49031
44408
42323
26536
11516
51410
29123
5259
56028
52169
24964
25241
13792
53356
8291
50418
53645
20488
46065
29045
26343
8118
14787
48406
14824
57076
56891
44335
5836
51324
26813
11052
57296
35441
59927
10440
30924
9788
19593
33328
21011
23704
58115
15667
6031
49311
33655
35158
34903
18519
44816
25160
23918
25184
52256
4256
50158
46262
57567
33430
25180
42424
55199
45312
28102
28776
51005
11488
7583
25930
57453
42417
40449
30822
36789
32927
5573
46418
49318
52439
7791
22765
54373
40945
22296
19833
59099
24888
19142
8227
43417
55987
57960
46565
28850
19866
43995
48388
28796
34923
13900
51060
4023
45624
30915
37419
59805
53652
15322
35483
16919
26268
31408
45551
37890
35807
38639
4022
48292
33424
47345
51947
22015
27487
30853
43593
34276
8342
51140
7880
53691
40820
8155
41237
35139
36281
26312
35001
14680
38785
12765
36150
59718
21828
35639
41092
58306
43813
56335
52232
53588
18480
16664
8328
30739
30165
45258
13784
10716
16087
23588
46246
22334
30764
46347
53265
22519
18247
49496
42774
27143
27660
40770
33045
57917
15375
49641
24240
43450
36289
6701
50829
37695
28773
56923
13259
15797
14014
22385
6488
50716
15979
48774
37445
15067
54923
50690
51440
48704
7774
47111
4540
51170
47230
5462
12179
56821
17600
26991
27540
31051
51278
49275
22792
48795
49172
3171
13131
32350
43237
30735
22769
7109
33091
12156
3224
39520
37463
50820
10348
55226
18673
52908
22082
32607
12042
30695
54639
23119
15978
57574
56498
58059
8896
7060
24624
55095
4015
5541
24034
56578
42313
33936
22663
3215
52740
52224
25226
16428
29530
7033
49487
27685
11977
13465
57376
11796
54128
13332
8436
45842
55161
32121
51638
11191
8187
24242
54178
6799
54141
56103
47733
28619
14119
21083
27275
21151
28792
32517
16358
15555
59067
23448
27464
57554
44189
28523
45873
41678
29738
12247
32334
22018
4606
22318
28686
53008
54351
36246
54408
41134
37585
30131
19869
51004
32881
42722
32524
43225
15176
27735
48975
22204
30347
59038
52051
38581
41798
54229
42575
21457
47779
42430
35467
3203
57003
44557
47915
11594
21736
57104
13810
10534
13671
52036
13705
20845
38455
29137
39700
36196
27291
47451
57352
50439
37623
48675
47191
5323
38551
19036
10829
39923
42858
26955
16376
55644
39764
9862
20752
59149
54841
36231
19263
26688
8155
17007
45315
7795
32412
35989
36515
27550
7971
11741
23364
48585
3411
54785
3979
59021
58179
29938
48734
34526
29668
39035
18209
20357
25319
30139
15254
14694
56885
35969
33492
33342
8283
26978
19936
8015
24997
58903
34538
37183
19289
54338
22185
27585
37722
13371
42881
47122
27951
12721
47940
14023
27641
47476
38996
35360
24843
57708
31177
32456
18498
16458
45183
45841
43613
24267
58587
51297
12843
18477
15908
6388
22383
33062
56935
22013
31725
50165
50438
47796
58860
31938
45845
45802
40290
12971
5151
5977
5281
53108
45913
52768
56671
34878
25692
56973
54190
49802
14763
30239
15564
22326
27332
6383
24512
48959
12646
6613
11129
26689
22401
18008
28336
57946
24159
48048
8884
28423
11388
10924
22328
4705
21416
46475
50241
53795
7517
34732
36897
24996
41844
15239
51881
10194
40540
57910
32930
27155
5054
41963
8761
53022
7702
48799
31313
21202
47100
41685
47883
58685
17155
4966
11354
33887
39481
6303
21718
43933
35455
14728
28097
40816
13503
35227
46580
17426
31702
46255
25750
39716
13514
15209
48830
9003
48787
43115
37529
23722
32325
7156
37627
17950
17504
48069
17396
33586
45256
9147
56964
48081
15740
6305
48728
5413
50925
42640
4733
36751
15300
25682
57992
21009
23797
23153
7097
17254
38285
41557
48317
7438
51346
44862
59766
15216
46565
54471
36673
16762
58579
11850
58546
23377
37376
50549
52691
23307
49656
13150
50527
46778
48884
50519
10640
59098
53919
39956
59700
44547
52148
11608
16016
55685
41328
24446
15562
43761
9747
33874
14177
50240
35907
50040
27844
17546
9666
59827
58408
34267
19475
30477
47489
56390
41624
57304
45476
37874
8371
58741
28827
7075
13999
24191
57325
50161
8136
3437
17587
56119
11184
9133
5613
19723
56050
56805
16818
36269
58138
7497
19585
13569
26520
22203
46826
36064
31285
57926
54232
3877
8703
21368
4455
28038
4593
41661
21824
50571
52415
41780
59566
28812
42952
55638
30912
4308
3972
7771
46757
35036
41146
26673
27303
38520
18446
7474
20931
43300
15597
46092
24984
40669
4671
31898
35636
51686
14673
20688
14172
14773
12331
40155
13852
41557
15329
43101
49993
6214
48735
56470
54072
37260
26986
26335
16979
43898
59910
40955
59014
18973
27587
51236
30889
18184
9186
34511
12077
49751
20930
46698
41670
22585
55224
50849
29308
22675
15228
48552
42858
22099
35635
17958
35958
34620
22035
24611
49252
18640
30206
42641
12185
18794
15386
50194
16355
13297
27485
12286
21519
17992
4984
45456
6402
19486
20056
44749
24748
3831
57102
12563
13120
58342
22037
27712
4611
3355
58491
17543
42064
21227
3787
29561
48302
30399
48143
38136
29058
4384
8213
4280
24290
15566
42270
13275
58234
21967
27122
25491
55852
43703
18850
