2229
22089
51661
28639
40640
51289
29269
48367
39069
45748
40338
7452
28078
38350
34049
56907
27172
13578
52217
36201
19396
27507
25195
46147
8122
51818
30027
6429
6162
57171
32496
33213
38634
25016
54826
40793
21831
44234
29908
36996
8435
23398
38116
20304
41696
28838
59215
25920
28920
26340
51533
59340
11073
38740
39267
17395
26222
35561
18755
19798
44620
38837
21991
59755
35117
26759
18596
40362
24333
27130
28496
47508
33858
25677
5062
18768
50078
35757
11300
21008
43417
25374
6325
58081
36743
24739
40667
48807
56518
14308
21435
39999
39405
15361
18507
24065
49407
25644
37764
20364
10765
51045
47243
50507
8792
17999
56580
19824
47125
9879
41793
47483
35803
25180
14836
45237
29639
27554
16180
7787
27803
9135
53465
23428
46983
21826
35401
9369
6589
22017
45376
43661
11985
19591
25952
34802
7327
50169
40762
29344
16356
53534
36910
6385
52549
44691
50032
25269
16878
5853
3604
31026
7104
22471
15786
52182
31556
9009
14942
22113
45716
50390
25076
45948
4943
15095
25394
48968
46604
28997
56868
20426
32637
15881
18248
42650
58424
9228
9945
23813
4591
57994
20696
38909
44249
39583
3282
3361
5551
26770
42991
16525
32359
38264
22152
51769
12268
48742
49137
11449
54935
28194
4651
16584
48833
17391
17548
22458
37548
50422
30320
57345
48842
28378
38958
14292
33283
51724
48273
30912
36029
54572
52548
50345
31997
46588
36025
42161
28437
20473
38839
57049
20278
52577
37766
31179
17932
21240
46161
7492
9421
51822
4129
52290
35949
44802
25548
48444
58063
15005
41085
46511
34452
46077
51962
5363
39363
23268
37686
15169
59364
34236
40315
28733
10843
40582
53569
36897
55120
50544
19050
4186
5371
38801
34425
5207
36919
18842
43514
36009
28195
51955
44038
44927
24371
3257
29873
44301
26946
5610
45181
58807
49359
22795
42150
18336
48334
14194
7091
19842
52191
38233
23989
30230
15262
47043
8803
25863
55400
40350
56207
54415
51018
18512
12634
58312
54595
36085
33335
28534
40006
47089
9682
50859
40536
55043
54539
45565
29249
20842
15410
27363
46990
37819
36924
3600
19486
45578
8468
12539
21176
14397
5850
10465
41334
33833
12298
6470
7377
28589
47486
36328
11015
51666
18295
4093
52444
19783
48349
58015
11713
3382
5915
42604
58473
45109
20564
11606
52750
28875
58444
41251
42658
56837
44515
23915
35236
28551
51654
34157
34028
56303
35834
3414
57805
32500
39794
47110
55501
46489
8245
5449
56455
20088
47356
51840
4694
3870
3459
7708
5638
26045
43460
18909
6070
21505
6235
50545
24788
3311
32756
35616
11430
58845
43588
56395
31665
38031
49529
32985
29093
3761
38088
42197
25062
42309
39981
43402
16584
44811
10309
36373
10457
46757
41118
52914
12550
41794
38766
51791
44156
33611
46259
40364
50732
14552
13583
29173
24127
19636
56490
51108
41146
17331
32066
36464
7117
10360
10264
8734
54442
38203
23104
3343
59239
58296
40974
58597
34722
34458
18549
32443
59017
5586
33055
14892
58417
48168
35307
49077
36004
58160
29893
42402
57016
31827
30698
10594
31407
28478
25657
10136
49660
52627
44586
26157
37194
5984
15845
55105
14983
58178
18434
15355
32560
39985
55318
54992
9270
19276
31138
15688
53648
38273
45954
45158
19609
55520
13960
37798
20455
33936
21730
56173
5591
34772
54441
39583
12218
3572
7537
12047
59773
32777
36013
8304
35110
59133
54328
49296
6477
19142
33929
48450
40950
13268
59354
5152
33827
16768
52585
31721
37296
21243
24956
48105
6896
53653
25243
58356
18850
29633
42906
43437
42857
25318
20410
7160
6060
12777
10511
39491
49024
54457
39631
41887
11004
18792
49577
57770
16521
3302
52685
20829
24569
56937
48138
25077
8510
22719
7858
13129
28687
7581
57775
12490
39329
9684
42488
55561
50451
25760
12825
5011
9312
38443
25539
50340
3871
5105
58044
11294
59364
29617
54731
43209
53328
19995
31359
7057
49885
4512
17807
26153
18734
22222
30915
26526
23508
41838
17422
41149
21922
6059
51660
6158
40195
31866
20624
57127
30258
3780
20757
58491
40356
49112
35968
19564
56829
58298
58151
5554
19523
46249
33417
43663
47112
48652
3803
40590
48232
24791
28002
50123
41955
34738
20546
32350
5699
31871
13153
49541
36268
43747
26021
22358
43315
42101
18104
30622
50923
10046
3926
52796
47204
29968
57167
4684
51188
39092
52792
19635
3040
7977
40877
30024
28517
46113
31919
37669
8314
12625
20788
45541
27206
31410
13955
25577
37779
17489
48797
42543
45932
46432
57709
7868
22775
21488
58857
42002
46624
3736
10651
49610
32267
24197
8767
57364
11034
13821
23527
23563
30021
27188
8051
30809
49669
42026
5195
3607
3756
22235
23037
36260
5333
41270
28936
12276
42730
30981
20996
8296
6613
26693
36987
34308
12556
38067
11971
11327
36357
38301
7902
18922
18370
45286
41553
58628
3033
18184
25455
17802
26951
35210
19576
54933
22069
33829
17574
41342
52644
6393
23229
21963
6189
55923
37742
13420
45099
45951
49196
29986
17014
41464
27794
36047
12404
7379
23698
49901
32650
59247
46326
41369
6365
53225
19804
52617
59623
24404
56582
21955
33195
37921
7125
33257
33987
49406
15625
19538
14483
42596
54412
47624
10329
17404
40430
21893
26558
40815
47079
35548
48810
59214
14883
53594
53877
19058
51173
31420
59971
6171
35068
37484
49976
46628
30203
14498
13881
15462
20192
21672
44782
26428
38879
59451
43538
21389
23651
36614
36542
56358
55353
50024
23652
51704
48146
4519
10147
14380
46960
44975
21040
55113
33790
55922
4962
57975
35696
48645
10493
16725
51746
15959
27435
38502
26795
24525
7326
20678
19460
27029
55087
35443
18424
42593
56454
47125
14404
53415
50818
20472
3266
7277
26812
14395
31289
38883
34624
34958
52089
3654
31475
3010
11640
51258
8099
59726
59943
26315
53848
11811
26954
33221
40151
13975
10200
27138
33800
49990
40099
50875
57509
58211
51125
28527
8144
52397
56522
6509
30964
39964
23899
48465
4575
46474
48731
49886
53659
22046
53745
33104
28389
34213
52986
18027
12223
50821
13350
3339
19233
17936
35960
56925
53940
53395
16483
25749
17250
29668
18658
27422
49161
57784
18512
43426
41029
25313
46018
57954
48498
30360
26375
19052
30380
59780
55335
13732
57056
47954
42477
50473
8263
51810
8041
40903
21934
27858
33169
27179
47933
48485
18656
26032
4752
18726
29588
36713
56991
9161
21418
57601
26153
58554
16433
23842
58813
36099
55951
56178
39756
23739
37623
51643
23841
40011
45085
29670
4428
50610
31614
6621
4989
32025
43402
22701
30396
35626
59324
4465
11294
20886
38269
8670
50493
59257
59706
22032
33425
5664
26250
35100
4099
16123
42158
58064
32125
28269
27076
27947
16989
33026
3163
16695
26141
32791
14781
34726
53021
39056
31894
41975
49449
35644
31513
55531
29116
17095
8558
50472
21612
11330
18874
40135
17123
35600
13798
44519
35836
50159
53636
56441
17479
31364
30963
47082
30272
19196
19840
23688
10510
14750
45428
52123
12993
10269
58717
44067
23134
11262
37882
30733
23997
36000
28788
28088
50681
37844
38191
25319
46918
27788
4432
38759
59114
21855
44515
14774
3467
35343
44410
40761
36046
37922
38128
58713
44444
59713
18170
5397
36946
28923
32328
9777
26322
17840
27255
32603
35025
51042
53216
18999
43536
27595
37316
33147
42692
8331
49556
56458
35076
52568
37877
34951
30425
53169
58175
11080
26498
41305
17613
34083
23188
52397
56083
56371
51526
15818
47334
24810
56503
44280
55530
45745
48440
7880
37288
13349
36595
45552
19022
19708
42739
28736
9402
50736
12598
59160
5214
41600
53564
5114
52824
59344
25773
19088
24251
48604
14779
45511
40923
52901
49763
33111
59253
15395
13399
29216
26374
43492
3932
5961
15041
54166
41673
48151
15472
30225
18377
37730
33078
29764
37199
33173
32186
19464
41060
4560
16462
12360
32877
32053
13076
42760
10535
37707
10317
6509
47056
58978
42343
41072
45039
48815
42628
47999
34561
25778
44969
37094
10305
52031
23112
57235
5211
7072
24783
24764
38427
14825
37748
26437
53753
10371
23279
21389
47367
55220
57258
18308
16215
26296
24936
39921
35710
36786
44837
45873
24888
57199
24367
16515
12529
52216
42304
57675
52180
47487
46049
29844
50389
23075
5290
45096
36278
56962
47221
25350
20398
50923
55843
48908
27155
38194
22661
12948
22525
53793
43381
6645
19217
55275
50260
26545
20083
37473
52427
16629
33613
11133
27484
21717
44874
40675
32111
23761
25748
19994
33204
22466
34887
29529
14817
25738
13853
35310
43059
25061
25955
54177
55660
11177
26807
3977
22109
43381
37982
25078
15867
3135
46428
8593
49193
19809
31331
46968
8988
45042
51215
8070
58684
9716
29414
44276
3555
54593
45915
8642
17686
20759
56910
19630
19287
58278
16487
43250
26814
25167
28400
44366
56600
13730
55587
36339
54701
18422
52521
26524
24921
23434
22824
36806
33567
47354
46916
3364
12381
53990
49102
43266
59905
42270
23441
15473
13762
21342
40029
30671
31252
57106
58091
38868
31549
52263
59883
42031
26651
39807
20699
55815
51150
50056
45513
45186
29915
58909
29140
24616
40588
32173
29561
24900
24800
9393
33825
43732
18850
27904
24928
20034
18552
12966
32241
54119
35338
8697
15587
18585
49932
29775
4787
3718
52802
51534
46814
6700
54365
18720
6697
12957
12100
23528
26365
26864
23829
17633
26141
11932
41936
46842
38162
19522
23841
48185
12204
35915
41513
10451
22055
7058
40794
50566
51539
12135
31638
48698
40347
12288
44515
17465
37074
19133
42846
41890
50092
47935
59450
15391
52441
59151
51403
21788
53424
52564
44975
48470
54639
14855
36725
25875
54791
26498
37948
12864
6536
13457
34817
33370
11083
5215
39883
46315
29292
49968
25654
43382
53029
55048
27081
17631
21486
19731
21157
36295
47456
3017
15713
53414
51911
15268
50742
30631
47703
11657
37052
47928
16609
40736
6163
58207
3997
21748
29920
56591
20042
30988
3300
12602
27774
58188
33208
44839
57673
5428
54960
5996
20172
57946
52150
37968
40448
25119
21627
17657
19641
47148
45052
20348
29294
24324
5369
46741
21258
52754
6734
43966
30455
48814
10445
39376
24399
34600
54789
58916
53601
34142
26185
4665
18696
47977
17322
11240
53632
22488
39851
43199
17228
12961
39548
35835
17810
32183
56553
27365
13567
22446
33046
39119
23078
9934
9830
33006
53309
12208
15668
37748
51442
42952
3414
51190
50527
54610
50587
13901
18050
32952
58793
57732
33411
59118
22370
44924
17033
20365
51796
30678
55983
10614
51654
42084
51957
37372
55867
48659
24465
14588
30036
3139
51544
33234
27284
32026
6750
57446
13704
44083
51236
47222
50495
47696
42441
6931
17991
3856
16134
34431
37892
12986
25209
27852
41196
48269
40070
13955
4907
8391
25695
35171
5270
6000
27342
49037
29373
33609
26815
27555
26627
17285
54019
36067
44518
12090
44677
31827
42333
12607
19941
13655
28006
51507
30901
19643
36386
32238
18412
14970
58085
10029
19327
24090
29473
28703
26821
57303
5664
5925
20084
11344
57155
59735
57959
50828
20816
20690
7346
42519
38821
43282
33406
47799
14316
6726
51588
36583
51403
37546
38077
35791
24967
34501
43714
46011
41272
26958
58660
48578
16757
44810
34266
9090
22005
46654
7371
43145
23268
44687
6782
40930
59844
25606
16490
11313
39772
51703
51086
9902
22501
35490
47516
39246
24921
26138
16017
38499
14979
59902
9492
54083
10857
29937
40979
40294
18120
21699
11325
4517
13770
41292
15376
32151
13124
4877
39925
17740
56926
55661
29896
22564
48094
55140
43387
49049
30354
59015
9049
51897
28301
17916
24927
4745
18817
24584
53730
9311
25868
38198
43725
10968
41218
15784
58098
8119
55797
49574
12688
17341
30863
43164
15790
28413
35086
49874
58213
27962
13262
40419
18609
16641
13252
11874
52923
54089
44242
44520
21476
57034
48984
25175
14966
3377
56000
10130
29644
4430
56491
42435
50196
26752
31039
10182
23952
36386
46730
59543
31377
49430
57039
42632
39126
42311
50372
30905
24821
41581
5932
37748
11581
33370
40043
56625
3317
6036
22604
31396
37155
20296
33542
14338
46459
26382
5876
12390
50941
5651
49899
21367
26000
37938
46439
29960
54989
52709
44025
57260
35798
30355
56358
19542
49930
32527
21823
34014
46199
27741
7110
34217
29367
59645
44454
49367
25775
59895
30524
10875
12095
11886
47329
52950
19276
57943
9983
54896
12553
52223
17950
33816
46057
10879
48787
29875
21704
3940
44712
16450
53995
8277
30333
34164
8711
59200
13164
50849
51379
35195
44436
51175
45424
36056
17019
55220
41249
59390
48066
41192
13268
55388
40269
55076
42494
3263
3443
17602
57100
24590
32949
28022
50796
13431
29320
55923
40680
49171
26208
13796
38896
31586
43085
49204
5316
22044
34048
39913
38185
34325
53981
57399
4785
25933
31133
12136
8801
7940
33479
54306
35077
52069
48184
14510
15177
52103
40559
30105
20034
22007
23374
48282
22604
16050
25576
55910
36561
33832
56123
9253
13388
54163
19928
39429
17830
17916
29881
27811
52038
37999
45698
25523
3952
43574
8735
27492
8169
6690
47561
49156
58183
15647
3231
14697
41433
52482
16714
49512
38101
6983
20820
51424
19864
49911
47799
58157
26772
38849
38554
33812
42867
4698
17627
10435
42452
43523
33642
42340
13920
29393
57200
10255
42541
50385
54127
45755
9757
7710
11799
3094
21083
35853
8709
12849
17259
11729
34799
45915
29861
53938
10350
21959
57576
43981
18355
48468
48589
17190
19366
44260
6195
52988
34806
37052
10501
30596
56159
33207
5284
18269
41090
33077
26799
8216
46941
25140
37798
10949
42629
28841
7646
33023
23053
43519
45685
3140
37239
3375
21919
7456
34095
48089
45023
22578
19983
26284
28185
24087
13672
28722
14380
24013
19412
30131
32165
12510
29956
50734
11475
30064
27065
17774
46163
16633
6820
29423
55096
34587
43136
51755
19770
39042
26772
14435
17091
44551
16446
32763
44328
17524
34760
4544
53071
40810
30342
11169
12879
39987
50710
6644
3464
22801
24128
55766
59043
36199
12589
32452
31645
20546
19519
32914
41585
37715
17401
52479
52615
3662
53542
27630
54930
3571
41772
22593
50757
16432
