286
58794
39734
30944
45075
29850
35850
7624
13177
36286
26356
35800
44759
31652
50020
24156
12137
43263
16235
28290
56532
34136
15666
7738
14157
52444
39657
19016
50555
3779
49043
18524
4397
15757
23784
14995
19745
50893
43732
43874
43247
5181
54772
56467
9839
55254
44782
22991
35040
15052
33468
22157
15517
44158
39476
38825
10876
16660
18275
8013
3288
29511
29722
49735
44644
50556
4077
31711
24538
46181
22853
22107
30639
36577
32400
48183
52645
40613
42360
24429
26418
47299
56546
21153
11097
55496
23970
43830
40336
21682
39377
19964
51169
52735
58677
40505
56909
16808
4096
9772
56301
25141
13181
56320
5791
17090
45991
52212
41104
39624
31356
39051
43900
7012
4560
25045
8941
21806
28511
31868
29536
12265
11969
34330
7981
52890
44531
19159
12034
53313
39394
50875
38123
36658
49796
51685
59912
38726
6244
53681
11050
42780
13832
4597
59469
54268
39184
21482
23002
28823
9899
51890
25033
6623
19528
14883
11273
55193
58991
31493
10144
49025
18502
18445
31645
41173
52273
35804
24295
51408
22130
12478
9614
48979
43114
5854
50080
55827
22727
59328
21709
57988
26248
3388
12354
3084
41972
24776
31026
10892
20499
43929
6496
29211
27684
59415
24109
13587
9442
51706
3312
27083
9735
58878
14336
19701
54524
30887
52106
9569
25706
7634
12124
15957
8586
11430
10645
5025
28048
9784
34565
31052
15470
53958
24383
50188
48919
4865
32974
52656
14528
34954
11011
48978
16952
10784
24900
42757
5324
53938
6314
46699
54046
25474
28169
31827
26841
18865
12861
29951
3239
50371
59992
8654
59046
11358
31825
24620
46596
6513
13507
35495
59876
30438
21706
13929
22509
57068
5077
15870
11988
37999
48275
43629
40194
58802
46925
53461
55810
21215
13470
9963
37524
10904
56930
52795
55677
