2032
30807
56684
7584
9369
55365
49097
39979
40901
13167
24642
17753
9362
42614
58333
31359
16804
9514
53057
40190
57451
8249
55050
25512
9430
16771
44955
58801
14522
59115
46047
16744
6432
37401
30411
16969
13606
45955
50475
54248
27433
43356
55226
53756
23784
25735
47162
55969
22349
22737
47014
20060
4409
11232
10868
24481
38041
34290
39893
56498
44331
18053
11737
5171
35117
47423
39292
32279
51502
39664
45652
26128
3490
46069
44519
37796
15315
43507
14266
51816
8379
4964
41951
4027
49816
24048
6470
15026
8221
42081
24947
23288
59366
32673
57945
48124
4243
7056
8064
26710
57563
22119
42095
25295
18281
57337
21971
29184
17167
45233
47817
26526
7710
44585
6067
26219
47772
42170
24004
49165
11981
31236
40061
52070
40859
10511
31124
4878
40244
4075
34225
27213
14574
27590
14992
45470
26003
33183
14491
33086
32168
31365
19217
50995
51720
27726
9449
30190
42885
6896
40649
6459
26786
53279
34846
41532
51916
42423
24355
41958
15440
5964
46166
37675
56933
48916
42905
25078
4845
22386
21009
26941
45301
14431
55178
42088
50377
46965
40165
26957
37381
3562
49368
50459
24771
58645
8784
51701
28383
27925
41400
44247
49121
10007
51835
47711
5208
7154
12846
50366
3284
23849
37427
6207
11055
54750
28199
37000
16197
9616
30487
29558
42002
3544
31245
3420
43741
42414
55159
39315
42603
43807
27671
49053
58242
3750
10274
19045
23128
14617
35434
59085
31900
15613
32412
20204
57040
36165
12775
36012
52214
13858
12487
53366
15714
43619
35754
26990
55072
16499
25886
47236
10932
52512
19969
41636
7169
53336
53129
37249
9672
3431
34505
38038
39422
41978
47885
28676
37245
4283
34964
51633
39242
35094
38619
47177
17150
7877
23382
54609
41724
17310
20234
17643
31851
21744
59909
17257
11126
9503
32890
6126
50973
51741
39734
49262
54368
24915
9417
52134
35894
34656
42258
11339
16234
20315
46134
57786
11696
32535
28132
51795
56422
56166
42166
27440
31567
38721
46352
28565
23122
52897
3406
28387
8038
42700
14934
23701
36047
31459
27524
23677
9219
4496
18921
31792
34990
21981
36192
36104
9277
36531
36889
35656
33533
10352
52280
22917
33339
17646
47596
57646
41254
15415
8580
32578
3518
14195
36127
37028
11421
24514
13337
8435
55832
27799
27077
34260
6055
54304
52542
41277
42948
18244
5075
36941
17041
56656
40889
56763
23834
58761
34796
3670
35139
55571
47497
4718
12235
5656
22987
45039
58810
43027
29184
37381
32088
3763
3699
6786
14608
38462
8665
44471
40152
11803
12208
23571
16707
8434
12375
7090
16110
3824
37577
11934
27897
41406
22862
26157
14306
36827
57409
35309
31931
52328
32196
11352
49681
25627
30689
59635
16983
18297
41992
20375
9342
42738
42101
14370
8653
4379
37540
6339
30527
43112
38524
30613
14064
54677
22050
45225
37417
20062
39521
28932
55048
6797
48928
24252
47387
46647
3049
45968
25146
21564
12892
54997
32319
28096
16630
5273
44111
15770
38878
9612
40905
13298
52260
51187
16661
28038
43546
7693
46551
26005
34696
56680
48760
48160
22334
22795
55221
40887
19432
49427
53580
24120
42991
47484
10829
57045
43812
30067
49842
21010
18288
54734
25915
42277
12085
7527
36499
12874
8611
51574
47147
36639
20551
52426
59109
6860
39066
15115
50171
44789
14236
17405
38674
32547
31521
24219
22755
47200
40651
4431
55593
16406
15294
29766
8097
23579
52485
59440
50079
42686
21553
14540
50364
49228
50517
26183
43286
25928
57188
39883
33198
12838
8235
35618
50147
11926
59489
20242
24576
58520
13111
34381
50768
12275
57677
52180
23990
37355
30695
24098
9415
48618
42190
52806
41037
17346
59355
42331
27774
38476
52765
55430
23819
8017
6439
17172
22621
29007
30964
6087
12277
7344
9800
19661
50630
34170
19025
51805
33287
39667
38984
43350
45264
29120
6081
35418
50404
42262
54107
46638
23718
25251
13001
59078
41393
3886
51446
22709
39882
52210
48134
36086
53197
26986
51041
23381
38971
17048
21749
48428
4853
45637
49264
54122
14748
16096
36121
27942
38525
3059
12676
28736
11558
17575
6185
31046
51891
53554
15947
10549
45526
31202
41184
40977
27638
37551
53013
42642
23492
33232
22417
59114
38633
26966
10864
31614
19668
10640
9712
8556
41546
41609
52172
9576
19921
26275
50468
45984
22617
16676
19484
18263
9483
56649
34493
43297
34583
50882
11758
44442
40149
48753
34495
54442
18930
34453
3863
15266
20310
50094
52596
51173
13618
16023
52237
29631
34511
33504
54955
55495
35063
41387
53536
28790
41279
20721
23579
14963
58467
54457
42855
53993
6949
46128
14183
14323
13139
35358
12002
34447
40409
29748
55187
19206
46386
22243
8465
22285
35866
58172
4054
47809
22563
4208
35432
8716
30322
5335
48516
13699
29069
49165
32944
57331
21747
11318
17990
49647
6324
33314
42115
31402
54479
4070
36808
5829
15351
7294
58591
11325
41844
10862
14921
22173
18479
57235
33659
48834
11674
52661
20833
28234
20264
55906
36411
34412
41564
30193
7504
3899
31996
31998
44603
7708
16791
11472
4284
57253
18033
27918
54508
28697
24263
48589
41872
31338
45854
50182
59639
29177
55544
50530
20887
16871
37220
13589
50990
57052
55194
3113
39906
58922
4340
58604
46066
29375
3342
48927
22665
55315
14210
51127
35508
50039
24736
46380
49400
28131
18106
59027
14233
26994
43922
6306
12764
49800
40824
10964
12334
49006
55605
25801
42011
6097
32521
6243
46944
40896
45145
38049
28252
13694
55817
3481
57672
18648
21970
28201
54035
26028
50638
48356
28347
6674
28990
31854
56063
28990
19612
20341
33789
39640
42440
18319
42583
13478
53884
51732
16988
37138
39745
28071
41103
11529
7722
58385
45314
49308
9524
16617
43091
57162
24494
46369
16859
21714
55973
47411
57680
28619
55031
24135
55142
15034
58558
43452
45179
17698
27703
24158
58603
26797
32632
54477
7971
59704
19076
44566
51932
9505
25595
6703
21023
17662
12040
59365
13312
54707
9425
22156
53246
12220
39103
43556
23677
57032
33842
59056
25113
46760
16084
15497
43054
40225
9265
20037
10443
24759
59679
21069
19296
58066
54431
16199
33054
6727
34385
28933
55167
13991
37977
24591
20300
41442
33171
6739
43063
19851
50058
16577
52028
33917
3198
45138
47697
7533
32087
37224
20659
6269
55400
3011
43525
48544
9108
20190
11685
22378
54537
6512
58413
52303
3212
33080
32772
59531
5750
10945
46649
20300
37627
21519
27064
37764
24421
25828
31921
48977
42624
18501
48486
56786
31781
7438
42455
52057
54745
9015
34173
58074
53154
47010
11320
8871
30777
38915
12284
36997
19470
29661
25193
32617
14087
14959
5891
58065
15824
22439
48157
59238
44335
37014
6085
56725
34998
44955
29918
51105
29541
9336
58895
14956
48265
17582
17472
10452
45981
42359
44328
49541
24107
3641
45473
56023
17191
16085
39458
8069
20312
5401
59900
9658
26757
13869
23405
28652
34626
54549
50220
44132
6499
57047
7766
51884
59902
58331
5386
47787
17545
8842
26213
29877
46703
25229
48451
49556
21204
36484
29571
22476
28453
39689
13903
21456
34491
41260
36813
9092
25054
59788
18379
7879
15654
50614
12198
44121
53819
25028
58268
43338
37835
32430
15161
7159
5022
53499
39428
33286
23851
42460
36756
19134
32365
28188
22492
36428
6423
44892
43615
8080
49306
29069
28061
44319
22254
52379
34396
19750
44448
15435
38465
58884
58059
58258
39510
58653
16432
11890
36530
7419
54136
29272
3456
22831
48435
59573
52831
46606
10385
22255
42439
51531
36075
53655
26942
8874
7065
22220
10744
55206
57393
59457
17955
10646
6533
3741
41145
14434
45911
14189
30570
35402
30495
34933
50018
19531
21358
3700
29321
17798
46215
59824
42915
41983
36257
45485
13631
59943
55423
52453
14255
55040
8651
11484
26377
35513
44240
47250
3573
52344
10964
54290
18133
37994
48621
34116
34316
53669
16310
37251
18973
31720
17145
53850
25239
11915
6593
26446
4006
13452
26186
23144
20216
12908
35417
30969
56722
20500
47300
16143
36077
3693
6827
9285
48250
3054
56303
4727
46041
30405
56130
28629
16833
12310
29435
35138
36722
3071
43803
47646
57397
46360
20080
13751
33411
17466
58268
54720
24071
15209
36931
33649
40904
32135
41375
44703
59893
59482
5098
9219
17948
22336
56236
21141
59533
48779
42940
30641
49196
39823
11986
50592
7583
11674
24607
33002
40033
44047
38110
8508
39023
17938
12738
37749
32591
54962
49810
48374
8881
30676
41714
33241
28418
53807
49560
54903
52460
38102
27296
18824
24643
17408
13796
7047
32717
10411
38220
39739
9638
9398
4289
47309
38224
7001
10384
36002
56344
37195
48165
30637
44216
25892
14253
43409
48601
24177
3586
4421
33884
7885
43809
17228
22547
15421
12635
22145
10713
50852
3589
37899
44636
27342
52282
39461
20866
37142
44929
19195
38685
41948
44540
43068
53095
58509
16840
44228
22632
17626
18291
14978
7065
52506
34043
4373
44393
14420
5134
46073
35737
31441
8096
31920
37631
3486
46605
23410
31215
29865
6601
52238
36981
54573
57709
14139
47597
7646
34487
22125
40275
37944
32429
6119
7838
37036
28127
24716
32341
36160
29149
14403
21823
13177
15036
34808
15613
52174
5497
39734
41105
59610
49527
15721
35243
34539
38053
47113
58425
53401
12256
26369
38227
4543
22701
26520
56835
58628
57381
43315
21471
19866
51582
46681
7788
49939
19591
51056
20875
40172
38744
9659
17999
47618
53595
3850
9113
28345
34579
13919
18192
26856
41678
24045
36100
46612
36752
13740
42686
42255
59274
34416
21894
6191
15740
38728
41707
41189
56237
10888
56234
15261
49779
26016
56688
27642
26132
33573
20436
34391
10461
53375
56837
21968
5826
36580
54393
13497
37931
11656
27567
43360
4509
20537
53955
43741
47553
30690
44737
50139
37629
51477
40439
58202
39873
30522
23989
44673
14623
45187
5692
50142
26362
54450
47782
27570
20481
3759
37898
19944
47427
47388
26617
13656
32586
51058
44599
49822
55030
49196
30633
31748
8672
40361
17616
11073
51306
37764
17884
41984
11101
25863
59039
37646
48214
51308
32558
51030
3276
17999
43593
39043
57254
58673
46539
18331
12674
35310
46752
34216
48336
19708
39533
6993
39900
42792
13777
14360
30706
21076
33818
48267
28162
6737
16556
26059
48407
23060
44671
3795
17669
28692
46858
24753
17992
39083
17387
41268
41511
5360
20492
49434
43933
51029
50651
47018
25640
36854
11528
36785
7574
4691
59028
28258
36437
47198
55627
40528
56822
31867
33978
52343
8816
35104
33270
16803
3239
52875
35882
6098
54864
16779
33916
47546
19446
40101
30158
41719
56944
23267
15367
14729
57642
19941
56151
46429
15215
20054
57173
8304
53168
48366
29326
45896
49809
16179
38407
25711
40320
5552
53043
13308
5480
9025
24713
29693
39819
22960
31438
3931
58429
30016
46730
41708
6050
21659
9707
13116
6545
22615
6035
53172
29833
16073
26429
17330
3391
4101
13383
28603
39520
59563
44760
5919
43873
25070
13884
20690
4925
27582
30825
59720
3457
16349
26176
13486
49435
48172
25073
36032
21421
19478
40941
40387
11540
59838
5724
22148
24676
36369
50455
39459
5312
38915
26146
34412
49943
44782
34491
24831
22567
29402
39125
50882
32130
24404
58893
47215
43598
39733
30001
38212
29908
48880
42527
11490
9076
54009
52367
15316
35514
13324
14216
20704
57500
56940
18545
34681
28936
37192
27853
36587
18352
8804
28524
21233
58426
48154
59621
24740
31260
40345
28162
40892
16622
13382
44913
59148
59510
49152
39740
12891
48470
38165
55840
4674
46264
14104
42864
38909
49434
54882
10009
51432
15008
51782
34288
55367
43331
34873
4426
37109
14325
58036
8759
29917
44244
6957
39810
43780
44979
35595
31014
44286
11963
44425
51766
33904
55116
46654
58373
31784
49026
28127
31943
18129
23918
36757
14763
16495
42868
58306
3101
47910
53799
8478
18267
11229
23999
47584
33641
30145
47405
39696
47024
50080
18986
5610
43042
58787
4823
18202
41073
14332
41855
54391
14366
8766
46599
20153
58193
18685
46073
58314
53955
41025
44175
7090
56218
5598
33975
4363
40634
43852
12682
48451
50234
47989
24745
56090
51036
12094
54359
52525
16322
23161
55613
22465
39192
33498
49100
45121
22700
53517
8009
55828
57556
56811
36342
16868
53320
50874
58555
22953
20217
24320
4834
28973
24244
37558
21536
50009
32598
36034
33440
11455
53134
27503
16017
36068
35326
18936
35584
57936
51565
51279
35877
21286
44366
30584
25322
44758
14365
36171
36943
12673
33348
58454
35348
50443
58586
9871
56922
45096
21138
48385
58998
19711
30286
21065
25707
18759
40274
29933
37781
29834
47065
55781
39078
5347
41179
26557
12799
37441
15146
6115
52129
3376
9884
19306
45130
54697
52683
59543
7335
59629
56605
59539
42283
15626
28801
3311
7098
19388
12662
36954
32207
56869
33334
42415
55786
53947
30503
52246
56816
59350
19589
55354
17386
