1771
8201
39241
37963
41880
27551
49952
51199
43154
27396
51955
26665
12999
30823
36168
10672
57810
48283
47436
34879
33200
21878
55572
54402
54167
42306
29802
47166
38667
41808
7721
23094
49094
3766
53034
48665
56795
23448
9257
6926
37308
25043
23982
52589
58323
49374
11576
22803
52625
6407
24077
47982
11499
59426
7851
54594
45964
45821
12852
49832
13358
50604
57308
36826
18109
17569
38781
42267
39821
32471
35669
50942
54613
11579
38233
51479
51499
49680
31752
19416
36465
52256
8520
25086
27520
40007
49971
11610
40254
39666
23589
14163
50386
56870
42072
53823
54054
59214
7360
39811
32699
16646
34231
43365
10069
7883
14083
56619
38064
59105
20636
23195
44676
33958
45729
21666
30706
24208
8818
38455
56051
55350
38268
27854
46442
7991
43242
46417
11094
47826
7897
27953
36722
49177
43809
23444
50834
38261
42029
10313
48653
11009
29135
40507
39547
53727
28559
52545
13928
57996
23510
7100
21614
12770
20627
34456
45444
17294
11368
52850
20569
29202
39685
12230
49474
7019
6486
50335
52745
48230
31459
24711
48551
34972
19118
15297
52633
27142
40704
15842
34633
56851
45898
32778
28768
58227
5198
12616
59391
43840
20202
50402
52865
32853
41184
22039
4458
38498
49870
4283
56710
40036
5782
35545
21935
51838
20083
47226
46051
6446
24722
28048
50334
4352
46189
18043
47010
23751
3494
55810
49305
30249
21907
9702
40828
28950
19477
55690
32784
25942
31739
38909
19125
29123
20850
20671
32003
15373
57568
26835
51644
24476
44398
59658
8730
37443
9650
8271
18370
28216
26183
17082
42265
49828
47204
15078
46735
24649
42066
20271
58509
16183
10129
15113
12281
23491
39326
28411
43496
59426
4144
58222
56823
10580
23240
12693
34956
15652
10008
41356
10097
9624
8291
31235
24637
51650
53145
12461
36599
6043
55934
11965
13038
47005
48515
5854
56258
29268
9166
35255
34472
18023
12832
35781
40305
28649
58051
55029
24328
38882
10430
38379
56654
55094
5475
14301
45696
23704
6496
45604
50675
9010
57185
18773
25255
27055
31131
4150
15691
32475
39700
11215
44304
31674
14083
29491
20561
13982
27481
16742
55121
56099
54820
43642
35340
15740
35030
51525
18819
54509
10411
16595
35095
7446
15806
12689
56019
43338
47488
30581
23757
58827
19069
30486
5182
28664
11106
49378
58517
41083
26443
47054
8344
56877
4570
3178
6462
36616
40023
11654
58674
58085
46164
26343
7054
11312
52350
31172
22084
58006
53201
54544
33777
55381
12457
50046
6088
25738
57103
18683
59314
22571
8202
8063
22318
33925
33507
43716
6552
47327
23889
59817
27264
31004
30792
56529
16239
46220
36077
51902
29224
45147
3824
19124
10699
45482
31305
36846
15587
51124
15550
41952
49360
36424
5172
10703
52599
13931
48742
58348
21859
32027
16510
17466
57080
52224
52565
45046
54430
21073
19839
12398
55702
57199
48550
25406
3218
15573
57649
16183
4571
35842
7460
38658
58800
38533
11057
57791
16773
46880
43342
28340
31549
18834
13606
12858
37269
47495
43525
39392
14571
13280
5998
16285
35775
37326
39592
28985
25046
49186
11389
31426
47344
6916
37358
4064
52730
26142
23144
59635
29002
30198
51647
56893
54151
34694
4080
44709
52281
41332
25322
24462
34894
31720
16237
10156
44010
35176
25014
54244
54169
42954
40095
37167
18652
18420
14011
24043
41647
15359
59711
8504
49433
34465
10228
17911
15490
54448
10030
24866
50634
19225
35271
50738
14215
31613
8475
6114
25613
37126
23781
14641
13171
16433
22135
51371
42598
55164
33114
37225
20873
54193
28901
4716
15642
13634
51737
28982
54330
15897
31277
17151
24148
12101
56211
57475
4155
15057
52052
53583
44853
48223
48243
37964
35979
50236
26506
20258
29691
36953
54091
18515
11493
30877
32739
44316
49617
3084
33816
9206
22051
16361
37194
37255
49195
38956
24400
55059
11539
7891
57874
48844
45255
6376
15096
46544
11666
51894
38248
36501
4471
58231
19602
11392
55326
12103
27894
51317
49087
15146
33333
38687
4802
38110
10360
33699
6216
7522
55641
36607
57423
49478
44732
14352
13188
46460
19963
29116
24625
34953
42193
31370
34457
46427
17212
28091
11530
11726
56534
59161
47211
56374
20010
5336
44235
41992
26625
59566
47941
13756
3447
36870
42703
28134
30673
20077
50262
39564
51600
58819
30391
12670
12931
7994
28138
36101
18377
57947
41866
7042
48048
52434
21167
10352
47426
48750
44559
59920
51728
26354
39940
13664
48907
18820
8724
52467
12143
23055
44461
29485
47697
50283
43605
57657
57697
24974
55421
21212
57075
5474
23816
26957
10929
4250
35586
26089
33925
58397
57633
4950
15104
41863
45110
32259
54450
42625
10123
56282
59204
35726
30787
17384
39740
58401
12253
46223
24653
44189
4536
10958
13131
25640
28719
16437
16701
31340
27277
49297
9252
54188
52677
8119
52200
39146
40951
11830
33048
21581
20114
19193
31402
51791
20101
33304
56714
55186
56339
19252
52968
31103
47958
17005
11977
31903
31810
38632
49096
58767
45806
17554
15595
32918
35409
47482
15812
28495
17971
4422
9309
30959
17906
26337
36148
20816
32510
6083
43157
5204
8478
5923
10508
36140
5954
20973
43771
57924
38062
31894
16386
50702
32933
21442
12017
32757
4598
43649
48995
10247
34844
59961
22382
25934
34843
23023
9197
47271
19739
50306
40809
12258
33909
47206
6417
56842
36543
38511
11819
4690
35648
54270
36898
49895
41763
4060
12152
45429
25281
46156
14668
8795
29179
27862
39852
41781
45490
57235
30375
44773
39585
21281
45540
3454
39359
27306
41043
41982
56576
6981
35546
16024
44724
27740
20780
11674
7848
49756
59313
34450
11267
21944
37455
15471
15423
47188
40004
47566
49728
14955
40362
46013
22893
46397
45944
55955
40009
25683
3980
8012
50031
20475
49553
19951
18382
59361
53761
27077
8674
58524
30784
47281
13004
48209
33810
34758
55293
30789
35083
49326
30916
59721
7318
13314
51560
12615
26025
18024
29817
30839
30904
38527
29077
39306
27955
44532
26237
43466
7314
6798
45706
39232
45780
7058
54761
40727
20641
11788
20168
8512
42894
7094
19860
24147
6238
46898
21088
20161
34421
46632
44202
45570
41575
19534
19049
11531
56360
39274
33986
21997
7006
56204
44089
7678
28229
14553
9937
16326
15815
23349
48757
20006
12287
6612
43209
7479
51412
10565
40592
34238
52168
34999
36074
42979
27718
30500
53375
29757
12313
45005
24414
9599
30022
31192
46693
16629
34267
35691
15487
37128
51080
58544
8756
22827
56882
36503
25289
27690
18012
29509
30508
45785
19114
48054
58132
49177
47144
36081
59187
9160
11480
44212
17715
13493
47646
14626
58873
40589
6288
48375
35122
49687
59062
43640
46727
15411
43945
28388
52546
43059
20201
56634
37190
55033
19012
4959
27475
58968
19729
18172
42296
56624
55651
26012
41787
20298
28240
28708
4453
16754
30050
25903
13218
25340
35617
45920
35101
47958
27712
36376
21964
27258
28697
27257
43074
34681
23620
36658
32365
14240
23775
45212
10381
54961
9586
40412
53635
29948
7815
4593
49765
24179
57636
16806
31747
58833
12417
3100
19736
13869
23780
52167
8476
42342
40471
59996
29999
6697
23249
52365
7276
23161
28078
29046
22919
51207
14575
39692
6231
37968
35896
47491
47760
23595
48206
36336
40229
40929
48270
28161
29417
32601
7871
27604
11772
14248
27808
34829
39744
44744
16541
12053
45771
26732
3567
4135
40194
20248
25892
54460
48430
58846
55039
42654
24547
55594
34680
46690
33345
14638
58788
24894
53560
12429
12534
7487
36492
24932
18397
5373
21964
53759
28284
18150
35072
18322
21459
5660
57676
13855
19635
32331
34063
24913
37274
30356
35513
8682
30175
24134
36984
35638
52812
22140
59047
56924
29940
44108
48099
48688
7634
34486
40242
13602
38242
19953
35298
30288
35007
9394
4431
21360
15829
32895
8910
19764
42125
42015
41119
12200
52567
14534
7796
27090
6024
35281
3867
47066
52037
40164
11714
48447
52138
38795
18432
56850
25355
10154
42048
53851
45964
33496
28661
26151
22099
36860
11117
32604
28976
35921
30330
17057
41229
27476
59292
23334
54928
57917
16170
33313
41236
22332
52832
50682
44598
55182
4424
45228
24338
9003
32340
26047
50669
17453
14305
50958
35279
16499
25673
30034
7317
40169
46622
42250
54931
19619
14317
57781
45201
57009
16366
27170
36274
43929
34860
27731
42487
45153
43223
56671
25531
12596
8561
46974
46922
3743
31334
18731
22373
18048
42554
47745
31438
27800
9056
23093
10039
27377
37573
11595
3631
8504
42637
44403
31083
53029
38152
55698
14367
50614
31667
41474
33243
7796
32078
23053
26320
35478
52873
30838
39120
43318
8214
35110
55628
44085
49188
24393
41357
41387
7559
19861
43463
28159
26195
29547
47359
27169
18425
54606
4407
58088
51465
33027
59219
55420
22387
42032
50810
42461
42309
42427
29621
49665
36610
59373
54677
51152
18515
44397
18459
20900
45632
56953
10667
22475
28162
24731
44396
58446
59666
53846
21622
23667
47374
54034
16778
48734
37417
39429
23289
57422
11603
43415
31697
12029
36820
13759
27830
51357
15305
44809
54557
20966
23698
53377
32115
32091
15716
53281
5318
28015
52231
44993
20046
48420
34887
45158
16229
53919
57770
57412
50813
21180
41805
59797
24447
5626
15102
59870
8501
13470
23400
38470
52527
18287
8229
36676
15213
41423
7011
45016
8124
30441
25217
7179
20431
30660
10277
42963
48383
22034
32238
41211
45165
22553
12363
43542
44492
40090
24864
6709
3849
12826
16451
18157
42976
59251
24060
37995
3136
18471
28869
40743
26322
59891
12469
17188
3530
54352
34920
53576
53845
5134
5977
35423
28814
49847
27865
41876
4396
34017
48977
11529
38127
53631
18875
59178
8406
36436
27449
27556
15635
59783
43039
27461
29562
18414
12478
35951
40389
45688
45148
47682
53293
49772
29481
32238
30892
15624
20184
26008
52096
9495
9854
30598
28031
8207
25194
35529
29647
23054
19663
24942
53570
26831
47160
47449
38324
42525
22280
7073
28520
26775
24448
30614
11522
54712
5715
12024
20465
44981
56673
31291
13810
45849
32437
21771
31330
31867
28216
35637
8466
36709
58511
39008
39127
41689
53080
57471
4550
45466
8208
11007
4423
5655
33008
36276
40579
55252
25767
40335
44525
42942
5060
40893
25696
29784
22869
13367
13310
46760
34827
18907
56184
39794
3179
21712
9835
32651
19320
36300
35412
10651
15896
9815
25716
17838
34323
20171
49035
31004
8064
45225
28901
22271
19726
48401
46288
58974
5651
38544
7301
22595
11489
37377
39245
56860
58088
45390
36202
7392
29181
19346
27200
14727
10974
28281
48785
22514
33715
17129
34129
7437
34742
23322
35329
18583
35990
26414
55228
45488
15117
33193
33587
8796
52672
33931
28558
21870
46714
20164
31716
31384
53190
29274
58427
46805
54798
30078
14529
51654
44861
57483
25370
50412
48034
52196
29760
9783
32963
27303
30144
30099
54962
22505
44414
14105
19521
22950
11963
24216
19609
57430
42137
15840
18691
12031
8412
33451
23351
40039
57067
58720
45160
15514
46766
24673
13656
54762
55488
56058
53148
12502
41169
45776
48763
58744
25086
48227
27035
27274
27180
49807
25286
45469
5703
16755
6817
54785
56235
36055
8444
18181
37324
58474
40485
34880
9800
30133
46721
55023
57639
20919
