778
22377
6696
17843
52512
33048
8291
20449
14628
15665
10277
37852
19995
41946
53662
21193
54372
35465
15775
24681
31771
22792
8301
42787
19591
16622
56629
55695
7961
47938
3151
26492
33504
53639
12160
42006
19963
58450
7062
32413
12338
7089
41370
46788
40345
36184
36813
53390
39819
48925
47243
52422
4257
53643
17264
58779
7566
26818
13690
27135
47173
4550
34622
51684
5639
28752
30634
29995
38308
57479
56584
11643
58502
15605
41015
47107
12911
6216
27052
4248
15373
3382
6308
46066
50192
6240
38317
3138
44672
31712
38907
18850
15520
47108
11437
52094
39741
49508
13209
6054
50130
32869
17661
33680
26099
25589
3905
3560
30115
37598
58507
6110
31565
42710
46817
26903
37575
33865
24101
54732
32010
14950
39159
48019
5105
43413
12917
46475
15843
58975
39901
45655
20676
51203
25742
25326
43718
18191
5966
18481
59759
55195
37748
27852
38856
50821
47995
20539
26047
58795
11626
16822
12941
5405
56000
29001
52200
39294
46686
23882
46662
14831
40313
19808
38134
11650
27903
59435
36511
11719
20677
17263
53720
40162
38402
49302
33018
36543
10368
12046
54987
50004
28176
57761
13028
29733
36082
50291
55942
42462
33993
7571
17498
46714
4647
56911
4164
36438
6385
28439
50223
21991
22228
54641
57198
22148
24963
15333
14156
13463
28390
45639
42462
6733
47930
22547
50423
24974
31501
19284
17637
38786
50928
13724
16449
26316
41725
13267
56066
47950
12191
38121
14666
49973
15057
38741
21085
36224
44289
59319
27421
40238
7627
44360
8917
58228
21010
28483
4710
58433
24112
56772
29728
7005
20739
42494
39275
23550
14666
38408
54470
23447
33856
54645
17135
3223
50013
11453
54613
44485
14900
20319
44101
37213
57755
15915
21355
51098
50971
29612
58478
31549
54524
8260
7287
11821
55133
49978
6491
59559
8929
3805
39876
21506
26467
48003
47230
45759
39241
35564
5291
55782
49568
41988
23091
37262
17280
56727
40441
30626
37820
18675
58082
25211
18548
21046
34117
25895
14599
57386
9393
15847
59454
57443
46462
20048
54350
9276
48002
16666
9443
47412
58192
33098
21227
59096
38277
37929
38991
24574
39439
33908
44604
15767
32934
45224
43633
18345
58637
44431
40035
41035
36749
28396
52772
46016
11097
25538
39302
57512
38227
21834
59573
45238
49418
48610
37257
5317
18286
49559
53711
5605
28258
22445
45434
39728
3880
45548
40015
33224
16592
31798
27447
28971
12835
48967
18778
29606
57226
20021
22685
56018
40370
49179
21797
33054
19575
51024
42404
25323
52967
10859
59109
53347
24131
27397
36704
23429
13295
57640
13374
23293
7805
32816
47484
16128
6501
19672
12168
36085
33989
59876
57617
18869
35969
44378
9777
49386
38817
53683
3113
26641
16710
3517
8508
35247
25737
58438
18195
20958
39654
24842
22907
51387
48491
44117
14054
56451
6781
58028
16641
28463
6789
26982
40188
29285
25767
5976
16456
25081
16150
7463
22562
24900
35332
55975
30925
49434
36801
48543
22816
4026
21882
3571
36064
51798
42894
58898
8377
35615
22338
37164
39970
28402
43650
52129
48412
58284
58252
29788
29804
59221
58249
50537
48414
39359
41218
24055
46945
54339
28739
20791
56368
15618
55311
19560
59011
58920
56690
10125
29850
52129
40650
18003
35514
58246
26993
49433
14396
6967
54561
51922
22876
24352
49482
22124
13450
28665
3490
50197
36258
17586
26626
9935
36905
46254
36878
15269
38733
10877
23030
24949
37048
37919
13555
39995
3947
45262
34335
19501
47976
10451
33991
52842
40751
24714
48493
5270
24953
35495
6343
4709
56010
13863
57628
42457
3493
27686
52022
48491
45945
58545
56053
50599
32875
51855
25928
22848
21481
20313
56387
17628
18640
23461
50785
22815
44590
29899
53441
58954
17882
7689
41678
31208
42360
38133
42834
51605
4497
56277
34077
15922
35425
52414
12657
14262
13763
54148
25511
18972
28194
13064
27329
20128
17657
10165
38135
32923
28773
6773
37107
43055
17689
22008
27940
28795
3133
11883
22356
8444
39665
47362
50598
18200
57663
37821
42925
10187
26213
52450
38159
46947
52070
13021
52236
8726
49623
10083
54773
44698
44575
56191
34349
14039
51910
49298
12458
34498
58931
44825
42254
55515
35884
43870
37601
18112
57310
51961
27101
10148
46398
11941
12604
53070
20963
47301
53159
10919
36834
22435
56188
52096
23655
51476
12570
7854
14879
5671
58810
21583
28922
39353
39988
22705
33409
23013
53279
57886
48622
54673
4556
57214
20839
36418
51246
37783
46022
27407
39025
39408
49908
39862
50263
27650
6542
46340
40326
37571
20345
31166
52706
55066
18684
33783
7883
26657
36193
9276
27422
26730
40379
32510
25498
5564
4520
14413
57542
39843
34192
23679
24648
52571
42492
9072
55307
37100
3067
29046
58462
55700
54275
27627
41442
38054
52410
35253
8968
46881
11027
4021
10529
29079
58855
20770
32854
55032
3416
40123
51658
39560
27263
39792
24130
52300
24390
51896
51316
20739
43396
