723
3963
38458
53499
37493
5669
17429
41894
49494
49026
30343
56156
56622
8002
3716
49931
11311
5256
21243
46120
21150
18022
11449
40756
50149
19170
27659
9950
56343
3307
34373
14032
45945
59682
58953
3235
53049
56778
20069
40804
43897
10986
15303
46262
35169
25170
58764
19065
33858
48124
24879
52968
55544
24130
45542
35407
59686
52965
20186
41186
51084
50295
15076
6722
3049
4700
12047
14564
22666
54762
47652
17637
30181
54966
33812
17271
33833
4909
58254
32034
3095
9208
41040
57737
51800
33326
21255
19765
38429
38335
20444
36732
35594
17761
7929
46960
34872
17457
5214
41650
15006
48669
59783
8545
43662
47718
31854
58592
20270
57847
59912
8949
30802
13900
28434
43900
19236
40320
44366
11650
4695
13900
5653
29958
41026
50023
21150
8612
11149
16032
42065
40197
28658
46152
8944
58330
4232
30183
57896
19978
11956
8656
4675
28632
7012
37550
55275
17364
21053
14423
25835
17297
34109
15519
8303
27372
23091
38062
51418
55888
46803
49495
41100
21377
14939
14045
42018
6565
19743
52713
40751
57937
39445
24419
59013
27034
39617
25590
49659
59112
31586
22249
57285
11801
7376
44654
26291
55957
14403
55974
28521
15343
24725
37670
59020
6455
6881
22624
34414
43439
36001
18372
26135
19029
50982
28190
11431
18744
51554
41264
31883
28102
34396
16760
29958
38077
48378
16068
50900
28398
18395
54926
7081
24457
19026
47408
52208
57192
37835
43421
12604
52951
47669
20627
34571
17252
43631
11700
9238
28742
52253
58860
44579
22728
28419
15474
28438
7758
36094
44210
36959
25503
9005
47045
36468
40101
22496
16251
45672
54347
49952
51343
42089
14952
47174
4665
43285
10613
30458
18966
49456
7632
56883
30800
48414
9378
28641
27098
40519
16761
13645
41034
8581
21625
42584
31599
13357
56373
21964
27842
51515
3515
23121
49762
16593
19404
42805
19123
9965
15018
5364
46668
33926
48391
49280
19532
43030
25947
25356
53298
21588
55640
26931
52449
31510
54354
51081
10640
11196
4507
40023
29643
18173
58427
25965
32167
34141
9357
42148
25308
42361
31212
16568
31508
3087
38031
15909
21841
33661
7732
31439
9150
5978
50355
39054
26905
5137
42891
11037
17310
9091
16345
10180
37528
42526
14743
25457
45529
42758
42579
21887
36676
37928
34791
14324
26959
59664
52957
14872
58955
13367
46785
4501
48502
50773
17334
9883
19232
5420
9748
50626
44824
49174
56362
34518
50096
50403
45588
59063
5118
54667
41834
56648
3208
35470
6390
43539
37390
39310
15641
31217
19189
24221
45180
34728
30264
41379
21574
35951
53323
42349
5324
39159
53097
50616
3662
46406
3574
7126
54891
31316
30652
45898
46343
37497
42273
35713
48964
44435
42645
34646
49527
49683
40785
50982
33930
59170
34811
22848
32879
45977
51467
37004
29882
42667
24970
59075
51869
53040
56696
34260
19133
4461
38130
34031
45078
39613
17278
47038
45393
18237
38765
30522
42027
13374
20752
58138
47264
20220
26446
9480
20535
36385
48592
55198
58633
28477
14773
23576
49027
36644
53578
38544
38092
12260
29751
40364
5864
19836
50074
10368
27026
38241
56326
16514
31297
30639
19940
29361
34072
59208
48237
43995
56900
17537
10922
34834
7201
13633
43556
4818
39410
11516
3844
25508
53212
55469
49999
15297
56343
50142
32394
53254
5043
17268
52250
30491
31500
58636
12436
40707
23901
17902
39251
40363
44229
52746
33040
11003
39858
19286
27105
38531
22446
29073
42919
6052
13774
58751
25074
15308
22136
34380
9590
56931
29641
13097
53800
3711
39321
27911
27743
30351
6288
32242
19290
7721
6987
30017
59753
11657
48997
14530
50588
15140
56001
17100
14487
8484
4721
44114
7722
36079
16149
50581
50601
49990
53945
55111
27392
50049
46302
48992
19457
29150
6210
45383
38013
50680
50661
27718
34816
57997
46300
28424
42269
34190
35981
46334
23012
12541
42192
58857
26194
32346
43628
35060
39948
23120
52331
42800
49346
59099
57861
44663
47955
22575
19235
34281
35657
26381
15979
20577
58061
25368
46308
47467
33224
46193
16198
10555
51804
30413
41101
35169
18672
31762
42932
51902
30571
26623
22120
56359
54522
3656
16142
19106
48298
59599
39730
6657
38578
27188
17340
27281
34222
31534
11030
21935
58754
25783
48298
24138
7707
46055
48094
48446
44041
8037
3795
50324
41740
26552
27076
32869
46283
51582
46587
59545
5690
12091
11205
34460
50559
24567
8519
29420
26453
29327
52932
33386
49334
42758
26420
36535
16650
4245
24820
37059
42032
38718
36108
50535
34406
10484
8738
18072
6795
49947
50956
30403
30518
16931
22635
