1192
22394
43015
8716
34239
6514
55912
43124
30257
57674
25356
30662
50577
22784
22383
20847
12488
49633
43925
20591
13255
14663
50344
57086
8065
42744
56477
34907
40210
43837
53145
14281
20987
37668
11031
21077
52823
54017
9115
29509
9601
58827
22325
14640
40729
4001
41318
46085
54714
12623
7948
51742
31967
28853
44007
11612
47279
22747
58863
31250
36602
10605
52571
58977
18620
5555
15288
59255
39811
10669
40805
59865
24830
30112
45843
28860
57113
48906
17541
51392
28696
4559
55428
27418
6804
20740
39255
32799
7251
15365
31451
15321
35711
29539
11196
34261
25409
25993
41157
30805
15644
43984
19920
35287
44376
24198
8737
14081
57051
54199
18932
51877
6299
52503
18449
55782
26755
14214
30439
9748
24028
46914
17239
14833
5776
15632
28228
22262
58319
14788
44872
18568
36321
5753
48479
54678
6583
27910
15636
48130
14710
52435
46740
16378
42127
58472
32604
43741
19145
7734
14252
53164
16485
48639
38798
24007
59613
50405
54572
58937
58093
15729
18669
31110
39475
42389
25693
9518
34964
22890
26403
17705
23783
39625
43911
20942
52108
19042
38427
6087
17630
27370
15785
22545
35445
31468
28056
43042
41710
56788
11690
40559
35073
20136
56497
9609
33703
49644
3983
58918
46443
28292
19501
6021
46806
39064
13054
28734
12231
8638
16751
4075
47910
47143
16743
17030
54049
35042
25275
36828
42380
33242
11407
15360
42608
45198
9146
11264
7045
45027
43627
19281
13863
5065
59098
23479
33923
57779
57499
30950
33418
45079
23343
9474
56203
11525
58086
8691
50142
30467
46508
39596
53181
56817
46042
24591
33878
29947
48366
16665
54736
37346
28199
18801
37979
37428
11610
57043
52566
57084
38214
23691
6502
20695
35940
7743
29576
14298
7076
22963
31136
28614
25341
32729
34644
42736
54899
18000
40611
12961
15315
41548
5346
40080
24412
47766
27936
43650
29086
28433
44507
50357
49767
30786
21651
24306
57396
47429
18307
6882
18143
36639
18232
50005
41709
31334
53723
30127
48421
50770
45610
37785
31264
55288
20004
34487
48807
33937
26387
7535
48365
13792
11923
21098
33497
3787
8421
55879
17227
22216
55830
42555
40080
30913
40675
35332
12343
39080
44204
35561
8044
50124
27155
22932
15897
29379
56092
16321
38727
49040
23491
34965
14617
16701
20588
19600
10416
15092
50741
32526
10929
12264
4613
45941
24042
8260
18623
31187
10286
56268
33011
56170
52734
45840
11523
12064
27323
22730
37006
27213
59707
22207
52663
6558
44637
27637
18101
44488
5758
27390
36044
37615
57474
28242
36952
48638
29906
4592
45785
13199
49337
29994
4795
32073
20252
22434
13395
15610
4168
41321
37017
12286
19930
38904
48197
47634
15491
20490
17516
25741
53718
29582
23489
36993
48897
54477
55050
23747
42868
59845
44594
19853
44510
44076
57747
18639
40165
39612
13643
45480
16337
28164
41480
52617
54106
9644
48894
59111
16763
47682
52870
53607
38775
9906
25431
44148
55935
41183
39024
26395
7407
56690
58040
13361
9993
40886
27757
27719
56702
4651
26557
43658
35708
16825
28734
45842
37507
3304
52985
12316
18665
50243
44303
23967
11591
39937
56761
5854
11796
22344
50589
15856
44565
31082
51232
30742
8080
24295
35102
47644
49128
20177
44300
37477
50629
17829
36045
47920
56638
58485
53985
35737
7029
48123
23425
44878
40708
23759
55888
58078
25078
50186
42511
24338
31034
13146
54128
57610
32974
6829
6428
54262
55745
31705
31558
57839
32890
54159
8158
31410
37743
7464
36187
46455
41845
26909
39078
13587
43358
52768
53271
7567
14961
38870
9612
45173
24799
31304
9667
35657
42167
38805
23686
39203
11689
6415
52772
25035
40333
3367
56543
57521
29111
18923
58291
31506
46681
30000
8594
50347
34013
23489
32885
11199
14373
19028
26627
23776
22516
11935
40283
24365
12253
18221
25990
52708
31762
32272
45208
29341
17000
9433
5977
49526
29519
35983
43576
50108
21793
12398
6094
8844
17800
19211
3969
59145
36088
55239
31066
44563
54254
44290
50853
56349
3728
35335
44600
4927
36702
7303
28721
30763
9295
29820
12610
13314
18116
52194
25260
5756
39543
52965
40589
3903
7059
38314
58107
17880
14353
39259
20079
54944
38497
57431
14536
46617
40975
12655
46101
53510
3583
18765
42726
19982
43555
42638
21582
59411
52245
19012
20400
34203
57400
44718
38923
18647
9689
43191
50271
54375
41397
52496
22097
23820
16615
54237
50250
29975
53166
15453
46643
56801
54890
14908
42064
54642
31375
18527
49203
31677
35286
53748
28814
4913
41658
25905
51028
25361
57080
52886
49526
16140
9552
47043
49546
45451
40923
43354
19124
31962
8662
42811
54867
45240
22810
42271
48728
23554
33234
42696
57660
33791
59100
53109
28798
58157
53621
39975
51560
43979
39713
39923
6471
17537
49278
30523
23290
23509
35757
19221
42231
9627
47395
56084
9621
28048
31293
35720
56924
18757
39167
54390
54845
59786
30866
34979
3764
14029
9441
29117
46947
13197
39058
35789
32831
5590
44332
30398
18450
39350
43076
48460
25046
11185
41085
6015
24941
14688
35101
32055
6374
28711
25858
45061
23954
55974
37079
16904
17229
46052
11767
50372
7239
3018
45154
56715
47366
45630
23245
44343
43047
29574
22019
27592
10557
21019
14577
8601
22894
54746
39571
49164
42755
34942
58268
29350
20173
24505
10526
22964
17025
36193
23254
12884
38344
43198
40572
28519
4628
57964
45804
43622
18685
42857
26816
4717
31315
47215
43949
13908
16465
24983
53058
38076
26663
32307
48177
8878
9194
15636
20841
32826
51605
23634
29426
21235
46142
30675
20023
55302
55262
17128
37306
38688
21910
9213
17569
24053
46812
39918
58511
31578
42784
46315
7558
19077
6494
15027
29242
6613
27762
28669
47481
33007
58723
35328
11527
29166
17299
30556
28295
20010
20899
59930
12183
34270
46426
26127
34967
26353
35951
29972
14037
45627
37088
25507
20780
21071
10515
54494
59502
58634
36026
56088
18073
53696
15767
9334
17738
7691
19022
24701
26237
5686
32076
35373
16426
47042
59118
56175
40399
11881
25113
9675
49281
40184
38511
22799
59305
25120
28761
18601
27428
36329
16244
11699
37451
33583
54340
48724
40685
10720
14790
30742
30051
47939
23517
29956
17736
41411
23217
31219
37001
30647
42635
14862
56908
26932
26677
41974
39606
49839
13568
53323
17948
12150
35697
25547
38733
45340
40545
13252
57943
59222
20913
24051
24108
47596
54695
33754
22992
56233
58269
16484
7043
39169
4559
40126
38379
52436
57841
6472
56325
9073
44989
35437
45503
13560
40244
8435
36565
20981
9538
45442
44579
24222
43083
20084
51719
14013
42938
16912
46952
14595
22397
54791
35795
11965
24974
12015
26165
40119
44148
26231
5851
49061
50001
45340
56735
34333
38373
44361
10012
51438
9355
43287
15224
34464
5398
6682
35379
32868
56920
8889
24736
19317
54400
21420
31539
50814
7734
4843
50541
13225
48764
52044
26318
45188
46264
32779
51400
37813
57073
55708
56340
28970
44409
54551
47844
4467
7587
36023
31949
30822
49993
41735
17752
4306
17451
40925
28539
31838
21842
36500
50797
8068
14863
4016
56767
27333
12469
7001
3387
3408
32829
40353
39360
29858
5366
37268
25889
44307
3234
45239
29637
29581
19137
16725
35509
19337
39137
31859
6167
40230
6991
23700
34886
51492
50328
47908
21723
14130
7317
34350
49888
37782
48629
24882
47094
5044
18431
14464
13196
30347
8704
50858
11323
17611
56866
14056
46199
46872
12050
48497
6360
35253
27410
56555
11044
19896
17344
35261
15732
42381
10601
41333
8763
19239
36938
59704
13274
23008
52819
