1195
27988
49724
16238
57870
51841
26942
35471
22699
42554
17574
45639
18285
43483
9824
58803
49998
55070
16026
27235
42275
30145
36418
15011
29254
7873
14499
34533
33883
4293
38136
10011
5476
5150
42014
19208
17526
23453
32390
13794
37249
13982
36538
24579
35938
7399
6646
21511
54220
10146
14584
4282
11463
6459
55991
21278
7104
35681
9322
20852
16513
11188
22487
31007
40804
11490
10094
8990
26765
49154
40575
40622
44051
11707
53484
57501
12900
43336
7012
51995
37335
38259
15667
54283
52576
54797
36115
43168
27131
43199
22681
37481
54727
25525
44111
29123
55765
57784
14898
6285
8624
11072
51810
48813
38287
49478
42657
36902
52611
44934
21088
8405
41896
15904
7814
45248
19706
34534
12473
11605
23474
24855
51143
29491
33190
12603
49971
33813
49063
54024
52902
11830
19622
3184
16513
24345
37913
5623
58113
17975
3685
38597
45118
53435
58090
54842
42266
55733
35333
19758
32172
51328
29493
6458
35386
17647
50792
36661
20793
34255
48119
59843
7130
42648
5466
48685
28971
16835
29718
45474
14176
24445
45271
5966
48314
58478
34617
23388
4228
50139
44249
54886
41410
50373
36595
14804
4530
14545
38020
57542
38330
17244
12196
6603
27492
57453
17326
57792
10188
36010
57601
12022
20248
28974
8338
42444
15104
30361
20549
30352
34426
32047
40893
24228
51506
56922
56750
57727
49976
23797
30865
39345
7410
47260
10525
4559
14582
58329
45678
13529
8028
55478
19373
8838
28483
49089
22427
46453
42268
12455
18955
42029
5777
21614
53113
42419
17462
27141
3324
10912
16629
28264
58132
20893
45927
4008
5975
37619
59731
23700
53184
3132
59977
55142
31586
45089
15081
49551
10639
10059
26847
56912
38494
28015
20989
34643
54110
28726
44017
41394
49161
12328
44930
7145
24708
47769
19145
27470
41046
16616
37919
6411
38006
28232
40356
15633
9928
32841
33404
36924
51454
59896
7992
3520
15216
14227
45704
27170
21772
20550
54260
59269
57314
28396
22583
43811
26961
16037
34701
20498
48735
44821
5522
33959
19493
45206
54572
44802
11658
32211
35871
58992
40848
46626
19724
11103
11502
31301
36011
59137
37122
54367
17069
59147
52423
58355
55325
23357
52131
56577
7773
58982
10168
17865
29619
32104
7970
9293
30945
57848
22084
33801
22144
31245
35871
51384
29524
10587
16272
51529
31593
53654
47864
45544
31461
58180
13340
59739
42799
23469
46159
12071
19916
10984
41025
45507
44562
44355
43157
47053
59029
44511
21411
14787
41012
30802
39095
48433
44620
8365
16705
45728
16724
36210
32805
3536
45636
6892
50630
53953
27957
18988
54447
58304
54510
43145
32232
5237
44491
14831
19207
41651
59808
11543
6284
49421
9507
42664
10742
26184
31165
55005
34098
13799
30893
19198
30115
51614
25011
11261
18414
53197
14125
17900
37026
12093
50340
15357
16928
21906
7694
38543
17079
39569
57793
28758
43792
49425
19347
38016
25089
50538
30436
19133
26023
23919
31623
56127
58440
28429
58571
28727
48260
18580
4831
5681
57857
5069
38504
23809
42194
25988
9000
25227
22540
8032
45935
24830
49879
6373
18958
14174
52442
30773
21816
53165
13936
16405
44387
6315
8504
43975
28096
41199
27346
22234
26774
25605
29475
4221
14460
30063
48886
30959
37026
27765
14349
46587
6670
35679
12980
18620
46209
18842
12695
55531
27652
17353
3101
41950
40753
49246
5459
32624
35623
17673
45104
35135
29367
36286
19882
31879
7093
6555
48307
22058
13763
7726
37064
9136
20223
4422
6789
30541
29995
43996
50097
20867
49180
5475
38904
6225
38733
21576
19655
3950
32746
11403
8098
55874
23225
48713
57833
14440
9594
9021
43912
3706
49451
46400
12525
42582
49722
34583
25358
7940
33827
18123
21338
59099
8018
36933
16066
34018
35405
58000
20335
10399
51054
47255
10107
18385
24238
30986
35774
24378
47643
22013
51249
59627
57272
44981
14053
7117
39110
47071
33630
12278
44058
3928
33046
51964
36338
23715
43143
14204
59368
57841
17305
54214
28137
26775
27267
36587
11552
58647
7129
50921
53427
35573
42080
50073
39224
18564
38143
28833
50077
42250
59376
27999
41199
44067
43055
31615
59141
28046
50472
4882
52997
31768
50227
47700
39292
15893
37943
16931
8543
47805
27916
39171
40143
40718
11682
55541
39428
22747
16962
24658
5994
8167
45692
34501
42766
13671
27914
23771
49261
4076
5372
28461
23079
52089
3395
3628
31459
9866
25269
26385
52138
57660
52899
56802
38550
23956
19023
38992
24332
15672
59465
12330
26831
46027
42936
31965
10639
13420
21983
11506
22765
48727
35177
4095
13970
39812
54433
36481
30111
46627
4478
13889
52619
5405
19440
45842
33930
17691
21168
48554
20495
11338
58573
15095
51059
15846
38617
47271
44150
57060
14049
20024
26901
26618
16988
51182
5532
40512
39900
28265
5621
36676
17249
11497
14995
13220
48944
26211
5592
34552
28003
47586
10522
46065
55520
31792
5082
36132
8760
6944
41527
28774
11066
59737
33149
31083
34775
57042
18880
55227
44118
16779
34823
38307
13411
28833
24708
39784
27854
6885
21994
34273
15403
34893
53107
27564
55045
8486
34818
14567
9684
7425
39465
46849
25473
8651
29856
37224
28828
53700
53858
29236
3350
41824
8297
10546
40242
33450
28119
26981
3839
31671
54685
18917
52679
8847
51924
18692
49469
7866
4484
59432
30395
4389
21810
35832
51116
11424
5822
22897
54308
29495
32267
18125
14487
59024
42249
37266
27347
22705
30787
50341
24306
37894
59186
34722
53683
17187
9721
4210
21711
43097
39459
42666
50450
23606
4121
4712
22088
8184
54834
21874
3057
20229
59602
16837
38275
38992
27214
26951
51203
3461
4444
44587
13122
51741
29173
43300
51630
11808
11695
9109
53733
55111
24924
12801
48071
31795
56572
58286
41309
28378
56937
4651
50119
43345
57511
14477
52633
8758
59831
24042
15426
30299
22152
47665
57997
3745
26222
37555
24550
24593
7186
21825
38112
44882
24522
40883
36767
31934
37030
6997
9328
27145
59890
54081
39768
31400
7193
50805
8575
42711
26287
24916
50463
13520
38502
6799
31489
9323
58235
3220
6925
39283
20869
47797
56595
32848
14694
24577
41522
34069
58779
6481
3936
50286
57418
41931
46513
56745
56352
58085
24538
47215
10198
6993
39591
41624
49954
47312
3746
52291
36104
33747
33455
29840
44901
4657
3071
47063
24045
39822
10577
28980
32127
57240
24172
4947
37023
26227
55022
56077
9002
3170
19473
55152
4527
4759
20205
53326
22423
41399
23360
13360
19216
58582
8383
36925
29792
45719
38883
31432
10163
24028
20478
59856
15354
32644
45603
3689
35369
41973
43281
50991
54344
3924
36143
9219
26929
12729
10353
9642
14757
8789
51282
44321
49768
49470
58356
25394
11321
29658
5383
30238
53184
4507
44962
28646
39022
25831
26320
57335
26515
59782
55258
18341
6443
49085
58184
6805
16551
32694
36390
38919
48854
18459
54021
35444
11123
24815
56715
40008
21346
43406
59957
14715
47289
41764
39800
6988
50668
26526
15759
34697
59141
5568
33321
5550
41199
28767
14607
44156
36562
5577
55646
34055
30261
36777
36018
15243
14592
42712
25937
18879
49649
26169
5444
53852
43514
22972
41579
43636
28217
19806
48158
17464
9330
50182
20955
13158
50011
52328
5276
5412
47830
3362
49708
16512
20379
19015
53148
11387
39405
43708
46048
16523
50668
5037
12005
40637
57795
20708
55864
24661
52370
44448
58668
14972
40658
23250
18300
50800
9596
45790
50243
7545
13841
24533
24528
7499
19105
52025
4926
59490
6349
13097
49959
29152
9416
13143
58125
24605
37631
13067
24337
43622
13081
30552
