1108
32176
31876
59451
41054
39386
42327
34653
50944
38759
48924
16290
41112
42206
34077
13255
6469
57919
48291
47649
32788
37941
4089
9359
29901
5376
31866
42227
48891
17408
22510
34818
10141
36410
10106
7204
24469
3769
8713
24261
36933
9129
4221
10709
36926
9814
18720
13334
55357
10223
59508
28597
24047
39854
43575
57943
28227
18858
13586
12812
50556
38009
54660
6684
57515
36932
22066
45422
47953
11571
36033
15089
59525
38056
19558
46420
4330
52936
6021
31295
33231
22231
34196
29510
52545
52685
8594
29549
34948
24978
33534
38351
45112
23297
59810
26811
36997
36464
13730
29972
57334
31236
50276
17349
11667
23999
41607
18469
10951
38315
36378
3625
6354
38823
51819
18833
30387
40399
41026
51595
17534
38798
41127
22691
43666
3755
18942
22289
31379
46931
30187
20513
55836
42698
38270
8059
5673
55143
21169
35259
25350
31385
38208
39236
57965
4405
32559
3590
49051
29057
38857
5932
49213
48411
21574
16618
30858
40665
15630
49987
17920
39417
40142
48071
46725
25658
9546
27581
34024
38520
16219
9815
35844
3238
3435
20995
37570
44588
26565
41172
25495
51265
45314
10010
28993
44861
18425
55944
59172
23539
18902
16881
32894
13842
58646
18606
22483
4265
34139
58701
51772
35020
18446
22788
16802
13572
8521
26130
33574
59243
40822
31571
16101
28652
39889
42721
37351
35558
29075
6089
18149
14797
36749
6590
13198
18858
11159
22471
31255
35995
11304
6694
56445
15490
42377
40726
50926
12498
8853
34596
45009
59778
28030
53431
59237
4068
30039
27692
3995
27533
28591
42488
46906
17484
51762
24964
45924
55894
47471
42696
43757
49112
50316
13444
24113
10840
39666
53719
29116
17353
53061
53502
53116
5332
45766
34013
59045
20593
42208
59189
7813
20108
22395
27814
12737
6492
42114
12685
52793
6634
42537
10747
51012
42825
35382
52124
57570
34229
25483
15647
59389
20692
40448
18097
56979
34285
34049
55900
26189
4220
48225
22729
9229
58015
19598
4977
16249
41907
38684
46388
16662
31528
24556
39561
32473
31710
15891
42676
48270
53273
54625
23481
27672
24574
6900
35849
39850
40237
18802
25969
46482
58869
17466
35940
20372
49147
33038
11376
16911
50384
56461
42660
33451
52383
36399
25703
49806
56534
44180
50909
9022
56714
56852
14456
29473
9926
14702
10955
8142
56246
19273
18326
59565
34172
53011
4881
56203
29815
20440
29714
3598
13498
8418
48544
48339
42351
30822
35885
35196
51439
9282
49479
49203
38525
3343
34191
29333
40244
52634
47694
58958
55653
55367
7120
32002
21593
44536
29121
13215
39157
34365
28556
22395
23285
54956
55445
27205
28667
3063
56127
43860
9355
45605
41464
22386
18784
35554
14921
3029
11860
24310
34000
52149
26814
13694
27534
55756
52387
35355
54961
15856
13455
19135
4859
41616
32275
7186
49936
33030
45939
35928
17500
24657
21590
36298
40181
5726
44226
46806
46369
30103
25140
41224
47526
41205
45663
24419
11563
10204
29429
46784
50687
44124
3534
18012
25137
50769
43037
37393
58358
23412
6915
11484
22177
55224
42571
30750
39548
40280
25131
45196
27356
58059
31964
17042
13781
21517
45231
28749
52692
14837
44267
49325
36152
7069
53442
27036
46854
53475
12058
8613
51292
25731
14156
32133
11161
9265
40684
52311
48560
45513
42230
41064
55812
6380
42288
22159
35620
45453
15134
33685
48960
55048
10011
52370
20267
38042
54083
3915
25798
23840
17342
20293
22433
38330
20149
24884
40078
55828
53216
44900
46998
3302
47440
18829
28705
53621
11340
13682
48308
17996
35373
23547
18937
41091
26667
30681
32246
41149
15673
45273
24493
15466
26860
26869
29498
48964
39799
15950
24239
10965
38734
44795
40729
46122
41279
15731
58916
54239
28671
59400
54566
25167
16567
14243
37579
18930
28231
5268
50262
32305
9023
16851
42668
3195
45069
23254
12351
28377
40047
27795
21348
10094
26073
19553
24738
22211
31595
38232
32656
27167
47742
20380
13246
34701
7438
27881
36409
37924
10815
4980
51603
21226
42056
28729
23939
15109
42141
47240
21903
11667
45795
34096
16435
12173
4358
48098
9627
51599
50662
48912
25364
36357
35262
46643
8945
31243
14571
10919
28298
35590
21692
10341
27129
38843
16775
45901
27020
46667
15917
33261
52676
3888
34687
18127
34568
58680
44188
7363
42688
34570
47965
16440
3532
29653
35908
58872
6542
13672
35715
34039
9557
55340
52642
5089
37627
21476
40062
57261
40067
33388
11770
29025
10460
48070
53477
40371
38156
10825
13743
21617
53121
30040
33641
45791
25823
32196
25966
47768
54135
36156
11245
56754
39664
59589
37580
23548
4386
13710
50110
30721
43373
11714
37508
36781
44067
59605
29481
7500
56873
46751
40405
23932
6297
13293
12001
8339
30810
57805
25994
32844
27465
22205
34130
13336
13724
36676
55673
59662
36814
5954
3962
18891
17107
11386
33338
40714
57295
29138
20052
36222
54942
38796
3827
16366
44197
46521
35277
7746
53135
54272
53771
52379
27627
43214
39331
40229
55903
51873
38404
21216
24446
21271
6504
43308
14283
49473
4836
24772
16443
47599
44412
15154
45578
55317
54911
11374
36978
50687
10091
23825
42222
51954
28215
5500
59793
36505
28354
50897
28060
3994
26927
22228
11954
53073
13644
55815
30740
11229
35183
4799
12760
25606
49950
9731
16229
54556
54933
47272
50839
51010
42722
30226
53693
7601
50326
15476
8112
41984
18080
14228
34474
12004
47105
34839
59340
50073
58046
38536
39619
59225
7106
57072
27606
30303
27292
54584
38885
22202
35243
51577
10643
9109
21210
55046
43527
16867
10460
51642
17851
20530
14886
43017
5665
25182
35697
47308
57053
9725
56732
37186
42721
17330
4412
12701
45283
19226
36757
17796
45046
32192
55337
3577
10379
44197
15476
38689
18686
35545
39583
10723
46136
30053
11124
24982
18932
48834
35616
10115
42515
50976
52216
14553
42125
24639
24272
39800
15817
43078
39197
31590
41554
45364
51923
30671
7373
28836
38632
34652
46768
3947
39039
10026
53315
44416
54225
31454
47697
9060
31709
45159
13155
8558
48310
25379
54325
18414
54815
19416
27104
23444
5861
3575
51490
57816
46275
9406
24316
4359
55921
42791
27248
27367
49839
25554
26105
57587
6349
52563
12695
36583
42637
25376
13184
57576
55177
44618
36193
11261
22897
22465
54205
44356
12726
11135
56328
32050
12180
47196
40276
27331
53839
10012
35248
11701
40165
3116
19467
23438
36640
21047
3249
40065
11795
33474
24330
15554
40817
31907
51306
52267
55336
30239
36965
44240
45580
30790
34171
33222
32515
26949
30501
45635
41712
46551
10582
47734
10985
7608
6607
46979
20470
40066
25879
23176
57815
57476
15588
44681
29536
41465
36991
25219
16899
26319
10493
19162
17135
13171
7296
47979
36976
7306
17414
25907
15154
34929
8405
35975
14649
48620
27308
25826
10870
5923
45385
59023
43560
45925
36902
49743
50215
31120
41998
42377
56532
6051
51217
52891
18015
37098
36864
3449
21150
20181
42965
11937
59094
30845
41305
36664
20421
32338
46152
51742
37332
11362
33458
41099
