1310
35664
21774
22554
59799
17052
24159
40155
26570
25360
53569
40357
28835
5831
52583
8876
40857
7014
29870
43462
37976
57966
44043
39313
44552
53285
13255
29747
55089
37850
48076
11126
21157
27869
51530
24438
55393
7691
43378
55442
15999
17874
45637
11993
51859
7061
55547
28902
17687
30369
6950
12470
3604
58894
48836
11482
49314
6972
14382
54118
39709
6325
25658
29202
32094
59706
11385
7655
38695
39590
4627
7189
41043
34430
8977
42950
26870
7320
4172
25342
49790
56417
36734
57600
34803
31303
41963
50645
5309
6574
42152
6799
20183
12596
21468
30367
30586
6555
50349
14758
24784
24883
59613
33979
48034
15185
30662
48842
12892
41393
31875
4179
49137
39741
50103
27917
5966
17133
11510
8906
40707
14993
42872
48876
17077
8784
7192
49727
17745
17256
41332
47393
20874
32087
50723
48005
36980
42889
11515
7350
36842
8121
5569
25262
47091
12890
10462
52154
7196
48634
13548
59212
24897
54509
37924
58899
53304
52832
23572
50610
5329
28646
26081
21157
15580
52285
23704
55817
24580
44363
26461
24972
9559
36364
22058
15588
26685
49185
19008
3653
56843
40875
20819
42698
27465
18981
6961
22745
21501
3244
13929
10883
42657
59014
37678
34498
47451
46090
50320
21249
50194
49426
56198
14739
10373
6322
56199
49133
17711
8021
42939
10739
24187
17331
45153
11120
58468
27217
41111
57002
9219
45775
59979
23119
24975
42467
26158
18502
19319
21698
43038
16995
45780
11176
30614
16894
7449
47122
32026
4687
3891
27993
31141
51082
39775
8647
22250
41231
55071
41190
42270
47196
59649
24350
38602
10814
54945
28895
54691
59121
46223
11566
45188
17624
48643
5894
13313
22243
50366
38806
8642
33124
3813
14287
15810
57608
34579
5824
22221
12048
50520
17295
4324
38466
59862
57520
53945
39398
44473
10307
52123
45744
45260
52473
6428
57247
57442
31130
6055
34726
37523
15767
19703
9214
7594
42428
3309
5189
30052
46693
12288
5652
34212
9836
11815
23381
44154
25558
26269
51526
38605
58663
18196
7257
4070
54731
41090
25967
50736
18315
59528
23479
41435
27403
56083
58867
55884
21935
10559
59494
15690
27806
44391
19496
35812
20121
59403
48797
50218
35997
56678
41919
40408
29409
47596
44754
42333
45532
24156
45569
11985
30606
51784
39626
45427
14069
20521
42135
57290
43808
58641
30979
36868
56381
48652
24043
56885
4619
53129
37968
41393
31851
59984
19093
50622
4345
37907
6497
33129
8147
21326
14701
32498
35366
41689
17384
9678
59604
36098
16735
50175
55619
34666
57471
39406
51392
44224
28737
45946
27756
49873
29487
12797
52196
54371
37585
41222
9615
18637
25297
38779
30550
38507
59109
51371
45972
53216
26693
53961
51337
8705
31085
12642
12426
27324
31797
21886
6265
37999
47640
30039
35750
22229
11085
46376
14858
34657
6899
6965
26670
51028
8450
53981
18311
17273
32702
22708
29177
4825
5592
37491
27107
21442
37685
32029
29711
12810
15450
8177
36586
6227
57869
15378
16128
35962
59857
44884
32543
21911
19404
47198
17303
32774
36766
13989
57982
6433
21918
40778
36699
41406
18786
40713
5394
5882
48244
19150
19244
58715
23978
22879
45472
11257
11425
29055
45373
40519
46757
44405
38457
28768
10111
53368
15827
54861
4200
23465
15974
21788
25581
45961
31264
56463
50945
42800
4395
36872
23905
51080
11737
6913
38104
9162
18959
11747
37772
18589
7440
17985
36510
17941
25735
43391
11437
31736
28145
37236
37338
26062
23837
33947
28923
43476
54931
28753
18683
34473
35153
39117
26729
35588
57566
26121
24655
19231
28778
32392
3070
21981
55492
36636
53986
11309
56640
35328
26438
45307
41777
17513
57578
14009
55364
49884
55348
12525
46088
47986
25452
14838
58984
38650
58051
29972
11335
34099
54335
6175
33275
51395
6223
34354
33548
52604
33509
18369
52557
32705
43529
21535
43943
53746
40051
10183
22297
30704
30170
54184
18204
33383
28321
56679
30937
11991
15647
14610
27117
10137
20426
22529
14050
35478
41106
43536
24296
49839
41483
26487
31955
48680
37497
40120
45541
3451
55312
12137
39019
32354
10132
50860
57204
35143
46627
19998
42500
8703
40502
41354
32019
50351
42924
56041
52031
29015
24663
24255
52099
58729
41704
14892
54527
47328
15574
53606
5547
35806
43409
37288
20348
46689
4167
13364
46582
32233
56251
45453
28015
7357
22793
58370
43246
41293
50906
23081
21521
51115
15105
48381
42242
36079
35304
26983
5514
11275
32893
36242
55226
39501
38006
55855
9942
52075
44371
45375
34774
53865
20055
13482
52618
19323
51479
35691
33728
30216
21493
43509
49439
3207
15525
45943
34154
51144
11243
53279
19493
53182
58470
59250
48130
28111
8566
7970
12284
22688
20596
49798
34542
50900
9807
52067
59656
38640
51584
55684
40313
39993
45907
56596
46779
11422
47506
19279
27251
22777
34677
25752
27157
16549
36433
15156
40029
24546
53126
11234
32938
16733
33360
46007
24823
26561
44204
12413
8887
51001
27776
31660
28376
44428
42240
58418
21130
55697
38888
12599
7452
20251
37696
26545
43621
39284
5649
26459
51006
22229
42950
19006
4736
5135
50543
59311
4608
14911
57317
52128
15064
49591
50322
7075
49086
41777
58109
50210
15829
50818
40845
58678
22408
9330
39853
16123
12033
48665
57705
56683
58498
55561
30634
41781
44604
38643
35290
30664
58465
29814
42381
55356
20228
43358
31169
6079
26464
48819
16752
48975
49729
48112
44325
58115
13797
26609
49738
20640
24016
42940
52003
13641
12596
40562
5395
9182
27048
50308
34223
41970
59294
41351
22044
16655
28971
45082
19989
7045
5482
47837
23704
51223
56133
8525
9744
17913
4142
36379
56029
11496
35157
8165
48104
56533
16803
59338
39504
41584
53135
31514
15887
16342
31222
49749
33424
26280
10736
9858
48211
41499
32075
27382
23004
57709
52196
7956
21299
36527
41275
58809
27130
6611
20214
26341
50344
24771
4302
30072
44757
43497
32816
46079
44625
7660
7329
41479
16121
49992
52253
29053
6273
5545
9602
30212
41722
47170
48975
59080
17359
3681
59248
45653
6677
17642
11474
5913
38943
50510
17669
56064
15889
40265
56087
53277
30586
35101
59287
52873
26133
37820
25936
47085
11576
8305
10188
43734
8347
33061
3721
51087
27302
56706
13847
36873
24108
26060
43626
37253
57030
32297
56756
18531
31363
58634
35821
9156
26296
55486
9714
39483
19534
18040
39314
6906
49917
12774
10344
37339
21582
47998
12350
36365
19715
36346
8678
34268
43806
17333
28769
48849
54447
27770
19450
4669
30626
38125
47325
55963
36404
29450
54639
32305
29266
37636
49596
55052
5880
24898
18658
26229
20970
40153
5993
47099
31509
11833
27300
31510
16813
18387
49059
38644
55379
6285
14189
43416
41363
49199
8272
19683
52194
27479
4412
10734
44047
45384
24807
49904
56997
48212
59441
22224
43432
51886
56577
41839
42724
18552
20410
29498
48292
53980
23147
38155
17867
57082
29600
47076
26617
5265
29537
24909
24104
55641
42848
56162
42884
54811
14012
57111
22628
14473
11393
55736
40907
23090
39209
36093
51365
31172
7836
55727
15220
54951
7118
42781
32468
7858
40537
13472
6337
3580
33516
55071
12296
59506
52448
47814
22333
32861
9475
40223
22502
45338
58744
48436
50953
12843
27158
5909
9691
26508
23895
13036
56115
23855
5712
58590
56082
14938
28844
35966
41712
36887
12584
40309
18385
49197
32462
54548
15688
31174
17173
27542
57829
8597
19265
22447
7398
51457
8783
32793
15356
26537
13877
31574
31645
44302
29122
41105
29957
20268
52754
58605
58376
22494
54313
57030
24758
9297
50579
15706
4140
8407
22661
41854
36499
7000
26326
47245
4860
49426
36279
34776
31087
24222
5215
20733
9784
39315
16317
54492
19030
51316
27740
50726
34591
4606
51803
42669
34245
32457
35745
35595
12694
47237
41529
10864
10304
28873
53604
40709
36414
47540
40427
26985
44525
44585
52857
38235
35212
12607
35703
20337
36075
34180
17714
30041
42002
47857
34247
31317
56454
17042
28792
22574
35591
11758
49943
26418
31148
31647
39679
58554
21437
32069
37947
14306
38448
33531
21854
38152
29001
44151
33192
25299
19593
46108
37279
8535
47349
45097
52888
56942
41785
18271
30117
13477
49455
27240
15442
35731
28042
10647
12787
51908
15894
26982
33190
39983
27520
59535
48269
37036
51026
3556
57178
52750
