562
51329
25303
44067
44662
49747
15411
13113
16893
5147
22821
32032
57413
33399
8969
36112
42530
15282
46023
57522
36973
38169
55469
28506
54875
15561
36940
42402
4741
16922
40774
19110
29981
53655
49088
52962
42467
28778
33688
58620
12868
42285
3090
52317
13997
21751
53373
54509
58751
47142
31633
14902
41124
8081
44611
55041
14629
31842
19649
10965
49901
35309
6831
53982
39713
42492
59500
50355
48098
47401
39809
36247
49320
45221
50272
27767
58119
54302
38141
26367
52072
40888
35710
38656
48128
7724
21735
11330
33028
5252
10588
22080
49631
23518
45845
45805
55725
48937
15693
50734
29388
3982
30940
24837
57631
58215
17120
40808
27659
54779
27893
25979
24166
16443
25811
51015
11526
7459
59086
32847
52927
47324
6921
43009
3594
59446
55494
5472
11416
24068
46479
39182
38160
40392
29129
57454
47938
41876
56611
22870
15293
56227
56532
56761
14845
30942
34920
3043
14469
15525
4791
48114
32889
3265
38099
15676
30876
28098
39363
20163
52260
54667
26316
18803
27196
13476
53950
5524
17244
5030
25406
37102
49594
49115
8475
20206
35666
39524
18602
44537
52459
58711
8275
11491
3791
49997
24265
54019
4957
49627
5498
43100
8591
15283
5525
15540
39284
9961
26594
7282
56331
41748
34491
46484
37163
50645
36102
37585
4417
36057
31064
45034
58794
24873
8737
18862
24142
50131
39861
30552
34963
55982
14653
23107
31100
11625
6527
44406
5685
5082
53850
24466
50745
46481
12954
7162
45207
40745
57112
8892
22205
18978
24899
5952
40861
17640
44443
48445
10871
20946
19236
37574
20974
29801
34930
22212
40830
25143
4460
14598
37068
45477
3986
36734
48556
34779
51644
4200
35545
43620
48140
37557
8593
27387
24097
37731
36491
43079
28549
27498
22131
56525
14874
28253
9994
41472
27370
11631
42371
50350
14864
26916
47843
45001
21693
51837
9759
25269
52664
7679
55908
28406
30035
57109
15766
49359
57944
29132
35834
23537
51953
16016
35777
51280
51859
59081
36845
23398
32753
59907
24820
42554
45228
38199
41330
28329
27027
59600
5161
57382
56065
6434
28950
54000
14750
13505
3178
36445
9614
44804
22096
5054
45543
12961
40434
43729
6662
58579
22733
34676
12353
4805
44846
34329
10889
3762
20015
40284
52889
35598
20322
16929
19957
9073
51264
32423
46756
39924
42350
57071
26172
7593
31192
8385
6698
22712
55184
55873
40082
43152
5628
59736
12119
31168
43717
42968
8068
15246
25565
12176
53901
13108
55484
7556
29046
36527
51864
59964
15704
11802
8986
33631
29739
57716
59019
22924
38716
7374
30986
10787
35871
20017
28079
6435
24136
16051
33912
44891
52311
59182
32319
50216
22428
46921
17045
22879
33062
19371
47259
59544
6065
10460
51489
53523
10561
5374
35526
4988
16225
36173
49156
59097
29575
3861
12858
53701
8877
29579
25638
14880
24001
48776
42160
19202
13688
57010
36091
4692
29675
23952
38702
38393
7396
29907
42374
34908
6847
50357
39847
23993
19906
39310
14186
17283
53559
35175
58505
58860
19559
34908
28016
19350
18162
47153
12412
40659
24439
43271
16693
41469
41488
6242
29151
3341
46389
55149
21206
21863
14624
22519
29492
29106
23467
47245
58091
18326
48618
42290
12835
59358
17385
9253
15158
53415
32655
48317
50666
53717
15689
30549
34883
55534
33235
51049
10523
7310
10619
50497
30071
50159
7073
40808
24280
51379
4137
38128
3350
3460
5456
31065
12799
13129
49896
51222
53353
57074
48016
17389
26118
34780
40371
20327
29825
21484
3284
34300
34808
20699
35508
20643
22522
42700
5732
