1830
5718
43780
30574
53587
22983
39481
36786
12142
3621
11909
49206
39942
14482
16160
13744
19052
13104
54751
25658
47844
42250
3034
44592
42581
38429
34880
10833
16473
42614
48451
44979
9604
32324
36185
6159
42982
7974
30647
24895
34250
7772
55724
29852
31605
12217
27238
11033
8867
46399
7118
53610
11608
52806
22842
29108
48910
7607
42620
13067
44160
35639
36685
52530
13667
3647
20950
52371
41556
25806
22660
16208
36531
38216
54654
59641
21681
26430
17235
55997
41281
56518
7968
51732
18339
21262
34367
57473
32917
38433
51899
24795
21849
56097
6771
3356
5858
50471
12628
51874
10305
36270
35511
15925
7900
57773
12206
23019
35573
31169
13510
24648
13076
53185
52318
10822
44390
28502
50442
11303
38464
18628
5929
48749
40458
12178
34085
25462
4082
8648
22697
5515
23243
52672
33572
25068
40130
37734
7651
41785
11113
37477
39988
35384
42509
47117
21506
34069
36302
14349
32089
42388
19350
40978
12403
42170
29184
14284
27782
39293
23214
16155
49821
43025
18778
30832
11940
45972
14138
50304
29902
59661
31739
57408
40516
39727
29131
33327
28011
38161
45358
25162
14975
36642
33363
42332
7315
3199
25868
48180
8602
19836
57028
4075
30985
48488
54933
14613
26133
42725
55070
9966
7167
57751
25631
51049
54916
36225
21188
39728
35110
39788
9929
6169
23563
12651
41558
58748
33889
8981
57397
33412
54570
19436
43524
54684
23561
15352
20049
9929
28875
54319
56791
29890
7465
25521
47273
22666
7618
53474
31032
21440
59358
57260
58286
58548
21554
51271
5630
22781
17245
8329
43094
18137
38364
31199
6536
36345
44165
56341
47720
59721
36761
14559
5936
47637
45753
34762
51725
29912
45565
37514
46793
55145
33072
4383
31632
7657
52550
34172
4536
54251
20643
17444
23819
40390
57925
36126
13885
20992
6694
33243
12692
36725
34336
47058
32015
47248
17267
50640
59765
19422
14489
3437
38672
54794
18732
42458
42021
49170
43496
30761
12388
48442
40388
48952
6501
29489
23632
38644
8847
50470
25202
49553
56541
36551
16278
57584
17163
47992
52220
33147
55081
33924
23075
28616
58578
15039
36619
10163
42185
39143
12412
15972
37930
8587
49546
57283
47207
25524
20848
56868
57417
59664
21555
40627
55229
35124
31382
28019
40518
14755
56498
22501
20601
54857
19240
37293
30478
46987
44201
21112
14757
47180
59756
3805
27971
46200
42561
40810
29947
12989
27220
8195
40768
4978
50264
20919
51282
18606
14346
36102
12166
13922
59720
59123
30818
4902
50511
10505
29749
40670
13149
26099
25059
32080
35467
23261
27929
52961
37609
32653
39174
30634
23552
20433
43726
41395
31236
25904
52614
4261
4049
24582
20870
8221
4945
8040
24877
22233
31028
12688
36775
5058
34296
52126
54494
30759
10120
18907
49816
8752
26492
59721
45585
59219
7626
6386
40464
24844
29699
49587
11336
7723
53366
3647
46905
15881
23112
22964
55937
47883
51816
47911
25451
37825
15903
38000
41085
53346
16356
46265
17549
23160
39664
12669
20593
38871
30171
32842
57882
8068
19928
35649
52460
24816
21474
20436
23600
31904
45856
8927
55897
27273
28023
7680
3172
34508
57276
23559
53372
24219
29477
40303
23215
22781
34464
31305
28348
57903
15928
7561
34173
46269
36150
33653
12985
21403
20684
24825
14175
23979
21683
53466
17217
13950
46035
24836
55539
50440
5305
45380
12923
40648
14250
39885
10493
27074
40847
4027
10905
41836
44457
33265
44678
47974
57966
32160
6400
56945
26663
36733
13275
44386
41135
37789
18186
36904
49732
56919
59984
59960
52319
5638
49169
34097
30814
44114
53812
35523
4697
30558
10772
37633
4846
36238
17986
6866
42502
55411
21971
12597
32924
6592
11189
53500
16375
53576
52301
11519
5802
34082
28541
4084
16466
41148
34387
53588
12880
55342
54757
43177
7648
24855
49856
41963
28795
42392
13383
25459
21272
36702
59862
43574
50423
30207
53615
39883
19451
36784
43901
56227
40757
43036
13426
49711
8967
35132
8479
43654
4113
38113
55204
57590
27152
51018
33169
52028
40072
39091
33027
33238
28710
9867
44206
53362
14589
46463
56411
18072
16365
23046
17316
25197
19761
45515
20998
35841
31667
3534
14087
53490
39482
13909
48697
58848
7891
9677
3971
30292
33608
20242
10668
41963
19151
34077
59664
52417
35609
53980
16327
25176
41709
55493
43316
32686
24596
24129
47901
47281
27682
3313
23245
47637
25736
19765
29312
27558
22760
14196
53747
28821
43464
13388
30871
48759
32429
26736
58804
38964
13303
38396
49874
7606
35972
6478
9495
26054
42199
12303
41951
45682
41541
14816
44821
51544
43774
42294
39446
9584
9728
57960
51698
6549
53736
23696
17460
42337
55389
24013
9078
8393
23953
40784
49696
47005
29572
20675
21869
11194
22693
51262
25522
11972
14642
30182
38637
33910
31452
9986
43082
24395
22525
46154
9083
48078
3737
7710
56001
10273
33483
29275
33252
29431
37851
25330
48906
49115
51412
45127
8180
7831
46979
46116
38599
7323
4329
3477
49782
4039
54655
55062
55819
39459
17565
40010
44531
43394
29106
20079
20176
18941
49105
3993
35840
42412
55159
28679
7815
22552
47821
30595
30269
47528
22871
51406
48021
27681
36491
4198
55003
48814
50581
47170
21221
41494
33409
22765
14667
38584
46935
44537
49525
15704
10400
33334
53695
17924
56267
29946
53900
18682
51884
26064
5348
31671
45979
57036
39191
51368
34965
44123
53718
3115
37355
23456
32094
8463
26824
27617
13627
12470
58804
47623
21806
30572
14535
11669
21575
55762
53029
11752
39402
33866
46565
7318
4300
8885
42005
51230
30233
59047
24574
31089
22306
18182
56313
56389
36291
28620
26102
48737
39013
14842
53794
16662
54362
59937
40997
38432
33669
35985
33253
17787
49461
17538
55891
30896
25488
29997
47121
38747
9027
44244
51539
13607
28985
24031
48062
21140
43172
42464
47302
4236
58978
49215
43384
10785
47893
53519
45960
12197
46329
38546
4361
33869
20045
6156
27851
53756
33266
6601
6281
32556
33697
13206
49380
13716
51590
41769
29657
55446
25136
16863
20212
3517
18140
4460
43155
40197
38361
19587
48335
13988
41841
56913
24246
28104
32040
27269
58085
22753
18758
25123
30224
46414
13521
10178
21252
3340
55565
30925
28796
22741
43573
28111
17371
28502
25973
47960
26121
33327
20516
55929
24733
30350
41830
10014
24547
21470
16576
41923
3851
16602
59184
36312
17088
9053
17174
48765
4475
25404
58842
21612
47766
25201
8988
43812
33121
19035
58279
8457
59919
11258
15106
19471
52289
33095
29836
14381
59638
10259
52468
16651
32010
58248
55053
36713
32471
50303
7584
4405
51215
42593
35104
16504
23675
17684
23087
34018
58070
39631
51762
52794
24274
51844
57178
34059
9840
52013
17697
8059
3662
48755
33495
35579
30081
11525
29137
6223
49074
37330
32947
50508
59854
29488
54802
48765
29845
43619
6179
34857
50326
40890
30846
29072
37534
8568
58757
38417
59780
24208
3481
7347
3719
54517
40712
58455
51937
22273
58401
46793
30892
5355
32099
58997
55034
15296
11141
27994
58305
39814
20109
46591
31668
33332
32915
26324
38070
31301
12550
19317
14858
14728
51852
20788
5622
57969
14142
41438
9747
18443
23187
39619
10453
59269
9688
52693
59305
52475
51069
24173
20680
59541
59247
28816
46026
17393
54303
42116
30149
33683
45243
19916
31230
3762
17221
11956
59833
20663
21459
52626
35664
19693
27482
29574
41285
41307
16562
7057
50245
12708
45201
13023
57378
11350
52053
17032
10304
13636
9471
22832
14670
12444
26072
15960
55275
46621
37588
10035
52034
47138
22022
20627
7293
57751
57667
37426
43002
17287
40539
3343
16371
18840
55186
6440
45159
16388
31782
21768
22811
54503
12414
28019
28919
18802
35802
25208
59233
31132
45910
58745
29091
50570
14956
34917
16789
50109
39318
17146
41247
33583
8610
15007
16447
43944
37047
7352
55627
59948
53384
39819
48929
59702
54497
31303
57096
51867
10791
12593
38798
11888
22129
40940
36792
14962
32482
17969
40353
7906
26590
33008
45238
32372
9221
20931
17096
58239
33194
32808
42569
56144
21520
43331
29465
32609
22789
41418
42857
26256
41555
57199
23915
28852
59927
23514
17570
21901
10547
41868
44955
21870
32396
38341
36707
29255
55983
44332
54532
13310
24626
27190
58362
23218
25380
9043
57797
30675
23134
4751
6139
41785
42215
31385
9449
36077
53973
31331
45437
42269
20963
10238
7690
7812
6255
54284
41597
32760
38809
54275
10605
37603
40442
5900
59710
43379
20013
32643
43512
21003
28189
57879
54586
57361
55641
47514
7018
52495
4544
22968
16896
35069
21160
27008
27034
18605
53561
54493
40506
41350
22266
19301
40128
49705
52209
24313
24570
34317
13880
51599
20708
42317
16530
26046
55201
12210
59395
50653
9088
19318
21744
17038
45608
8459
50240
37687
12381
44448
13380
12292
30693
53588
16709
57135
54674
9005
42121
6824
55550
49228
50192
30373
9965
38512
16021
38134
42351
11863
56417
54189
18671
32833
7115
24196
31959
9309
52903
11798
12906
15281
28656
27543
15550
13463
39689
36323
29007
33782
57604
22496
25985
58879
45677
3705
10065
34273
48331
23882
56077
53384
32798
35853
47770
10446
54111
18936
29276
35217
46143
36775
38677
28409
14476
54154
44902
55821
34234
52491
43391
35300
30296
20233
52485
11839
43090
8942
43239
24867
37572
32089
43436
11975
45502
15071
37991
28673
24632
57888
36163
23254
33066
23879
58748
18648
54599
9047
54091
17227
20913
11169
34610
24464
39499
3904
11644
44922
47028
11072
24264
51752
8946
7009
48809
29218
33441
56527
53048
44915
46653
20913
52888
24647
48044
29879
44532
12563
34528
45774
23148
22538
54039
14643
42063
37927
24703
15683
3788
11811
19386
12909
44424
34221
8408
39729
27595
7315
21316
42664
34003
6698
23838
21338
17314
31719
18335
36772
8882
26169
25541
8235
25173
23091
28793
14142
54508
11132
56461
49098
26837
51813
16553
24712
27172
34221
46245
56714
21060
10373
51466
36235
48942
50819
36609
53931
51950
12346
34488
41759
43999
18386
8790
4327
24099
12084
30524
44916
16013
40734
37930
32939
53533
24060
53064
30094
52056
41513
15098
18760
51338
59379
3124
46370
9259
41461
23947
28824
17092
46936
3802
4508
23911
28467
21872
56971
38866
29101
30357
17158
29006
23905
24230
19123
17203
41617
58907
20926
14042
38149
8712
59484
28305
9306
54538
40442
40106
33644
29171
24203
40642
58008
57670
18564
6894
45363
50471
25400
44755
13273
26669
59487
16302
32591
11727
58029
20302
22836
31116
7347
3598
19946
22265
13735
59839
48848
15016
50886
34762
38441
42354
36185
7961
33597
54305
44136
39130
18089
20472
43366
3121
54673
20993
39367
59559
19397
13837
56166
53603
58155
39751
17435
51227
38383
9118
12184
39304
32624
41771
44144
34361
35846
57958
27018
40170
35643
31938
4486
59214
32632
31962
57943
53314
46793
56810
24960
23524
18914
10581
41879
27486
34219
28931
33874
16335
11003
46328
40316
48301
13215
6226
51378
35222
17644
7454
53465
31640
25860
24983
9091
32527
58053
32762
33909
22082
23813
47661
15495
22496
36051
41092
7036
49863
30517
23816
44614
31046
49508
35724
36277
17932
18867
10088
26824
19513
58053
41085
23669
19745
26173
57766
25733
53094
49360
18756
59541
35530
53973
24425
43990
44582
31005
39797
13446
40245
27515
35808
35817
3546
50726
29967
8308
59089
30057
41095
44759
27360
49028
53254
24311
45100
38282
9369
26608
33210
33464
8406
13986
34886
26307
3823
9228
40856
55527
28779
38786
4525
43423
38397
16940
25979
51148
43600
44893
23029
39717
48255
57234
37460
8876
34615
43139
56911
