1837
24899
40983
4773
52639
41287
7789
40991
31466
9201
19456
19658
28426
52115
27657
13815
28178
12962
7262
59448
46983
34866
42806
34164
59293
32858
21024
42792
31388
16368
16059
40859
55032
37332
51623
53144
47336
54852
11495
27227
10876
12300
46993
55367
32658
37427
19850
4266
17419
56771
27488
58397
59187
31030
12986
23805
28965
43128
46495
17614
23440
46945
8516
35097
11716
36430
46973
44856
49779
36047
20099
30067
31753
21249
28736
57039
33365
41505
46117
30575
7220
43689
8662
49873
36072
39428
6748
45700
11369
46246
41773
49689
41213
17742
51686
47222
43610
14153
29973
10961
47853
18869
3411
18701
17275
38829
34823
11721
49981
28129
52272
25623
26497
49529
17181
31121
56798
30972
16140
42703
4567
10108
13858
10980
18512
4203
54486
6713
53252
3939
17426
51504
9394
13155
48124
35117
46009
14013
41595
34884
10116
7586
29326
50880
39764
35567
48490
6546
11780
23198
3546
27309
21192
43438
5471
24257
34088
34725
40697
24271
24338
53945
39849
39623
45630
21661
47342
29551
28469
22708
56014
52778
45289
57905
59901
38535
43967
15892
32485
31664
38293
27622
16912
55756
39191
44268
7727
59098
34934
30254
54567
23587
17236
42544
38089
15484
57794
24683
31793
38724
43962
7913
28631
59205
7370
36815
52303
6268
58353
48998
46709
25041
18023
45564
41121
10946
11638
53891
39462
14708
37850
31040
20390
27064
6326
54487
27872
40671
53513
42854
18934
46800
15693
30850
35414
34115
43644
12755
45328
13446
25015
26766
47740
34034
17410
7574
18822
32803
15137
42256
59319
28442
32106
12362
39987
44209
41457
18871
21417
45204
8036
46856
43969
56339
10631
8167
41734
12656
30454
53245
38973
20594
11212
49084
42989
18513
37856
40035
44083
54875
42837
7542
21725
30942
16810
43333
42658
43143
26590
20732
36598
4188
58777
29999
49131
30441
42430
41658
41167
51910
58528
18245
54050
11119
19687
55274
26761
44036
17646
8040
45200
13273
11973
46913
3765
14941
44350
3269
50488
10566
20624
36205
49887
52793
35918
33907
46660
29018
19288
29732
24749
34822
25456
56164
7797
53935
45507
48496
39989
16237
27747
29087
51949
50711
36341
54586
51575
9137
55368
53313
10913
47951
25642
13011
31198
21303
15066
22077
47924
8031
19743
35256
45156
8164
19541
5904
24329
22595
57137
24391
51038
45702
30929
47911
24494
35305
51447
8023
34286
12476
34288
11094
34793
5406
53724
40430
54046
26403
58686
53253
43994
37063
22932
37300
6526
30811
54007
16698
31470
13212
20832
39929
33952
37838
28925
33575
36061
22284
58721
26519
8477
48741
55477
4472
46357
58657
15846
37721
5273
13035
45474
56607
58553
43255
6171
3028
31407
46320
52773
48176
12875
19153
42073
42693
32027
35314
58065
9559
14518
33381
30791
29873
31671
27225
30614
47243
16435
28762
49341
38742
55346
47660
13198
19456
59975
22786
37919
28207
20501
25719
4281
55257
50378
38841
59084
58215
55540
34672
13305
39951
11722
25317
7657
59017
10329
42603
15299
35949
5310
13686
22179
43467
37283
28259
54289
47501
34621
26111
59152
43085
57004
48457
42637
51078
37360
43889
27155
18097
7477
55299
57726
41225
15712
30584
46041
40345
37036
47485
5546
53401
56325
15264
18945
25630
15145
44601
30649
44437
13531
31547
53303
44661
13122
44878
23548
42466
43395
24399
32124
31356
24200
49451
23529
47455
59179
50069
4187
20423
55096
52407
17542
20804
28689
21172
47645
21139
44486
58048
30349
20702
10503
56502
28442
26221
23096
39854
47470
34364
28366
22976
43968
8993
50900
40245
40493
14740
37270
19810
23987
25386
47323
28698
57967
14013
32063
25811
16537
36830
30396
26429
13346
35355
22387
54193
13872
41185
29321
8797
52845
25837
8921
28758
10907
14270
57448
36708
40249
48248
22682
26691
21442
10915
47737
24851
29563
10588
30647
20318
7502
18409
52260
50451
36674
56460
33344
45648
8698
11528
28986
30092
23474
45394
21934
22732
46618
41076
11072
39224
32104
40000
14315
58975
51850
27991
18388
59956
17027
53790
57123
42568
42132
14955
47038
36421
48746
8911
17770
9264
28867
21859
6612
9826
57512
32685
15431
11477
56022
17295
24981
24342
59148
8538
25883
12687
54211
36377
34991
4079
42786
46042
51570
52711
44963
33525
38642
59636
42285
14531
30799
39303
45429
33370
39973
41694
51769
32548
58143
40846
9780
16287
12305
17834
34946
35246
16271
50011
57782
43643
18580
5300
11910
30536
6611
4465
40901
25200
11817
26160
12658
35882
48361
5174
11170
52469
40305
36577
21415
50373
5572
16792
12182
19733
40354
4518
36224
11571
34477
49527
42768
30104
31029
49848
5621
6244
26736
49803
4715
41103
21449
41705
7113
23849
22992
13272
38824
50369
21144
29700
57443
18633
16508
38160
16347
44306
20965
56531
34661
3710
21068
35770
38671
16828
3451
38861
46026
32042
31958
32657
20902
58763
7517
10994
55828
51023
56454
18483
47353
53595
26139
42974
35231
28966
58864
45118
16532
8768
17691
13846
12891
53237
38991
39356
41869
13889
26472
23477
26383
19990
5355
5007
31197
5770
25916
33452
57842
25043
29080
51832
26658
4561
53170
59196
6974
51756
11744
6368
34370
25987
51504
56223
23900
6849
57387
16026
43826
24245
12468
21677
6424
37502
59843
55062
50125
43631
7800
49877
54669
33096
41109
5111
43247
57904
51518
32349
41408
16909
21986
11320
37033
45273
16883
50411
53305
58744
56173
25505
8988
46961
16777
28933
34126
40644
4152
32025
15720
43188
37612
11818
12256
50291
58943
29081
35157
18188
27921
39290
43745
44392
59650
20568
13432
46019
45972
42985
57133
21818
29145
46018
24730
36135
30176
31255
46098
6744
6033
57607
26469
46620
57783
20032
28917
29993
50661
3273
54832
30847
28133
9868
33732
41189
50619
6443
49912
36687
53260
59179
53145
16674
21973
55615
35850
48803
55237
48812
7389
22954
5742
48349
38409
34363
29516
40292
8300
23020
13556
43080
19462
21126
24357
6604
51779
34719
14207
34063
49369
46926
22198
29546
37444
23530
23815
31678
33994
47922
33459
10358
8488
28674
52687
51499
27515
32190
29588
32993
33792
33414
51821
10782
35439
16100
6025
13941
53519
49391
55494
33042
27759
16878
7100
37367
38451
53783
35861
56853
28448
45030
5872
12270
59290
18787
51408
48055
33248
57716
53577
35685
48027
53874
5987
16947
15573
56254
45212
20324
10392
30615
19452
28009
34029
55089
33942
47383
32706
26257
25723
49672
33425
46025
27930
38968
22129
50289
38063
35082
52292
34532
48530
57012
8165
41885
47484
21534
6336
28019
3208
18844
11874
35988
53391
31502
49440
51969
18122
10215
25304
25527
54639
14150
20003
24797
18594
14872
15104
10953
59882
28694
12157
31986
27691
9764
22719
55636
45605
36116
25299
24235
32430
50655
54914
28871
16336
50069
50058
21589
19151
35701
37750
23313
26907
5500
14655
9562
59627
35534
44364
45974
50119
42918
21711
35623
27665
17090
48123
33472
52951
47678
16540
21832
40316
18759
3883
14046
50837
51513
52166
31400
45989
4008
16637
57049
11801
24005
49863
16513
46725
42205
59140
56249
6504
34741
10571
5948
57325
40518
43030
29657
54496
58544
13788
27471
16078
26359
55800
33109
22519
58813
12221
49114
22403
17985
51536
43463
28912
36833
24021
40890
22705
39827
5061
14871
40581
33439
18981
38524
30884
50187
52140
54296
14035
24208
49571
39076
37386
27690
13862
43077
43075
57654
11961
22095
25830
28215
53994
43608
3858
8628
8965
19833
31796
47255
37663
28925
57862
9046
40066
35603
35505
16383
39231
42566
42095
35333
33039
28772
8753
3582
50071
11367
37390
8230
17663
13049
49420
24186
16780
50364
7734
22153
14876
29437
18508
26713
40295
3725
19619
13673
8282
17295
57301
42427
58023
20116
8040
36836
32767
20890
41008
15817
35799
8678
10291
43854
44329
45697
25627
55320
21267
50162
34695
59053
50807
30174
38014
54709
16782
57333
16989
37579
54343
26731
34762
55542
41784
57531
36120
53936
56739
54688
5948
11518
28031
11376
22028
54512
9393
48888
29229
19080
17278
48695
56757
17983
12227
26433
20791
36448
18409
34351
17761
15530
5810
16309
42517
18546
6388
35006
26033
20820
19689
14418
10885
53370
14585
40649
20063
20044
21336
12473
7445
11496
22388
4806
51033
34161
47323
12693
17536
18761
56476
24408
10505
43517
17064
56895
11461
56302
59533
34250
42126
49016
43450
36468
56326
15986
18617
4200
47273
14553
55140
15996
4285
10175
11788
25610
38545
4974
12024
26584
24137
35142
46374
43229
35314
5039
47259
34784
58766
4408
30527
28578
54084
46292
16482
26682
26738
50322
40397
53823
5579
25337
49523
46810
27177
6327
17323
28569
18933
31973
36975
54813
22492
54101
48424
25153
49300
22089
52225
38413
19484
31551
22657
23120
15421
26246
25219
58033
47268
18452
53954
5259
45613
12368
57383
35409
38644
43140
46778
58046
25350
58852
55352
25089
51800
41788
32533
3352
22157
58202
58810
26259
51801
27117
9005
32835
46963
16333
9102
55838
12925
22935
46555
14566
32542
44715
59181
45936
5298
48358
37673
45684
24830
4656
56645
40849
12882
44659
56093
8109
47094
32835
35952
44685
43516
35048
54483
30398
16263
37330
59449
58497
20549
39008
38817
15287
58493
20762
58267
7477
47589
39336
11622
27214
3300
23778
45175
29606
19016
24076
53280
10904
43754
31381
33345
55632
37117
28177
44202
32977
35304
19415
21858
41819
16866
55763
3751
26786
11579
53138
12798
21246
39841
28630
52677
28073
23238
22827
15416
23013
14328
41373
15176
43290
19351
28135
53776
21053
36971
47423
11577
41530
27748
18026
17846
31311
6713
45429
4518
59942
30497
8928
11710
54763
48811
49088
52779
47254
8206
48504
5524
24540
47148
9458
59918
25796
44732
44564
20151
48506
53737
42261
47289
20895
52810
10070
51942
18078
28105
53167
26644
24620
54305
38163
43971
23457
38291
21926
38891
15631
15112
12932
41684
32677
54116
3543
22456
20717
37598
17243
6735
27820
30093
11566
47189
22047
45501
48285
8578
30286
30788
16035
6077
9376
37420
35001
7389
30532
54009
29276
22378
15846
47884
54953
47309
12657
48578
22363
15866
5613
16791
54710
49342
35747
42885
59789
24052
29233
34675
44344
18433
10937
17650
32432
8411
23790
42481
25522
47322
4348
35228
46686
34962
31263
44135
42109
19460
10663
49856
53555
8359
17747
31698
51476
33707
55715
22881
58271
24272
5194
26744
4513
30203
11230
27328
29463
37995
12941
53671
42777
25941
52770
9648
31128
4778
31140
32802
47059
42668
21404
10488
53695
12205
59500
34971
35612
53231
6577
22963
10490
10583
12901
16984
36109
26542
8796
38727
10989
3228
43504
4487
33654
31479
43053
57790
11693
12830
58037
38982
40682
3527
38475
32717
17493
36062
51100
56684
9383
45477
13688
41798
20023
14340
28687
20107
22676
45803
44497
55937
51957
9878
13237
40122
23854
48929
6948
31519
24945
27051
53966
46381
9854
22789
54303
42316
36798
57059
12722
28810
59050
4959
49793
34845
20227
43954
29311
12047
8009
45908
23868
17749
58733
28227
33872
38987
11454
41840
3246
4527
8246
47058
41572
42867
38434
14544
10102
38924
4692
51496
20874
59769
5550
28649
41501
49407
15911
14718
46891
4430
15142
19611
9787
46586
32877
13705
43818
4103
4569
24556
39436
30391
17870
5648
6607
16696
12694
13540
48920
46847
47458
34484
16136
26914
46225
11183
20116
12477
4909
12656
3002
23412
40178
16775
28407
52109
34516
21274
32681
15912
17085
17996
26977
11886
47256
33735
50585
32080
22959
40286
14016
12882
42183
3759
3904
16314
13157
41566
50800
5078
40629
38510
49997
4920
6999
40047
15025
59363
28180
25638
57882
