597
6169
31096
24125
47689
4191
11617
13755
35485
42628
19892
9993
13303
25676
23737
28200
59409
7892
18665
49726
46558
45044
31300
30640
40625
27720
48125
40708
58465
20681
11304
20872
11136
22108
32515
51759
49669
55062
50283
13743
3255
20874
47791
51428
45057
7177
9729
24469
48721
41474
23404
20140
14977
10896
34941
7866
29561
45233
56339
3626
7192
46980
12454
51052
8362
44944
19082
27450
5728
29331
48606
4233
59127
16523
7932
43467
32881
25676
32588
53639
10160
35051
31168
24385
53673
7612
7556
48060
33837
45453
54873
13144
16669
11635
22606
59563
31943
47685
11386
50472
52346
35039
9535
3415
27275
22895
24911
45729
21196
38608
32918
12918
29898
51891
45346
6660
21914
6618
52883
49117
45472
47528
36037
9388
59732
53007
22677
17554
39198
48332
26130
32295
16595
45182
17424
9653
43887
51077
37054
6721
42421
34614
3622
10444
5062
54996
39376
11242
49933
11354
4440
38855
9810
39088
29454
23956
25261
40353
56749
13642
24317
57109
17545
11247
24194
30250
26569
57330
55730
59877
21240
12989
9714
12133
41821
5190
51812
21601
23189
51055
56926
41122
24544
57423
28543
24437
53865
54828
9518
28731
26808
25905
39544
46052
9519
59369
16731
28788
5416
18666
48995
29587
6365
18495
41973
32810
29379
31107
44652
31148
29743
44286
49644
13395
3917
23841
16039
52804
46344
7246
36274
15492
4397
11980
19311
18910
33950
31227
17282
34162
16530
15392
56543
18062
8373
27676
28714
53231
8348
17473
49987
51235
14643
27476
43327
48541
25619
17769
42301
23455
26145
27120
17089
24108
44683
5982
22816
7751
58706
14674
41240
59614
43977
10062
4832
3994
22983
57556
39195
25311
4277
36997
8008
21581
14811
46274
34155
39877
45443
13567
31720
58319
57133
31210
55343
26865
22951
57581
9024
17342
15141
17241
58886
31138
16345
40846
27672
22229
10642
23164
10938
47890
46326
50236
8510
36923
28693
6802
53868
52922
13338
54513
50598
51578
34870
43612
36974
52090
14707
16098
37019
11407
58372
25970
3890
59278
58059
58533
48610
38469
10254
35594
41633
26005
17950
38549
51447
20104
6033
7479
29851
32928
45875
51434
43696
49712
51744
47413
30942
17859
9911
22726
18502
41705
13621
38205
48254
25616
15491
8627
32873
14182
54806
50628
35493
42014
8350
22775
5645
33480
51989
30989
30760
10252
17745
46639
9975
44913
23655
57899
25777
11145
5857
43300
28588
4594
33220
31382
30971
50916
31628
14614
42893
27696
16783
50809
39384
56566
31468
29890
30812
20403
32105
22713
15416
52184
9131
19468
50107
51886
32650
6766
47877
24301
29923
56010
41943
28327
48422
56018
58476
4649
6506
42188
43271
52387
46859
12624
40616
45455
38212
10080
40908
36689
50250
45514
55388
42512
3103
40874
12375
4905
48414
45662
53974
44914
17470
43416
59340
19187
24669
37258
5147
26875
12232
15006
11958
50391
43816
19335
16100
27900
17215
10108
59889
23059
5798
32661
21372
52699
20940
10488
59354
48583
24011
20124
17180
41145
50502
48051
44887
6912
4543
23343
59902
23250
47771
7740
58663
5862
10967
21334
46846
27011
29305
30782
47451
44964
29222
12426
21070
46541
53054
5490
8380
43177
16595
26660
50940
27721
50427
49089
55072
17138
32845
47284
58395
15961
4336
10413
38519
37254
53846
19002
55858
31301
23048
35130
43604
44176
37311
12816
49781
35562
30914
55314
16311
10581
35383
49906
5822
25518
58725
31186
50778
19567
28938
23627
30994
38004
20352
32927
13367
49595
26455
27596
55636
54522
50116
29098
34984
18499
24244
45286
28457
56367
19083
33624
22008
25001
10025
38954
22913
29552
26752
46592
55627
47198
41038
49544
49179
5213
53648
27148
13907
16020
8134
15169
43923
57814
52912
5958
24236
29804
21871
38802
58756
18201
