713
34545
24049
12561
27391
46593
13337
28546
15077
50394
40309
47992
45943
59997
32053
54177
59135
4396
58813
52073
14029
52685
51584
42010
58500
41736
15359
10204
31458
27749
51135
12477
44486
36927
12162
57184
40812
23830
56967
32225
48530
55482
8341
31523
8942
15138
24679
39101
58544
39298
30641
29418
11658
20972
23901
55983
21833
48314
49035
45809
59631
18420
37443
37459
23992
4121
55772
16455
48204
59724
9766
18186
7024
35241
15595
25824
26972
22976
35836
46449
21582
26110
41477
44319
22575
46335
45699
12931
36058
24003
47665
11774
32777
4024
42595
11279
23546
21085
58387
30178
40760
33109
15065
44034
13611
34224
20994
46184
38429
49104
45936
56117
30522
40013
56815
18539
45315
55790
42637
21697
48731
41401
9958
7933
26586
39123
6578
47538
45077
42012
54233
45130
35015
8231
19807
43557
28465
4499
56774
7673
33697
20196
46852
19447
50594
13990
9958
19390
26508
18920
49565
52961
52434
10516
26130
13781
55327
38775
28689
24057
14591
55779
45781
4526
26170
23898
53710
21583
41421
54371
43467
3007
19615
12427
18820
42017
5474
19994
37958
49299
12607
40318
18291
14476
54410
34495
3109
19556
6796
59597
20588
52728
13312
23393
47541
41310
44182
51616
4623
41210
11409
22748
38172
52203
16886
13191
46933
23480
8723
39592
44378
38515
40239
23456
28842
20874
37342
38532
45149
57024
5133
14620
54234
30145
52883
19779
17397
5935
43375
53855
47780
54945
34123
30404
20245
34901
48496
56110
13844
26179
37632
7372
37995
32987
15052
27267
12967
56203
19782
6357
46164
13708
58743
3319
42172
24444
45178
6341
54777
39572
47266
36780
51273
36828
41671
11546
8530
18931
16999
7717
24991
9031
24188
18936
10997
46181
56321
49710
3198
56088
56046
22434
9878
37040
12242
58688
42903
13725
9428
16484
8239
26903
44920
46295
35734
31241
57239
18457
57831
5603
31266
3926
54366
21747
25462
34300
7374
44606
50345
15882
49180
39489
45793
59924
52592
3996
27423
23233
56318
40035
50528
49982
27146
6272
7462
5044
47695
56417
11364
44340
26697
48444
13026
31606
12571
29251
32496
14113
41865
46306
58913
18585
12623
6187
58916
29947
17387
51357
56116
53247
9730
24715
58982
39282
49007
8577
30320
37498
30598
49745
8184
28128
46764
26090
23808
6680
59244
11485
7049
54216
31024
6286
30802
39502
56719
17719
57964
57512
7827
33956
47825
46604
48321
29298
55067
5559
33218
30797
58125
12721
19179
42660
6743
55276
17518
43855
31189
18337
22596
24290
51873
13762
45334
54762
47816
7187
12158
40093
44059
28965
46806
52671
4236
11158
24499
52601
5224
16459
33005
17443
25845
36561
9141
49164
54352
23017
29082
37402
42741
43478
44756
20995
11932
20367
51492
4069
39928
40688
24756
51211
58458
30675
34580
57170
55329
9692
11019
25578
16089
5658
31575
11484
41421
11133
40921
56765
9197
29483
28130
35179
58520
59950
29171
59579
52587
21266
15498
44776
16691
17338
16477
43763
44867
3929
7110
6365
53238
49687
16804
23335
34777
22280
3692
50182
49473
48964
47037
52115
15923
52365
19429
14843
45970
29757
14777
9295
27896
20922
44032
51379
42813
51316
32746
22231
7737
33221
17827
59988
14763
54843
49714
18044
53312
28617
3189
26006
47994
4164
59369
23455
47807
42274
54884
20593
20626
51945
19977
31684
48996
51674
41139
42138
45901
50842
29966
44173
48841
21685
43657
22258
50673
5906
27739
42392
35816
18998
57888
42506
24771
35219
13538
38155
10867
15123
40884
28743
24979
12343
36803
46582
6982
49689
27255
44243
47889
34449
54040
35713
46846
3495
48198
40129
26991
36552
3759
26353
12673
3400
21143
9998
31650
24343
43258
18264
13139
56975
55185
33983
27976
39470
33920
23242
30809
57779
7220
48525
12791
21554
56698
37677
32970
29714
29932
26283
3190
56772
18793
7629
35829
21407
46309
4455
26578
6773
42535
57853
48326
12037
18495
49626
23637
58733
4029
18233
5545
42041
11094
8109
44614
31480
7588
26739
45994
43162
39389
6726
52856
52050
19113
13520
11289
25788
57347
32407
26033
7970
24910
12230
53547
47834
32203
17088
42095
39442
11405
4567
50339
53886
36148
39252
16511
34463
18937
59224
20116
21059
53189
58101
45746
33571
26465
17687
59505
55300
46655
30207
11199
37776
3802
35600
32131
57742
52560
39703
58464
37377
31562
40345
52982
30037
56634
35968
41156
58917
49779
21008
42055
57645
32951
43948
56258
8621
26461
34055
14900
56924
54250
41720
17871
25944
32340
53787
50142
52277
