1865
8925
26519
12258
26078
13392
5195
7674
19436
38968
19815
38888
7002
7699
48870
59013
42237
54296
41758
21508
59730
54481
38995
38722
47426
58614
48826
16312
23778
53289
42120
18046
52797
21930
29047
25177
30673
19501
30432
13476
8810
22751
13031
14663
35672
4429
41757
44486
11597
50873
35283
43285
7459
39223
30954
35300
17167
42940
15655
7901
39071
6194
54585
12549
42208
3262
3541
58406
24796
51078
30832
45490
56186
24171
23799
53628
11106
20731
56057
57143
9008
35778
18120
50498
9284
43492
34993
52970
14530
28946
45907
11106
25812
52190
3086
7892
7994
6193
18815
8402
22895
22709
43611
45981
19350
32838
18255
26464
41128
15161
7217
39613
9284
25045
38312
11897
51243
29661
24814
15756
52561
3400
5487
5025
50329
7821
43396
58417
33178
44247
30433
16923
39106
55932
25364
39307
14537
44889
54008
45569
32810
48898
58035
48867
49381
55801
18449
13456
19720
27561
46547
53500
51969
56088
42502
59218
52894
38246
52038
40981
25229
57482
53844
9779
51366
49829
10713
3728
59570
3297
30276
3988
21797
49987
9323
53577
37126
58853
25258
28315
16363
23076
47239
58818
28939
55698
52541
34145
27540
47203
47925
19261
28276
44845
50973
11552
15394
19660
28779
23178
7182
47029
51519
43678
28204
13090
24180
32735
5403
13048
39209
45598
49108
39655
25249
18966
18278
30089
13625
19074
41556
50742
26260
38494
45960
59310
22156
23835
28915
14443
51706
44820
45267
4607
13708
15475
57595
59595
17178
4519
19077
56287
53522
7569
23408
32751
53069
36305
52286
34251
29500
28174
23586
9003
40769
31860
39854
12297
55940
41786
4837
14522
4669
26393
40716
45443
9253
51051
21472
54095
38195
32342
23910
16752
37869
25247
32617
9082
40754
6413
53993
4415
3136
5844
38186
44764
42601
3763
47329
35453
45855
40607
5012
31747
41515
55001
17885
40607
4128
31839
20751
19406
55313
19641
49185
32399
49658
44699
40543
31690
43681
41482
31135
55936
3640
36505
58927
19544
51807
7171
57215
24010
48615
4532
19204
23552
7708
57681
44362
38686
37034
26224
22128
59156
11885
4169
55869
33867
43021
23829
40145
16152
35570
39846
48035
38449
40127
11322
51561
37687
46295
12947
27983
6694
48837
5021
45713
3370
47597
59249
48056
39766
46309
42153
19378
7057
55166
16319
33612
19116
34947
38057
9324
41577
58568
7127
5625
50829
14489
41246
39008
56197
24525
45483
37520
28319
33548
6424
6453
43197
15591
37375
9127
21782
13285
28292
25331
46446
6370
25710
15881
19466
58353
17408
47277
28719
46322
50454
10911
54580
54402
11432
56596
25896
48651
53172
15126
51695
7593
44112
32889
23718
59690
40956
34238
36998
18491
28013
36153
54319
55453
11739
28895
59248
35940
51966
27289
59749
43545
48583
33901
48741
39967
34047
40830
25724
30030
21300
42311
42314
26712
42141
5042
43024
9702
17716
4303
29057
35961
48493
9187
23445
36920
37924
39295
53031
18197
33457
28742
10987
3430
44042
44162
31320
36806
23765
57012
27559
38739
53178
7166
18080
10478
15044
51427
52033
51327
51810
50325
53028
57615
48027
12816
20110
19155
20573
12866
41360
9316
27751
23880
18568
17754
20065
37839
22660
47770
25031
30639
25177
9834
44692
34911
25733
46451
36544
38237
34073
4309
24972
6876
21863
15208
23978
40762
29154
32391
19585
13618
30170
15363
19077
35729
56968
37825
19920
24558
26754
25772
34235
42149
24154
49294
13231
9378
33697
50116
39937
11437
26075
36196
26813
44129
7067
39531
48912
7838
18056
24032
51550
40042
57110
34721
35055
7683
57591
21082
34897
24383
17950
45141
44734
54775
21584
50149
12560
46395
26978
15456
27992
33795
41828
37560
51944
45331
48503
13311
38667
32639
39699
11401
57457
53016
7946
6507
21130
18279
3810
46457
51612
42062
19254
21284
50490
48590
13273
59735
51874
9154
30311
39128
16434
23098
45303
13212
6212
54363
32500
13361
6394
8215
46055
40541
59312
13290
23257
24564
59277
47266
19526
33938
23916
8308
58795
30282
6317
47651
4062
42190
51337
40796
46102
25160
54935
10078
3488
56032
26343
16945
33755
4984
21089
31610
38421
32139
28680
12713
21290
32694
33217
27397
38278
4163
39670
45207
15254
10724
28483
25071
19387
16475
9074
20883
51381
46347
23611
54817
36445
53072
52743
29504
3578
23082
3995
53386
7561
51475
44697
23126
4845
21360
29155
11744
52053
50266
10281
24598
57483
47356
44889
10356
39202
11450
33535
50477
38446
14462
3632
5771
54335
5586
46055
57852
14655
27554
35560
56839
7818
13355
11999
39662
24185
42086
12514
15044
58253
14143
20873
40453
15418
33258
10737
20851
9681
6731
57661
46939
55361
40269
20959
52174
32073
29081
20051
46568
29327
28202
21944
55909
41442
11033
9037
48069
3654
20012
53616
17892
12954
37147
37073
38661
6577
3543
57540
58193
53877
17922
11052
38623
4638
24974
57579
16351
46790
56935
41440
13956
52450
38751
47892
42973
28734
5828
24073
28774
52438
31521
31901
39628
49212
14738
26997
15506
23841
16801
28703
51903
13579
14744
52618
52304
18161
49506
42515
49236
49552
38758
21036
28710
8886
19215
47116
56490
47280
58086
25082
56175
38043
38174
37226
36574
13400
42711
46883
37042
28291
9021
28394
38585
43463
23015
4852
32582
39671
41485
24420
10590
34309
13699
33305
46649
45822
13947
50864
41487
35921
9795
50826
51493
24346
37771
31053
22178
10567
17400
12933
48940
5139
27045
34681
19380
9722
11563
22790
35769
26616
48810
28772
54651
42504
58708
24981
46755
49003
45542
59632
21654
27228
31907
42513
46235
3699
19251
21401
21445
44112
14024
55620
22913
46496
12121
3896
12163
35621
12628
8988
59019
26354
38693
3275
56552
8965
21127
56057
29227
46038
56296
34320
37278
5600
7312
56784
7441
20172
58251
43456
6054
6975
37193
32702
23080
40843
37713
46981
35480
52917
10940
55032
11914
3879
21079
26457
59313
4535
39497
52047
9859
4313
53132
25793
30373
21782
34522
52118
29850
56536
47212
13417
34459
13405
16389
58028
51315
23536
46581
48753
5918
23415
55796
11793
46607
45611
44018
24360
39332
45595
37306
30346
18540
9547
36742
10051
33387
38203
24605
56365
48548
17679
27237
57614
20907
39089
5189
40345
30976
41277
19988
42387
23746
34135
28886
26605
7586
42851
3615
58831
51396
45709
23868
59207
24723
35556
24822
45124
32873
19317
27110
19375
13302
11325
20763
12802
10495
26074
9172
7150
6579
8028
15699
19722
32173
40029
45617
12113
32011
46799
48909
35696
23315
52124
46859
7651
48972
28027
48885
3929
17437
50861
28629
45976
10007
20222
6925
35043
8348
35723
50008
23138
58188
29563
52240
44597
20388
58613
34037
33863
4723
20435
3037
49949
32322
11221
55888
32684
14241
14642
29478
51305
30149
39413
35652
22626
35752
42196
58582
11348
48612
19443
15980
39071
43805
53428
46995
32877
44833
18932
27136
43137
15119
38641
55313
48265
4467
54389
54811
39937
29725
57109
35441
45222
59853
37193
23023
52574
56863
36645
34805
35554
29665
30233
55403
51972
39073
50561
28379
53988
43944
49880
5911
30656
22302
56660
25768
8003
17089
20911
10963
58368
28821
11536
57233
15079
21255
13081
43058
8586
6725
58807
35103
32595
15311
46715
32779
19042
15453
17467
15126
14023
44323
32107
32877
18683
41328
17476
42675
21839
21377
7177
24152
38590
27648
39655
13179
47557
49482
49746
36716
47475
26813
18116
39248
30658
32252
24152
47693
21133
7654
13077
26913
50489
38206
33559
57760
40473
27816
27288
42182
44101
55729
33437
3974
56864
3551
52838
20480
6493
21484
47134
56515
9348
41207
40738
30581
4043
45267
6883
9642
25068
51322
24725
43866
4590
29052
52250
34367
6431
50758
31693
53481
28710
41701
18130
57344
44523
6157
7564
31104
38564
33844
19262
40026
40120
4710
23810
49046
13542
38519
20540
33707
9677
24969
58746
44202
46377
25787
9874
10502
38157
6014
3736
39595
48596
22359
27888
12243
47562
37116
30950
18863
18335
36447
28136
58165
24962
57617
41774
58683
22441
54956
48567
39054
41496
18187
42773
14083
41094
49104
54001
23905
57085
13582
37698
47615
5882
23695
47078
22816
31868
6022
44970
30878
3998
18268
45425
36039
11736
55587
47101
13905
56330
58100
10777
20990
49718
16269
29749
51977
14233
17179
24047
19124
14921
3934
53795
44233
58699
21943
58370
28503
54916
52563
38940
26686
15135
53553
44310
9120
50325
12131
15411
56334
24092
5121
44000
6025
8390
26647
51458
50680
59437
47617
31802
35817
18798
17533
40457
26672
58047
21143
27723
16485
22666
3599
21567
15591
49110
53754
19547
19769
11279
26307
52104
18106
47540
22471
16716
30389
43218
37858
26341
26668
29998
28048
14223
28186
28230
54511
48190
35100
20360
57401
51599
15020
43671
19188
31182
43585
10789
49132
34374
57605
46208
31665
36675
43095
19110
33281
39133
17456
7054
54033
50589
22521
4151
24387
59391
49076
15752
18654
56618
25058
33095
12944
7536
20050
58429
49262
7722
14548
55519
23126
43691
16485
30957
43474
14377
48462
47434
58114
27097
23428
14314
36264
52890
46640
22826
8097
56446
14443
32366
39306
10776
29694
42869
30872
32998
35762
4974
30139
39421
47565
47523
33124
7320
5059
4190
33026
53066
21183
35572
56687
21612
10605
47063
11982
26828
12929
5370
12823
34080
22231
29566
4744
12591
55990
45015
52691
5188
53660
22538
34665
11124
56554
50174
50728
39226
25221
25250
59065
4437
48976
11968
19326
21323
3781
41042
52832
3234
56771
12904
28263
51886
52116
13965
13273
57091
27376
32876
21877
43548
56459
3944
21849
36079
42945
42955
14219
27391
39650
22440
38307
11495
44915
45146
11780
29410
26746
25332
54240
54549
30862
56063
33106
25816
47539
46792
24578
49737
5369
35801
37238
13084
12075
58150
59381
44103
14036
54758
54705
16182
42099
12832
19973
50229
9878
29365
32647
42052
59262
14789
17970
59389
15279
42757
45223
46927
26974
33714
23861
49698
21215
34096
43179
23648
27579
30383
54485
19235
35678
9012
28143
5892
15789
59755
52959
39083
6733
6248
32608
49593
58809
6375
35741
32567
36787
51480
22196
50346
19767
20001
29499
7824
54767
27422
18490
30557
45759
46716
21324
45405
49625
10176
15651
53528
47031
40008
35022
25895
35498
43260
23262
39599
10934
41241
21407
42126
59611
5647
15307
58383
51555
25352
13983
51838
42261
10001
33834
5782
20097
30179
15294
6356
29822
49264
29640
4734
19709
52663
46936
10943
51332
39292
20748
11403
22242
55756
40177
33362
48131
9911
34971
46774
37943
43791
47625
18207
54236
37304
25473
23911
22828
21283
58534
19455
6799
31538
52245
6905
50451
50655
31733
21791
10197
38195
11110
38397
12643
20933
10847
48901
29242
41736
48642
12799
35450
27115
59816
57485
32559
55743
45355
28670
10855
3317
31401
51507
50792
32596
54889
23788
57534
39574
40372
44761
20900
4945
28018
35145
23133
15591
26069
58765
39480
37058
16984
39448
5993
59837
51111
40427
44437
5975
21596
27530
32372
55204
45826
10512
24766
19140
17196
30774
13076
48761
54891
21017
42494
16234
30269
4121
21240
39363
48053
55469
20429
8629
7554
47650
57392
35539
27624
8946
26155
40402
3765
13390
38402
52353
8535
48424
52940
44038
30768
13612
39525
44622
36376
9054
35277
27985
22335
55262
12244
22966
39222
17395
27430
33087
30907
35953
18231
39830
16892
27053
38379
8223
5452
6945
32018
47265
44352
15280
57213
42774
26732
30882
12120
3014
59716
28114
41497
40330
41620
4136
16484
31325
13962
33355
30559
37313
49244
16468
53872
32507
58114
32931
18967
45937
49774
7943
41655
18478
22540
11881
33046
9326
22640
11079
21379
10204
46511
44482
42946
58067
49393
46925
59416
29640
7344
26119
59031
30730
10202
45230
34459
35879
34695
9694
18154
37057
38238
44388
47242
55866
9852
22070
