1189
37423
30636
48355
20510
27476
12597
47246
25866
31659
43015
39278
25020
57036
50689
32607
45346
22385
4012
46779
33738
28600
10731
11575
44666
33155
51657
7026
45531
23556
12493
4401
48611
38468
49726
52451
35864
38258
47837
14085
36385
44905
59513
43139
49970
34227
56998
29641
44996
15607
12031
47753
36536
25112
27263
47525
13262
47121
22816
51992
39446
34197
13508
59047
51354
55648
44540
52750
9957
27155
38769
55963
8005
47437
40318
31616
11063
27194
23052
16033
3323
9013
50378
30930
8717
53310
43335
59664
37640
55833
10363
27858
41534
27509
18402
26932
32057
57508
42423
14240
33602
58385
25554
10864
26611
57780
9664
26543
57550
16127
30943
10754
3601
27624
21221
26930
38692
52377
27516
33106
20215
44369
36216
10258
59154
11646
46625
44408
14790
9866
14019
9032
35512
19907
38951
18479
48915
49219
37747
25148
9577
33143
26847
32247
27376
55391
18714
13373
36607
14589
8386
16427
30759
39154
49400
8040
37163
23770
38556
54238
55574
46729
21150
23069
31699
13588
17679
26940
34383
30862
53452
30390
28223
58711
23267
13062
44949
20745
4101
3149
23624
37830
9379
46992
34707
8021
26372
24390
23118
3567
11645
28231
32931
56937
57307
59614
47454
35471
9310
25415
22408
20971
38719
57584
29478
35977
45506
38664
37883
32236
48826
26636
22082
3900
46538
37754
40533
13367
52113
58598
47738
38284
12637
38998
20540
40991
26590
20251
17920
56569
45607
41471
6905
46419
49185
50184
23547
54628
20425
21771
57817
26109
51526
18458
54909
49667
51883
18448
33604
42660
40338
51026
41172
50790
29696
29892
14066
38107
10897
15397
30939
39379
17790
32522
21366
54956
17433
23064
19159
13074
40903
12021
40331
14544
6307
7842
4254
57321
18236
32655
53917
20462
38977
11767
31391
34694
4531
41573
11204
51943
24899
17783
55347
23108
50729
28852
48068
49791
57066
22805
58698
12239
23631
9408
57308
16836
22967
20324
14058
5444
31173
52336
24085
31405
9288
26053
10779
20468
3487
54972
28087
18207
39749
13849
53367
25902
45939
40454
44841
15380
43677
25979
19794
25930
4398
30998
49354
46784
7066
21105
25128
18688
56199
48541
52059
36807
55338
45451
31998
46652
13895
43200
17788
22250
33123
52784
50022
11344
47081
17636
6890
20472
33105
57730
52036
29267
53225
43583
18906
22994
46324
54513
53736
22521
36304
27698
44836
42639
56382
35264
11743
27943
50574
55160
25954
11651
6976
6297
38281
51107
45398
10511
43272
53291
56016
55241
23515
11081
51089
10374
36031
31580
57615
32848
41823
41073
47223
49199
40725
51172
31615
35084
43355
46487
22410
29703
39263
47772
47953
29264
26699
16780
4264
21524
24687
4538
18991
22145
17608
31279
33635
35338
15136
14853
23691
19836
44795
4899
40873
55451
45496
58893
3155
46380
7987
7709
15114
26836
56540
5742
46556
26318
46810
12195
58447
25369
34911
24370
26540
47128
43726
36522
4900
51916
12572
45787
46469
24640
53054
10999
13769
51511
26579
13774
50651
58560
28756
29450
55587
13396
34829
9316
54957
20843
42353
27960
42297
29590
56327
19583
13144
9985
12229
58927
6505
57846
3755
29676
6970
7619
26944
15329
40555
26977
33223
41972
26679
59528
41345
45491
44799
57476
20469
58679
52927
16417
29455
22683
5852
38437
38272
10319
41829
10041
16502
6107
52078
52358
42811
43072
16639
22228
25743
34806
42291
24095
11767
56171
37673
47306
6148
13688
52285
21140
38740
32128
42380
11947
16700
11930
3141
54992
28950
41539
49016
37924
37483
42763
31178
20201
56085
8710
56596
38210
17325
36432
21798
29323
51672
31149
39038
49634
14055
48442
58612
59268
32365
17696
42543
24766
25721
31640
29773
40842
18230
58941
43796
54993
19829
9589
7400
31204
29692
58012
6355
28263
30886
19911
27950
52493
32268
43856
7235
21076
30610
22094
7381
21016
7262
45194
54393
27705
12182
34707
7847
43980
47231
9964
26437
57618
7418
26396
44497
29244
36885
39127
25042
28824
4042
15179
24547
38496
23992
25786
43349
55362
26140
36243
8233
30756
7293
38129
37747
42108
49692
12029
6483
38884
24431
33411
33470
38209
56843
5354
27768
38092
33462
34011
4561
47047
4413
15385
31878
26053
23448
47240
12931
35464
54244
37600
53652
53109
4263
22341
28601
47970
43956
38823
25040
6946
52750
42905
49315
3407
51381
33554
27967
41035
55191
46705
36256
54820
47364
6615
10547
57738
9776
19030
39406
39693
8791
37595
43530
50973
34497
41486
29410
42186
16046
57557
15805
14027
30807
47567
51523
56467
51587
11737
46943
59870
15912
45158
8122
54033
29326
23571
31767
12988
22128
43499
5098
29658
9434
42353
16999
33052
49476
29506
42054
30025
12583
39636
13551
15686
53902
29588
30371
42317
9225
50337
30156
37065
45168
12793
19377
23743
31747
6239
44497
15585
41465
20766
26634
32341
8201
37022
19701
14264
8063
12778
7826
57052
8448
45075
41378
32384
56497
50755
9393
32837
21307
9562
30441
31064
33482
12264
29256
13366
26627
24801
29167
26678
57561
19429
15131
40730
53313
17552
56317
30368
5321
26074
10630
47312
15102
58130
5363
5475
29531
51324
27438
13962
3493
35374
16621
25912
33104
51780
35983
40049
44262
9349
55769
7391
6367
49717
39812
45796
57656
13146
30035
47238
22390
21093
51848
41138
37586
15356
11711
41454
53452
28675
41126
43843
45650
36757
20786
15675
8154
25843
18357
36634
34144
44201
57761
51731
13991
58557
10936
38527
17192
31144
13184
28423
35583
40367
10392
46192
18999
12533
40311
45463
25729
52620
29345
57015
53543
48881
14221
22347
32956
13650
3978
35574
59409
25612
48390
26252
55794
55163
21484
20916
16981
6652
48554
23046
27297
47813
23462
28133
38251
35114
19098
25800
22934
6408
54839
7752
26299
57121
46081
11840
47328
59811
8947
13059
59709
50201
25152
8289
6471
23735
29469
26055
9255
19703
9337
33636
12457
34893
45784
23238
6100
13474
30015
49719
52228
31333
24310
32071
9082
15043
44221
33313
33271
50931
50705
47771
10899
26663
22797
48628
43225
44320
29100
49369
10502
59437
58603
27334
18995
16176
16944
33044
40995
48273
29560
44481
20396
14606
54995
33917
40402
44333
27523
42941
17522
53809
18356
34930
57281
39430
24056
55667
33740
45253
10756
11919
34105
38674
14833
10707
17783
33659
43381
42260
23371
23789
41279
7586
21854
37258
13690
54080
13670
53183
19722
25474
10527
29838
49763
49130
4536
8193
39687
18165
38447
47497
23312
13133
53578
59077
56473
35352
59160
18825
15897
45911
51443
48258
9162
10966
23055
57042
7043
54848
24350
40030
35762
28066
28210
54976
57102
21773
14337
58329
34668
35092
3549
38279
22156
36468
13953
7567
48958
6624
36415
17182
43900
32435
6392
10104
33927
42127
54581
41130
30088
42470
35762
44435
32180
12825
38422
20085
20274
28581
13340
54164
21232
13761
15778
49333
12765
19010
36810
43192
11976
23721
58841
26931
4520
42897
56256
58458
16574
59252
17878
17053
42658
10848
4110
31428
17450
40412
8007
39175
35999
58011
23066
24677
44858
10230
9722
15317
15130
55083
49710
7826
47580
30456
3902
17464
43326
41012
29231
5092
48810
55438
51253
25631
24760
25369
10937
29213
10368
30623
23738
57857
18662
43056
8457
11685
29362
14974
59035
46672
24477
24839
36485
56436
28738
7183
49826
5920
54543
49162
40487
53752
47167
45253
15648
33581
42337
34339
54590
54399
54935
55234
18873
6021
57283
9640
50776
4087
31047
7706
23337
45642
46506
15825
30719
7919
13886
23637
14908
25312
55716
55897
39447
54806
