331
32137
14630
44077
36696
45160
9767
23380
21635
34393
24438
52722
11347
46796
51332
50002
5011
15631
51305
36145
58111
56210
35041
30363
58827
43205
45617
59551
54243
8995
32643
29916
58530
45096
12186
45570
14780
26136
40920
49228
7598
55884
13296
11639
58339
16112
44058
6484
49726
21338
51629
30174
26071
55116
52166
12130
56092
27877
26889
13140
39831
46563
34194
14576
22142
55249
45807
58194
9628
17576
38835
16322
48802
32324
26111
45442
41192
20183
55108
53859
10566
6838
18115
30224
7750
30852
22204
26662
32834
12413
17358
47937
9349
22685
17552
36840
20338
59501
24549
49309
58309
34404
54653
48691
39102
39213
52521
46556
32012
18634
24988
37615
46475
20739
26849
5680
41489
16120
9797
17251
10880
54338
59643
58396
18314
16796
8482
53590
18672
54663
33137
41233
11623
33657
46582
5957
29770
41567
37364
43615
22251
5906
50772
30117
4215
44038
3478
26999
42894
13175
41335
57191
13817
23604
7466
8826
18577
44990
31646
6575
51396
58133
43076
27135
8224
53008
49205
12056
46051
50095
40766
16021
25022
29857
25720
26588
53702
54962
47563
38257
41110
45658
56114
13384
31842
9097
38705
21328
10878
51811
43670
44000
8129
49250
40145
12323
54724
58912
45512
35576
16316
21298
19989
55792
9933
8550
40916
25602
49350
17706
28810
9177
24266
14806
3778
29855
57691
12119
37156
56074
34708
49300
47537
49086
58453
50744
37308
49381
48970
36162
15153
7479
47329
16692
45321
14441
41226
42099
31874
15492
47670
10235
24173
15882
8006
54738
49146
23420
7025
51030
24889
52366
22352
59960
39218
49484
58423
58074
22418
49572
48524
21225
33151
30404
6906
11971
52881
54468
8658
57047
40789
9231
6125
59211
9767
36566
35126
48603
50858
51551
7990
14483
15036
59763
12671
22791
47847
49434
23456
6024
32761
11246
18021
31010
49301
42772
46904
13929
52594
35320
6927
34946
8254
36043
40564
48377
40678
53194
46922
28465
50528
43837
20253
59658
42918
4664
51206
9400
28778
28490
43367
21779
14852
17925
22497
17672
39165
41142
44459
26202
9142
19357
