1147
38924
23032
7663
10907
10293
58972
33561
42464
28546
41475
39788
20787
14352
28219
54249
33956
24747
49632
36181
57215
44025
50166
11702
17755
17062
40373
13692
32311
18469
58017
32036
29473
32722
40124
47356
44983
49986
22812
9461
8264
33907
20813
49791
47046
38869
15480
37400
47714
17286
56149
16620
40044
15364
56801
25234
22497
51077
30246
30396
53481
49151
16556
21135
31995
55889
42709
16323
10724
25973
38070
19242
13802
49788
44810
55119
28478
20041
31811
20081
17584
12353
48567
47729
29315
44754
50920
26384
43714
32534
39883
22514
53497
54741
18412
37071
18751
23396
29334
5668
43514
59672
40861
57891
40875
19035
59491
43013
14429
55711
15777
42859
10570
53808
6798
42264
15280
19550
34161
26971
15610
54747
18002
51867
32146
39513
12462
35103
13369
45955
15144
20850
51453
38947
36761
21869
4322
15709
20054
44521
18103
38449
25383
41489
49760
18385
55455
56374
6940
55818
12738
27487
50332
22332
53469
31138
31035
22176
31891
19055
52331
14581
34223
30666
49027
8694
7838
22967
35425
25837
4543
38985
25212
8848
48055
25409
22613
33025
37247
11871
31382
39348
51022
28731
12211
46987
27503
27281
50973
45024
4248
10009
53589
39791
52451
38867
26806
8819
10922
54654
13976
28886
20628
48708
9314
15691
24900
41453
38371
43681
23255
49063
32533
8747
7888
10128
6718
50495
15636
18393
3658
32515
9956
44938
25874
16006
34880
52249
24792
34189
49537
25316
9992
12312
25056
5143
11689
49119
21763
42266
18821
59489
45927
40101
14998
29981
8673
38728
52498
22065
43167
45689
37475
48756
51859
53014
14537
57778
16586
57446
54129
8804
40185
4957
11292
50384
16124
19347
10224
57184
47107
6061
34645
37848
6439
38419
43136
21877
47487
4538
23491
22919
20609
56849
19907
15296
40017
51483
14562
11003
50935
55209
26714
59343
12054
39352
56395
53743
5867
19709
21608
13400
59514
26989
12300
9640
13711
11286
40922
46333
42023
13796
26021
55750
50688
6383
3368
36711
49023
18309
42501
34787
15798
10166
13103
23661
26471
15140
22242
45290
46118
13422
57917
14206
52517
42216
26422
14555
14976
10985
12272
26490
35819
25328
18418
20705
12033
55027
4833
4779
16516
33192
46074
29458
35840
50036
30281
33118
10569
9231
9415
29526
43376
51877
56395
50784
14009
35129
39837
22382
57607
52592
58058
14119
37702
36900
10027
7787
23070
7203
54700
26475
4712
14766
41502
53964
8202
36865
20616
25937
7830
32282
30464
58270
47366
25933
21574
4583
12208
29117
17735
12419
23644
21708
58472
19385
59809
16707
17076
9307
56598
52523
49134
31588
58050
12245
52638
50798
3227
52580
12706
40443
9531
34215
54887
26247
43301
38182
13522
17347
55103
54725
47140
19893
9308
41829
11403
20358
33933
14442
21476
19941
49689
20011
6010
55117
4990
38954
29049
33401
9460
7734
34224
11074
44422
36169
17445
24005
31776
30865
14981
6805
19953
42304
55263
12902
54160
21645
34914
24219
24607
35366
30621
32542
31298
21007
13949
32496
51886
39118
38417
16349
48875
56488
46791
55668
45881
23179
11950
31224
20154
10895
43258
34577
49601
18868
34850
5167
25516
21109
28831
4602
37002
16477
47896
7680
25638
47215
16057
31385
34604
47891
8247
50240
55535
55902
59798
39781
41231
30947
9388
57586
34560
8066
12499
50612
44949
53213
9671
11353
58115
17803
28669
10330
5728
44362
49594
24785
29510
22317
34563
52954
35027
15757
29013
45729
52273
18189
45366
57992
44447
45090
19853
46389
46771
5499
45237
56599
11159
40042
37757
9784
17208
14871
40510
29915
6081
40808
45037
23331
51580
25067
5896
35301
4136
33804
33740
24525
8118
54402
49662
38737
22081
32686
38970
30663
29287
8965
56363
4457
44342
19054
53572
40860
42018
37776
32559
51312
19356
51709
6931
31468
39055
21213
3842
29242
52896
37489
18902
54706
56081
46576
43156
30048
27743
56170
7360
40536
55291
29938
23019
10724
39882
57114
54063
14982
7492
56247
32424
37583
41737
36303
52082
46250
21609
58499
40928
54646
46394
31801
8489
39032
18389
10933
6044
16454
30283
11193
44852
6209
39761
28222
23771
45512
30383
57608
25684
40951
28419
13500
26418
15662
5263
48334
17995
20325
6527
26008
18459
39944
44783
17530
52023
23671
28979
25460
3162
27467
39410
9074
13717
59665
15694
23710
9152
7628
11462
7950
14145
50222
12556
35956
3307
50628
46584
49651
42429
24887
43307
14537
32793
5446
11887
42910
50510
51048
33126
47375
38320
23107
11327
21116
13716
33727
54562
50436
26286
55993
31461
49004
49234
14749
6495
18422
11516
26328
22974
8329
10224
31118
38098
24016
11972
44416
55611
6327
7258
42649
40329
36035
40678
44447
12517
28625
45827
51976
41065
10529
22533
56156
34094
33782
5591
12699
7281
37736
18924
9065
15986
16528
37995
49902
47517
39726
44391
41255
32490
29129
34639
11317
57821
50902
28929
13626
50170
34400
29810
42448
35258
55933
57890
9155
42837
50081
51136
54027
35194
18947
24495
31205
44514
58287
3158
11149
20087
9694
13249
9205
15206
3921
15441
50566
52933
5068
30063
29490
8243
54068
8058
31807
18100
38219
45773
17857
12818
32245
5714
11908
58379
53130
26883
35877
25409
10486
18697
22886
19762
22192
56178
58035
42524
18783
7777
5030
31187
45285
16145
27548
45131
26230
52876
35982
22200
29759
54452
59531
54464
12368
39945
12850
43289
11553
32857
8244
38563
37053
56961
43619
17612
57408
31187
8822
33230
48981
31906
33627
3020
27724
40019
32217
52498
37483
5848
55723
42461
39745
14871
7882
51385
19501
35234
34758
4706
19948
12332
12727
44260
49946
29155
45541
51615
41907
3971
55417
59776
33481
12147
54235
36171
48454
9747
11768
16472
48674
33321
49557
21201
37739
43353
28552
41407
45308
20776
28216
53233
8012
29375
34030
15539
22172
42639
46711
58163
45513
20894
39809
7770
27243
48439
13587
28539
49117
41339
32838
25858
9845
49599
34743
11740
39715
10389
46652
41590
43926
48476
6373
57280
20799
32126
22417
52026
38530
53515
10172
32459
48595
59636
42254
17318
43168
24602
3001
19234
24415
32456
38308
8568
25799
55246
36423
11589
38472
40991
51698
18028
41911
25071
4831
42601
42252
52575
3719
28425
16579
36365
37644
5356
6973
45444
33657
34574
3048
46877
23297
42105
44082
37016
57620
29463
13388
33281
59066
58973
37636
55909
18269
50666
39433
51546
50475
49692
43986
21120
11016
5144
4027
8223
47395
30493
52976
22578
12028
58885
49578
49160
5281
33679
14287
21825
41510
8437
31143
44353
30139
21365
46131
27984
4403
19007
36126
45613
21978
23141
33169
12692
53811
53117
21685
10781
11055
51948
14525
5961
27458
26880
53771
59477
12758
54880
26909
32335
46589
57226
39829
3157
5590
8775
31346
56932
34271
40707
16262
20133
40910
47114
16419
5893
22058
51966
24076
48812
51124
20677
22344
39673
42544
51198
25983
48380
38227
3657
25315
31777
9661
51319
29344
4055
56823
52056
38867
53835
33090
10344
43667
5673
58501
38460
19373
23771
48881
57355
27972
33767
13680
13765
19919
22555
49348
27899
30817
40745
14778
22695
5055
35932
42209
30235
39347
48866
37377
33110
3555
45734
14509
27957
52720
42921
27763
16746
38114
56710
58952
58360
35126
45676
14336
12078
58300
