877
20005
16189
37673
9673
35669
27800
42161
29813
52519
49114
56613
32394
51503
15898
48161
33149
43705
44433
14034
12797
36521
22342
10433
50510
42814
32835
8367
28301
11532
15781
51729
26149
53268
40688
8527
22811
25761
22646
14124
36884
27168
52998
28736
56304
28921
59525
56165
54259
48784
56968
43840
40905
36029
13742
55060
9282
17943
27973
18413
4184
42665
49252
32468
45032
10970
33910
6388
5573
43462
39549
24093
29326
34287
8536
48723
15308
3947
54378
10618
47680
10037
25527
20410
35278
29151
26569
56206
8101
35162
24342
58590
21181
49480
48941
46097
19419
48399
33237
45030
5454
47277
46247
14604
7884
55955
5159
59354
16731
40570
41192
31341
48435
13540
23285
22709
30967
10976
8095
44243
55052
42938
57531
49875
54706
13448
45213
48321
52290
52950
25405
43515
14803
19211
58193
39626
12420
10877
31638
28151
28106
58376
26470
34834
34842
38125
28430
41635
32492
11028
6571
40831
15340
53825
23886
43569
7296
9935
22235
48960
12964
4614
28606
46222
48810
32978
29192
14834
20177
5227
32912
54281
50259
36829
55666
26693
54836
30546
50742
44296
58008
24560
21709
49876
25971
36426
46923
52687
19786
14445
8632
23792
19273
16388
10498
52916
16415
59127
5058
10304
54836
27880
40879
24158
43300
59141
25871
23727
39211
46694
22044
16028
52395
12064
27624
54117
25659
59221
53285
54482
57504
10190
48545
21107
40397
15650
30679
19010
14881
3751
56260
28371
56818
45292
49501
41385
39603
17576
39076
10007
48876
38107
26973
13556
29906
15383
5905
28524
3447
34945
6248
39689
31665
28809
53815
43766
3487
14111
43199
16591
54936
22983
14326
16729
7882
54469
36077
18459
21142
59479
23603
12316
48910
21021
43444
18120
13201
27161
29795
32051
12918
4990
33592
58026
56521
6783
21338
23466
10700
28537
4223
54795
51547
14598
17484
26771
27845
56252
45218
39654
15630
45616
6427
35391
52833
46922
41038
16341
50359
47794
59993
20635
37324
12881
26627
36505
35181
21408
5944
41435
14025
46821
36316
18094
17832
25842
39450
27031
37945
4069
42656
27238
55067
23344
9589
11339
44432
23938
4656
13071
17214
47163
36490
46385
19703
26005
54026
15270
58980
23949
11770
52871
43395
35141
10890
37403
3498
35421
37608
41993
55844
50140
46790
30530
8172
5865
42501
23813
58638
57458
57508
55455
59024
52330
32705
15337
44467
58183
57480
3153
37257
30165
19650
34575
29968
3945
30694
32386
31736
6815
39761
20973
8969
38346
26782
12518
20922
56147
24114
45627
34388
3188
50096
15151
50815
14045
24629
44248
56409
16921
38081
27471
28437
26571
46918
21482
36602
26600
25860
49884
52082
23622
7788
51482
17870
8221
33175
29609
58804
47352
45521
27082
44860
39511
25263
25927
49424
18870
46453
43002
58786
38984
20061
23248
26671
36171
13321
49903
44533
54213
49364
23777
57686
41012
10865
45792
12823
34147
3494
16975
14032
52755
20861
37872
26722
28634
36531
50535
13442
54225
13637
14932
39927
40136
23146
57680
13991
17129
18704
38446
15406
47206
31886
52386
20368
16874
21703
55324
46103
43351
29183
12567
9797
4292
14195
28673
53429
11489
50270
14179
17437
19557
38513
48934
53791
54646
43614
38367
20349
26749
22616
42184
3697
30761
16892
32932
9318
14459
23653
14008
44156
29524
13870
47332
16875
49541
42423
32621
50139
40563
21273
50109
53610
30936
4821
34681
42007
34553
3456
8781
31577
58507
15981
34259
47814
22453
22947
31731
45602
20828
19637
20570
3223
41066
7703
7636
24819
40063
9352
28238
6792
48810
38908
8473
19349
32662
25703
33773
10422
31232
47047
56904
48481
53524
19445
3683
54825
43122
29872
45059
33941
12186
28666
38734
56464
12596
32401
49457
30133
50714
19403
56113
18106
9500
19034
54559
5645
11847
8165
14762
3059
54998
51961
34205
58169
53085
42143
41534
32023
18560
3950
7988
29971
52391
42449
44021
34881
15800
35773
21078
37073
14340
56274
40691
43323
7479
35612
58617
25514
19005
49574
47926
43589
34396
23845
14447
27156
26621
17423
28445
3620
45337
58519
14310
38414
7851
47645
21472
37380
48498
32820
48671
33323
39046
28075
48872
53424
24037
3837
36810
43182
59456
27999
3433
16538
42919
18575
47412
58703
35311
7306
56141
13215
50692
33224
16213
51812
25604
4189
36594
31078
9037
59042
15265
21316
6273
43505
31526
52839
3649
52223
18327
11530
17033
38625
15553
48145
16990
26029
28290
18084
41950
39971
19835
23571
25615
40231
21678
46085
6794
3884
45651
49861
33707
19994
54364
28716
39204
3596
35746
26015
59776
53398
47535
31494
42525
51479
15381
12569
35723
25033
44109
43941
41848
35272
17979
12199
56707
9475
5006
18690
17500
26011
22038
54855
40067
39318
28484
11768
11082
14673
14128
35036
11903
23656
27416
30063
20442
55004
52958
30318
49564
25993
14033
14907
14447
16869
51098
54328
24746
20280
23340
7630
15705
32503
12499
55273
45729
15198
39651
14054
21765
43048
49674
9042
55871
44567
9474
40667
16335
46256
21622
15921
55137
9392
26860
5602
54359
3330
48018
32473
3903
41069
20921
13728
8583
46872
34032
42885
21409
43942
27074
50558
22234
42220
3128
45658
18881
57068
37954
47800
19952
22203
13248
51834
39351
3945
17394
53391
52925
24402
18439
6512
18789
55854
56604
5041
58494
48203
9941
42506
30036
45368
18984
5227
20142
56185
12275
52950
25379
40567
21395
49956
38620
37626
26551
20352
58357
30765
44956
27169
37947
7089
54303
7415
46034
8157
11991
37166
7780
38863
50967
9921
13963
35104
56292
37219
59014
