2037
51415
46184
55453
31274
56239
26132
40981
18917
11752
37593
8880
51237
59216
8597
51124
27914
29825
58427
4512
11770
13601
4667
32773
32287
19811
14356
11231
48375
3953
20412
45338
53917
35000
35997
58805
54460
5073
40288
41018
7374
54258
40796
52623
56468
19937
19718
9740
55168
24770
18497
42638
36443
51599
45009
38692
56572
42373
48229
15891
51058
33080
15227
17201
39258
25639
13230
16060
5864
46851
6011
8045
20238
16080
43279
53647
45814
21303
16154
32863
45381
48029
15152
27760
37225
51761
31632
32333
9490
32151
5874
42135
29439
3435
23213
57608
52874
18641
16496
24806
30061
31969
54620
49151
22414
18871
49701
37886
50687
13423
32127
14721
37843
38831
37131
43110
10042
57637
19122
9793
30627
55656
23083
40732
5182
58301
56553
8987
7457
16148
36213
12610
19955
40379
40463
54494
19056
7961
41609
36522
46241
10017
9307
47454
58170
24029
22983
19934
53295
29227
28398
52391
12458
42554
42380
17441
3013
4959
14481
49021
33435
30646
24313
47275
12106
59766
44702
33054
3329
18614
54687
34848
12883
10162
24770
53476
17287
28345
18214
46387
57843
33114
40620
40007
57573
28905
27699
3866
39681
19775
11001
21731
59459
49652
34204
56611
15964
3454
44810
16167
41547
37710
11785
33169
55584
16141
37596
27904
6326
39124
9280
49257
35335
52286
18935
35595
7393
38893
44130
51475
24926
55656
11654
22560
51943
22749
44807
10341
14826
51036
12181
16124
52883
22600
47575
18831
16268
13433
56849
46610
42130
37777
12173
53778
34025
31273
54074
16578
8967
7733
6724
25406
39762
4425
34832
59937
24018
28337
25068
58565
40601
17051
38159
39997
41498
34141
32152
39169
50084
29471
4201
23901
30703
16027
30045
32584
18267
47819
12168
20297
13382
12686
24598
3037
31908
41397
47001
41152
59008
3949
20152
57185
5819
31985
25388
21311
58639
17261
30680
6149
18142
13275
23551
38532
56363
19784
59373
29736
11011
5432
37486
28967
39606
16219
4557
15110
56981
8304
41276
6471
4756
6057
32247
36731
43074
29419
43199
58257
49766
21432
39661
54581
20631
15133
45303
31457
17510
52355
59675
18206
21449
21753
46398
16626
53631
9762
41507
19013
22083
4250
49373
52206
24416
27754
33526
29911
42482
29188
17664
58146
31933
4629
56108
24530
24741
13875
22607
19131
37733
34762
16439
57843
17209
33517
36559
40432
55997
27391
31372
21283
9765
15631
43020
9543
27274
53437
25109
4678
57469
36160
54643
46790
5342
42755
19277
37173
50172
42448
25130
4785
22255
7861
13623
58800
55233
29501
4610
58729
39675
15669
15838
12715
53080
19491
48958
25305
35176
39897
33943
40402
5266
20800
17895
24341
53339
48504
29836
51742
11615
57232
22748
21767
11832
33168
49945
42232
21561
8400
44334
51968
17095
42464
5893
18727
32142
35917
21647
43747
36924
20555
44537
24981
23821
3746
58385
11497
38492
59231
55565
3586
44723
11011
39921
17658
22391
12993
50639
24338
23702
51862
6051
33361
4786
19505
22827
53079
41700
25354
19911
12897
35979
35623
16865
3723
51803
20604
56744
7011
15791
13060
30377
38210
39702
46069
34489
26241
12316
25455
57482
38026
29599
34054
50836
25332
56128
56732
17756
5825
45369
53396
53288
8889
24172
41820
52137
27052
43654
53742
4194
55111
9312
18773
20000
55032
27571
33161
43531
58807
32496
4328
56165
47390
21898
52629
27059
3649
12438
33899
11865
38725
32203
4968
49787
17422
50714
11036
9274
20803
57981
15430
30698
35278
7341
39569
55602
11418
36441
44089
48693
9255
33652
4222
18596
30745
53403
16589
48550
5428
52233
52276
20632
59706
15018
50394
30622
22786
40317
27400
23413
44162
8214
32434
33065
31297
36146
58483
38028
30433
20435
16103
30613
54649
33436
29999
28350
7470
32880
30032
21312
20008
43998
8076
35203
48013
35300
32675
57345
27427
22641
23019
23013
12543
54780
43217
29581
25890
5244
10525
52441
46755
32621
58187
45340
8960
31635
44268
44290
53186
26248
49808
37654
7564
30358
55374
6239
24444
33512
23861
23790
26631
34833
3109
43929
42037
42428
16190
26594
57826
33767
51467
8977
49311
37677
8630
12006
58707
25639
31870
15480
29902
39500
44683
46982
32331
52088
41888
35613
19858
51507
11688
10807
58124
57341
47515
48634
41927
53505
49183
37803
13820
50689
18789
24705
23934
28790
16046
41007
31012
50110
21008
22636
29149
19467
27712
27492
45933
17834
25526
53875
38253
17811
50755
59284
4141
16387
42741
27661
52825
8894
16034
27187
53091
19351
52996
24996
49512
20997
21783
51193
32994
17518
48748
37518
18722
29684
36685
11575
43086
24621
29044
44055
39932
16598
10964
53737
55513
41224
50216
32852
6985
14279
45627
51684
42959
18364
41732
28150
29295
9506
48143
23701
40714
5638
43423
7720
39589
33485
15182
21990
44651
34795
30577
4089
20853
59094
43897
48984
22087
37458
10089
27107
54960
37769
44492
57568
41454
44802
14054
53404
41755
26473
52538
19433
50426
34793
40431
48312
48136
15363
53684
31133
20609
56602
7388
20674
45880
38647
22694
23541
26185
55028
16396
18424
17272
18171
8245
7911
27058
41443
31036
53093
34813
57469
6331
26076
39101
40695
11687
44959
55085
35863
58533
34853
13791
48831
20407
14346
51377
12135
37222
35216
13208
3310
27719
37386
50512
3543
28842
22334
36238
28713
53005
55746
49006
34920
14218
10799
47463
42450
52149
21487
37856
56241
9654
36962
45478
50623
34997
41676
51018
24571
41063
11434
25218
21408
4729
13320
55017
32304
43077
16006
22226
8754
21581
11892
43745
42690
58020
6714
57026
40213
55503
20085
19083
46057
50788
39648
35084
14856
15242
32845
30078
22396
48038
35961
25729
42652
7550
38964
16209
35752
19147
23087
49724
33997
50604
17454
3732
39626
8857
13138
59614
35860
49520
29258
3583
36672
7464
52300
30613
29670
35493
49544
46986
37295
28240
46424
49999
50060
36253
26506
52483
14579
46935
44439
10218
49879
38239
42554
19754
47712
56991
56401
24784
19790
46329
18714
37897
14271
26236
33607
46625
23562
56698
55512
13028
22228
25746
51105
40681
32723
42876
31053
42864
45151
55153
37044
40573
46402
38709
41937
24485
18294
24682
58383
48980
14774
50605
56193
32271
46085
31699
31266
50052
36886
28445
22454
32918
45465
17955
7911
57188
59388
45152
46318
23138
34160
52599
29648
33648
14339
50241
24035
54762
46062
12265
29050
50142
54701
36093
24987
20382
14554
52611
22038
24994
52388
38376
39733
48439
56252
14575
12833
14687
56525
41552
20072
10524
53239
26863
56833
9120
11185
39151
56542
8748
9091
57634
4271
50597
32628
48677
56773
52811
31779
35804
31134
38375
26310
22747
30296
52436
27026
30863
43612
17346
4967
54174
23118
47111
3735
15371
51068
8265
39384
33792
16089
10629
24050
12866
45374
40784
33178
6927
52832
55383
40840
7989
44229
20416
30895
40333
43929
55533
31874
6034
23244
14889
11709
19469
56847
42994
9675
10237
20761
50479
52593
19220
13171
45918
48742
39009
50309
11063
53642
44388
23667
11802
51226
18644
15625
45155
59528
29032
13175
16809
42614
7401
6635
9452
31530
59248
34852
50871
20636
3158
19434
51034
15635
38189
36714
49862
22540
42001
19248
49736
38570
33838
43304
50626
20077
20205
32249
59037
57426
40468
12904
49049
9978
31995
36477
41425
20775
25110
7805
50234
31849
49588
50702
18779
6496
19601
43266
7997
4613
41647
32708
16823
6949
11996
8583
4606
30835
19441
15316
21796
36882
11030
18002
40089
38133
46805
27263
21359
51252
31352
4269
10859
7236
13456
54886
29266
11656
47839
51680
11602
14667
17781
57043
45582
12785
51446
50679
35210
44489
45328
42519
30781
38106
47228
21420
39374
53845
59025
6382
11057
16575
14605
25192
32537
40493
32443
29188
31579
3894
53716
33082
43922
30268
9066
9804
51474
56141
57708
44914
41705
34626
47025
22335
10565
36218
24492
57451
4273
59133
57609
18552
39789
51082
23310
39781
36352
12265
54309
56882
59208
41859
6956
43459
58918
26920
23202
26301
7424
52662
59328
46558
27154
35255
33979
59523
13556
57568
17707
49130
12301
5150
53255
22020
20293
16079
30994
33882
54534
34399
19230
29378
22690
50375
25360
42159
36667
21982
54760
29868
56762
13829
42872
19005
49555
49701
34211
23986
31094
20934
40638
36166
7933
29727
33744
44622
34361
3297
10629
29187
55410
51309
17477
23464
17415
6615
31052
15542
4820
46832
19667
40102
40794
56517
45717
20574
26781
12244
52483
13540
45117
36505
16262
48902
37461
16486
14152
6875
17966
52595
55055
55461
10160
30768
8184
53412
4138
5650
49463
5069
48640
48185
54667
27062
54932
14253
43244
58463
58382
59489
23100
4660
33109
6050
18946
5084
54572
43564
35056
49307
26161
19537
15697
47056
36045
7180
39608
12821
32658
9889
53844
28931
41248
21262
26756
29774
19075
21101
16726
35557
29199
50302
8824
32370
49044
29677
48184
26669
3314
54291
52012
29228
58190
44509
3142
35918
47991
19073
21516
37400
3464
24141
53390
11182
32707
20373
52212
48434
47903
5195
55112
53169
42067
10702
47289
11864
35032
35666
22001
8837
33434
32889
56467
52036
3732
27844
59216
53211
12969
52492
17852
16986
3288
28416
35768
43237
52676
21829
15898
27813
50974
45836
40801
14644
59166
3362
49445
9398
55491
43765
36940
37614
42623
55289
9262
51449
44440
47222
35927
26751
59108
52998
25045
55962
6948
5986
24135
25480
4158
50809
16980
27060
24917
4256
19949
32426
27060
54271
41303
49815
13391
51319
7267
30356
3810
39517
17593
34586
12553
11951
18543
52736
19357
50974
56034
47390
57833
29397
36872
17187
47063
15624
46340
44488
26077
13475
32506
23596
16532
34414
49863
29829
33206
38768
56202
27691
38146
9853
11681
46653
27315
35114
13193
48365
45216
20509
47366
8978
51823
42402
34481
58804
58000
53827
32517
7981
7532
52856
22284
51247
26817
37220
40975
25374
42617
17324
29906
39739
55388
28932
30796
31065
50108
14808
40376
24422
15622
16098
32955
49396
9336
5509
59793
59604
29023
36683
26836
41145
53040
44120
39444
6609
36290
21139
14376
7096
32524
43760
35910
32436
36585
10951
32338
45293
40816
48711
48065
34984
57958
7768
56322
29204
25549
51968
3450
11808
13579
12259
39343
9835
41388
39845
33631
17522
57640
57347
36105
50332
44802
16034
48282
21382
43563
43020
36100
23901
42193
13034
22317
44216
28894
16657
8875
23743
15628
23560
4464
53171
56937
39936
55891
25434
53658
45840
8660
37870
3087
45693
49932
35316
26632
22744
41807
9360
59903
50176
55527
25835
40725
34548
31572
38934
20720
13216
52226
25848
33988
27754
29611
6267
3675
55034
58330
36586
58764
45975
24446
56006
10653
56859
7020
54992
9840
52795
37001
41778
49384
56465
31232
59911
57435
39727
18100
18630
3145
50737
58483
37951
41936
7786
48209
24408
23748
40265
40491
12800
45809
10963
46270
53007
57419
48774
19891
4023
39049
41871
51939
22156
27836
38277
43170
48615
27191
4295
54813
23638
41637
9160
58441
45719
5818
30968
29373
56455
43516
42888
50534
14010
58801
47734
46532
45629
45689
8110
6295
59717
33744
12662
57596
35073
13803
7085
54092
13232
26224
19163
56119
7013
3600
10122
49166
21007
21710
45483
57587
50072
41140
46409
4862
20700
57752
11434
8208
29789
53272
20394
3565
32777
30086
56107
31179
29744
50989
20843
6534
6827
59947
46131
35626
52486
53193
49354
19878
32083
52785
48050
16977
45919
37255
58465
52527
49176
43196
12126
29451
22272
18576
18559
12762
21384
38005
9365
4559
13088
9887
53099
31792
51316
51123
19397
43120
46838
17867
17398
47504
12338
47189
52977
30724
15389
57863
45241
45969
29882
13680
5107
35346
10603
28768
49962
39180
4271
10380
21788
13095
11084
49620
50231
55961
43096
29464
55910
12881
40718
9266
49539
31546
35063
36831
56963
48525
32875
39811
5648
18521
20936
15652
35347
40264
15266
42152
26740
48745
44806
14941
13167
57337
32700
12678
37465
16075
7988
59791
11942
4236
47341
57157
16357
12865
24646
33338
41866
8802
27089
3715
24879
12681
53030
7672
25121
34824
3499
12168
40972
11096
16711
39230
36453
43482
6664
41909
9069
28614
42268
14486
41121
33619
10674
57963
39062
15664
6252
15566
56482
53471
29732
33327
13696
55451
51312
32988
20895
7171
8026
42570
51362
53054
36112
58605
11345
23949
5886
19444
4809
53098
5441
40190
39580
54224
53359
29690
42120
24839
12044
25797
55872
35441
3400
42094
53437
33023
39730
47868
26187
9770
28704
28418
59105
58569
7732
58316
12569
37152
6709
56327
45143
28361
14212
15341
16255
46506
44427
38020
26221
48524
25794
22131
28084
12768
38057
5336
15867
42862
37174
42913
30986
38315
37695
43455
17359
49997
26408
3068
45248
23954
8947
54002
16693
4226
20679
30795
10363
33724
17111
23152
40672
21535
51854
54439
10279
59563
56263
4360
48281
43613
42032
18858
59502
45408
45644
41558
6502
12962
