412
51184
18248
47833
23756
23788
14059
45458
39523
50004
14781
12635
25503
4133
5547
45635
15919
29504
49062
7804
30934
6679
21575
27380
3221
28694
27261
33682
59286
32934
54685
10010
38683
21763
7655
40661
37555
5867
20645
27690
9612
38240
18251
34173
44775
31760
53016
35305
45380
24250
4599
4267
41695
30041
44207
14669
53040
21722
21114
36647
50853
46121
42216
6971
38671
47494
11697
11275
9320
17467
32869
59867
6571
39029
48074
40536
44967
57494
57651
3680
27120
35713
54801
7549
54973
56520
4723
26955
55748
10102
59141
30776
21727
22645
54501
39460
38245
38943
57920
53002
41886
53544
22122
51008
38716
37673
17381
7741
5561
48717
5066
52805
34473
35358
35779
49046
40550
49494
54490
43210
13502
19813
27977
10486
28318
55975
20104
34039
34864
16679
59011
12878
23965
13416
11787
7819
7869
31467
4485
38431
29752
58007
38328
40907
33654
50156
21875
32585
11211
8293
42333
54886
35881
45007
43438
14184
45257
29391
19920
4391
12828
4205
44253
48201
35069
48153
34725
45369
42484
36013
46226
26757
11065
46443
48239
19057
26592
29143
17172
10128
34329
16069
5161
52177
16450
21108
5430
40651
30885
39069
47925
39687
18451
46884
27562
49506
3912
48529
12804
38831
38677
16228
38703
26349
13527
42465
6051
50700
30880
29399
20287
53348
27448
3386
14966
52479
21890
46282
45394
21366
17481
59620
15331
17412
15378
47779
50027
56747
13243
45821
58263
39497
10977
46327
44898
5106
38276
47783
19024
33192
57813
53349
19084
22028
55950
23930
16083
53368
28042
56043
10311
18034
43629
20117
14451
19607
22020
20935
52210
16596
58396
4492
32425
59691
24829
33310
17471
50689
31098
12307
38786
41806
6986
11921
54591
29905
10522
32245
58247
43426
43415
27817
15573
47770
49577
36294
21826
13696
26753
47313
47320
15415
17417
46998
40657
46872
51032
31486
10676
10425
35566
9679
28540
59014
10428
11810
27855
17559
24251
38542
24035
24276
16353
57871
24194
52062
9893
14528
41529
32278
20250
6027
47387
39366
30071
43235
51218
50680
38846
31712
12400
7105
16519
38041
16554
26639
41532
3028
16092
55554
14160
23309
11330
38628
47320
45193
46965
36621
42470
21858
19391
17171
6442
23390
36963
43709
59196
54808
38445
46875
36741
27717
31115
39317
38457
50482
59642
22613
24989
27951
35512
43213
36247
34541
51822
21447
59495
16824
48706
57175
19285
14024
12811
14033
12256
38446
5357
56690
53268
45586
24372
21419
13007
19454
4447
5846
47586
46502
51225
42212
25351
21935
26048
35051
25543
52335
50056
3349
42149
36363
7344
43658
37096
