1578
4353
56826
27961
7542
57449
40938
21804
29408
31739
36597
49925
30817
57572
13258
40555
34916
9880
11980
20976
19879
59027
7531
39013
43450
3764
49691
14307
21289
3713
45733
5800
24924
24350
43844
17674
30322
10176
9711
9681
18515
31753
57653
57388
4993
29344
20399
9120
41438
52497
13765
58794
11510
17849
53158
18538
38788
42356
37576
56623
35406
58728
24790
40985
9379
52667
28203
58987
4346
31668
49751
18609
9129
53380
23339
39659
25005
45171
51437
12114
27122
16047
50054
46854
43239
56926
33717
32804
59044
46494
18836
52195
29731
57198
6597
37398
6711
14505
18780
45699
56054
9481
43615
33424
41249
56216
54818
16611
44866
54036
16706
40439
42830
47321
22519
39754
25383
50216
17561
47854
3224
27630
20739
16884
18804
59019
55947
47184
42480
11080
3062
23068
35367
35014
7444
11628
52575
32779
47987
5405
51860
49286
31351
59174
15540
21063
26505
14135
6714
26741
43525
46222
19306
27078
49077
34405
17952
42651
27340
12589
28958
44663
18558
6412
52602
59227
19278
31332
39370
30801
56551
24502
9859
11389
52495
26129
32167
54209
52568
45108
14908
50992
34173
10758
7328
9260
38955
12240
6924
5504
52333
34636
27214
24506
42523
57927
15987
14483
53821
19438
32052
20520
3280
10744
26610
55783
40183
5019
41075
15728
56659
57017
47847
49166
48875
35777
55334
24227
27151
8382
15499
37920
16443
8680
30610
40674
32697
32990
11165
15179
42100
38903
58206
37169
36843
54519
57325
52641
29803
37198
48199
6625
18611
28030
21412
56007
14435
24405
9649
9792
45881
23378
24254
34126
52970
43912
10722
17286
33895
21277
4148
44033
41420
31367
24515
40319
32597
9717
47148
6204
58403
23051
49607
44450
23863
3748
31801
31753
29249
17841
19004
53054
32604
22501
56465
42904
10175
48488
45373
36875
26685
10755
14376
40205
31469
12029
7502
24819
59257
40182
7952
40317
28650
3636
47950
20055
18982
50466
53287
20214
56884
16376
20873
49611
36960
53777
45280
56239
21690
5197
38155
24347
30300
38737
21701
32444
35822
8478
53110
4289
19273
13061
38839
38828
6610
5778
56065
23430
17922
21536
33148
33628
42104
31345
20364
34461
54282
51170
14207
31924
48165
19262
34411
29629
59498
19584
48373
36108
13247
43456
35174
17953
27610
5300
56616
58921
26743
20934
6445
8481
35088
19846
19045
52006
37011
56744
54452
5367
14387
13932
33872
3319
52676
32544
36719
58164
35751
4613
26162
17804
17612
8191
46168
35830
46660
28909
38338
55359
56244
43651
17896
29567
31513
55545
48725
59044
51925
25867
40730
10607
55664
26602
29534
34113
27180
9494
32408
14478
20572
14789
5497
55902
11994
10752
11498
14657
30090
22727
59051
59337
17213
31957
11665
46212
16343
30658
25410
12822
11766
47193
37551
30312
46306
10733
42787
36371
42205
27778
27400
55346
55828
38613
28146
10719
20651
3285
13158
49828
3380
23693
34296
4406
48230
41079
28510
49676
24686
13784
43637
4958
3332
17691
25483
48154
54803
21956
5864
22523
19615
10010
27806
17791
15409
35245
43246
38617
3072
3384
16206
3114
46540
17343
44531
46425
20048
40135
32857
14474
15710
21115
30612
55060
19448
48240
17317
53030
23895
13039
38742
47947
25348
22536
32437
15222
16261
10871
22529
49615
6503
44502
30037
49125
57427
52995
13637
25347
38051
12062
50751
23309
24389
40488
33854
6623
51582
17219
52371
15968
19529
41737
37853
18533
13905
14272
42417
26270
41702
9356
13542
29176
21482
22771
59425
55828
8174
52436
55393
26896
37233
23869
50516
39850
19896
28666
57221
28036
17704
9997
36613
39162
19033
12467
24169
57978
30355
47154
12163
5647
51525
19412
26057
7313
36235
51503
25981
20549
49075
57315
58630
14128
46128
4857
18139
6248
12384
48985
27463
5104
48874
58841
45245
15306
40111
32287
28038
59127
10211
3598
5146
18219
22390
45715
10295
24500
38678
48089
29163
49867
14975
39801
23616
43785
19532
20499
19726
25948
18454
10504
18339
41573
36723
13634
51943
53449
43766
59288
52637
27407
3218
34566
50707
15052
19322
29022
45693
12888
3220
41384
37154
53182
32728
56567
11717
22634
31858
3842
32204
20293
19177
5536
10472
41121
53035
32859
45151
57246
34387
26060
22463
28309
44579
48443
15257
13999
51635
28865
44575
20850
51260
5508
14761
7963
48502
57760
32819
54140
52004
51492
47900
45443
44643
12824
38295
6014
46634
6067
39774
22854
59084
56580
52181
27100
29104
51080
59775
8210
46947
46200
15960
52581
44318
30282
45222
52490
59442
10774
50096
57794
14358
23800
24647
30576
44789
25062
11896
30075
19996
8823
26859
48120
57973
9795
46568
14468
34753
53944
47450
58235
30253
5649
18976
31427
46132
52747
10281
29758
4345
27240
35238
50503
9639
8263
28712
58350
55697
37266
15862
25259
46758
17953
40919
21645
45069
56630
43165
13507
13192
29564
29157
9598
13832
45657
42027
35278
21567
23596
45142
32210
15240
28646
8138
52680
59527
32390
59116
57420
31022
54805
8150
23590
36333
19043
55620
28561
54313
55577
40577
54652
32173
19920
35178
49743
3677
56619
26494
6889
37912
18183
16307
46620
7344
42271
5824
34065
15293
10071
10033
33735
34246
50389
33596
37771
12198
58986
4719
56363
30557
6085
19227
13437
11558
36871
37032
37728
54086
29530
6586
55537
25729
58799
21141
10331
12430
31580
51172
26892
12459
4255
46739
48035
46997
15946
57241
47292
29662
59244
35325
3603
43551
21618
56614
56272
53655
32487
29720
6391
56069
23862
30557
31195
53294
27662
13191
28452
16844
15944
37285
19887
48245
51083
51905
51467
21143
37664
17810
49559
56233
31414
30246
15318
51118
56337
26594
33279
57896
37342
28132
44419
4196
12203
17720
27245
4000
4476
13347
54731
38353
59933
28218
11850
57802
8574
17814
42902
24822
24834
9353
27272
59304
51693
8896
48505
18771
38044
21320
48938
38618
12234
18456
16944
42741
40323
56582
52123
38009
51583
12258
18915
22065
16648
52138
33602
54908
47399
59250
8427
53653
36587
8424
47518
49654
38789
23411
29919
12330
23957
42616
57194
20417
18522
31303
44149
8455
32293
36796
21007
6091
33575
25357
22367
59553
47550
52797
46970
59343
25898
39860
28458
6526
57855
44687
31105
52997
3099
21937
58490
34621
20527
13479
16985
39887
51325
6736
4288
9850
25292
13076
12360
17456
32066
22353
31631
5228
22113
27671
50608
5281
38772
52027
47158
14093
6496
42802
25460
22298
39469
43183
14045
27255
44401
16212
51760
11506
57438
34963
33532
43235
10190
20195
20543
21618
37145
53045
44038
41270
7562
32153
43933
49282
54007
42948
27869
9381
36616
38931
55284
26497
27658
44724
13771
8771
58401
45480
32452
5693
45169
29537
32772
25356
52434
32842
25479
48398
47993
49271
13385
18958
21227
53869
47791
6084
24763
49450
12114
12345
55352
8670
49041
5406
7016
51177
11607
23896
58126
10241
27259
36965
44354
58971
46471
56923
57001
24828
7288
58380
55308
50119
40016
35606
49469
30768
57597
13957
55084
7346
3342
39611
19226
17328
14304
30753
29406
25386
24534
14687
59538
28443
55181
25674
45112
19986
17752
20331
36221
25659
15733
46352
20003
14180
58228
42637
37283
53869
42602
17001
11173
54283
52492
54448
44992
51373
55924
42818
32261
14685
40620
48508
59436
35900
26091
43399
5648
17030
39126
21618
12576
29567
14263
17063
5257
21881
4291
32610
18518
51825
7360
24796
6490
54798
54276
22005
21866
31716
38117
39355
19322
31108
37902
23021
57818
53283
9903
54667
9566
3258
38047
7474
39306
48661
11932
32967
7541
59694
6710
40973
35970
53666
18205
6253
41190
23805
28062
46731
58789
36138
26823
56003
17980
27788
17481
20050
11848
15542
38349
46910
56948
51367
22130
31361
32491
27959
12763
4817
11196
46697
42489
37535
26301
47344
29317
14367
15318
49321
4989
16996
10937
9238
3892
20405
25188
16491
38592
18329
16576
44377
5961
57985
35895
16545
8322
44086
44493
36363
6453
52748
21517
5991
35550
55566
34189
22781
44872
52788
42811
12578
47109
42452
39363
32510
52313
11322
39501
53580
55179
6614
58965
16430
59047
22264
47492
56208
4647
29723
24842
38884
15987
37329
30801
38689
37098
43291
52891
17431
38739
48222
40452
30377
5834
4444
38611
24332
47329
9309
15365
30712
53495
45830
48167
44189
15128
28803
16389
15325
17284
46164
3046
30384
23095
54643
26123
4206
44816
52321
32670
54312
35356
31773
27782
21233
6058
23988
25001
5753
10534
40228
53961
22576
9778
41420
16569
24305
18788
47397
43308
58774
11678
8848
57971
55746
48040
9980
9556
11366
47441
6898
20500
19198
6798
16225
25058
34415
50178
32235
53113
29364
31634
54724
25969
10815
55371
21556
21316
24618
21446
59723
27069
32436
5327
17117
11816
58328
58735
31539
7525
54404
49226
34300
46774
29954
37781
47495
24890
26500
18398
13913
26911
29762
30332
54214
37801
39228
41138
51786
49563
23446
20649
24640
17220
3564
53120
49198
38006
6498
25583
28312
43979
58860
54835
38671
48060
54226
11880
43920
9843
17302
27609
39381
51631
45841
22203
44201
42311
25668
54690
47880
16516
47865
17481
20904
15890
11061
28857
8185
53999
29288
26723
38883
24399
12433
6511
15034
17507
7603
39197
22457
47077
19531
14976
26502
51696
41189
47579
25873
40086
7233
57188
35449
43617
53486
3106
11717
5909
32016
59454
31605
33460
4929
43183
8520
7129
19192
45233
19944
46861
20623
53846
11495
21258
21751
25688
16632
36649
12414
49152
11027
23723
31771
21763
4294
50023
30818
39610
35207
22366
45927
44372
47629
58894
12083
54279
34131
23089
55475
12520
6816
47961
21386
3906
11757
19529
54592
51261
44912
41946
27951
16472
58285
54760
11118
59585
41986
6988
49134
37284
12126
11177
25942
11165
20640
50716
45408
53511
32099
5214
10828
53555
22855
9400
30709
20833
35927
27545
58778
10891
8028
43401
33752
53475
30280
16104
6217
33621
26016
28714
18777
44787
41807
8291
6372
45663
50634
34404
45736
15989
46408
29297
12839
34868
17479
