1456
50563
5989
15464
33579
46828
17750
50789
35878
14986
31018
10361
14325
31002
33040
31218
47877
50850
20206
8388
51631
41616
8866
45822
47540
36636
44308
20632
15549
40533
53840
31304
54209
17565
59236
50332
47321
59248
32439
10060
7169
34727
51562
3964
40526
3374
27210
29165
37787
55235
29604
14309
56911
26063
57876
50372
8787
32310
47173
42162
9483
3469
51502
58837
53188
40546
52464
40774
26310
47512
8510
37712
15392
20561
24315
42075
18972
20310
5179
15482
32470
43763
29257
20885
14794
40934
18802
6400
14424
28642
4713
4500
26562
53756
23186
43238
54229
58090
9137
19081
15303
57054
25626
40032
51369
50157
58178
29469
54185
41668
45791
9696
34005
3091
15556
45458
27005
55402
41172
34876
58262
4436
44003
32089
25702
17186
50692
22428
13546
11500
3615
43176
18493
33059
47134
39472
10799
27813
50616
16439
15197
45337
45844
41310
29562
49692
20452
13679
23075
23191
27367
21954
4727
36954
25581
4965
47233
15012
27397
43247
20011
47659
19848
54233
48589
39558
10572
25125
53769
15589
16222
53754
51208
23428
41412
19947
51270
49024
18746
44714
11486
32612
47321
52725
23198
53099
42162
30846
59013
43720
52397
21109
51894
29476
33384
29291
32239
39424
33164
44266
47773
42699
9245
38911
37777
25636
58356
57028
4854
15712
37337
24886
59079
20109
52423
34028
17595
20749
48404
42446
19946
51754
57154
41497
18320
4123
10886
14890
7405
49820
15912
30605
32962
34062
28039
28791
24213
26892
26357
3944
43795
58473
34813
20706
42174
39210
6235
22077
32010
35402
13215
57764
58591
10658
14205
5922
31552
36309
24823
5952
38529
5079
46985
57175
45497
47621
18502
55648
23645
53262
40783
34765
46934
3005
51268
34766
13053
13664
21575
40661
38413
53546
5078
48031
38145
9195
41821
18125
42171
17867
53142
54268
33051
3659
6501
24095
7204
22974
13120
18538
23157
17559
39878
32152
16178
37310
59201
51909
33888
45871
13362
59436
38164
18016
23926
37289
27592
3851
6532
38619
19319
52963
22173
41929
38513
36117
26078
56596
41871
44243
43696
53121
22360
21585
40252
13880
56305
29213
41648
42049
9366
22830
23867
34989
57807
24212
12945
59585
56445
59094
14812
57801
6217
37875
59037
50140
41007
12010
45387
26373
53016
44090
43134
44494
39760
30763
8808
23960
45315
54212
58559
54330
27299
23147
19054
3910
34081
8903
37724
23126
56610
3225
37998
58096
38151
56500
3818
53731
56290
8301
30803
51721
5446
52464
9327
48715
21102
14084
23481
9499
15441
33049
35945
22376
24089
11516
28822
43125
55309
16469
39608
8069
21301
6507
51046
41173
48935
57736
20003
55993
42334
15841
17490
34668
4745
40074
11458
32095
12010
56307
38027
10944
36539
43591
36369
16201
59279
47639
31631
57736
19841
23428
15646
11703
49383
4697
46036
29674
53815
57563
48023
9053
25875
57045
24756
36276
18167
3365
58489
37543
57493
5479
42898
43918
36356
12831
42648
15362
49291
44836
42392
26150
36957
50661
35695
9870
9223
18202
51224
5008
31211
39279
27532
56194
49756
5095
13457
10634
27637
26775
23161
37069
45067
11954
57655
43063
9891
32622
19901
45243
10583
15321
55622
59613
27853
3970
35936
52379
38805
36894
6875
37417
50997
24303
10311
27578
39470
25344
34950
39612
53293
25690
42044
51887
30842
53410
46528
12513
12854
43950
8951
42042
31029
14984
26899
8865
8953
38288
6109
40151
24306
56251
3881
13919
40671
23720
41110
26180
59652
53711
33094
39548
34810
21416
56161
26808
19194
20215
56713
57439
5543
15640
51679
26207
39544
36694
21113
42292
18867
10333
9281
13390
18278
48735
17598
57119
22647
29570
25123
28911
43856
25288
25438
38940
24073
45593
5779
36506
42233
51127
45192
29962
14099
39352
47050
4280
32661
55000
6404
6875
4204
23814
13695
41909
32675
50273
5243
59027
52926
15011
29168
6094
45273
51636
24741
35907
36481
46976
7487
21261
12833
45645
22230
53106
30338
56029
33801
29744
46794
12146
47189
28990
5573
37223
13536
5178
38740
42380
8764
26180
54197
8287
15621
26260
52782
20098
6018
36368
6882
29900
13994
40985
39084
35611
36413
9094
37517
15677
10240
49117
10124
18738
52346
4538
13758
8493
52941
24287
47582
10813
7889
18937
6979
18987
52322
12447
19812
16929
3950
26484
24202
49698
25294
50286
18253
58020
20150
56610
35618
53331
24473
5450
12805
33200
35058
41301
25972
49111
31943
35434
17283
5218
42245
42537
12282
34509
36753
40488
20324
41032
45936
45141
16122
35563
27805
38930
36408
58522
21896
8814
51387
52884
34009
5651
33699
12159
35279
20108
45095
53729
10594
50192
51731
12950
44076
35477
18872
11298
7623
25243
11494
16022
31658
37727
42721
7847
24927
27513
52380
4900
11749
28242
9032
49828
55365
23639
19616
21975
59230
3052
6784
30680
27675
32707
17347
19078
18977
34793
16054
32016
42423
54920
49780
15117
13717
6552
55492
17456
10537
56896
53777
58553
35078
59485
41672
30788
56346
41187
40718
23610
28810
58526
7970
57150
3550
14288
41891
40046
18759
10287
39721
52900
16499
45735
22212
46627
3507
20055
20503
50577
26679
7093
12821
53272
6934
48381
58749
8021
25220
58377
57558
12437
25272
58271
17511
9104
10520
4762
31368
57722
6504
24369
40880
52281
11017
49182
58350
44943
49986
31153
53956
36370
58673
46112
23737
12747
59005
45780
52477
49234
58271
53434
8861
21587
35781
53007
17618
21202
10581
4055
22179
43513
37501
14769
53647
21599
45439
37304
17288
17410
24386
44065
5155
3383
47726
54031
26684
52702
50029
57708
57579
11838
46978
59576
55065
7943
13834
59423
43581
58020
56251
16569
36427
33523
20808
48536
17539
58740
11335
29205
50491
18746
57667
26392
36959
34407
23222
18617
51641
56593
43267
35412
15832
15244
42954
6250
12275
44128
4969
47598
53637
34896
17321
51821
15046
49426
4031
35964
57302
54449
54882
54671
13474
50505
53745
30899
29809
21327
4340
34109
6492
53444
59347
12038
6629
20189
30266
39902
52185
7483
41642
19020
55425
34157
13785
46597
23250
19494
40717
11324
17308
37281
15982
26157
24456
16094
50967
56272
43295
42196
49271
27363
37099
24484
16490
45299
17686
47436
14295
26943
21061
12548
18680
33814
48032
5896
32291
57858
27494
47338
27743
51837
43610
8613
36595
51056
7053
16867
21939
59314
28559
52529
43336
32701
5111
21872
38685
46068
6564
20948
33546
56895
30779
57231
11898
15184
33092
17456
8535
41472
10893
11496
31622
20477
45319
27250
24733
47908
22048
32867
34792
8319
45743
7683
41814
48435
30543
56071
20882
26255
49634
50192
32658
11204
8626
30417
24020
35967
31485
34238
55785
26818
45877
55410
49199
58725
6176
15098
5503
49611
34627
40172
19886
50527
31639
48840
32603
14829
13089
5535
57717
49880
8325
53835
32293
4232
13911
30007
35166
44964
42120
17563
11163
45155
10226
5761
3700
37045
32354
25797
11989
6672
38121
40889
27684
46551
9136
14182
36026
27108
48621
49194
59747
36300
44662
23519
30334
11561
52711
40119
40567
17281
27188
31806
33132
34540
8923
4922
49848
33239
17991
26690
4751
18456
12624
55261
58425
34273
42306
59181
42807
27102
7192
40882
5863
30356
37457
7007
36302
7725
16830
57513
38207
52853
59245
49280
9828
36718
17692
14202
17399
15957
34464
43161
3257
3362
39004
21632
39523
50657
28155
57270
55177
23341
4387
34965
53840
41959
31954
51610
16623
56691
23928
23502
4402
20708
19217
34418
20768
35713
37065
24558
26834
39723
48745
11445
18381
35429
19446
54890
26633
9644
48934
36840
27873
26113
27691
31859
46764
11228
40228
8902
29355
10065
55133
30767
59493
52726
5917
57311
17045
42625
15443
42079
25036
56592
47917
32963
15655
39218
49350
43097
41051
58775
32365
55244
48533
18749
18139
35176
20484
40371
7988
32127
27715
53933
49140
48532
16588
28847
28032
28292
57428
3615
30519
14027
19934
3531
23053
51102
7075
8734
48785
8435
35625
5581
4263
19587
36482
47315
40343
28766
54239
46681
14758
54560
11335
13779
19260
41361
43829
24277
59637
30382
26025
32049
10381
30502
26274
57687
36808
33288
21371
7517
4054
35991
19876
15508
12736
38589
32685
48948
25048
42189
8205
24558
48230
38109
24025
48580
58344
17110
45475
33072
19453
4305
5343
14720
16292
15772
57737
35352
21391
18891
19590
12476
45948
29507
26308
53882
16505
30431
42285
51924
25740
50667
28244
17223
51705
58456
21318
49756
40309
16502
28920
21124
19212
31003
37312
34362
6530
21484
14324
36875
52481
20892
56060
30127
14695
53195
16884
23321
19825
41752
19388
28393
50668
19207
35292
24998
40219
58210
33991
48397
21063
42322
7071
41107
23565
18582
17561
3038
14947
29782
11956
8969
55903
53922
22292
19492
23936
40127
55671
31341
4385
36972
15136
33004
17741
5119
47541
35404
27015
54732
24292
28325
34322
42685
50245
47853
54849
11263
49900
35434
55878
45955
20416
48981
12112
39170
37064
9485
22945
51075
6162
10194
58946
6867
43833
25363
7030
48127
26195
21766
8356
51030
44410
20702
4992
54286
34857
59044
28388
7246
41365
57935
41535
57085
21663
9942
57832
8672
41367
3704
6447
22210
56723
21774
40496
18188
41101
24646
43345
43870
21179
25558
31569
