522
29158
29454
3887
3113
49013
37891
6251
59915
27614
35000
58263
41240
9674
43963
57601
36220
21095
4771
18489
19067
3548
30436
47692
49845
15965
33316
7557
51627
8798
29714
15907
53585
11045
14010
15418
56760
23166
24485
27705
50604
8138
51768
48819
33709
13932
50700
3951
5882
6517
52339
6229
28111
46844
56140
57668
46110
5091
44153
58845
19432
40026
53125
43048
31379
15567
19257
55703
15922
43323
41726
17603
49750
6706
59522
21252
18783
27842
36015
37814
56399
54873
18975
15403
52471
49996
46364
57934
31065
31055
32918
4556
48156
40397
19872
22241
43316
29618
32541
53646
29942
49492
3708
31766
6768
18416
57071
43725
13507
32435
23321
4914
55524
28525
49267
33625
53193
26602
30588
56503
22998
42890
17957
9497
13932
57051
18449
20731
18479
54387
58069
47192
4282
6437
13962
3663
26928
39060
12562
12388
20562
29208
20134
37582
20403
10325
30443
15277
11194
55536
21739
28958
57840
6425
42041
46505
48910
32225
32502
34997
12915
44693
25584
55050
54121
19427
30408
4409
27633
17280
33167
22726
28530
56866
42143
56961
47481
19716
54807
29324
25524
13592
46148
42656
51810
41611
24020
54397
36581
3613
9947
57187
10918
10893
14979
44308
14196
59394
9872
5113
49191
41306
32841
18113
27944
29393
34814
45912
34559
29128
47003
50314
35150
8950
36057
46047
12956
39692
13487
6826
51240
11033
53469
55434
55347
48076
42463
49078
21002
40660
58645
40943
36220
38727
13857
7160
35072
58242
21349
16522
30408
46551
27939
10320
54502
50535
10447
58734
10123
30460
24306
25422
56465
15585
54600
37039
19835
52169
38084
38689
36066
48085
53980
48392
56502
38232
24016
19843
28750
6499
7760
36113
57483
21611
17900
56610
35633
5346
54201
28481
53822
10719
36105
55267
39808
18900
22593
12601
26346
24527
41628
29440
14351
4332
39482
15334
51087
32278
55841
12484
32760
21033
48222
42892
37675
19123
45707
51530
42973
41107
39605
20937
11088
39691
7154
33477
9675
8614
8040
16685
39405
27629
5224
45089
4525
20346
29816
44797
33065
56691
27383
56502
8382
7645
53047
45927
57286
56851
9242
46360
45441
33522
22420
12280
37634
23737
3036
50345
11838
20077
40762
53842
10241
31095
34678
32978
41401
8142
15751
58991
8946
19830
7714
54976
19555
32222
49476
21703
33136
32359
44891
42805
22000
19778
57960
9351
8312
8578
56322
58769
57197
21676
32088
11622
27836
58183
17776
13243
41412
21016
50086
22697
35400
17025
21839
22973
30667
57350
59148
27561
40291
6787
8438
9629
24398
37522
38472
45233
38537
35833
23962
51977
14086
47090
51444
12352
20209
11405
32854
58493
7549
32704
53740
36913
31592
28453
41654
16110
45714
9634
41193
59486
6257
30932
44849
28734
13779
52802
5546
3997
12900
59416
39828
22880
49742
31355
16687
53845
26262
39220
41437
58957
22523
56225
59654
31327
6546
18325
45413
39900
3018
57002
45443
10915
56077
5492
5373
29873
14034
9905
52014
32985
20128
23408
34538
46754
23862
30107
26178
34678
36627
7903
13770
45607
33211
20478
4183
54605
11038
58552
45668
29836
43371
33055
37438
39688
34237
19934
41852
54368
27432
28803
40142
53192
38372
54574
6526
5719
49609
18167
21023
58635
36720
54120
53239
57182
13704
4950
37086
13257
5028
27195
48811
