1651
31450
19740
17372
59136
32326
44582
8352
43768
41985
31397
16112
37120
19515
35887
21477
9457
25997
48712
21767
24247
46221
19673
16968
7894
24635
23188
11512
51068
50158
7590
34699
17819
48509
20904
22704
3480
58066
21046
5959
9975
13082
56878
16454
10290
4893
30795
15679
23091
14146
46919
10635
24852
17091
11703
30334
47449
4786
47602
36930
10850
35217
12274
59660
33407
16967
55142
32304
27838
22821
40777
56038
21853
30139
3301
14730
8084
19888
12023
14493
6563
49872
48348
51943
19054
41437
31313
58323
36308
30410
28286
18137
48081
14139
54596
52758
40857
33008
31631
31774
25904
15410
42969
40062
42069
59050
3189
7220
58386
26895
27482
5039
31872
10837
20486
17027
5267
52075
48882
52236
16718
28596
4136
32832
13078
11226
57095
6532
35065
52507
36379
48492
26546
22395
17498
8386
14331
51346
3565
50048
46464
18556
15129
20583
47954
16899
56577
53629
9853
19535
58379
26352
35083
6933
39819
14913
44381
50146
24506
39696
59898
16832
34792
57047
46537
13054
28821
31378
25940
12850
13623
33562
58693
59134
32239
47957
29492
20021
43817
46582
30145
7921
20823
3171
18047
22366
3199
19940
58539
46296
22522
34830
17162
56770
19993
19706
39508
20968
51739
31960
21318
39935
4117
36658
26225
57849
28998
9665
54655
45597
59691
58938
10616
9696
13797
55815
5359
36042
10400
9667
28617
8876
54307
34617
5903
54198
54817
35172
42287
4617
27814
44530
38257
53075
25975
51566
45352
46808
31253
5902
24461
44872
38875
15298
15851
35793
24840
3393
56898
58658
39274
29397
55296
43996
28782
28318
9159
49821
15046
4193
16028
40096
53758
14801
5217
13618
4349
56212
9496
21827
5971
42683
8928
46566
46874
29436
34822
20841
13861
26357
34607
58642
52437
23245
28952
16227
31752
36001
37949
31001
50711
18703
52778
43160
37610
22151
5409
20376
6680
17767
29024
26463
3598
50668
51051
4366
8498
7713
49876
44550
36038
17101
15998
37059
24404
46718
26727
36224
25620
56279
50201
4967
21861
45077
15845
7321
13279
27451
25602
20897
11542
39216
48286
9732
58106
45367
15189
3809
41738
46465
59037
51017
15487
41781
17328
34052
17152
8667
55122
55755
37890
55477
49235
23826
41964
19928
56837
21642
3326
45324
56664
41097
59909
39575
17519
12519
56898
31026
48944
16898
13463
39722
53327
31299
14296
5317
12809
43531
37289
6573
58175
34333
20681
49751
13323
46037
15846
17438
24528
59908
11681
20616
18187
43318
25441
29097
59987
11274
25530
32736
5426
6656
4483
27934
13208
49576
10373
40194
52433
21331
17266
20674
21402
14573
11113
10963
54133
10466
38960
52047
34092
43703
11988
55490
25200
16860
40567
44913
3138
6478
28497
34954
13700
10659
39441
30999
54395
48986
59129
25617
26615
31551
52820
18986
43102
53733
59631
39612
54544
36744
53276
21205
21088
36565
7714
49311
50007
45747
47214
7674
32924
36788
44969
7926
37878
21279
20007
13911
58958
7654
8224
46337
17188
41947
17708
59830
41335
48490
58440
44909
41271
11234
47507
41499
38760
11040
49643
9771
4707
4400
3277
13354
42805
59064
34503
37736
50554
3651
53280
55882
30001
12066
51669
43769
35114
32011
49252
24201
32551
5868
40095
10940
56735
18832
7820
56003
14901
35940
19171
54860
45619
32513
32993
29740
15336
14661
42367
28261
43253
17668
53205
59488
59655
22014
17648
26245
14971
52320
31038
24510
13095
48657
38677
10479
41622
23620
52793
17954
17799
36943
49463
22701
8265
10965
27950
25562
24386
33343
35607
58293
45919
51059
14131
53867
26439
50400
3443
36191
57036
15583
12527
50664
59433
39233
52308
41921
32784
48227
48001
50494
39668
21010
22610
36092
28510
37031
56265
50210
37872
51954
59887
34333
16618
46430
49651
33282
50160
52535
55127
22435
13879
20004
38080
4067
3180
46227
40728
3604
18739
43188
12177
29495
20775
34626
14297
46183
7424
53360
8842
25498
7756
4237
23896
16635
57623
33226
30035
33540
17300
57594
32577
40171
3073
24967
10985
16457
15282
37966
3338
52674
18701
7371
20949
59547
23629
11575
56231
41673
4612
4930
36605
36670
20153
17209
32056
45661
7321
54624
14452
28467
59277
19247
15502
53068
54352
28095
39427
12632
41942
55239
39831
11111
37573
42913
28755
52460
42872
8397
54640
14133
8858
57240
9835
23520
57340
48002
49166
38399
19852
39604
37123
7572
57642
19558
42227
29313
6539
46252
23194
28445
14878
23744
31705
40669
21213
37694
49784
52236
20137
18376
38525
35966
54578
46277
52055
32274
9671
25676
35333
18489
15759
38595
20042
14620
31580
50455
49193
16029
56255
33589
38357
45830
21422
38525
36382
50343
12605
35943
31962
48469
22343
33181
57041
7083
9084
30150
50452
27706
55254
44986
4847
39111
53360
9036
57877
57226
25617
34102
34461
37552
46488
45513
23446
34940
33779
5101
24094
55631
15676
13957
21416
57769
27647
14511
38246
23951
18319
44703
12741
26066
12999
19500
5018
22954
48748
34438
38334
41998
23341
32004
50222
53054
31718
35621
39401
14782
34998
58555
3803
48471
50371
4870
22416
7454
36447
36129
54292
42339
36742
51586
11032
40021
44983
35930
26754
12642
23753
5374
47230
51477
24187
12351
22852
55846
5154
7996
30337
17840
13847
56814
8106
40755
53587
44273
41645
41267
53707
30498
36385
46759
37071
23483
31682
57581
11369
18000
51451
11615
12863
18586
11364
51752
25732
40583
12408
45596
21147
48239
59751
22817
17578
21873
9027
50880
53662
41375
41961
36533
11468
7642
46341
27515
26849
27261
45622
49475
30398
58544
36792
11931
11885
57704
51343
22712
17919
54030
13429
17456
27702
21671
54076
51319
45841
42294
29584
43704
41583
20283
45433
17745
37747
29724
41641
20338
19709
24794
38271
43934
13523
8470
9218
27546
52802
44879
3160
20889
15514
55694
42990
18212
51608
18099
41513
10957
4924
13247
40669
43940
48529
48461
24971
52949
7852
18858
9105
20348
42907
47076
17675
49176
5943
47970
10837
8285
16746
31333
45529
25218
7708
8752
12844
35546
33374
17089
55027
25366
14203
14500
45798
35037
10935
28861
40061
14762
45578
14439
55758
46786
35587
49038
12608
40534
33451
28636
10680
49565
49143
4177
45497
3627
54555
9054
29084
46393
21346
55207
35283
56237
9000
5090
54871
41198
57417
26001
16672
5528
56975
24565
57922
22786
36131
52754
42109
51307
53170
17922
11579
10493
24746
21121
46050
38240
26407
4145
28499
33095
18153
11749
42371
49692
46951
44648
21199
47083
27580
51908
33922
50526
51596
28110
27706
44584
36654
39602
11274
9562
49653
9033
25799
17226
59090
56803
18103
42572
39772
17777
28917
35902
52928
33125
50274
23619
50058
41101
59305
39178
16035
44264
11917
34409
13202
59789
23139
31042
22407
3716
26971
27628
34781
15607
39009
10144
6036
4229
9511
43000
54711
20960
24027
6459
50383
38439
22520
42389
13143
49727
10001
43788
20341
26405
21606
5802
31740
34282
37655
35743
48303
19105
33760
30703
51319
38671
16229
36148
50641
30983
58560
57008
45477
6062
17651
35944
36565
22310
40534
57427
38527
3683
4634
22502
11105
40952
50478
24038
21570
47208
49746
33593
49906
46093
12282
5408
53913
33508
51689
40036
47933
57223
29603
11557
12529
50966
56816
56720
8074
28095
16608
36098
54121
23052
51561
39637
59419
59415
13280
54385
31574
33059
24251
39916
21709
50752
27761
26188
17246
17567
19636
34323
24199
16330
14998
9226
52715
7634
36754
56234
4526
58096
3116
34939
57550
38409
55833
29806
52866
40190
11446
16569
56238
14425
55790
7429
45693
19702
29925
58070
57837
15704
17127
56799
14439
55705
15449
56662
7020
19251
40796
47273
32389
4456
14899
45167
3543
46546
38107
8049
7057
49418
33788
59367
40527
23982
15688
14887
12009
37929
35614
33242
48149
47982
5530
27912
19200
17472
44935
29428
31701
43570
44724
20893
16630
42444
6681
48190
58655
7305
45548
32984
28784
16037
27646
10156
34512
24809
9986
35863
48134
48855
22246
11456
38971
39796
38051
29143
44575
54304
24335
54592
17837
56199
58858
32801
11299
12222
58376
44938
54092
25693
54168
25798
9819
8184
50869
22345
43701
14384
4672
32602
23312
46309
45878
45202
19758
14745
51281
22046
20855
27476
43772
59132
34589
6583
29244
23651
27389
37429
37249
32581
27754
32643
19291
56806
14718
59310
54574
57995
19881
25179
49046
57781
37583
25261
56786
14227
5993
40052
21482
34601
12062
9817
38059
18254
28099
22623
40543
50154
21401
8953
44673
22283
10691
47528
18459
54815
24822
25881
8272
25291
25043
15757
26229
47056
18053
55632
24227
55863
16068
30352
3102
34394
54994
12914
19147
25765
9318
31070
46372
13671
41822
49871
52323
36440
28473
21801
44617
44433
23051
49780
3292
33503
13549
36056
39602
33260
11904
34734
11044
21097
23240
23075
47458
32577
55456
28603
18349
45894
19841
58568
26065
31572
37519
18233
48150
13626
26700
41657
54403
42571
36888
13295
42092
44201
24250
14202
24219
16542
31391
15659
28025
57613
5862
8717
40811
31479
43839
44646
23992
14726
36092
56914
8866
16461
36519
33694
25274
34773
21625
35354
4648
26873
10776
38885
57712
10896
42532
49447
54032
10245
39295
21673
28675
5484
53803
42809
56390
6512
11919
39657
16368
47986
24917
21680
53219
46865
11875
44789
29988
18055
49339
35798
5705
58471
17269
15040
28566
20901
16834
51344
59828
33020
50112
49009
58219
57287
51578
30160
45858
37823
55448
50774
20607
15399
59367
14222
8611
10143
35579
7112
30906
26020
54263
35643
22926
49770
11651
59851
58824
48736
51552
10846
53731
29206
54358
53137
16767
11576
25995
21931
16806
9502
50914
23481
23698
19961
25441
38780
31070
35319
49830
3327
30928
39428
34009
28260
56923
11010
28469
16752
31937
54649
4590
16045
23944
59332
15191
22871
13585
12833
24348
5935
14353
38095
8852
37543
22690
22445
41854
54833
10144
8385
39601
27399
30486
51279
59645
11957
18796
29469
17022
46321
49710
14970
53382
26167
41650
34632
16879
22503
24052
7563
25302
41563
55669
51449
34187
10605
37264
7465
18988
27530
58248
8431
8050
53438
39798
52918
58239
15242
13524
32003
36595
36294
23392
47421
46309
13571
22975
36598
48403
46828
29439
13204
53330
24935
26784
52632
24645
9522
21566
29193
14990
56230
30756
44534
8386
33141
30138
33384
7994
49105
9976
8701
32603
23145
23954
43916
26067
42043
58104
47013
11555
51783
27751
41490
20707
29718
24943
23268
26182
58899
7632
35377
