2202
35928
23155
56340
50442
35178
52384
48669
5420
17446
19234
35556
52859
4118
16136
53334
45160
32416
35657
43324
29036
28124
29320
7606
20256
25415
37464
12042
20219
52737
30681
32618
12842
22467
5657
54899
35166
30079
21950
38554
58388
59837
11376
28092
41467
14773
56071
31928
19601
20362
4336
33899
15942
58815
41194
34891
34896
33574
21415
14236
48117
49920
5887
40436
44858
13819
19950
36846
41974
51889
27337
24089
24975
7518
29352
28921
36548
4728
11841
18962
3531
38706
42370
46387
45049
36177
45867
51824
29433
3907
46208
33918
53001
23783
43445
35024
46291
41767
15599
18967
21088
17772
52036
3520
4546
51914
29793
27932
44475
34012
35835
17688
51470
15559
59131
48198
54157
40893
45970
11616
38396
34729
57473
11424
40825
40233
4771
38444
5188
32020
32131
18725
42720
3668
16337
32808
16512
9098
37888
45765
26077
18708
49487
41940
15245
41142
54381
33959
18634
39200
31851
44868
21455
8872
12411
28133
35691
45373
34870
12956
46994
20676
20288
56850
33426
43878
11687
29647
19871
32473
3223
46453
7707
40942
38269
3024
48050
38696
26626
34803
8037
55916
35615
43010
29606
29848
42671
52633
14576
26260
51764
32712
28557
41610
44192
6035
28812
42360
35059
34846
3026
9902
42541
58955
7075
5120
41785
30093
19986
5321
38380
59198
8654
5633
57647
11278
34657
8280
16980
33724
5956
41243
49950
37480
38740
34354
7122
40164
19398
36501
17991
51681
41897
51226
43246
18531
14313
55603
3124
34412
53233
4097
22516
44737
35502
38315
15816
49887
57670
43258
27732
57291
58128
9956
55886
20451
41850
45519
13829
26391
56704
12617
52294
53030
6405
50090
39727
3369
22179
41791
27102
27073
11274
20850
47524
34536
50237
42243
17216
16258
18698
17952
20570
8377
38883
59099
53607
30937
3597
13554
4157
38149
43792
34017
36148
16657
8877
38125
58470
26525
9122
7422
35490
53888
9584
59870
58186
16683
52048
39647
15486
49917
35903
7409
24865
48763
45197
38587
40114
13026
30195
28083
51084
27125
51207
28988
8686
55645
11763
17675
54829
18580
39112
33108
41567
3496
59405
42395
10135
23537
37824
32236
13463
41741
12890
4180
34186
33185
12035
33687
9262
28106
54554
47071
23082
35187
6801
53239
36668
45438
44904
21073
55464
40359
58360
52031
43922
55895
27313
28580
22808
33891
26050
57182
26764
56777
19973
40412
4730
44653
12898
10041
37923
24041
40526
41847
21759
25124
12488
28433
26922
26864
45654
59970
52583
7744
46823
32790
52767
14992
26708
22402
54960
18115
58440
46845
57818
41065
14996
32222
43973
3249
52822
10788
41182
8250
47431
3968
13022
26474
8625
18177
26656
6238
7956
31790
51026
31808
58357
19482
59261
19127
26567
26977
9351
55371
12056
20586
43505
37013
5979
30925
8498
33443
9296
40529
45725
29021
39814
46596
17617
23439
54463
25609
3619
42980
13997
27927
30382
20866
44728
29770
15965
41290
13029
19191
41734
16095
46385
46882
47071
41946
39848
59256
39269
22816
57999
7107
14472
35196
50142
28582
14360
52243
4184
49129
17685
18010
38721
19862
38020
31162
57558
49892
14147
17814
26610
25975
42193
17856
44858
52949
50656
14208
43083
25540
3896
7134
4712
35333
27326
34531
50058
51975
41819
26481
33816
28246
21925
29623
18578
41357
23798
16734
8040
43603
22302
11550
22521
51389
49938
51441
33657
10624
23836
55404
6335
7040
54165
56651
23720
37359
5188
38976
33734
18983
31398
18305
22890
47031
52350
35363
49656
17493
22696
13597
44853
9231
13425
30142
43069
29392
43780
53799
57821
3760
39276
58398
53305
57713
34631
6214
51928
13900
43172
41713
36293
53021
4534
39038
40955
17041
54060
23608
24393
12838
12800
57866
33213
18815
33051
43141
38327
32360
46034
28627
55204
26757
18443
55587
54411
52430
22290
7870
42104
36779
57463
10614
26264
59400
37965
20770
15024
7001
17074
57751
22156
29616
9481
25808
38638
24942
25053
5765
42664
13132
33730
53798
14249
10797
59041
23414
43270
14343
3427
39818
30722
28016
6295
52349
49082
10773
38784
50602
36201
55745
37388
16566
30830
32107
21683
19715
42241
28439
54659
52863
11213
44745
35438
16450
51751
12487
37197
55426
11091
35055
19876
23764
52753
9400
10037
30762
21560
10871
12065
58429
13524
57682
8974
39775
57340
17042
58375
52226
5052
24673
54180
38620
14273
28933
59116
53786
31643
58309
18456
18815
32903
35549
27226
34747
10915
56206
11740
59263
49248
33139
39178
8039
34784
15782
7459
44395
39980
6863
59470
15186
12493
20409
16417
34832
12196
28018
59516
32824
14524
5522
20183
15793
50941
29878
48678
19911
42437
57211
24282
52896
3225
18278
41308
30030
19816
43652
16679
38089
48057
25839
27272
56357
3258
33132
55252
24517
37001
12647
34790
19603
30028
47776
34533
24858
6658
48481
49056
39084
25972
20751
51251
26123
10844
59783
9751
59587
16465
48691
25609
3966
52384
10429
27317
25655
3014
11122
3516
26858
27999
13795
19505
39263
25813
46201
16402
41962
51524
52865
21061
59201
52552
11486
20325
13985
49188
42659
15000
7385
43543
47695
40449
27957
3332
43447
43323
7780
31202
15195
44657
48835
7096
6723
23536
48060
5531
25214
6476
54309
23550
47780
10100
5801
7267
56571
33924
41886
23201
35814
32407
15409
57080
43218
18021
10201
27781
42289
53492
21437
52202
40806
5357
53301
11490
47314
22109
38750
57311
28925
11929
58653
49457
19220
26382
58548
12773
16371
5895
14947
23538
45814
11692
25831
24503
57766
15601
39847
50284
54762
54260
48319
54929
59228
53325
57235
55784
29636
59099
54710
23122
54038
50914
4310
7918
39413
40318
39383
7105
58364
25852
28327
28314
3394
38791
56712
47560
58945
44505
50101
26914
30164
35271
32531
39301
45875
52234
20511
51508
9652
50770
32148
46194
32737
54745
10044
25148
43587
37984
30432
42527
39614
8835
16409
35704
45393
25947
28470
46985
28344
37595
4121
51644
36586
23080
46690
7741
33398
34837
3709
51620
58086
17197
48683
52951
20833
42897
30966
40178
34489
37939
37091
6367
50235
54322
26876
16885
38906
15492
30069
42471
46292
39530
37116
54753
36378
17749
53580
34913
49022
12754
45173
48205
41876
39217
34480
25113
23870
41104
38227
45890
7274
20650
57393
39347
21135
29022
49327
54591
20664
29270
24415
53210
38668
20740
26865
4196
17783
47191
10267
3723
5148
44657
58529
10888
48419
56239
4258
19182
33251
24714
41463
16470
12246
15132
50369
23425
5819
20816
18682
6432
20334
44688
19286
5651
23055
22528
21614
23703
34241
25216
20566
24975
47108
18572
53039
59498
40288
42769
13042
3775
26725
24910
40127
7253
39696
7309
18877
14839
31124
50825
33728
10626
35017
6940
27321
25632
15486
44612
8629
46790
58355
8141
32217
25941
10882
3718
3676
31254
15249
23190
9346
50143
38289
6970
53960
53755
25309
48362
53325
15167
7833
42095
12884
19580
27753
13682
9802
36197
7971
40412
36149
10452
53536
45211
31825
19188
29045
43976
20149
11184
9111
18071
6240
28063
24469
30397
29325
19623
43004
36694
46601
37940
32751
39098
23344
49353
40419
42158
48993
53226
50201
4929
31354
23162
26249
54098
45134
55785
25671
26071
52293
12609
13486
41517
11597
55225
25430
23945
42710
6703
34099
11364
22872
58418
28107
38358
51191
58037
46404
27821
6667
27879
9689
4475
34419
58603
21477
23126
3423
45921
46584
3763
40506
52138
24322
23229
30104
55338
45357
40211
53179
40434
27206
9308
8533
30064
32385
59100
50347
18181
29377
33560
4740
39710
33237
42045
32133
12535
54025
39886
43457
40208
23958
4989
36151
48128
52048
36225
47015
43152
13448
5796
15677
43301
41468
28826
12171
49369
40905
8834
6258
45455
40354
24447
21834
21175
13664
28722
10456
11103
15995
40818
47239
23551
40655
24651
57281
22999
3172
17975
19543
15064
14142
57033
39610
58368
21448
47978
20057
25022
44718
46722
28672
5799
49284
48807
47568
50632
58485
49447
18494
27588
13532
58252
9901
18222
54900
12512
29970
22607
31829
56944
25981
34612
23700
38402
53458
38015
55289
16839
14635
56871
19093
37256
40812
30397
17290
48469
53450
11348
31000
36388
5917
39137
26266
18721
12944
55258
31122
55839
8216
16282
55482
8425
11765
31578
52524
12158
26594
49310
43745
26308
57234
32915
11235
32806
8030
36631
13832
39620
14613
22725
23930
4761
38660
31242
35698
17047
32835
26259
4957
42688
26848
38563
42584
11930
12253
42393
30737
50583
33992
8789
13777
10751
58706
25511
26908
56628
51958
55038
57202
51264
10923
16564
4647
52623
12667
19709
33309
45887
8151
42768
33783
58164
23055
58728
26031
56703
35417
13350
35286
27859
10032
14091
25577
28226
33034
41543
10539
38570
17205
35651
24689
4376
15610
50645
59406
38963
39731
44685
9270
52851
49564
28127
21839
51706
15113
35428
12537
37193
35483
38530
20000
50056
38108
39645
36776
19746
29102
31362
50954
44601
12320
51954
30632
47097
39981
36382
9864
49461
27578
50868
43205
25415
14544
11902
18783
31868
59082
27806
48397
45115
51104
19363
4191
54885
51410
54761
59136
3111
44988
32750
52248
17139
34533
55434
39324
32861
10668
49581
13122
26415
56921
44089
28817
21537
43421
45839
17216
54753
21301
26581
56853
6222
49148
44894
14645
44978
58885
39533
51980
25682
20000
38871
49238
58679
13210
57483
24168
57906
31747
26201
11234
53868
19457
7236
50729
8834
57508
10986
29826
28630
52551
24790
46975
18484
14471
56573
14056
33444
16595
23063
5369
9397
44442
37088
32538
57391
47721
36580
8868
40636
23795
26968
5124
31258
56278
21320
59376
13755
34512
16694
48207
4483
9907
41853
30621
17173
25553
52162
36538
3643
38829
7170
54108
3574
41214
32078
11182
7239
55681
3052
55244
6536
24802
33943
11058
10872
24280
31599
8321
49402
19976
25544
37501
42131
7941
25097
31740
6954
26094
21165
21886
48869
8435
16663
18141
51339
23553
36047
34295
15024
54274
26399
41619
12086
8630
50209
48961
27213
26831
35566
19274
19250
56500
31033
17712
15332
51495
46284
50427
20244
19757
35251
15746
47345
50696
13303
16181
4651
40100
31399
5865
43101
56382
23349
42657
36061
40727
27536
30733
9244
57909
46302
30308
52201
34431
40202
6825
42997
59025
49086
41022
13030
25702
5067
58851
34010
40861
50418
39106
19471
26702
31163
5509
14400
17408
9727
56698
9153
17185
39085
37136
18176
49129
35292
28812
45987
17398
30950
35486
48007
9282
17385
34616
6627
49439
48357
13688
10290
58022
13223
8512
49803
16812
58465
35317
11608
58590
55006
21884
44231
9215
3479
54791
57699
22710
52744
56006
11127
15072
24067
36537
13258
25401
40672
52461
31552
49380
45687
9985
42373
29276
35095
54070
25273
19689
40944
12954
6447
25518
36223
47085
35320
41618
53734
3710
46211
43297
23673
3307
14202
40802
27429
17068
42085
44088
23297
42777
38820
54853
16738
32101
12239
41484
13011
4854
58246
55226
56284
36484
48596
25883
35910
53913
28745
30995
42697
58409
13628
38342
20149
45110
32097
15882
14552
21825
6128
48423
16441
59019
36977
39907
43304
57628
59176
50205
5746
24390
12110
27577
28672
47012
45869
14632
43820
6635
30176
9252
41857
8520
29703
15251
41479
53462
46412
4651
33366
52428
31287
20371
32785
48431
20009
57061
44011
25870
18414
20611
41691
54847
58334
39220
26310
51915
16176
39137
4037
42557
51348
57599
9969
36377
16536
40158
53592
12465
26054
43882
43155
16522
9831
58887
19448
42162
7644
52138
24167
53948
45763
25758
43020
59246
17006
4845
10700
51855
8914
29769
15485
20000
49393
26725
22243
45298
46139
16886
24469
26677
15147
15337
7247
31258
20860
35050
32651
57344
35556
42925
4409
43649
41009
10719
36643
36088
45443
10119
34714
36272
24929
15034
37393
15584
41943
24354
20651
39414
16400
7423
40125
36112
28429
20111
5250
31593
28683
51881
4640
57238
20204
8922
14744
3727
30219
7872
20136
57862
25683
30573
16403
18627
33065
20294
10287
16053
45669
8479
31572
25914
9286
9570
10458
5345
55272
33037
31256
20033
57911
19799
19892
33392
44825
24231
56339
57090
11683
31179
26286
12062
3318
57046
23297
19391
47053
15482
56209
31443
31574
49023
35771
40223
13317
47569
51126
53995
49479
37559
15659
49562
36532
33595
17504
59532
42085
51015
32754
44815
33736
58783
46637
3962
22156
39991
20780
34214
16923
50279
42701
55670
47486
58064
45126
16700
39738
3982
37084
46634
32857
23621
57889
31688
54889
10091
30187
54987
47634
13837
4010
51267
18812
23199
38462
42510
9035
46907
56248
24754
31959
16848
57798
56060
18625
44849
49522
57312
21946
56044
21109
17110
51446
22931
51012
49030
39766
18753
7101
37847
4916
4804
11310
16232
43380
35500
42977
5905
57519
25059
54190
31823
10469
35300
12421
20743
33045
56259
49430
12829
46665
34023
49842
13536
57059
54683
9030
10712
40530
52582
13571
58623
28381
46172
6274
43154
27982
44076
23554
8098
10275
38921
59651
35549
26121
25259
32442
52724
46093
7108
23862
32497
3585
52999
31606
18836
45471
45675
9376
22612
22797
41468
6881
12765
44534
17891
11308
9979
45343
59811
23594
42165
55575
56714
7829
17198
21932
59693
30607
28128
26807
36824
39098
42997
53354
42427
30829
34693
24607
10784
11925
16611
13109
22044
30507
42592
15772
35316
24767
30388
50360
38694
38683
54026
4073
41422
29164
16525
51729
48379
13382
52249
40731
42316
47345
49780
19176
4012
50328
17120
16224
12205
13035
57024
5918
29097
30797
36081
55503
44352
10398
45654
38078
22437
34597
59343
49831
56429
43210
42091
40278
46985
41733
25404
22647
29641
43046
26010
15734
12370
37327
38318
49047
9178
48555
18475
31873
18893
59579
27677
41308
5617
34323
7380
53122
36504
6187
7621
55958
28311
5873
22729
45440
19009
50269
59781
16265
57908
46337
42710
11501
24259
32698
59727
57098
24096
6981
49214
12482
56843
22784
41716
46251
55633
48725
8403
37191
32592
17533
10113
29543
