607
35288
48726
17125
55852
32961
41068
3439
15801
45816
9798
55013
32771
58662
3363
29344
52970
53111
48088
30781
31881
41366
26762
24475
8281
9034
10558
3413
49286
29387
32344
23795
15169
28669
26016
56222
10360
48933
3516
33498
33355
33316
39901
7144
13292
30675
30193
28886
35532
38217
28421
57952
6555
45386
47092
28476
26466
53946
42075
33056
30776
46389
33916
33645
33866
47655
35996
16505
37520
23208
10134
30442
39446
5300
45413
47934
5805
37974
45672
8365
53481
5574
55439
34767
30062
14289
50783
38318
49061
18361
27080
15652
28437
26680
21789
11003
48148
55696
31830
40919
4856
42026
12328
16985
47470
9552
58589
48715
4128
46748
25610
31860
20707
14564
52940
9502
23315
6603
10705
57513
37686
6625
15831
10084
14657
21823
6723
28578
15141
26379
21657
51831
53472
56626
24846
36897
3932
20680
57779
43543
43710
42891
38710
20823
30595
20690
40825
27861
53952
58423
33076
48312
41728
32496
28700
10573
57634
37874
7713
26528
50343
22116
31083
8462
57945
34957
23469
45908
46053
59344
18616
15786
59849
38029
19678
32423
53207
46151
11486
15420
29366
7158
20695
23651
32954
36986
53811
18738
27490
5349
5697
34899
10996
48646
53201
32949
15091
16111
42982
52522
19160
31101
3820
46414
52605
47805
27284
59524
18652
38128
36222
9911
32838
18853
36714
58391
55143
16654
32366
18624
55465
9789
26368
13517
47227
25480
39915
30009
7406
29533
27829
25119
6801
14232
16231
38316
15613
14649
49403
40876
42221
7799
55842
10436
21608
41304
17642
46775
28428
53527
23655
6016
39199
25300
3228
27409
24362
58281
16429
29825
19922
3154
9688
48807
13658
27452
15693
52746
6092
56682
12986
14669
25007
45617
24451
44934
50613
21331
55384
9099
5173
3930
41719
56085
58778
57090
41365
45775
58544
17299
54795
52515
31034
52343
10410
48997
58679
17494
20066
17841
49991
36604
30191
12353
19902
29815
13191
25240
42630
47811
13132
24128
39949
30225
28716
39130
59899
27703
12654
10861
3053
7261
44906
56770
35111
58729
20154
43212
14081
21052
42872
58687
26703
22889
59065
50073
6042
8875
27663
52973
9378
39075
33636
32517
52205
29589
36744
6186
35263
48837
35317
17586
51433
52246
35715
36913
12794
14663
5313
21772
9028
44218
6472
14018
4073
36580
40134
29923
47835
4633
43920
17446
14192
30084
11389
54891
28815
23255
47273
23762
10296
48978
56801
48377
51870
45518
30958
36853
54187
25645
39541
43083
6743
19715
28289
48998
30268
26090
21675
35233
43969
45858
23106
10231
46224
4811
39696
17315
36303
54871
32673
50426
51304
34055
45973
17407
33943
49565
13753
32191
56943
5879
56893
40767
14644
28981
51091
27753
55869
50307
12539
7542
16303
3305
57205
14044
18643
37719
5934
5304
45748
7372
53928
9400
3759
45821
40475
4061
14732
38767
6892
51431
38063
20121
31125
25776
42856
46824
38449
32915
41689
48708
5907
55964
9339
45214
8051
40533
23112
45495
4638
11029
11399
6338
46532
57643
21837
43090
6954
51109
37962
36299
7599
23506
54771
50192
38136
8037
42004
30337
21794
47377
53088
8988
34920
8710
17281
9747
46187
9636
10080
20052
21574
36835
40722
26885
23131
31695
9412
40988
36489
6029
29776
43185
18726
35575
17500
56975
35270
49940
44780
8278
6935
30204
48213
11746
27796
24989
47774
16600
23925
28483
53710
47022
9523
16851
28220
29764
48178
56379
40529
48275
44465
9072
59148
36922
29131
19975
31850
54495
48709
25072
14568
29597
19787
15754
31437
16585
23350
14574
30461
53437
5884
27412
28553
59512
40393
18444
38320
26943
26872
23629
53500
12513
36911
4548
50451
4284
5644
35727
50141
30901
22093
42237
29598
46073
20474
9789
48914
9935
25179
9831
33973
37766
3769
31519
42568
22542
55102
3432
22222
13605
10612
52433
3214
6606
44561
6309
