142
58202
34536
38235
5166
26423
48177
46057
39170
22213
58534
30670
33245
30879
22604
36899
16552
8179
4158
31470
3402
52496
16871
35909
47223
58907
7810
3754
13862
51479
48477
27773
9495
22422
37822
45391
9198
58367
56128
42021
23545
22598
40942
41590
7788
27144
3113
26965
48053
22140
21156
28931
22496
5310
7249
12125
36955
19479
50985
42192
39960
15876
9876
21059
6542
55424
3285
10698
33384
35918
42681
3129
23664
33889
55011
41633
44923
56375
37165
48713
18243
8713
47411
29677
48293
46265
27687
40956
15027
18373
44507
34443
21301
3426
54351
28450
50051
23239
20728
28114
4983
20677
33201
24198
14963
35653
58502
35943
29015
48957
59965
34996
43013
52681
25676
53243
29083
6959
28829
44460
11486
17567
27216
45815
32168
4306
3143
22330
11597
21952
19942
58270
55407
7797
4308
20030
15427
29573
30833
53930
4908
22915
42935
