1670
9996
25512
27424
54712
9978
29011
43233
42101
24411
54102
14222
24755
42862
20402
53469
39681
41703
32248
30102
52494
55775
53679
52903
20759
5527
38554
6495
52317
5046
10260
57002
48946
12212
8428
5429
16241
50161
26737
16798
27264
55399
16088
22919
29368
9582
20054
44056
9500
6695
21196
24154
4383
35985
33856
5348
25527
41258
9447
37271
45997
44473
15091
58972
53286
43419
12567
21906
43040
55784
41879
18908
16909
25492
3481
11343
45391
16490
50539
59868
15708
12005
15363
21946
6435
45788
58319
49290
16996
3065
16570
39837
6957
52438
19604
43141
56358
17866
31297
11461
22220
40747
46853
27621
18276
22569
34518
48861
53220
41004
50250
36349
58868
24538
8589
11278
26700
50936
57651
12153
21022
32075
58857
50563
36351
20777
15080
51279
44211
49213
49384
33105
44928
14174
32646
48618
39959
28971
25501
53229
22381
12092
55211
13666
50885
10373
25944
51105
53450
36447
28051
54075
32711
36661
8325
31560
39259
7855
5470
40294
36405
21557
58073
4806
16837
30053
53141
53725
35638
8563
16317
42629
29938
27269
50386
28254
13797
55405
48235
13503
31815
6415
6428
30648
13879
19600
47335
44640
52006
53857
50296
8614
42038
52198
18480
19486
44686
53517
44110
7812
54537
39760
57710
8651
58093
36754
16277
35670
35825
53906
8326
58563
46666
45850
27490
46636
19487
30480
54326
17062
13785
39919
28742
31753
54792
57963
58990
52585
35530
39342
55086
15737
32416
40713
23615
6016
46896
42936
32877
39639
3363
47819
43581
29913
7381
47422
54204
23801
14149
56717
43205
22007
30058
18075
54789
34552
44623
45643
38474
15199
31558
39133
18552
26563
3542
50943
23694
29527
53495
21742
18580
10351
35385
23968
49159
19412
13963
40567
36355
41350
13155
49633
55671
17043
48178
16219
36406
20513
12908
41394
28802
42100
50714
48480
34688
15101
12842
10915
55824
4307
5470
12036
41798
48374
26854
20345
27872
10147
35339
12329
27307
9778
4945
11950
55136
16901
57898
46133
33887
22139
38235
29676
45965
39307
14270
14786
40876
50926
17247
13081
7460
58009
18755
56403
25810
20857
3047
33210
27006
45313
18255
18344
43514
26393
20286
5896
44670
17217
59143
8053
52336
5605
28900
25787
47553
9291
22077
54182
45007
51667
41079
11378
36383
51696
35542
56624
4465
51567
16251
21091
15907
21788
24732
5635
56032
15293
54853
50514
29766
31581
54622
52965
5651
52101
37635
17825
3426
39496
7092
37374
32192
38578
55271
5825
54778
43104
16158
22297
13095
40019
27408
8665
12223
32110
34489
4111
28636
15704
29744
24097
16562
48807
31741
5575
29776
39925
3284
38525
44848
57159
43263
58800
30722
47442
18004
20968
49624
28611
57210
45526
58107
18118
20591
46989
36278
40909
9392
14253
37276
46169
7556
43858
47466
31622
46715
18481
40754
19415
39150
11980
11155
18580
8371
7694
53850
30280
51949
50877
18015
31117
38301
22728
42124
28858
4104
29526
55257
41887
21969
31686
57556
10986
15688
36583
3529
45304
25421
37134
36607
10921
33226
3317
36454
45532
15464
36161
19358
55431
15642
21205
58570
51708
58244
55509
15546
51003
4992
9579
57888
24916
19008
22838
4588
13594
48110
41487
21365
17030
44251
23312
3553
26247
53040
53707
52119
4827
7184
8961
23696
56299
35923
28430
26714
40264
8142
50783
9625
17468
46254
41461
6011
30124
32416
38814
16829
20709
36044
41686
53247
32100
51158
17339
39587
6473
32037
50736
52447
48570
25617
47510
20535
52780
8553
18453
15202
29207
49089
25714
32883
54983
11863
33775
41841
26822
39808
23409
53631
23897
9295
58828
3283
51881
27187
32301
37099
53731
49153
35127
39406
20582
15447
8093
21291
56370
18211
34933
15330
14228
44252
22130
35899
47482
47125
14179
9764
16393
17778
33187
59419
43019
31691
53395
25519
15367
30863
33599
59997
31698
42958
55111
4782
48127
28236
24170
31157
28071
59904
22131
40534
34569
23892
40095
52050
38851
22195
43883
21356
54238
25195
18318
21895
12197
11103
30522
42702
31955
28736
48056
52569
26810
56355
50340
18967
45819
37271
25001
25287
40069
39888
27490
29025
31050
41016
31715
52807
44453
42378
33001
14454
35148
43204
20260
54370
16478
54953
43620
29328
26340
35924
52926
35840
53921
31105
15164
54057
8847
42435
26560
10907
28666
35637
40871
29639
36122
14791
28625
3192
10483
39216
29294
29324
10484
12536
8466
58027
51292
34488
29671
29908
51361
22348
55686
29315
32731
10685
52935
44351
22261
16972
35356
14546
11642
49703
43209
17701
36774
43653
6633
34608
29338
17947
48305
58621
33067
35201
59529
21273
52341
35837
14564
51660
33341
29039
51543
50679
25971
12200
8768
13336
11911
7352
22169
51974
30461
24350
35836
13660
11273
54960
19558
36383
38566
14418
24900
8158
56625
50982
40703
13594
9240
20289
32139
55450
19139
26951
20523
31757
20946
24887
8809
56519
49980
31390
22848
42531
30139
10199
23926
15196
20656
58649
41844
24864
22608
30100
55177
48646
3445
18344
53112
59503
20994
32054
30588
26577
40709
17225
37168
51580
21304
31000
35772
25151
38720
52113
51510
15428
5037
44223
7916
30620
38036
44603
3262
54690
49621
8418
43024
16846
51632
4703
5093
4341
4960
50402
45253
13364
47183
43945
58714
41474
15670
51891
18579
40829
15690
23097
46985
21524
42893
7804
12098
45906
59081
57605
26118
54556
32227
4422
56363
36058
14534
58297
16221
7843
23603
59777
10532
22530
47783
14985
54171
30567
46273
56725
20861
38083
22480
40944
28005
54413
15808
30616
19595
12225
59473
35843
46724
18563
30807
16653
14479
47824
13506
15218
14099
43472
41332
22532
3179
52422
41968
9015
53419
32453
41785
9698
30377
16180
26056
29695
34969
26582
26255
4941
20605
55593
33894
5243
57115
11944
59037
40612
28438
45544
59961
3155
19271
19562
24928
41659
28073
22284
38436
29545
21590
41295
24028
51179
24883
27006
23151
25816
53273
54188
29666
6780
21302
19225
24153
38801
7650
27758
13274
26924
56036
24308
35370
44976
42560
5043
44365
31980
48981
25298
10610
33422
48673
20226
4340
47703
57581
44018
25411
26789
26463
5578
25214
4911
26861
4349
39165
52345
35225
55378
34015
4632
38335
8296
36767
28881
11267
38587
47983
31453
41684
29317
54019
10660
8107
35689
55715
18346
26846
7875
42614
40990
20720
27316
35161
30754
27008
13128
48486
47720
18642
13317
38339
26952
6500
53268
40455
12276
9371
18711
14455
17104
35497
42023
52999
38047
54664
52074
50035
33057
6137
21959
44677
15615
58308
7774
54551
38912
39497
15795
23919
5871
36313
4732
49059
11289
20088
57133
30805
38148
23214
58911
50449
17560
54122
21417
49895
7855
20078
29234
33258
49836
10520
33873
23394
47716
38760
23782
44212
49290
48614
11550
34911
32520
56595
40073
21998
23391
11642
26636
11819
52918
34601
3719
46801
56705
32981
3007
34333
36035
40316
45316
36073
52497
14555
39031
45521
42114
45192
28765
45995
39614
15056
6317
18290
50021
54634
7696
38836
33763
46773
13965
44734
36262
55829
39776
17410
27513
17575
17056
7944
32221
57959
43602
28338
27779
39686
43715
44614
25286
18211
10683
23194
34244
48430
59069
22087
35333
35540
20393
34339
43908
19397
3528
22076
25303
34338
30023
15323
52107
4477
25426
36635
48179
31116
57694
46797
44605
58180
32738
55253
17263
41589
48921
58567
5520
53121
47244
56820
19403
15179
9907
7129
35257
43411
3953
21637
10752
32921
45385
32414
14593
58017
37791
4466
45628
34167
57484
41376
3890
30455
24856
49028
46444
7337
29851
20857
40194
4719
32669
49577
53074
13820
57783
19978
48049
19159
21637
44060
34028
47094
8288
29607
16226
19608
48160
17290
37310
40708
46083
45700
37470
50172
6874
9137
3725
34571
52277
55805
30852
21343
24831
19604
13215
39006
57995
40768
48988
23338
23312
45600
12934
4734
52486
40984
59445
11894
11989
33944
54491
9488
25271
53766
51167
22749
4016
49436
29740
50266
42272
9029
10718
14133
52018
6114
19449
51134
22180
36297
54590
28906
55738
34599
6273
28944
49519
13937
46712
44060
3546
46805
48091
48291
56684
20261
23080
16245
30706
33551
14130
41953
17245
9904
56834
21827
32802
43005
8043
29475
25253
12502
38090
7520
21375
46510
48028
45845
5409
41594
34349
5741
55156
25208
37665
16772
19072
31817
25712
8769
5374
34053
53759
37304
28386
7718
36861
33758
3339
57165
37341
11217
4002
9549
11968
58725
50981
40822
47896
55218
5259
18181
28917
28249
23771
56847
58887
18991
56526
59582
8048
21473
32052
18438
32555
21457
40066
18490
57937
6001
37703
39836
32447
57028
37483
30096
10419
33405
30178
10089
49642
41127
20105
6006
17950
12341
11845
5611
20957
45459
10756
54767
13184
35447
35648
47668
20366
41624
6153
51282
18019
47023
22344
59760
51079
53241
8906
45501
50910
57838
24722
17604
40382
26643
9222
55182
37973
37145
37129
50410
33950
25151
24010
10663
11542
16157
37531
35587
7069
54400
34405
12951
49676
54780
11374
43610
47447
51844
10821
14830
50600
50602
17914
42844
43405
37189
19754
44287
27089
21059
25851
34605
26830
6778
31246
21066
54029
7876
44751
33863
57827
54065
37867
41593
55607
50931
16923
55180
38644
53093
36948
52508
8878
36367
48586
3030
9290
31217
4444
12754
11649
49811
33503
58631
52868
55823
51052
51197
44586
30457
53160
55455
46067
42949
26646
36830
24606
49457
38658
38338
9778
37881
27975
9192
27001
45382
33267
34324
42050
53904
18046
31108
59979
39165
55605
4658
17303
22801
39610
15994
11061
41904
48495
29807
55841
23429
37582
34447
50868
30131
48431
25013
3093
47668
19158
11528
48031
39081
11652
14206
16923
44062
38332
17094
16833
19813
52837
46033
12568
58665
58487
34851
3805
26379
34337
13220
43865
53777
17257
53813
38384
34884
14147
27709
26387
9764
53595
36853
57099
35756
17642
54579
57439
9567
53962
26518
5752
58044
53224
43098
8431
20888
15936
29328
47317
44833
28442
48953
25310
38768
40078
18829
19740
6612
4496
3154
15165
40546
48909
22914
24914
30802
18743
59680
27075
21320
55240
58556
32292
48870
28801
38878
40817
54393
46212
25095
32604
11752
3005
47144
8793
58705
35450
35980
11104
46950
6804
48642
23886
25299
46128
41643
44607
27518
59839
16287
36223
3529
14474
8303
8423
20859
57593
25266
7705
23381
32211
40119
37660
16765
45478
23049
41581
55029
41000
14750
32582
52594
20834
58907
51510
56756
3268
25742
39290
35944
37413
6562
34436
50254
50465
25262
33855
44274
31437
56007
10850
58689
3526
28427
7975
54047
55857
41971
46388
37735
19852
