2021
38473
19859
4108
31502
24386
54380
18467
11109
15861
54196
38085
32844
47607
12645
34400
36745
51811
10800
49631
52575
14632
59594
49503
47603
43010
9293
12063
46508
10098
31113
58097
6157
8209
39105
42375
27764
27664
47359
3963
32568
44747
17956
34526
18657
52169
33273
18818
41791
39801
8456
40054
11697
56304
44736
46775
53734
54800
54015
38794
56759
58043
34158
44286
10515
46352
51607
17006
49796
5208
39926
33190
7774
20149
7521
56014
19739
20760
58910
39182
24098
50852
52883
20014
10559
31587
42673
43088
24899
35113
32114
28418
32955
55356
4023
23643
44525
48961
12256
3629
51849
39145
36498
6393
57391
42739
46534
46465
53126
42968
42619
43747
7777
27832
38073
15742
13251
4544
53605
12661
12706
52596
6648
15468
56768
18756
7017
47694
21969
39295
24015
15216
39115
9551
6250
48783
37739
16082
36786
25366
23985
12526
46622
25769
53616
4943
23886
17065
56332
7932
43527
50835
47915
43041
33662
51174
41112
45992
32011
25942
6008
8561
18904
21748
19633
52798
6801
4053
37354
41280
35158
49197
23604
50173
59970
58819
25851
57471
50032
22962
58483
48899
35907
28790
50861
59167
31765
17150
48893
13441
58724
59247
33743
59804
44722
47832
57589
56238
18089
53229
23228
59542
52348
10761
7179
18739
48444
39806
50974
24774
57031
30814
52410
46394
33250
58853
21127
30230
45446
34693
38453
16981
46649
8678
42534
29952
20194
52901
56168
56675
3739
9209
48430
24722
24649
4557
40817
24782
26366
43913
54428
23486
46074
46906
45757
10996
12447
25636
46302
27970
32866
48225
56624
13652
11976
16966
18232
21589
31200
8863
11262
6815
51511
40562
21120
9698
36651
10253
5712
10087
52927
18969
10903
14800
27256
35315
42589
27620
43449
28197
11674
22521
34155
10779
11778
44182
42696
45500
39843
37079
52066
38108
6982
21309
27614
33261
28170
33389
40373
11891
48852
53958
45130
50576
54530
25589
12070
51414
35706
8217
13882
4776
14014
47047
14560
48122
30353
3142
54784
37788
7613
27370
39873
15555
49507
24342
43572
34231
45763
6865
7597
18884
48334
25910
31264
54003
58319
30606
59901
35237
20037
36422
57009
15273
24747
48745
46275
57943
57820
7280
23932
34614
5012
26213
15343
29088
28303
13648
20747
9846
14897
31702
34064
12219
28424
5915
4398
57281
20169
14218
6865
3223
53554
56406
31201
52825
53518
36997
12645
9904
18285
42154
56939
36934
10342
4990
15124
31241
7825
41177
41264
45340
19186
28607
55857
54442
42425
55712
6854
54119
5272
21194
9496
43003
52093
36219
8269
57185
58665
42263
25824
57911
50618
58643
23678
30240
52136
56224
55886
11749
33356
12537
22405
47333
4702
24155
13450
8860
40421
56785
41681
42473
29800
5458
43392
49316
36513
30592
25801
44245
26386
55928
24110
59397
39272
41488
27370
9089
32692
44194
33425
21938
38133
56563
29574
43138
49478
36736
22491
56362
12310
23948
47878
25994
45334
45231
11932
24623
11444
10880
19417
49080
18757
52824
38889
24066
56410
13643
7950
18724
14554
23812
47644
11618
45483
22327
17696
22158
6069
52149
11422
50688
17434
27436
32520
59484
56094
28369
7244
57787
46032
45042
47773
50689
33851
29724
34985
58407
7452
50846
21142
30604
4293
51528
15804
28411
41820
23505
46267
29741
13132
40381
7603
19196
6576
52839
58769
51122
47593
38747
54398
10596
47986
31041
20489
56617
23224
31356
6314
58180
24934
35658
5091
11016
10830
32621
48302
55683
11699
35057
25720
10315
10164
54257
55044
44536
14512
14079
13467
4146
10918
19732
10813
4611
59929
20517
45429
35649
18080
28959
9830
35467
34689
25683
25358
39007
38328
22921
14244
48039
9528
25064
3382
36593
33021
42259
5886
33276
45814
36799
44231
41316
32016
10304
15813
21039
17360
36068
14826
23543
25969
35470
49071
19228
42584
19453
43582
22866
14686
32523
56370
35877
8022
56976
43178
20042
6246
16582
59392
22185
20516
32494
42058
40425
38068
57359
27407
10098
50496
18719
21700
58384
58800
38192
17064
7498
8835
41487
36940
49095
16963
20326
14187
8906
35481
42025
29288
55511
46965
11722
58725
11759
18127
39534
48117
8680
41355
13218
34818
19501
16454
8229
3493
11970
31031
38321
6332
16949
21412
31349
27678
58318
19395
58730
9862
31782
8346
20592
16243
38895
47566
36011
37401
38294
18905
9235
53685
25623
53157
31470
4284
45211
15287
50952
3458
28715
36814
52125
40190
44477
11275
3620
10918
6093
31746
11227
28172
26972
17569
39425
6547
33258
6986
47145
4912
46852
39558
19603
6473
56297
53888
28727
55994
47118
17578
46549
7936
17476
53318
15313
26853
22651
18579
29469
14882
26599
31392
19245
19258
33764
20083
15381
26545
5488
11292
9856
33180
42333
56874
35105
29766
7805
38992
24380
42192
30007
23229
13680
42313
40046
14185
25519
16576
38970
38395
42140
36279
3879
12222
56863
31106
48728
9784
10378
7097
38974
42550
19890
17060
43301
53190
56803
11088
6708
46469
10031
39949
52962
46265
10049
51271
38928
37911
20491
36000
18231
23254
10195
40982
44838
25235
55064
50155
22287
33548
43825
11500
56985
46615
36794
30772
50400
45324
5767
32125
22974
58497
16588
25354
53722
48221
45758
31309
45818
58333
29106
56125
35252
35714
40671
59544
21946
53387
37401
11785
37874
57768
25079
12268
16634
52133
14091
17791
7337
50472
3333
37915
8542
48054
58739
24234
23981
16452
59076
12439
20723
28181
58930
43288
37386
24766
46887
44993
15462
4690
32179
19552
57172
17601
48108
50017
48421
52199
57424
22618
4270
3127
41254
58813
22962
17637
55005
32297
13480
23248
6619
15680
40659
27595
37020
28840
39780
47802
3038
35161
14064
29538
39064
45635
16778
26572
42267
56868
47247
54428
42965
57142
39707
13682
13170
26560
20986
56664
47080
42971
30065
40157
42501
36920
40977
39842
46048
7030
15572
8845
19876
6656
47435
47252
44265
28973
41386
41980
52264
27399
45055
34307
42895
15970
35037
28658
4618
7658
4633
12306
18447
35783
36827
32789
17474
53077
9589
21983
12737
19483
43409
34559
18331
16350
17631
11148
28655
49211
7658
11044
23067
41293
7345
35876
36138
4102
38512
17875
19534
57309
36722
6287
14030
29796
6048
30713
52641
47750
13230
5429
46404
19705
58812
35425
36137
34529
40831
54066
57873
8297
10139
55903
52490
9000
24655
40114
17698
20756
27490
4731
53579
8742
55044
7173
42041
43295
59706
18328
50048
27050
8686
30663
5019
15584
58395
56032
31329
44623
48770
56404
46668
56577
23175
3144
45850
9083
43559
14845
46647
17441
4265
35088
53352
38767
58996
51118
50704
28886
11945
50839
53875
44136
7498
47662
3527
37021
40639
10317
13670
43903
33753
59555
51403
16459
47630
59098
42761
39556
34674
27470
52284
19710
35292
49514
37414
38179
9293
52955
34949
6250
38943
22590
45294
5297
33665
54539
24567
45137
24653
3599
8966
29620
58687
48745
45717
52808
10112
37769
16053
57135
45913
54759
34586
28791
40778
39693
31846
25742
34664
47401
13751
18700
39209
30733
47064
7452
59422
58629
17068
38724
18652
18659
3862
26234
5558
38668
5350
41567
12860
51441
36415
31918
10755
11379
10187
49943
34552
50136
55587
57118
56006
21391
39766
19959
45604
50747
10106
59113
19103
53938
5573
36743
7083
12525
36109
49063
29425
30345
22923
45488
37959
30779
50305
5800
59493
34266
16431
19950
7179
36251
44613
36413
56117
27059
55678
47241
27645
36110
52426
5224
7321
54733
59108
28815
22168
36974
40299
24252
47405
17566
54895
51182
33209
47799
19681
52242
10981
9924
42501
46680
57820
49192
40358
46641
23453
4903
45607
56983
22453
26593
38204
25220
52225
39558
17042
58565
55553
59656
48610
43125
3635
45210
59953
7050
50790
13467
16412
39883
59957
47518
9990
18624
13438
47588
4395
17827
18822
49074
17953
53382
34175
22388
58593
21348
51311
36213
11233
18971
33597
54364
37522
54834
41631
43726
20574
45980
12987
12282
52316
9818
44592
51909
26166
47046
29278
54180
35317
18838
50768
50571
12070
12774
55665
37541
41393
17440
18893
36939
36572
22577
23138
38938
4753
36428
45321
27827
48477
50715
56164
46728
23966
28168
10288
45948
43215
50296
18013
16920
12106
34716
58085
40393
12536
43617
12409
7349
54404
58492
29786
37767
41951
24507
3769
24235
57382
48591
55813
18456
22660
14432
59821
48796
52038
46072
15902
21246
44650
47962
11218
53060
48937
4080
50559
19594
47985
51188
38993
10214
10043
8806
20532
34086
4056
51250
25158
23793
29156
37123
26867
46211
32041
53503
22358
5081
33265
19240
7880
38957
26157
55708
57508
37392
6782
39397
9869
29099
12451
50475
16686
32588
24575
9625
3141
9142
58935
54547
48058
42455
4159
45819
43652
33395
20562
54042
57209
30068
38825
39754
22240
18768
49248
53136
11866
35093
28546
48488
14699
4600
16470
56187
13664
13351
18746
17627
16706
54726
17822
9693
3746
13224
23911
33641
49459
32133
53434
17846
44638
12879
56939
44266
11282
39282
49218
4990
35993
23826
3044
58506
52105
42064
13450
15208
4800
47133
32667
32088
46896
11098
34452
30741
45008
39275
28118
13187
59275
3212
55357
25978
43267
20775
54780
16107
11913
12647
25452
20106
40743
16631
39160
29290
4709
53837
56884
51307
50307
48715
7186
42764
10536
7346
57932
24590
29140
14015
43406
14717
50626
14481
48068
10524
8594
39418
58983
33778
10654
52064
5309
57053
20385
36133
16526
58095
48015
36733
30586
15007
43953
57339
17199
24212
22253
14360
22808
53006
47547
40161
41593
48251
55425
38702
44668
50688
12427
6765
4050
35876
19940
55574
31246
32404
59372
58664
23361
55325
49064
41669
19430
4801
58032
23233
56803
34315
6884
58485
52488
11098
51533
52985
14492
31473
28736
22276
46446
20108
54681
50291
18734
40810
13837
22700
19134
26820
19213
37203
30941
9245
59130
5462
32336
41476
30460
19835
29651
8343
36461
12880
55732
55566
21215
43817
29075
39810
15905
40527
15304
36989
31649
56565
32118
26634
6562
25875
31916
29043
21519
36548
53302
24801
53314
45252
19613
51550
42048
55565
52113
58403
9151
28222
23029
6843
44630
43033
30336
59588
7748
40680
40639
54447
7131
28280
56001
25285
5963
12859
10427
11327
14067
8730
58556
47288
33360
19689
18341
42305
23224
35430
51125
25178
53094
41812
5377
25614
42517
32019
12421
54872
8080
10431
35928
28983
32247
8358
42945
9097
37533
40372
11628
36560
31064
4425
5355
31722
39997
43901
32706
3274
6241
23694
38277
26026
55161
3258
6021
59673
16903
56542
34025
16345
4660
35366
31446
51301
22689
31850
32855
23411
43682
10245
15779
42607
47890
52035
56077
27249
17408
11380
3119
3592
49012
54326
8046
27886
36487
34135
50820
20147
19058
25426
19464
22222
13434
22039
3351
59648
58441
50023
14897
48899
27455
16018
55273
43077
38852
37094
37363
30623
6303
8465
56030
21309
36253
49836
23359
36319
59230
37039
30834
44375
52066
58637
38706
51445
29700
38891
50153
20402
43484
14745
24189
44123
12246
21451
28127
44936
17688
44039
20122
17026
55619
47752
33945
25719
12337
54236
18140
29557
23669
10864
48330
25726
47205
10864
12252
39708
24872
28212
29495
36667
12095
43360
35830
10463
55478
57838
11021
58686
19191
39632
32508
40084
36233
8710
43982
11951
13226
38501
53984
50256
18088
11993
55204
33958
46895
57621
48774
20179
30564
4861
16068
39388
21100
50154
11329
13801
41003
9268
56278
46591
19595
39101
48303
11604
31341
29680
33339
24620
31586
33925
18393
25910
8859
14808
37063
58909
51473
53433
9513
30904
52643
16137
5041
35947
15800
3995
32155
21319
41780
44970
15465
50014
24799
5676
26733
18448
40922
14899
39346
44294
55086
3734
50739
20918
14836
49328
10031
27223
45850
28225
56319
42447
53701
26629
22737
42405
33097
25464
20099
55474
7864
53302
23628
55787
18681
20735
25214
28154
20069
50686
32301
19122
37760
33788
20232
40924
18218
55357
22653
57942
14169
19686
3079
36553
11329
7992
6180
44176
48882
44373
18649
55819
38796
10110
11717
20982
19869
56940
30001
36533
8672
11397
24966
52308
53413
4728
16826
47669
49526
46075
13355
18328
29997
50524
8855
48398
22997
58088
9892
24997
31099
14917
58087
54915
25710
10367
42603
27489
30535
35141
11773
42471
3671
31744
25951
7502
24178
57763
15439
36026
33284
9173
49737
13534
20036
38838
24201
36937
10729
14251
24271
40898
49663
9360
43495
52198
58702
30444
14582
11297
45767
7794
41397
58863
13924
51249
46423
57239
42315
39876
37064
13770
36641
18096
10774
52150
39577
44055
12451
56134
25764
5448
34071
11316
15409
18125
17287
50374
40873
15655
27334
27588
8056
31766
19011
20121
25553
9133
45365
16714
36396
23795
49537
15618
23251
38344
49378
17135
28172
49959
7646
38226
47553
15208
21030
32013
7645
26478
10415
