2110
25745
23109
41119
7740
49236
22378
21792
55600
12251
48266
37407
48541
21605
47164
34502
22965
53766
6988
26496
26309
55609
11847
28696
29060
9741
40426
15126
6296
57200
54452
12813
29508
20847
18661
59151
10444
35512
52384
42523
46871
5928
18037
4099
30673
42677
4504
28889
21688
4922
56013
31501
42205
11035
14392
7984
42389
59465
41142
34756
28794
18672
11667
11782
47105
17035
25545
47266
38682
16038
42528
15684
54493
11353
44648
43801
59196
24544
3090
5025
10664
34879
7340
19641
57341
49130
17669
21937
16023
40337
25950
10408
23468
21917
59772
49547
11759
29315
22975
5242
13409
23014
49075
48257
34862
31798
33373
58183
52417
59767
30154
16748
55144
35110
33715
33083
55296
53884
4845
27498
15209
48959
26947
10771
39394
10444
23837
24515
26014
37260
15471
49585
49446
9498
11568
15817
48211
20508
50822
35258
41541
29694
39339
52441
13847
30394
32703
18308
36460
44295
33618
13417
9314
57897
50601
44755
24464
39862
35544
5667
41917
59596
52782
38904
22986
21452
19814
18347
40940
5811
42587
15002
37349
3506
30687
30545
9128
10294
8825
36842
15895
49084
35203
18304
15267
37198
11703
9152
40359
41207
48914
58837
38847
35645
12190
39294
56164
20706
7269
36061
55876
20494
18988
10835
43599
52578
15133
43249
51469
26333
3953
18864
55058
16249
41612
41975
3615
12932
18485
45445
55763
49445
24511
16039
54828
12575
40584
19993
18414
26230
59094
3601
7181
38242
19239
22053
30901
42183
19072
8838
22141
54228
36054
18161
50941
12306
35006
28201
12126
15683
27123
54200
26030
18181
56517
31989
48728
55744
40898
16036
30391
45444
11045
51398
46715
39876
31012
37364
4102
17793
32598
44916
45999
32332
25049
25597
15706
19764
55474
4275
30281
36849
35113
41469
25761
20247
15682
11078
58993
41597
51725
6980
56781
30515
12108
54152
29579
42317
50649
54272
30464
58530
51452
4556
47405
26666
26569
38282
41201
53271
49303
14193
25118
36830
53328
42392
38182
6596
21421
37649
13656
34090
4667
27062
12811
41437
50334
47884
48234
20948
50534
10596
12296
15351
37352
52371
51045
33290
7174
42645
8381
53089
37034
3056
21960
40994
38132
41120
13325
20243
13519
26629
48781
59682
42474
17134
21843
30981
33085
54762
33948
47038
57446
10607
14849
11276
19259
13742
9112
14261
53090
43970
9217
56358
6757
7235
15548
35668
22212
30485
42424
24909
11352
27129
20665
5902
9051
35230
19458
48008
51065
10950
11458
55702
22192
20186
19175
16429
40866
11207
25868
17968
27352
37561
47228
6293
58440
59854
26379
27784
33597
38790
36257
24284
6819
6555
12712
24300
6247
52900
34731
33031
42701
53929
52980
19520
18843
32391
12324
20409
8097
17869
38550
11112
20678
38552
56812
57267
42486
38196
34681
15729
21921
34925
27032
27007
53855
8748
5894
50286
33086
27092
9476
54576
59293
34383
14534
47966
45766
31007
49480
40608
14065
19606
49263
43145
35372
46379
31978
39564
50086
29216
49962
41002
13196
19746
36080
47429
37369
24859
25874
30229
6490
55066
45952
9161
37265
31731
35057
17438
48711
51976
56083
58782
45494
19891
47189
54886
20344
9486
51215
16426
21316
8661
26827
46983
46341
26090
17906
34545
22121
49390
13347
49841
37039
31950
41036
14419
50811
34921
40042
15463
36092
59669
51528
30220
51794
22361
45448
22256
51544
36306
17774
29894
41205
50890
47797
27703
16425
31151
7499
16573
46776
14240
20590
45062
15210
4891
48434
4494
22491
52540
20841
18540
45780
26567
35639
34751
14901
18599
11128
37833
54262
53059
4087
26485
58270
13592
49231
28043
5968
14182
24036
44950
24409
12881
40865
34115
22802
55559
11750
6573
34437
28856
50575
52746
11509
47625
59626
8733
47612
53760
34635
28833
44649
47725
16873
57073
33195
11427
22835
52380
22197
22753
58496
56823
4357
58275
45722
31505
5068
23264
10662
35557
33298
19110
59743
55840
21816
22273
13598
39975
46537
40189
35131
58344
39112
17266
58274
27294
56357
58997
28373
12722
28139
11176
29770
46051
19661
59444
21285
27661
4034
54390
10590
15313
55628
17587
45824
40987
24797
58227
41022
35773
23322
24421
51878
56329
24049
28616
30732
10962
44793
16446
41055
7366
14151
29417
34999
49934
48620
11990
21431
38606
54407
24314
17826
30435
52587
56042
24563
47463
35185
9605
11231
7384
52034
54286
52393
53423
12430
5496
45690
49697
43155
15642
23394
56618
36194
23540
10945
43823
4115
8713
46977
53446
26999
54110
47639
50421
13254
14318
55437
34060
49995
44817
33482
41944
34296
17443
54058
34397
22920
36717
25142
11030
6713
8207
11486
19174
38092
8766
8756
39656
21735
41255
20744
29023
41046
56798
24253
22493
51822
29532
44754
11691
37236
55829
11106
4385
53896
7939
22289
20362
29550
53720
20268
20597
18318
50484
10173
26194
39039
10436
23373
44418
26099
44870
39621
19281
47640
3251
15723
26435
24647
3304
10745
41083
48980
7589
17087
22434
34990
29025
15494
20699
47584
30169
43200
51564
44306
57629
23467
10446
13389
58981
4209
53673
42478
16010
19798
31206
25777
35813
14648
13552
16280
17721
25158
46218
23427
31794
10585
50236
25770
27548
8021
20999
36013
35021
57201
41552
38360
21907
46845
33032
16099
18411
41186
18378
54050
17022
20380
6100
30512
12234
35090
6558
49799
59735
5744
30352
52549
33781
45095
17103
52613
36717
4114
51503
42312
8328
54692
41825
5210
13458
50567
6613
57628
3724
18795
56104
24337
10175
55863
55677
59568
47434
43424
45462
35212
24681
53866
49973
54612
17231
25529
50801
35439
57389
58020
38084
6880
23928
12181
17526
31331
39578
7738
26409
55310
20423
13174
5884
55975
37038
32389
7611
59814
24209
37858
26135
9266
52605
21812
5451
35512
37483
52222
14761
57979
23550
58627
58351
49347
38683
44660
35926
44530
58208
57903
16965
28527
26714
19681
47321
22027
44913
25027
30740
53738
10094
12956
47958
51836
39707
29622
14876
14398
15793
31745
5225
20345
15073
49702
36298
20600
59949
24127
17266
12747
7998
25408
37579
52708
27515
43862
46059
31177
52597
59289
50360
36263
24034
39510
44921
58097
15618
55393
17298
37885
42185
45251
8858
26409
56396
10168
40644
15144
35585
27071
56926
42051
11994
31624
59814
41745
29682
27088
46339
12516
14482
37148
10031
37100
40997
46094
16905
25116
27549
49625
43605
9752
36941
49686
15467
35416
53264
38849
39511
45748
52509
15155
39325
25832
43413
44767
44257
57612
32735
26380
19309
29291
20433
26088
22039
16861
10416
41622
30747
31543
21124
31762
50623
5628
28354
33090
16165
10245
38364
47786
35541
15720
18527
22066
59008
46982
15043
25084
17663
18739
56763
11434
10599
44488
21048
30100
30660
18210
40923
9222
35244
29682
55772
51243
23124
20270
46781
51016
39187
59146
49861
46326
35145
49351
14693
27461
30102
12007
22852
50586
29578
45407
5680
31830
50230
19079
22424
25604
48167
32918
35320
33469
41393
44526
15389
56809
3018
27672
18862
15727
52202
20429
5854
57308
5540
53001
23571
33627
29801
43488
9682
21559
45897
57234
21192
25590
38833
40065
25922
7523
25692
4011
32066
37044
16767
21273
29017
54291
4865
12928
34438
21325
19861
22452
58825
45624
32305
10523
34951
26657
54097
3682
46348
57943
55893
18849
16601
43614
41152
32644
12495
14960
42621
5812
9838
36538
39860
19012
54237
6806
26244
54088
21179
58351
25401
6507
23720
19778
58059
39187
14317
58842
45524
7221
22238
26375
37433
51967
6831
51240
59236
46109
20119
11380
49311
5560
37613
53350
46911
43122
54287
58386
17832
44750
9809
27209
3309
51963
41103
43696
20442
23780
51744
40521
55518
26485
10410
29427
56265
16147
26782
50014
11283
47580
17375
14289
41569
7204
29182
43196
30585
42735
54593
7254
25249
29376
32153
23946
51394
24685
34303
56314
49357
46902
31391
21913
52184
25948
17193
54974
31086
8315
47820
9877
30921
26894
32333
19090
15105
31788
31249
34031
27313
25970
52695
29013
29852
23583
29750
43198
31886
5140
55217
26670
19887
46485
38907
24691
6103
10572
45659
12227
31236
34213
34280
4486
45945
43746
23404
59375
46693
40850
35627
18546
46487
54122
33523
33484
58482
47201
19370
40901
47605
13826
8131
24011
51763
10067
52904
42516
56774
12297
13435
46783
9356
54515
20309
20297
53944
17224
48090
48110
48735
6419
9023
42606
43431
23772
35880
25254
47003
27797
7115
22183
8167
48976
32467
34582
31465
23884
18335
32039
48358
29203
11382
55687
14398
19346
47987
41560
24030
21411
29083
31308
39103
40852
59781
31220
45039
18170
24579
6539
18463
38954
21048
57385
28956
8512
51925
54662
40312
54758
27692
3419
5968
17699
32371
34172
22079
51181
6890
57217
28038
39519
18712
22043
12107
29784
59439
35806
10413
12672
14975
20098
17140
15763
33137
32572
14965
16315
39506
36283
24562
40283
22666
37099
56837
40009
51367
49891
36428
18514
6800
55870
3564
36592
59337
43634
17006
12160
58976
11555
37929
51249
47303
25760
29077
31791
12281
48627
27941
44283
29092
18250
43818
27626
28657
9269
55745
22370
37807
43520
49685
52934
46246
29829
30394
38164
41904
15161
19393
39511
51329
20621
9357
21652
54926
3102
7134
39460
16709
24468
4028
43364
55784
48407
26828
35732
18136
7947
14940
5860
26862
29250
31398
36426
47362
31540
41102
4324
19567
18009
48879
58073
22025
45284
36886
50465
39356
29585
34519
14475
49279
30579
42366
48640
39288
52138
22379
6579
54329
56650
5963
34506
24337
19952
29145
27540
41798
40199
10182
36184
54488
31261
28769
25527
30822
17714
33094
59762
29784
11583
4212
8948
28768
24556
50032
43518
59176
28027
46653
6551
25528
9342
52488
56144
25364
40490
12535
21615
39720
24193
35659
22142
19999
38139
50830
30531
14507
57236
16165
48242
39538
3728
9688
21983
22693
26169
3816
28795
3124
13027
9421
16411
47032
41681
58388
24701
23209
30281
31670
3303
13587
37432
21802
8804
49060
35091
9424
17710
31782
9118
5543
20346
52371
26376
15879
4702
34257
52282
59065
3796
36038
5823
16042
22260
3768
5442
39040
19003
14284
16192
22717
29523
59686
20971
34917
26967
34499
40511
53225
37827
51178
7436
13674
14911
37374
49287
33009
22766
8189
40639
22791
6400
3370
9624
15088
39956
14366
35568
39658
11000
55939
25894
13296
56322
30883
38248
5932
29469
43694
22798
7078
4402
47076
37177
44833
17113
36626
32736
20897
54373
4091
52937
40731
3074
29731
38890
34515
8487
22382
40002
34561
16517
44897
46547
48894
32212
46594
26542
7555
26889
39520
53975
22546
46569
28050
36914
55939
37785
53569
26728
13628
29082
26723
50246
17249
30404
22358
6141
19777
38457
46051
3412
40575
43134
49866
42661
26546
38082
17959
43013
27022
12040
40259
5622
52359
4483
37064
14364
34512
50032
59456
36424
10819
37837
40985
9146
55046
38956
10320
55683
19548
10185
22619
49424
27569
30696
32117
13306
17513
12058
47636
7558
54247
5788
28175
8346
8363
52047
54278
27456
34703
54333
43002
30693
45336
6876
28286
28514
8418
59659
47316
43624
49148
6738
27385
9971
16495
27759
33784
58954
33535
13826
28166
24000
34863
44153
35244
25725
35864
22740
16196
27761
5127
12628
44832
29080
4859
46225
36737
45215
47833
6102
45280
19264
6494
5194
48317
53145
26803
31307
33361
35256
54086
50582
14149
36350
29422
55467
38880
26572
43368
44470
34708
50289
51826
41131
21952
24871
27206
43056
40919
14957
8365
50477
7259
23995
11841
51459
32545
5567
44571
13090
30916
14301
59541
14100
7466
48102
42240
57690
25681
35217
58088
49157
21929
21175
34125
22429
23246
32607
9121
44181
41636
12170
48212
19829
46805
36998
23913
38818
12919
3317
47283
51639
16696
8144
50184
46890
25902
16746
15771
26077
15316
50390
30016
37569
9624
34456
8187
36244
46302
3950
17447
19857
30385
59587
26353
32048
36647
57895
52686
56148
28468
13159
26574
22343
24435
46940
33743
14169
32640
53959
41332
25944
6989
44160
21331
19603
56963
52959
31606
19410
32622
53294
26298
26764
13757
58249
44551
49174
27704
18094
43414
45983
25214
23606
15071
27307
48925
50321
12435
43146
44617
43561
35260
6339
48392
5690
31041
32249
50532
26772
15676
21585
20244
41996
20127
19875
12772
42807
45660
38610
27155
25658
50928
27149
40662
54586
10314
42688
4614
28349
9160
15307
54681
59241
59836
27279
23526
43756
48458
7791
11736
53986
22656
48408
6207
3832
12393
38711
37856
42370
47471
17360
51726
8191
14454
49777
54167
50123
25962
23255
17410
40358
55771
40669
53794
35483
8659
11168
40844
7273
44882
39892
33900
47157
3833
39854
15582
50139
55219
21342
56823
45968
37675
31487
19093
35194
24832
50917
30355
35949
17383
47001
17759
8001
4934
40130
54689
22579
26711
46072
40495
30206
8744
35799
55471
40954
50460
10889
51262
19908
40062
3978
26498
56534
54776
36702
5196
58374
59426
32355
24730
38335
18654
6644
43144
13014
3744
24199
21088
31461
11237
22891
38568
12398
33120
14134
15623
53504
18886
57769
22872
31674
49108
53436
12584
48573
58287
30644
31019
13128
55546
40777
5698
36028
19396
8353
44277
44951
25142
19715
30401
19039
39589
42843
13867
48708
39886
54916
13057
13878
34220
24546
48425
31124
18386
8131
4990
42098
23640
29039
55224
36007
53330
9901
33958
25838
37057
34109
23184
52026
15397
44362
47304
17812
47601
30722
