696
50483
43704
51479
37291
8874
24021
26598
42099
47715
38647
22377
51299
12523
12966
38753
24177
58412
40910
3813
6340
27320
27561
23124
42699
44437
30228
10225
17440
43306
12617
9282
31537
8423
8437
10688
20361
49423
13744
6762
36968
42452
19420
14496
43686
35736
42388
14112
44518
51041
42849
30758
32145
22965
21537
32867
17982
50177
53887
40680
36125
27584
15466
56426
35290
28756
30062
54205
14237
28568
43337
4066
56802
32066
49386
29932
36128
26545
39709
43609
18966
31590
40141
23298
12160
15499
16793
24605
3014
40918
40441
9907
16845
39812
11073
3616
57798
52199
48529
39306
21309
21747
43987
22133
38026
10217
25198
34150
33242
25190
8707
56482
56720
52708
27352
36792
34883
7133
7797
56451
10394
49749
51606
17098
19193
16901
48706
42592
32883
35015
27651
30842
53858
19348
19574
16432
4171
40207
16608
51929
6261
51937
37162
20706
31297
19100
46355
44227
4818
27507
22689
58763
23256
54298
27947
46192
27447
14108
17425
36862
23030
36062
23175
4842
30158
7256
57322
19617
39489
17661
46659
32645
56769
46402
57820
16872
43158
23529
10575
30118
54847
30532
7593
47718
33863
11436
19330
43444
21403
46067
11500
59564
54698
28649
44784
46983
22698
23589
34483
7501
22691
21294
24570
31530
52597
30055
25880
51106
35296
50667
34496
37587
35455
40203
26059
33984
35028
40016
33513
48750
39357
22043
7488
54111
8256
19606
46625
38135
28792
42783
13468
13591
15442
48741
23773
36670
54919
6078
57720
27250
24408
53365
39592
4819
30221
39740
25312
14574
11350
26797
42289
9417
15425
59117
20312
49499
35649
45309
24443
20542
4626
49862
53315
12028
53828
9056
44540
20755
14410
30109
37425
35727
30951
12564
39792
16893
47303
39249
9784
50799
19949
15287
5305
14535
45453
43879
38372
34654
24209
27238
51538
8532
56250
41513
41947
20011
5981
57883
4277
11844
44581
43970
19664
38576
24225
30516
15961
35520
21808
33595
19526
5826
55440
38493
51704
13812
35531
17608
5572
36830
3647
42032
14054
15931
26263
14802
30969
10066
36894
11110
33891
26037
26459
48223
57562
10941
15258
42264
19128
17382
57310
54103
10974
26374
24646
24040
4328
41467
40710
11532
35252
39529
18251
50262
32290
8593
21869
32609
23022
54032
14778
57293
25059
32453
23515
55210
44379
6482
24653
49173
29888
27490
46787
20799
18783
28282
23609
28109
33092
36565
31364
26834
21752
53983
54112
58756
36739
29766
56305
53557
59542
58761
48941
9554
29778
34453
23266
25602
10631
12115
46956
34559
18332
42368
45787
18652
9501
36300
54128
53407
55829
19130
44591
13173
9246
19459
51884
3245
10234
39697
22339
44616
7396
38244
21211
17410
55245
44140
8138
3699
52956
41834
5356
6192
40015
33747
21653
8573
25086
9850
8477
9027
56602
11202
23869
43817
27087
50008
23671
36374
55091
23394
50309
8196
52677
5863
15283
37501
54156
46166
45862
3388
57086
21240
55410
11198
29330
21182
13599
46688
8479
54855
24891
43543
36162
34556
21219
12679
7448
49728
59893
42285
57540
18821
47060
14350
11082
14471
48546
13072
37528
11664
12085
28108
55894
55093
24500
49812
34029
25889
44211
52808
34464
19888
19215
35488
49332
53154
33420
55283
3792
27327
58769
6550
21971
47374
44667
52294
16488
49547
42246
14012
36125
42064
46632
34199
13095
19327
4846
27663
44014
41602
23959
12468
55183
41351
21886
6246
15603
16201
43406
15478
42368
6692
8288
7126
13462
4649
53709
7891
19914
54783
25548
35738
51146
24916
5331
50201
59551
32786
38792
3980
25527
45856
37975
44592
25367
58905
27979
34127
52869
10337
58121
54391
43059
29013
27943
9620
10185
46397
55249
53144
28084
49788
4065
8177
29507
45317
25378
4024
43997
14716
56313
58833
54148
47172
25249
38171
35173
32997
23657
18437
14048
53073
57417
11728
11810
3911
3675
39129
20514
7273
50444
21958
3105
36596
48228
44020
14167
59434
56320
34885
41428
3289
4297
32551
51186
39595
23153
18594
53081
20614
28411
51614
56756
57991
17206
25695
50991
7522
53017
10789
6743
12206
58144
41934
30404
20961
19783
54317
13727
18807
21514
9643
42671
22017
11709
24393
10542
50357
19191
34036
45856
38962
7704
37630
41272
23495
56846
9499
33279
52773
33169
17335
40407
37971
9198
40153
43101
4807
57390
59517
12736
12545
54166
38908
35529
11415
30338
46291
50967
17946
37651
40133
9671
16354
33725
