300
24509
37855
51000
4407
38326
42220
27674
24483
3844
23071
45895
39971
6535
21257
8328
22621
7185
12086
38789
13414
50693
25985
5175
21323
3294
38320
9519
10083
28683
9273
53517
25052
17405
56482
12894
26085
12074
54450
58511
22338
15540
47292
13046
19205
5497
55863
48134
50910
43095
45393
36248
6553
26810
28086
31973
3166
14295
37272
8441
35043
9239
57397
11805
10950
55004
7941
48469
59717
21675
36015
12930
10244
33644
52194
46065
26157
11949
45488
44319
18522
10529
51278
8889
25776
9287
53158
46761
59761
27656
14865
46795
6879
33468
3793
10637
7596
20422
45513
16647
33916
11938
53806
18451
9780
3205
30050
11056
50007
33567
3673
23499
32272
32075
7370
45352
14973
17193
31417
7132
4711
34056
53678
7387
40724
54913
35672
54389
53622
58256
44118
12976
31732
40167
5354
22890
56188
50182
45010
45737
35202
19750
32309
43020
52704
52157
34633
57179
48422
37814
10801
33506
36600
20692
25654
22944
15052
25194
5748
15895
34895
10022
47623
12109
7957
20545
25518
57338
26343
41999
6853
43110
32449
41732
11362
59632
23334
43498
9429
31295
40286
8413
41031
11880
39418
54023
27463
34645
18059
44040
19004
11437
20733
51274
39029
16999
34550
47668
57532
54795
8883
48838
15810
25063
33797
40166
6905
16271
46244
25036
36379
24810
36144
45140
20181
39714
45821
36348
48728
19300
46377
12171
46435
18298
54109
3765
20611
39613
50543
43568
41689
57306
21803
5966
24140
6991
34500
53205
16721
43468
14898
45851
18503
30645
4436
24516
13509
28398
30611
18395
36931
11893
3657
52892
43791
45043
24400
8412
42430
50936
46537
20457
39453
3026
25677
16327
35794
13414
20278
42529
57337
20921
7397
51460
4549
10577
13299
41992
20330
16402
15435
46190
14308
34711
41868
17842
47372
23210
31834
29611
56925
23434
18657
23758
57756
26761
17463
52665
14677
27352
25401
