969
13664
46271
5471
30014
52713
54196
17368
26206
46141
50467
53651
47201
17316
8172
6616
42183
9962
16594
43614
35027
7092
34408
3766
31700
30102
3141
59795
14818
38158
47889
14983
21970
17098
54121
38013
35544
24629
23879
27326
49599
21651
31616
48144
57046
30352
31291
50085
17108
17338
56980
30143
40434
40199
27955
5293
5241
4557
5953
48955
11823
51400
26138
57083
18215
51265
29049
29447
49398
46829
39762
12807
44472
14786
40890
57232
53966
50908
20546
49999
17716
28919
38691
25916
39963
39625
22964
59263
3313
58449
40843
21840
58694
28585
17904
31901
13372
30639
46846
23962
40772
24694
53129
5007
9497
25418
41023
46917
6858
3404
44768
10278
33094
18645
31092
10804
18589
8154
11089
6319
4788
44224
55115
55725
21741
38675
10391
49086
7977
13305
50784
48993
27620
46200
9466
29153
25921
25739
13639
11129
26908
49626
58493
52012
42663
58706
47924
29272
56903
22535
13095
13479
24461
35541
53861
32197
43930
49802
53325
4965
39524
34106
49439
16312
5745
46658
32356
53544
56178
23605
32705
20288
22820
3075
27984
54918
35401
20131
6122
56475
12948
52520
24137
27309
50978
14863
19754
26562
25632
39256
34265
53010
39218
12157
36450
58901
20278
24644
16464
55774
6265
21200
17061
34385
28708
31913
29792
38062
28055
25640
50471
58410
19157
54913
29675
51198
22768
51905
6530
50861
40099
32791
50528
58406
18782
48416
32102
56213
39274
8803
54809
44801
18098
35284
46938
8877
54754
17538
26113
48029
44593
29019
21024
8066
22914
10151
28761
11973
9411
31498
28023
15508
19949
35361
4607
7887
54481
25690
59510
14466
59739
54963
46096
46437
48348
25223
24056
55005
4269
52275
4088
54129
33360
34606
44236
12265
22713
25413
33164
13658
10382
50541
29019
23761
14850
53140
50377
12927
33166
43772
59759
57526
47336
16420
25787
42175
58181
31199
38969
42671
37216
18730
46832
16090
4748
19419
42473
52581
10420
22733
22932
23251
26051
30793
52416
9983
51472
28153
36889
16422
58993
14664
22644
39597
16232
40967
26626
17324
16550
11255
50395
45598
30170
16468
5440
14095
4794
7052
34745
13402
52612
38477
15074
17565
9267
23673
26189
33755
32779
25251
48925
21238
5233
49615
22621
20885
43005
55863
56366
50112
53596
8098
10734
3274
56110
25886
14927
32565
7770
48569
49220
4561
52249
41669
11335
20358
50624
33606
9460
38911
55776
46301
50185
27876
20034
23695
51204
46087
38900
5498
45179
28855
46067
56752
13960
37818
36077
46160
58654
31852
30534
19297
57847
30600
42811
18948
24892
31332
16559
56698
4532
17852
56181
33759
53621
36634
8718
23840
41928
42345
14388
35882
12467
29497
13793
16845
11495
20588
28482
29050
32934
58752
22218
30460
47549
12758
57848
38662
29580
29032
30090
52691
15476
22714
44719
20826
5460
5764
14326
41663
7684
55812
34150
28969
6742
44784
21394
46593
21686
7125
11948
38044
40161
13004
39462
33170
46911
35218
44040
21601
26731
23973
35594
30633
18790
23938
29413
12734
13907
47761
57387
17042
3194
34235
43732
30204
44561
46582
20411
12093
17413
37977
53604
43395
5676
25109
5398
50403
12688
57860
40666
14040
45986
33464
29489
44057
7816
5413
5914
33223
7550
31272
4011
5626
29327
20923
15655
36015
57104
8607
29392
11628
20205
19061
5670
52001
27099
43258
59473
7209
16784
27157
8036
27039
57426
55364
55071
14536
26486
3528
59801
20719
53001
24378
10781
4147
31874
27622
36412
54932
33540
6243
16215
15247
3091
35166
18499
59919
26929
34254
12522
54972
19151
25531
21680
50951
16780
20678
50958
57649
12319
13657
42420
56582
13519
9124
35212
46744
50805
53721
23329
21561
9907
24622
28546
50640
19938
34876
58353
53075
59737
3465
57214
17247
56726
12418
14858
54244
7489
8424
51852
8952
22635
39322
24890
9569
23401
3924
22110
53615
12909
32700
32244
37508
56928
23196
47743
57991
48537
27603
20873
16279
13009
55905
24281
41827
34675
30204
45644
57290
24697
11437
33876
12885
45292
52056
56209
26453
47174
47078
28585
37299
42396
52982
44083
43678
22867
36583
18202
31538
18191
42370
4023
19833
33692
27414
34682
55088
36290
17195
20746
31353
59723
49561
53854
3399
6537
39353
32534
16403
5795
12818
36172
10506
55542
42417
52111
46850
39005
23554
42068
50897
7483
47225
56587
18308
50772
53912
30129
21472
35193
17986
58696
48992
6551
7427
7903
56180
46676
42659
3917
36109
4089
7625
51967
26317
24970
10055
13020
5733
14619
14114
14408
18475
28265
29968
54459
30521
58063
59843
27083
21540
3874
7321
38045
49217
45038
9472
34996
35337
50244
3194
47618
20270
37765
24419
12734
8966
54653
50168
12415
30154
20801
25071
39576
22174
45227
58114
28614
53815
28294
59170
23820
41723
47554
9733
36360
31621
55253
26241
44201
11381
23258
7284
31334
21890
49761
12502
45540
45381
46106
32219
23767
25389
8403
16394
29175
58283
32290
41293
10880
28773
40297
4629
4733
25706
52745
23135
49230
18530
58632
7820
50878
28814
16290
52363
30076
34005
19848
10007
45563
57817
51043
22198
33894
18940
51726
29514
16289
36677
28021
35546
20011
26013
52791
41994
49159
10520
19759
4369
33045
48179
59880
50292
34866
39918
22680
22606
42746
24627
22879
55332
12112
32261
28360
34646
25805
39277
45551
34674
20772
28212
57235
22334
48302
11343
19828
34234
55094
57954
28750
31558
15399
44754
52466
42272
43120
25221
58394
50785
13422
19001
43160
23311
8388
37004
13362
24362
18510
23962
16088
9192
46806
36374
51728
38725
57155
7139
55144
38948
45746
53990
27100
38532
14731
21775
44534
19374
23094
52443
15078
37676
25404
23066
57357
41163
21743
19261
39252
36976
3559
58697
9412
56420
40038
19560
12352
41640
33392
10067
53603
25285
3446
9629
39235
37793
27304
51947
7389
57891
45971
55324
19007
7637
3278
12278
45261
44668
50393
16089
6649
47193
13694
59576
11262
3467
4065
31853
59874
20078
51828
59736
24964
37847
18881
50539
44266
37189
34916
53086
50322
39658
21203
52100
32733
50115
16177
29900
43804
50736
57480
46567
26387
21762
45384
52184
18870
24270
4707
15416
