1833
8113
32665
45750
45588
53079
48406
59722
31307
26848
22500
35556
35544
23264
51009
35685
39417
22860
20200
31821
43217
55122
38186
15090
18882
8532
23186
59713
15187
40624
23830
11381
7450
22158
18351
38786
21860
13637
39323
11035
36866
39594
58893
9335
47724
49712
41816
20829
57796
37112
6319
31579
27965
5108
57993
23656
6462
45392
23200
45450
18435
53672
54018
58685
9486
40735
4692
30587
51632
59542
20851
24553
45941
20556
22137
35991
5913
29282
46972
10749
9287
54587
11303
27059
16695
47096
24702
41178
36270
38987
47690
33799
40623
8225
50174
32896
31285
5176
27258
20051
3950
43742
36278
47337
44139
46640
44024
16072
9589
57856
4423
52825
23398
47422
52506
23116
13219
5483
11100
20213
52116
22217
33045
50452
31633
19737
5274
18387
33491
28310
10740
59148
8093
31937
41599
23542
36064
34841
43405
36912
45424
56663
43364
45227
42352
3343
55790
28770
41903
28930
38627
57257
56926
13829
17679
59518
39727
45304
13306
36666
14515
44809
28170
25245
30283
25938
19537
21340
36255
31161
21405
30061
27846
22958
19917
27407
29262
43919
53023
27729
6063
5974
46009
57890
4264
16247
15365
41328
34309
49164
57250
54178
17516
11479
27349
6885
52640
49088
12010
24441
17466
16657
14307
45292
41250
52870
29267
4222
16317
35317
13973
29286
26013
32412
34969
30315
12457
39197
16450
58212
44375
31936
15061
30751
17500
55482
8422
55635
7523
13770
26624
20925
55416
41777
53075
17713
40899
35361
9332
39843
4659
29323
57693
52569
26577
10535
37012
24702
41499
47880
21073
11781
47460
47024
41688
56829
47367
26390
3754
4623
25713
30395
33061
31747
47097
14607
22401
44338
3982
35011
50767
23923
33474
27961
43753
15046
43643
9974
48152
17989
4619
9083
43231
34048
30017
52606
10865
8256
49728
27332
15201
21850
56289
17965
25854
20613
22029
37584
27885
50413
3940
37427
18295
21803
8555
22359
32933
36505
28415
39376
56780
30836
44469
24557
32332
23297
41544
52224
32132
15079
24528
19672
52539
11146
6855
46781
31834
10982
58035
58921
15245
18273
57768
31948
4849
16516
23550
35212
32606
54398
38767
56637
36579
17328
18552
41547
48927
20964
52539
56214
32263
17802
55993
12419
22497
45739
32793
46264
17517
46220
6076
59388
17646
20958
51035
51521
58268
37422
54250
22476
50198
24283
9736
23275
22108
35568
23509
12406
25264
10022
4258
54083
24220
16050
47967
26804
58074
57001
12805
52490
55553
36473
29460
28806
7599
41889
4635
49327
28076
26322
54574
31411
20193
16521
24789
40164
19199
16179
52738
13202
25112
50488
5759
40600
25108
11534
17472
26887
3987
50596
45426
56417
16984
31207
45955
16992
47907
5500
4736
23491
35053
55969
36092
20421
33583
49431
40606
4964
10686
28663
33623
37233
56303
31093
56388
37725
25156
6110
11243
54936
8762
15997
36809
51737
8068
46703
20859
39520
39100
33752
44967
19868
45557
22516
18451
12193
10291
53840
59726
53247
56312
47076
43270
48531
38332
52291
54648
49605
42369
9441
59521
18275
26589
35978
57447
58957
30305
22745
11856
23826
40254
39832
18552
51392
58343
16613
41249
32753
24665
43677
15500
5153
17303
42745
3642
7944
23095
22879
50138
6857
7298
22881
47380
48099
48567
29077
51354
42748
56226
14916
57155
27747
11572
21675
42673
32528
35333
41885
55591
11289
22669
54411
14511
22962
23303
53342
41532
58247
32941
7924
51905
21105
5664
46568
9383
4299
18269
40786
49481
11214
36320
32114
32274
27253
27971
19414
31466
23316
28948
13434
41434
59667
16699
6336
23677
41907
12543
53889
14332
16340
43981
8926
19913
44871
56318
14010
31564
10129
5361
29849
34541
6623
21099
23149
42384
57845
47616
59765
49402
32965
6801
30652
13316
3786
12277
59849
50763
14476
8889
43155
39992
19513
23532
51476
17367
22425
29916
26274
54811
25345
37722
50876
20446
44749
17248
43947
16588
17701
14505
57101
18703
17632
57423
27718
13982
12069
22116
12670
13972
20715
58213
32976
54528
7949
42331
30339
15757
32366
54345
8236
7143
7700
18754
40667
35111
5826
19124
59431
23580
25154
6879
24175
56967
3240
9047
35837
16527
17836
3145
23265
15160
44070
11283
22582
44785
50868
44819
7318
17422
37952
53453
26810
32762
26161
26408
58584
56889
25461
4059
23866
17168
36968
36920
16030
20138
15899
24875
45134
12528
39708
10537
59483
37847
56447
32422
9426
14868
24857
11868
23420
3363
9716
52704
45611
49130
6234
35495
55889
57119
44559
44696
11930
45412
11769
31954
23871
27893
58375
20347
42730
59168
37241
21773
28307
41679
19812
3458
54713
40130
9466
26576
52031
14073
32657
6732
30239
50229
36178
36761
31100
50215
59512
52123
50841
3474
36585
8121
41075
40573
44474
24744
14260
53461
6023
25343
40591
12741
33133
45339
45825
47644
56170
36787
20179
50970
4899
33127
48892
17141
29879
17631
19230
58615
35525
44563
39381
22610
33528
49714
10907
36990
57716
25296
33709
9382
12723
20287
52603
35045
16521
8770
42433
44980
44229
38330
30409
23218
34245
3745
28571
11573
10459
54477
37763
11241
51682
51263
15763
57633
7666
34694
44628
4387
26486
20265
33228
14144
53614
46618
12908
4983
52017
49326
31342
30533
37681
23074
24973
22467
47251
42957
6446
16022
36545
26757
47656
48898
5540
44638
56740
50440
3734
38154
19290
9332
30040
9459
45607
19876
11131
32155
20352
26870
22025
37636
32280
17226
14873
19410
26327
17349
28167
6643
8907
23723
36813
30159
49073
54037
57000
57378
42919
32477
43731
24953
45671
28198
45683
7533
30755
19238
31608
46732
59881
41758
8714
23009
23134
5925
17302
32143
15931
38013
56112
17154
11629
47349
58708
39536
48508
49116
7446
47022
59410
57978
9961
21887
21689
42547
22373
30729
45617
30860
51600
20641
23602
10735
6884
54790
12343
4579
44785
56325
39552
7097
56988
13696
27691
55335
53965
24581
19959
37880
35813
30102
36653
29027
28873
21396
17143
56428
21518
55192
42053
50775
33163
9332
37501
22003
53035
57078
26273
39191
32101
47458
13776
57460
12150
10204
11379
20505
30795
20075
24361
29569
29000
12375
4428
43227
42551
43369
4373
25101
41904
29269
58243
18983
20090
15279
23562
51991
18812
8486
16693
18582
23172
14823
19033
4619
23572
34773
26252
8698
20618
32085
30198
59051
53122
44606
7180
59395
34818
41721
51253
5995
58987
21745
53610
37233
18019
8086
3916
22372
15518
34786
14680
25398
54347
19387
55308
42611
42777
25205
56979
40384
13609
30967
13717
26913
13819
22083
30519
46132
24931
3877
34821
25028
36916
19241
11998
21258
37124
26429
10669
29439
45763
47249
22344
22331
32408
51195
7680
35862
52028
27123
12094
49932
17089
6527
3341
54806
29378
16106
20953
30000
48560
10643
5072
39041
24972
28203
30107
12031
51283
36649
25054
46914
51882
21673
15663
5110
35709
18077
48371
26207
25652
41127
3722
19049
20447
11049
47018
22292
18159
15108
48649
13822
9672
19412
39370
30307
34550
59203
31527
58823
34336
46601
17915
49382
21637
20310
10612
14342
31612
21669
49298
8918
21286
14331
7503
49167
9242
9775
3913
46335
56454
49288
5775
19751
34021
20663
10361
18044
44736
20995
28226
55154
33218
55317
42523
52336
36223
26334
42199
27295
55121
26262
48518
26283
15841
33655
23767
3410
30425
27036
43753
13333
41526
42619
24585
7032
39723
56642
27062
57037
46924
11841
39677
18203
51122
53982
30029
57908
47223
32388
57434
12188
4048
27747
52295
30561
23485
32115
52790
53808
43296
49394
52306
6763
47985
31848
58183
43970
41827
20598
5778
11548
54787
14879
4314
57623
21576
7517
34505
59860
38520
37144
52028
10665
59262
54966
18171
33007
18597
56244
35064
38790
58671
51058
53557
57204
43111
12621
52614
16287
42597
32661
4047
59985
38910
58681
44197
44457
38584
32063
13585
19917
10513
8263
30652
34184
17377
57462
49500
55481
11721
7195
57285
29789
11643
36590
42359
44719
13610
42192
12451
31145
35642
11637
41874
12278
49645
59161
31710
56165
18169
7455
50949
3759
46409
46816
36421
5932
46860
13751
22069
19428
58860
41883
54836
54252
26272
6164
44671
54072
23796
3809
31112
12004
17400
10926
53488
11215
28415
59799
24657
57763
15701
24124
25766
52530
59170
36020
12128
39122
10311
51124
3217
19207
58085
7164
6601
19247
29098
53214
36410
50057
13917
9451
55307
43174
13994
4750
23414
3779
41012
40012
17056
48429
10998
35988
30621
39230
14216
22884
54924
12313
8211
27618
51916
50936
59764
24548
41505
42725
20416
7722
12194
34680
29876
53622
10667
13999
14426
19416
37187
4773
9047
42695
47892
37517
45845
24855
5752
57699
26042
58021
38913
44466
15167
37137
15428
25190
45913
47589
47440
11493
53103
47730
23385
24726
24197
18542
10026
21278
40609
39422
46832
34299
50028
17479
11372
42451
58820
47543
42340
28307
22934
15251
45212
25343
39788
24010
14436
14650
20878
21798
35878
13795
30294
7431
57107
52474
58001
3418
49043
51180
37886
35164
9986
16119
18472
12355
27462
28880
41289
35942
9171
55813
19929
21810
5197
27356
28359
39835
35271
39890
32072
28545
47822
44048
50951
41670
49678
47848
7848
32637
48081
34165
7944
54245
30048
4827
15996
39840
23579
53229
6664
46522
57821
45384
41109
38329
51587
19689
44411
10679
15294
46741
26399
50889
50213
26539
43846
29779
58679
13989
41452
44946
51585
51609
40906
13057
39145
13655
57817
38956
34355
23446
7878
22677
34628
35981
45321
9163
40349
41594
37558
31493
25605
14074
30083
9810
17156
55010
52910
47207
23145
12195
7159
36468
29718
3556
32982
26860
30534
33634
48536
7661
32648
51706
52875
14422
58584
48529
12530
5662
35624
21529
6367
38597
25636
57728
44741
18567
33976
20512
33475
6647
39160
32940
19239
12346
10572
30823
47004
56563
31734
36102
54165
17300
56669
53037
7844
16912
12099
43755
9791
31518
39311
54567
51096
6238
55062
55087
5117
25023
30310
12777
47171
17580
20780
22884
41923
54424
48372
3713
41379
27356
30834
46266
38534
54742
8516
36304
35084
49114
39274
53416
26721
45303
37515
55634
55290
45423
4386
19623
7469
23681
37534
53072
29325
48128
32133
26082
24123
4772
10003
10498
41454
39655
13503
45814
15757
53603
30967
16640
14917
44534
46459
41484
43867
18320
54621
28817
50812
56861
22596
17239
54613
52705
58402
36793
55615
55415
37997
14179
40846
30757
32968
20800
51765
41443
14867
47185
26955
48951
45205
30085
3787
36622
27683
42513
52009
3110
10148
8401
22251
38065
17651
10653
52118
26139
27126
57968
33711
15613
5185
51669
7780
3624
15402
6760
12128
36178
47731
50175
3712
24393
18653
34236
18004
17190
47010
53699
3979
44334
41250
42231
30776
11883
14093
17883
49729
39997
36877
9545
49285
56802
23847
14883
22019
51741
34809
45783
8263
56386
29168
51669
32307
55924
15119
34467
6655
37912
39808
56474
54938
19624
58449
37382
42234
38374
40279
51728
17948
20149
36260
31699
35154
5620
16170
46768
6970
44964
34393
25345
39149
51279
16053
24264
59754
13597
24894
32092
12117
30839
6579
45811
42226
30433
5140
46499
21388
8007
29257
9477
14943
56375
9177
20938
44951
40828
35525
45149
46821
58396
38384
46057
48035
6509
59799
28473
10699
37161
48187
3821
36109
57236
38411
38359
15094
57560
19923
24410
10707
18629
49778
54372
46352
21048
9177
20278
18356
21933
14956
43547
56805
17781
29262
20759
56291
27831
18878
39560
7397
54661
5451
49141
55374
48316
32528
43727
25390
33455
28470
54629
3514
51038
39781
47822
43108
4626
18461
34725
35436
33037
19128
3925
50416
53853
41091
24004
53215
