1142
32471
32574
33331
54497
59474
14788
37758
29306
11829
19485
59741
49179
4167
8933
31751
19019
34532
23636
45673
45677
44959
55988
23353
8824
39168
3784
13729
26092
8247
29443
55018
42232
55082
36002
32658
17651
40256
27178
58454
7473
54265
3337
15044
27527
20778
8534
19613
47963
49406
52379
7063
51940
49662
5955
26047
42216
54059
17575
42335
31885
14296
7122
19499
5067
35598
18034
47561
5570
54580
30013
5057
24971
58033
50713
41603
36426
25239
8216
50178
34690
45062
44548
57865
52484
29819
11699
56460
33714
25131
48283
42809
20912
38641
14011
40751
50405
16883
54338
21993
21857
46862
38031
28141
59738
5414
50151
44383
46859
39946
38102
33222
27894
56574
47935
3859
36872
55346
7551
24342
37525
49269
9221
4894
14850
15450
53949
39283
39734
51553
27475
39327
20411
56518
31197
37678
27342
31376
35965
46687
45468
38537
11340
32232
48663
58991
39501
54861
11919
53705
18920
33838
57516
14108
17982
18635
41896
17052
7046
21261
49278
16398
9441
22925
48192
23410
57754
29545
25620
3410
35530
19864
34651
58810
59922
15338
48965
8403
28888
13791
38577
54698
55332
21873
8441
51797
39738
29500
56093
8904
45950
22126
33256
30414
33867
59934
34894
5294
39935
11457
27843
26248
53463
14240
16134
49012
54697
50398
4588
11072
41236
52532
57977
31072
13490
25051
55906
11413
47956
31289
8411
41029
22550
19689
34966
7387
5701
4720
14248
37327
33056
5822
49828
37526
8932
29037
28686
9339
16651
41686
28592
49770
45689
56663
47538
12134
15197
7565
19964
37350
48994
42598
36703
4273
35624
53538
24122
37053
59774
54857
35735
46986
42611
47630
59746
8327
13000
29663
45359
21651
10450
17644
8715
36392
57798
20543
59996
24005
15735
42426
43934
11147
4688
23690
23112
22603
4491
8958
54717
20273
57825
40126
11590
28938
33851
12599
41215
50929
4266
40552
14125
42030
9864
48162
27862
16041
18550
52135
33634
4283
41692
9309
38415
57995
29480
46336
18579
21413
42569
58711
7609
16375
7671
6862
3087
58938
26579
52582
5851
48210
28133
28565
58741
37909
53441
45908
52601
31640
46599
49165
26871
50383
28707
17358
47131
25979
6891
17343
22507
18433
23727
7877
20076
43076
57212
39781
11868
36695
46797
49687
40997
21220
15941
50026
15809
31623
18472
10683
38405
29450
59226
17291
57533
35710
21476
5677
36056
31443
19026
17819
16677
16021
37496
33636
49492
10774
35299
56659
54669
54037
29019
13866
32937
10453
26527
56757
39066
51595
31882
42147
18591
49558
6817
46372
48803
24841
4376
45612
54902
30698
6605
29234
48161
31667
43167
6082
49888
54389
32119
9474
9144
33559
28627
37811
26820
47490
58732
15523
5221
52026
50567
36004
36775
49547
5739
41416
43632
50717
20060
36611
56695
3273
46990
38779
46773
12860
9423
37462
22895
53081
29174
45708
50674
51078
25111
14223
32707
16057
29284
36057
52978
16560
44810
28789
38809
26847
52758
20233
4541
39859
4593
51168
55313
5494
37283
35832
13018
34258
52188
58054
53907
34320
6092
4968
7185
14568
10003
42031
51826
30723
8454
21076
17454
26225
29488
49160
12279
15011
50204
39991
23908
7401
57804
18008
49100
52087
55534
32104
31799
49808
28750
47855
35578
41526
43177
3619
6586
15542
50004
8046
17340
54833
44628
28266
38344
12465
9782
31199
38612
21989
18134
40644
58660
33127
37566
33247
58812
6134
30085
58059
52433
28762
35447
7253
10460
45232
58213
4199
18412
20367
34693
14637
14849
26270
18061
25200
23764
8230
10702
28439
52781
30232
6080
21168
44372
9718
10265
22243
45752
41801
37737
27047
14815
16877
25148
17649
26258
19267
30919
34087
47319
45486
6953
41150
42609
21747
13895
7439
34944
9703
4047
53471
21148
5251
58561
46606
41507
57445
3890
57538
38133
17410
29992
23120
15204
13650
7325
44696
40663
30963
21420
23249
43761
53399
55613
22104
52266
15643
23002
39635
27717
49539
53688
44847
29781
54910
50077
49726
5652
6949
51760
18371
48998
44429
15782
39106
54964
40045
28473
30035
25747
43791
24354
6158
34552
14815
36353
47102
47633
10177
21356
17577
17637
21023
9798
55853
20613
29153
49112
44800
49022
14538
33827
40999
40929
35727
20169
25090
36256
42440
6104
7744
34724
48986
59128
4007
49291
3379
21595
49080
13328
50784
27113
20871
25611
37375
23245
45214
3601
47472
51798
11164
22359
57647
36758
33250
31650
42287
5427
41742
20320
6005
39125
17519
54484
57704
44947
22394
51094
55796
50040
31538
4440
33711
41332
27691
41887
53615
17144
12549
58340
31104
40792
19429
32682
22836
19058
56888
25565
58685
44846
55225
49173
5920
46663
44156
12873
27868
13731
52934
17047
30589
13880
32663
7033
49380
20805
35654
40560
49153
32282
30425
53357
57837
10231
6008
25386
45103
13808
11123
20705
55505
41107
24813
11635
17570
11196
51492
43828
37244
56927
31187
39021
31089
33284
36730
29272
37165
51906
43239
51301
26533
11367
40157
53677
32822
55531
7860
24580
19748
24344
28614
41756
43839
8254
25092
8828
40145
46338
30298
31265
58967
18107
51993
11871
19725
37918
8124
29151
7825
11555
58031
20570
41000
42163
7706
41946
4377
37948
42632
45865
35722
55948
42215
37782
10172
39950
8409
57826
14595
36300
41789
31191
13054
27250
36164
15680
38334
35297
51448
29965
50216
21401
30946
33449
33950
33440
33815
29506
48348
27448
17519
36747
34614
31669
17700
5242
42745
14916
30260
7511
24992
25938
16102
38555
58054
46457
49802
44410
59769
11178
56076
51907
3249
53494
55979
28931
57663
47345
5252
33244
22294
30460
37510
32691
3502
31353
17852
8864
45466
55983
46544
30262
10824
29771
25045
33157
6534
59357
18757
3586
13780
5759
43230
57061
22927
18154
19534
13905
4343
33544
57508
11352
24321
54858
20964
4641
56329
55894
23282
43752
33993
38878
47136
37356
22222
49385
10096
10629
25266
28253
41240
50081
19999
6324
16671
33183
55574
17080
30765
25960
57715
54023
46802
32515
53210
51867
51202
43352
54834
41145
17509
17636
48274
28950
41598
58456
34994
36513
6448
6841
53560
40435
24292
19722
8606
36993
21855
37164
17444
4610
17246
20716
55025
37631
22679
26865
35136
32431
54830
39242
40369
42697
13730
45388
5139
57436
17307
51509
59480
4235
51979
25993
47671
42525
17229
26809
41923
30174
29212
21988
55931
17016
50754
22313
13750
49727
36712
3308
18408
18104
33013
13988
28027
15072
30982
59370
3958
25554
31381
39979
47938
13683
54633
34758
27756
47183
36911
38116
33203
40281
17427
20741
57486
16676
21538
38840
8561
30855
51835
41057
57404
6577
12371
23497
48799
55891
16869
16749
30087
45974
20375
3616
43865
6302
13791
18430
46446
26438
35446
30962
24895
3325
5305
28027
11767
14625
53761
28296
14793
55242
48453
9346
49794
59691
11156
18488
56304
57438
40914
19089
9735
28084
54382
12972
30497
17845
57255
47059
47308
38185
34037
54160
15194
43344
52259
5687
17710
57903
12200
14803
35522
21080
22779
4920
48336
31671
11862
51123
34651
51355
27469
55596
4584
21605
58822
58334
49241
25242
35436
40138
49018
13070
58405
45768
15499
42123
53231
21946
19970
42609
20466
23194
22742
24766
57336
46845
40230
58380
49939
59400
10327
37110
