773
35261
53289
29357
20293
7642
16798
58596
57010
17576
36727
33308
23407
16090
56225
14308
57667
20160
26722
28600
13291
14917
8579
37523
37388
13352
48953
50872
44390
46551
14492
27120
56725
48588
29786
20773
40009
25683
11618
21742
6284
22671
20812
14917
51453
51812
54677
5514
52665
27962
32016
57380
45431
33055
36222
5032
10948
12076
50752
6052
59146
7177
24811
51719
34247
50494
16951
28266
14437
44372
16046
57113
57505
29125
22480
56478
41453
25161
41435
5881
47618
57261
22553
50845
13933
21994
49988
11084
23478
25065
49879
17685
49765
13790
23075
45977
45691
33117
15695
23518
47754
10871
45598
55636
37488
22928
46777
50155
50874
22518
14549
16605
45835
30700
49173
52413
56008
11680
58039
57320
45165
8096
5922
16711
43143
22975
9920
21101
18000
51561
59756
58838
40364
49668
29742
38814
3407
32847
10159
7364
42483
29864
6652
41048
9995
34444
23965
54948
11058
27623
35767
5130
58861
18373
17459
18195
6536
19391
8896
14155
50150
43514
42608
19756
44745
13310
43699
41372
59003
49626
34366
40418
30133
15842
37278
53070
34035
27606
57345
6159
29878
17295
9953
53646
13131
16410
9310
34286
14908
58288
46774
16063
26661
30406
24095
25241
19721
18693
58424
41683
20923
38710
38792
54084
38606
15415
42797
42902
37615
5001
56485
5554
4534
56281
9103
55554
24140
56696
13769
15522
52969
52778
24020
40033
59104
58815
37049
12862
9822
26981
59876
22521
29857
32705
41111
22371
25278
28848
44605
35023
46242
28848
17684
27767
51744
27066
38401
23349
11677
26837
55668
25507
28842
23404
16364
30461
16815
26000
22832
42296
26035
35747
15604
23212
23986
16439
14774
48834
9909
26896
27328
36037
17159
30931
27117
55211
36792
3605
56654
55915
7948
19214
30508
4942
38015
8834
50269
32031
5670
47297
49438
23884
58486
11534
8220
54209
22893
25059
50839
53900
44727
29883
45172
59891
51282
31590
15787
54237
59198
37182
53142
20686
12454
30904
4993
39931
58893
23221
21571
28720
55347
20563
4605
50977
33502
6943
6877
49789
32165
36574
53857
45275
39078
8132
48742
38391
30990
30540
38064
31862
23013
13485
25328
12635
32532
41726
12524
30987
54461
14279
10748
6901
34269
19438
38551
16533
46509
3346
59216
41189
24018
34916
5843
5851
32332
42192
4157
18195
40451
26751
35469
22305
27224
25537
52900
20783
4006
34495
5891
42133
32307
13001
19638
15052
15608
11676
9304
33698
31320
15818
13695
23184
58755
39378
48804
4340
34877
12296
5003
41648
11148
7728
40758
42907
33646
14275
54414
28101
24277
24382
14008
9521
12369
36210
43343
43252
46561
32294
16875
26009
20848
30001
5174
55501
30866
32234
40037
53332
44465
10442
54725
23020
42697
42463
10343
35430
31035
11060
37455
48104
7692
30353
59300
57485
46350
11097
35477
47455
6888
52760
20472
14163
13869
26046
26785
42170
23101
52930
55341
14259
47174
22596
41966
4870
14682
14262
21440
31912
29548
25134
42411
30482
52218
24404
14665
18466
48488
42596
19768
49537
46149
5024
10930
47749
15444
38683
45448
36494
21058
34561
51286
13075
26353
54966
46046
56390
52395
35763
6560
24366
30222
23280
16937
4955
57418
20598
50392
14464
41649
17224
34367
50508
56923
42724
10544
4925
43866
38260
28634
59153
55110
21118
16332
20840
31860
49274
47198
33881
17855
22647
42136
22128
6147
55816
55609
22056
6773
5302
30804
21808
23674
34121
18006
59883
38653
51754
18615
58583
37306
44116
37039
51988
17003
27845
9228
7215
52475
17034
8890
56871
6726
16246
15253
3967
31971
8078
24809
26607
46950
19603
3672
4058
6055
4829
25261
58821
40457
48314
27770
29773
23995
58479
51329
42409
27789
46942
17249
11550
18097
55366
28153
33900
25250
31685
49744
47527
8025
27211
6031
36432
5284
19673
41718
45459
13484
16413
45144
54703
9104
35666
47822
39988
16213
41868
48902
29495
21628
44526
50157
56168
32851
26849
18152
58191
26729
19086
3890
52086
28395
30411
28603
7890
25771
10865
13310
38498
8449
28341
49253
51545
33687
45877
31828
52383
16997
6028
33398
54106
57964
43558
39579
17406
43939
58529
47525
26594
7488
14988
25137
41880
50755
20565
35049
9342
13388
27442
6849
27184
36788
19355
25565
39912
19753
16909
55273
8071
26187
35812
14268
57353
7915
27980
45846
3992
36174
3453
47901
49833
13375
39208
25400
44967
11707
4669
22952
17071
26961
11432
23575
24783
55535
21401
40861
50724
10819
51762
39797
18631
59666
58767
32393
24832
11983
31532
30357
27102
22835
52893
41408
47144
5100
10509
18906
21260
46786
40810
41395
32503
38967
16123
48126
42069
22535
52408
30799
58586
19337
38554
52304
27710
19785
43481
23126
44161
30063
52428
30921
45359
37372
13974
32309
59947
42670
38948
6955
35165
13326
49059
5443
53973
29935
26475
37198
9525
51136
9880
57711
57968
42291
28909
29831
51563
56104
59960
