359
48856
46346
4372
13354
13380
7503
32511
19157
50862
53564
20539
28768
22069
24085
41192
21042
53659
28265
46935
25251
39397
19629
12218
44885
31269
15986
41235
41745
38974
41957
37388
9614
16600
31936
25595
19995
8303
8284
40565
31274
53732
13849
40130
12387
5842
35315
19764
29838
45781
3782
52368
22914
52880
18141
25807
5024
28915
40869
6771
38259
31560
53132
50864
32694
14116
13186
18436
51872
3413
54802
40025
13241
5023
47757
3903
26070
36840
47035
26656
19962
55706
35496
47562
21767
21536
45947
36871
41244
37367
17486
59818
3795
59435
49311
48242
59043
35321
51096
5124
6253
15973
52723
47988
33580
3623
34158
51323
3255
40190
5737
24780
29064
17748
27056
47564
5669
55672
12638
15351
9089
50012
23053
25546
34722
15698
28636
59818
10967
42135
11977
50167
58679
55342
37409
11458
30785
58549
10811
32750
12042
55810
30799
23703
6217
11434
17578
55710
54591
18082
14093
12408
10471
23494
41862
30178
42046
19275
39679
48173
31770
40070
58010
30994
36914
37364
15653
34116
29338
59422
10513
53975
28167
15779
35556
50202
35540
41111
43690
41761
10979
53490
12275
16070
27821
44357
57561
27555
25247
50314
46185
16010
44260
36477
48148
16611
5597
28142
46988
54537
14617
20888
24636
53860
30370
12742
44933
41778
32599
44720
21090
14377
23628
48119
53491
13934
16062
22162
36376
51334
9389
12441
56065
32696
58042
44329
12230
45784
31257
52389
52414
41437
16025
54172
19156
46031
14759
50624
31789
48100
46719
57936
20816
20047
54232
21450
23707
34704
51589
18563
17236
50036
10011
28176
19779
14828
10223
53901
38914
23100
12274
58347
37624
20732
31228
33901
5446
9315
18396
53241
20494
51630
15834
51326
9443
51420
46524
16112
28933
35485
6332
38647
34741
24058
25114
3325
27114
33582
6341
31298
27782
52348
8466
56823
51784
44446
52133
32763
39959
58511
14262
4283
51782
44283
8118
34734
41409
4328
21203
49023
38058
19377
11985
37731
49719
52785
54565
59005
49144
29459
9408
9636
38409
8024
9870
20984
43433
12826
41494
11206
57822
41507
21590
43404
19447
29310
7975
3970
49731
25465
44775
25991
50440
18291
31331
28903
51041
23689
52947
4967
28514
49380
25762
32757
18286
11632
57273
36845
30664
44987
