1862
8343
21137
12489
39265
39588
53969
37879
4810
12369
51542
19015
13781
13951
46206
28342
53559
9161
17137
31258
11697
31811
55426
10781
10406
43082
24881
31775
44623
3485
6470
25660
13355
42870
42811
17139
29146
21992
34361
7144
38948
13153
27484
13063
7715
49501
6785
27720
55347
53573
3996
32096
17994
20832
28704
31268
5087
54492
38763
20982
5703
57886
27338
41684
37227
33573
44904
46577
19264
13683
48805
45386
38327
18144
57848
49370
56540
50455
57797
38227
22977
41864
8359
52001
12944
37188
58592
42527
15737
43087
40370
52655
41477
22711
55352
22117
37713
38474
29517
50338
5093
55224
3205
54879
47218
49012
51949
16211
3885
33440
8092
36666
15459
11640
48785
20487
55711
25209
43305
13952
28305
36144
48531
37289
28000
46780
28828
43975
44103
14138
46506
27317
55112
44486
54662
41635
56483
42661
31065
5366
9744
41166
9947
58832
45956
35359
51927
44323
26675
48946
17842
8396
4704
13660
46061
37465
54690
42515
9919
38631
11929
11445
23770
27077
14568
37754
50442
21568
9005
38315
51316
22305
54009
37943
59918
22294
25128
15667
23542
9607
48767
36423
54805
24590
42447
49976
38738
14410
11819
40920
11287
21695
57365
44937
39121
26309
8403
28445
32300
15909
27482
56845
17766
17053
27125
12527
46867
20867
23342
49587
53158
35911
16025
10991
12930
57689
41563
12586
53572
33833
40240
43052
54556
48669
12197
36614
33424
18132
15845
14600
29156
49534
3479
12729
54624
16983
32485
16853
43494
54450
25073
55761
3873
59578
30431
37893
21116
53443
23862
36173
30829
54430
28985
16843
59681
28577
40654
8269
54656
14838
53271
33049
25247
40660
6700
45943
45496
37612
47314
26582
49309
26204
6494
55673
43905
41241
21820
19785
41171
37698
13879
15528
34340
30246
4261
27423
6060
41803
51441
53334
21809
53504
11833
52177
12639
49352
30949
59994
47945
19596
35556
5484
37891
31086
40484
45985
7273
52808
5638
10990
14608
20294
15040
32792
4029
3956
55929
5168
52749
35910
9733
46894
51804
21879
22414
32706
25361
50420
56779
28659
40177
29745
50409
48928
52057
43431
47150
27611
58788
45509
41005
22269
43428
7445
18144
5800
10108
48166
52368
18812
54224
27480
17463
20325
40118
5061
34114
3247
34371
39901
49404
10082
27936
29613
10932
12996
12071
49609
4221
49437
53796
37832
25634
37590
59212
42957
26449
52458
24895
23924
17774
45949
59385
15652
49147
21851
24836
55134
36787
43165
33840
12517
29566
18336
40393
9393
29563
40880
20106
55259
23352
44122
15352
26707
28240
10533
48703
30547
33065
26194
14233
44065
53738
57028
21114
35926
7575
12747
54285
46194
22405
47756
28331
15473
8153
6140
40524
42705
16616
50683
20149
47579
24620
56968
13727
51423
54178
11163
6910
3858
9731
59288
3496
15209
21587
57674
57491
48446
14939
57977
40402
20771
4766
42638
12178
29483
13984
33645
36133
6028
45497
33347
41103
14039
31798
14542
35320
4568
19911
23031
10918
58567
43306
27522
22187
35902
51502
44509
3538
17276
55839
49656
59261
44286
24099
32654
7826
37465
42709
50511
58444
29863
8478
31484
14119
9531
4624
11022
46774
44190
56221
39190
28997
29275
31733
46225
26642
36968
24933
53425
34543
57218
16614
17378
25041
47477
45786
23611
30801
53868
32756
29679
13719
51740
56377
35858
9410
25288
12910
48549
24673
45804
14008
25936
58054
25495
16873
11840
44589
55736
58787
40617
9197
3336
50018
32870
43006
10609
48281
43875
52398
8304
24917
58127
59791
17172
50777
12949
42499
34353
49041
42326
30033
38459
13062
12251
50325
3404
39304
30901
4928
25141
27548
31985
56965
4205
32078
22358
6017
24020
58138
42322
44743
51578
33617
59896
13555
23787
50656
32637
10908
34925
21654
19165
53414
22811
40231
19408
44126
22356
16117
14473
35705
39203
6969
50464
37372
25305
51267
18116
22199
45987
26831
49690
7389
32660
45399
43759
46496
5382
5303
40929
15556
46838
39411
18982
52705
43133
18249
37729
25730
34739
19035
19759
53161
58234
50239
49993
56539
36722
29001
56806
8383
9298
40359
23551
18686
5737
42034
40214
3199
43311
56981
55178
37354
29800
11213
42816
55947
56172
4733
9876
3766
52441
45634
18534
44862
50335
42178
53412
52555
21824
45084
15578
8256
19378
38133
32020
51233
10175
31796
53692
19435
57653
8742
4753
39822
43452
36169
39433
29884
21031
11908
57418
32059
27520
10663
39121
5965
36436
36478
52932
5917
19107
7316
45939
57920
56751
44566
30690
28801
38941
38776
38829
29522
7691
29393
59298
34012
8284
53912
17366
31191
31303
58936
29777
33245
3730
33702
14192
6195
55370
10483
25777
16236
17279
15050
46090
33200
32254
56708
55723
52999
35099
59400
39884
26568
57593
31924
49039
49208
59926
54078
59465
40817
13981
38781
47254
6993
5570
45559
29937
5443
57432
58598
27490
47087
59087
47207
31560
58133
4566
41555
44291
8357
52508
36843
13022
33882
15276
16824
45777
56104
8368
56779
8431
31188
52606
48447
19914
42746
16621
13384
39768
7077
43351
45968
18300
19208
26338
26840
41710
58290
46133
38794
54524
42347
11820
16641
39489
7486
50307
57932
57920
58955
32863
24008
3314
12674
24269
38969
3950
33822
45849
51178
5851
20580
14511
33499
53015
18543
5866
29144
59172
6956
49969
45119
47115
7433
4356
52500
54780
38159
49487
59696
10671
7306
3143
27248
53565
30253
54711
46836
47709
54993
3011
16059
13756
22474
5290
16566
55231
21936
41301
17892
33666
33564
26338
14758
21161
32172
29171
23234
11879
8622
41502
13109
53644
8104
19871
11594
27359
8833
51454
48331
12471
24083
4128
16561
47918
24593
9155
17106
42674
11285
15437
46934
46951
46839
21720
55464
31713
21353
12441
35883
51170
41884
27685
5808
47731
20738
8747
39876
46092
34435
35129
54738
9653
37671
57083
26711
17348
41000
44085
23184
55239
35593
39029
14442
41640
38726
44716
14004
21933
21720
54712
48448
10483
22820
49202
57479
30158
51755
9065
18794
50936
11705
41527
27406
14609
12654
47224
40911
31646
43331
24185
28576
49857
44026
33051
9212
28499
55209
3874
59641
57819
32440
59365
34636
49642
46144
26917
18769
40497
11174
17080
3968
3566
34036
36796
18385
28569
47239
46605
39976
27695
56180
21179
50142
22667
17707
52753
19233
29130
37207
33447
39122
47863
58078
51856
14152
47586
41469
5213
45885
23515
48017
35725
26015
13178
46249
23555
7977
19280
34932
9695
50172
39287
59144
22809
15672
34009
7201
56634
21655
47861
50710
49844
25240
34075
58723
48685
47654
16089
29163
28432
27887
52325
32443
53670
46875
5795
58688
20003
52370
5550
43669
27108
17232
57049
46118
21152
9197
11786
24509
53455
34646
33905
44023
52602
50460
31664
42445
51662
12959
49279
8660
39163
29183
12151
13302
25441
23918
11986
14117
32023
15154
42843
5012
58959
15240
23007
4063
27686
54484
40059
12975
17914
20081
24548
33650
42145
58979
27300
58042
14180
54554
46906
28844
44424
37319
43381
50044
25983
38587
34632
7760
46178
51704
18834
19441
41153
45341
17745
8424
34620
15874
39829
20009
41912
20728
57857
38822
53235
42828
13277
6033
34531
13074
39059
11865
5179
43944
28977
21017
47438
22211
53281
56079
8866
34653
40310
39434
8414
42019
50534
33187
44143
56998
16986
38286
56004
35663
13898
54544
15892
49135
34014
27754
19467
26895
10752
53156
59973
42814
3806
43677
34358
36423
10439
23154
53257
57127
49898
59545
9830
5993
49299
8286
57845
43358
31665
48758
32165
55377
17137
37539
5085
49589
3290
58556
53251
16627
45880
15522
19938
41576
31849
27620
5689
27889
34831
9208
43532
22643
29509
4083
56780
39697
9361
54771
18143
35564
6174
39774
31683
25338
13575
30040
40625
49372
58125
16432
11105
19852
12552
24150
6443
42556
6599
10404
12978
42011
57410
38349
16012
4919
15046
43069
12765
6366
48063
37118
41286
32419
13190
3226
55672
39190
38967
17399
48036
58736
56830
28640
38008
36411
53881
7980
28511
29146
5954
49988
56676
25158
21256
41352
17599
37031
24836
25712
22072
50098
50443
29371
27593
10088
36959
21826
26622
41473
40637
28416
19990
48596
19349
27371
52134
51795
45450
46545
5701
46638
29222
4033
53536
14244
14614
7953
17779
3485
25147
53667
47077
22615
16799
23285
37385
49269
19994
57990
17882
40745
34183
29323
12914
15777
46983
21849
59544
9283
16659
54089
57173
29664
41007
30174
35747
18921
46168
33544
49387
42431
18898
51739
52835
31176
11476
50904
49812
47873
38275
55754
15412
16716
39485
48788
20331
18658
52575
57996
28465
23469
23467
7209
19925
36157
15282
7893
31134
27319
44037
40082
45688
34274
39286
47681
36796
37645
10813
51260
44471
53700
16241
9402
52293
43347
35989
59341
41101
33799
28063
39992
46011
21907
45521
38839
37599
58028
23984
38016
4860
20098
3305
48276
52360
50409
12241
45456
8521
52450
40202
24967
48955
48608
25240
55123
59001
29773
33572
46045
7183
46841
20749
6666
32264
34132
57541
11341
31041
42057
20235
14023
17786
10271
11713
46499
55514
4094
26496
6434
49685
58340
14652
21792
44103
24445
17778
52504
13728
28374
56956
59043
30617
14693
3585
54388
42759
55429
32816
27548
42548
50320
23826
22034
56572
30020
3364
10760
14056
9066
56511
30008
24405
49736
31310
10615
39113
12878
35450
3340
30073
23353
32284
52071
46389
38339
46904
42504
25920
7485
16380
52020
28360
34882
43851
31808
49066
8897
47481
11586
12894
8106
4738
52254
41561
46108
4900
32205
27813
10048
50513
19380
58381
45887
33458
41599
11757
51856
30156
35243
59020
7461
18521
51435
29189
9079
40957
26717
15843
3067
59157
10908
5577
18531
26238
11649
25954
22847
53776
51270
35555
58638
34232
42088
39730
18810
51534
20005
52371
15605
47536
5353
42645
17651
48659
59779
35620
44687
57797
7232
23875
44872
54978
10473
35727
5774
46027
49963
11236
40470
45290
57376
8631
56646
7980
43598
46907
27285
18970
30198
8747
45204
11573
36342
50124
46098
49692
8657
39777
9104
44274
56301
34879
4205
6843
12610
35159
46154
45192
40426
37965
33496
48955
10192
45347
8527
52019
55612
5730
54870
28074
33270
56631
12347
53269
32321
3967
48909
32475
15294
50572
18963
53506
12976
23737
29677
26146
20851
17220
46292
40503
37684
47894
40870
8500
27201
20338
47771
13538
50302
23872
45051
59502
30480
11576
11114
41197
54729
15971
7936
36442
45998
40241
39942
31982
3130
54748
22671
59728
52361
32147
23864
53811
31309
28387
28021
12302
10177
3525
15751
21315
13842
15630
43353
57589
24759
32798
15757
12803
40573
27563
15920
20720
40480
3712
8809
37230
40458
56966
19719
44247
44843
44862
54688
53224
5772
26268
23729
24855
4121
33975
39731
51880
6204
35125
15550
34049
56200
45851
39222
8391
9055
7838
19393
18644
38761
57899
33151
6440
32093
38592
6021
50654
46421
8557
4886
23358
13344
32599
50535
28635
29443
21103
50756
56769
58319
46241
52714
49985
58140
24387
58770
32787
26117
4387
37262
16930
40673
22480
18921
22407
44760
54101
52163
52001
58395
57320
5444
5009
24623
13105
12232
21201
28177
33598
9318
31795
23508
6673
40288
3916
17276
18489
49241
42477
5018
22690
38026
10693
44078
23474
29385
24384
22273
34473
56162
33968
56267
25814
17969
13654
28968
34047
48731
46859
36180
10517
24242
13084
8569
21973
52543
8020
20553
40827
56405
35130
10825
55359
15156
54286
40659
13746
59741
15807
48386
59033
48890
27313
12000
31194
11385
42983
22698
19168
16267
3093
7169
54560
30241
27375
3624
14271
31152
32198
24695
52780
4836
47307
59480
35471
27501
57451
27064
4681
51182
50403
28833
6146
43200
28800
6686
58100
21541
39307
30348
22498
7741
37450
17439
30350
26568
27887
26573
52970
14932
43451
25315
3651
19084
55790
36752
