127
39798
55505
31171
8602
29018
43744
15391
53662
44573
18649
58142
16179
53983
34995
8762
48035
43136
11393
34202
52452
34803
25452
51069
24021
44568
33509
25201
53574
45746
55620
25447
48524
24967
6887
55581
19250
24399
34342
12588
18059
51543
3447
39923
58309
50920
51857
50657
40023
38285
43473
59689
41501
42948
5628
41665
21174
24674
49433
44214
59663
31812
50360
37343
40259
25805
38755
26171
39853
14833
54481
28815
28463
52549
44611
55990
17384
38658
34239
33611
28454
27097
53111
14049
37071
30824
53157
32614
16878
36134
19762
55214
21899
29872
53059
36416
6209
28863
4789
48232
47301
39199
37422
27503
21425
36850
15155
51841
50160
47059
49443
5651
12686
16676
38810
9620
58608
40643
25302
18178
25229
34443
6031
16825
10671
11685
8200
37828
