1698
16787
13182
19778
20563
14185
12049
30158
32776
58337
48731
31860
37754
33217
57702
3621
49371
59202
22928
38121
51881
43086
55923
51936
13223
49536
6837
8829
4786
26313
37455
45393
31064
41527
52603
22019
51824
38275
40512
50047
44456
37043
38879
25936
59632
25764
29811
34807
9827
20169
39586
58864
14489
36393
28104
25204
25575
3675
28334
14617
4637
26743
38192
16639
42012
11677
32793
48752
3987
46180
59909
4531
41510
28148
32925
34508
56729
25231
11374
10605
15751
10789
23919
27161
6080
41533
50634
30101
16899
4217
28949
22232
6959
56801
52710
39644
37154
17714
33505
16136
21665
7187
18589
27475
23739
50443
59521
15071
8345
10142
55473
20937
3664
29541
38398
20357
30981
34602
19188
52959
33861
30508
42295
45035
10233
46883
28812
19917
33678
30413
58080
23220
17506
52205
49077
40689
27814
28900
37340
14305
59131
36805
4115
42242
11886
22194
50366
20685
7155
37692
12944
28224
17437
59087
52192
8038
25314
43740
22910
6871
24545
21876
59412
51059
11161
44495
23907
17158
25790
39501
17370
38665
23948
10883
58546
19051
41380
40436
9675
4777
44224
4230
34763
36899
57267
46689
43535
15517
31679
9959
12175
4333
39789
53607
55968
41975
43493
48450
14931
21673
24127
11009
34947
34245
52044
45391
16595
49201
6404
24343
23870
51343
36864
13242
32036
8202
6837
55233
14023
55338
54272
36282
11201
41506
24936
56016
29478
31560
22731
14160
50059
52118
27624
46508
4424
23246
7119
24279
58410
4102
33691
37705
4676
55999
44790
28250
38779
47765
45190
31190
12656
11869
56708
14891
32649
9529
12963
29624
43023
37318
5550
56331
20359
36153
56092
39249
50393
36187
21929
37640
11769
7815
57279
22185
21552
33909
22695
41213
47731
44719
49384
49058
10919
53162
47772
31120
56507
25132
58606
10329
6549
3198
51547
26584
32514
13915
34361
27938
33573
6735
46531
19760
55768
48724
51594
8606
51179
37207
3014
12006
47523
18118
36884
30870
31362
43824
26023
30308
3015
58931
41678
37815
10588
8279
23448
38254
51941
36261
34235
47212
10129
9810
59155
7892
6116
32955
23789
4573
28835
47505
36152
6820
7837
3977
37225
3454
31932
40370
7859
41974
7134
44485
7343
52091
5085
12160
25838
42407
31594
43702
41228
39695
8936
38002
58818
5133
47738
34217
40392
44150
48779
37754
6250
51628
5233
34332
59517
6672
51696
3998
31128
10181
47821
58546
8587
43761
15090
3024
42128
3456
24848
42124
40680
42305
19798
19351
32978
48090
10690
55346
6969
13977
22288
26349
28999
4593
40001
12958
8560
57414
42351
47478
38226
36169
21333
22024
34965
35567
51094
58769
53144
31375
5411
39100
6789
55215
41804
56965
17611
41043
35768
38886
40248
23113
45209
36047
40963
5409
24368
18100
22485
18434
43182
54330
40296
38313
55130
50279
24436
32436
48009
47269
19502
26875
22925
35440
16930
15130
11294
46176
11944
55622
52525
5025
24513
47933
44121
21439
33696
39035
50346
15439
3679
25143
25724
8564
43710
58975
44391
23641
58905
57795
54070
32995
45844
36259
43944
5057
14852
46623
10188
17696
7654
55581
14262
35343
41695
13628
36749
8165
38935
4130
18406
32870
7071
50410
31749
22936
23881
37140
4119
18837
21129
42973
36915
15250
59724
34207
30645
24456
5497
10158
45510
20765
29575
6336
11962
17002
7890
25291
22585
56729
15516
11171
27463
28289
29483
44069
13660
39550
45973
58684
25126
5719
59311
14409
30683
54424
25473
21217
54915
33524
59743
43458
56632
3773
51178
58493
8676
42596
50503
26587
26344
21126
10169
24556
35081
8157
53832
38343
23723
21563
15963
45187
49920
53173
39886
28399
49999
41063
54312
4730
33564
50177
9829
31488
9890
38022
54203
11734
39879
46347
52064
52818
56386
8125
17887
48338
57513
43860
9501
13532
10244
22355
24925
11725
44699
49580
39509
6587
24151
7856
13525
20447
19348
40511
40466
37803
26629
12972
27759
51268
20826
20428
24083
55607
11261
21237
22507
20571
36290
47242
24130
4167
18710
17344
8833
48001
51969
15686
20531
22328
48679
34865
13453
40392
48847
25645
13604
40579
19336
15736
5700
59771
9470
19580
16490
9318
19001
22090
54800
50521
17509
27374
59869
32710
12657
53933
9171
37333
50243
30774
14758
5195
12117
30915
41085
37407
24338
24603
13023
41294
13405
4515
4046
22534
48929
23732
45690
20764
10784
49777
4259
38385
23250
20204
5401
45215
17250
56773
52340
40543
16002
53598
8586
32249
4040
24553
56160
30870
41121
37955
12377
27285
3243
46205
9822
12435
41124
46175
42430
32725
50944
12443
43032
40224
48778
47498
28848
48469
29838
50997
45565
29476
35443
25804
13479
6989
13972
41062
28800
5666
9690
58382
44902
58334
17692
37665
38259
53904
47145
52383
11683
38629
39587
48162
17651
25133
50411
21491
54240
17236
54568
20516
37253
24005
44032
6142
43447
39925
27187
32636
41430
19771
12749
28701
40955
21786
35451
16905
13526
5385
42280
24357
47215
22551
45185
41435
6001
34704
50649
29768
46610
53519
31626
52355
51055
19907
7920
11899
3172
34124
54030
31759
40830
7172
10311
41981
58277
41783
54033
29634
46893
29641
39787
9984
36886
3835
28799
5006
30767
26365
21596
23394
24961
20090
56355
36520
31979
8345
13332
35657
16148
17593
48061
59732
18622
4678
20980
33873
20433
59927
12765
14758
34165
16043
51757
45895
46082
27852
12951
11473
30040
38656
22201
41018
28909
44768
28918
43944
40855
32707
45429
20424
31442
25826
22284
4279
54807
5672
29922
10591
8053
13027
34782
53588
42797
3980
44499
52199
54249
23229
57500
20489
11019
8179
42789
26988
32398
12536
20746
18851
43008
21692
33480
34116
17890
11737
23195
53835
3989
34999
40795
51141
12086
47973
19934
33860
31645
58153
53372
20681
22962
53309
32165
26243
29408
39686
57287
23013
36006
56980
52203
22077
19269
49270
16375
37343
41347
23521
10259
8727
10100
38853
40251
13940
17504
15098
59160
50525
19259
44352
45775
13879
4777
20368
52262
22305
19341
23874
10192
59813
45537
9083
41368
26086
9793
3429
26661
11540
56623
30949
37222
3947
24911
40805
14921
40986
45051
39151
10812
23273
24311
47078
51588
24518
31897
57053
16431
16207
30588
7419
48451
14546
58759
26350
21037
22318
15302
52964
45200
31861
22196
12707
30831
14109
36781
24460
55857
25947
26067
42756
29740
45449
39470
39717
20265
54568
3500
23252
28272
9396
25169
47354
11719
50129
40470
28966
4339
51379
57122
21653
29176
57774
22690
4684
24495
58052
13666
28776
19952
25607
14948
58073
34297
52215
11674
29118
23107
24984
52597
37982
50362
44660
6069
24794
13339
17684
41645
46471
5993
58093
36763
42669
46974
54065
7200
11090
29212
59923
50803
34938
17708
16921
24234
16484
17572
25337
21986
59174
6934
59376
14469
47405
19361
37714
39844
27318
6626
45672
18369
51967
8080
29499
18000
14846
31680
51229
20568
45154
28834
35615
26573
8174
24252
8762
5633
18764
20544
13332
21242
9342
27028
4577
15623
29782
42042
13952
42794
41324
48586
27113
15778
43182
30460
35371
55520
12612
24868
40858
11687
15913
42509
20511
31871
56172
5283
26898
48915
33356
34334
22484
21025
32477
32837
21890
40562
3252
49770
10297
58087
50240
22070
44080
18819
48279
31394
41606
12958
23702
35466
26603
46774
14056
35400
22149
25222
15755
7912
17227
23946
21186
5968
10935
59663
48486
49262
32147
22973
31193
41702
12234
7771
51655
30259
27375
35144
7024
3496
40176
44047
50385
19147
30469
7871
8692
24697
56728
28843
43577
28614
44713
14756
22863
15039
15268
59716
22838
50724
6156
4036
34104
18662
18807
18384
4621
51254
27197
26838
57337
49355
32341
52860
28458
55119
57824
47469
59689
27558
18128
57845
45747
37559
59960
18665
59840
33300
19081
50329
5846
55602
18335
51055
46359
31571
12067
55089
51014
33683
23031
58156
26133
41531
28265
39113
11113
8805
17645
45584
37043
21363
32614
40259
19019
14029
28607
29395
22680
52712
54738
48244
53979
33278
24656
9775
3245
33923
31065
49138
37430
55903
24106
50135
40057
4128
20935
6029
9161
35736
10630
51142
13901
17540
51001
9405
46140
58320
28097
35070
4379
23286
7485
38147
45178
23030
13509
36067
24483
27428
39060
25816
46418
38215
36251
25797
43638
31341
46021
35407
31847
49784
38466
14235
14871
46560
55192
12791
36291
3836
46336
51697
17542
19975
12232
23835
7699
58625
45222
31556
54044
22487
15115
5370
34078
36316
13286
40491
18658
50530
8243
45711
53411
48111
48109
49276
16479
15481
14881
30938
47469
21595
53693
43127
40513
34501
53822
38819
16387
25256
4681
50029
20975
35800
17747
10338
29664
30568
37285
53011
11194
41920
33213
10244
56533
31263
30124
28525
23047
17584
15164
47735
17799
11561
57901
49230
53583
5572
13697
26876
22660
3774
19350
39678
8034
14626
29320
40935
30034
32723
5318
35816
5545
40715
6409
34946
50137
31965
53337
36911
46906
16878
43033
50007
51722
17893
17124
49603
15035
47762
30058
53457
48269
7682
26629
43425
49170
37283
9096
21738
10169
42254
28854
46315
6111
18650
42779
8601
44220
5754
11487
14998
5965
58655
7449
27835
29380
50165
7681
19023
34488
42261
42559
30431
37550
44458
55275
42127
29420
19364
25014
34362
40688
26365
24086
35485
34292
7878
24940
15629
29126
18364
20460
43869
55613
23183
11008
15805
18751
38090
13496
21538
21775
57278
29198
18398
50991
31007
21347
45786
38328
28748
13587
59827
54905
20403
36065
38395
42997
38950
49950
32090
40843
50345
22287
23124
50371
25460
23039
9885
55543
35014
10651
32819
57354
41003
55467
54265
8712
58688
52298
51737
21671
31597
10410
40396
25126
49402
39441
49680
52542
13527
3814
3937
46883
17587
24859
23763
27886
20725
56219
52422
49166
55361
45159
30452
37750
41872
58891
13536
45114
47987
57788
24135
9842
6392
52507
17847
19752
48985
57272
8875
10670
35063
14385
57991
41307
23883
46880
53325
24324
25895
58249
15404
41751
19515
46498
12379
27856
37648
40205
59042
53913
26254
9793
18227
29321
26935
14995
59025
52535
12603
59415
3053
27213
40644
3955
13999
40243
43205
14217
32348
24422
11989
54563
59290
48861
53032
30176
3330
6812
48007
58837
36912
38586
36647
19835
26321
16622
37281
59323
26211
54217
51904
17191
4884
50363
41356
10207
24470
8788
18266
39184
16199
47768
22552
6805
34735
23676
57615
59881
33679
34632
16650
38728
47717
19485
14998
5615
34340
14145
7784
9478
6297
44893
51978
32719
47160
33162
8640
28185
10643
53363
35833
12572
59996
25853
44975
39949
34154
28740
33827
47823
5453
47749
41645
15761
14679
28742
30268
22770
45251
51028
31849
51734
21731
53512
33357
3407
45465
26680
33596
22402
42195
44895
33579
3541
22816
38743
49562
