1285
55485
30401
17581
7306
17089
9535
36608
28196
17644
35162
58050
13738
24276
24852
51649
6881
56641
43314
57508
44486
16607
58396
27658
3395
33131
27607
42213
32719
50677
54006
23277
53516
34670
29628
13705
14531
23430
37322
17178
3575
23577
56293
23342
46682
5067
49764
21023
5356
53656
6950
35136
3034
13393
58017
20037
37762
48060
34076
33177
52256
34062
35907
6735
36254
13392
10652
21238
39776
17960
55144
46524
8266
21858
24332
3082
5534
57473
26778
51251
36017
10101
44445
45410
29053
40654
39546
12020
34221
35301
12376
5403
27723
31321
12749
58442
16799
49538
5356
44377
11092
56917
25768
12708
17414
57847
55482
8251
40791
29402
30971
16229
32309
20466
13404
50914
56566
41313
12711
11764
20631
50039
56080
16409
39494
6382
50340
11646
7653
6474
15445
33743
4678
53784
22519
48966
13247
40418
41543
15610
10681
46353
29110
18987
46068
54404
36178
30272
29194
43223
8798
15308
36567
23554
23130
52860
52641
42654
26145
52476
12298
45701
35632
7888
37357
5873
22650
57367
34961
3555
7879
40318
45134
13220
30227
12574
34333
50849
16175
11328
21696
20735
30323
47614
54726
30318
12911
55947
36236
47835
46385
31633
41459
6599
57198
26795
5136
52809
19641
35323
16502
44608
29904
40853
3493
55014
8704
41544
49572
5074
53722
17318
11802
25795
52198
5931
54881
10813
34991
26547
53957
17477
39297
25591
39123
41601
9606
55178
23506
59222
9078
46870
4566
49558
53883
7096
48145
33624
37883
39195
33678
55077
15651
27164
3529
11335
35436
14087
54624
22292
41484
33533
47489
30734
53147
12024
11894
28464
9099
24844
19403
39914
48894
57636
46912
4731
3147
51732
28300
48049
37510
28477
48912
48546
29750
17280
38605
50705
47713
59768
38952
9693
23476
15399
37763
54761
49055
35742
22827
23158
17377
3488
42752
17380
30355
7696
45147
55615
51418
4198
54608
3172
28089
5688
39317
48882
42799
17992
44456
45740
12019
6225
30054
21155
5328
53582
41295
47266
10086
20887
49959
34360
26693
22007
33599
39513
44639
33286
20365
37015
26668
44463
39662
8420
50561
8621
3241
30861
5529
28339
59604
24306
45145
10219
36095
7720
54269
9415
7483
25171
48501
33858
58047
14573
4315
4174
53938
41246
45072
48118
14346
10695
19785
56319
35653
55663
27247
48350
30967
21346
9273
10160
49743
43608
42386
18492
37325
36639
28624
54732
6351
29229
32601
50999
24308
40319
4674
39533
40426
21056
52358
58721
10558
26733
16763
19639
3468
48094
14267
34462
12322
21063
31008
40791
11314
44189
5348
20832
26095
27095
21455
7052
19317
30164
33755
24670
42872
59027
43050
48665
11777
32993
19887
53733
11704
24920
10675
37488
19592
20242
50524
28994
15837
23732
15843
56389
54162
55033
30205
50566
45443
29775
35126
8885
54126
38037
49410
29266
36249
50600
50767
4715
44427
4610
36396
3706
28162
54225
12918
28414
41604
10659
58756
38904
17561
56600
48675
47496
50102
41888
4180
43735
57648
4421
20337
18650
24050
30452
35231
41878
56548
41123
10745
17800
4369
40591
28569
21536
7867
18129
22918
14548
16762
17103
40754
40780
26448
39440
35554
21492
43467
22414
25079
36963
18520
58216
28245
59904
17324
45852
40107
31109
18218
38132
37115
38443
5319
32328
12587
42655
10221
58250
52283
9739
44863
20337
45080
36534
5492
59852
26920
36425
11783
12530
47544
6041
26409
20560
24169
10744
43741
46415
51953
45600
9976
30468
7104
57843
7993
14025
34089
10926
10849
23647
33129
58056
8681
28366
9983
22598
56660
47462
46046
36894
17057
15889
58756
40030
19586
39723
3017
21548
7909
57062
33230
22210
28036
38798
56552
41824
39279
11262
4149
10738
44192
38137
8897
25061
8390
54205
58468
52735
50737
17719
21374
17938
6272
47166
55751
46945
21842
17740
41213
5772
59397
58827
38532
52025
22227
38905
57918
35285
55366
45133
18278
23643
54402
29514
8285
45150
28864
26336
3426
14393
12343
25128
18229
42282
5380
5598
28249
32291
51452
36796
22195
58425
53314
52580
31640
52318
37645
57232
12520
38867
19752
46376
36382
29207
16100
55558
59529
16987
34091
51377
44176
48795
36596
4895
35119
40172
57030
43008
16203
35857
47014
27331
48547
14873
44554
55601
56153
46010
14367
41235
11494
15436
48963
11546
34506
17077
5143
28000
31160
46266
40125
23473
7607
5092
40266
35151
41372
45600
58660
54615
34241
44591
59617
25958
37325
57600
27311
20425
13789
55303
31195
10863
57062
11260
35018
57929
30972
50957
52595
31931
54955
51002
17989
55385
26151
27141
40233
16187
57671
54312
12306
51680
54273
13634
6160
8067
25327
17736
42965
31394
23071
18741
35913
17585
24780
36026
10377
19157
30176
57361
8317
26173
58669
20208
58616
34858
15289
40518
8654
14914
46475
36681
59513
44479
55279
23092
20720
9012
43172
24385
17002
12254
38988
20635
46667
15042
29051
21510
29205
13765
18735
18157
25787
17599
44326
37894
31934
24468
38496
29259
20044
29886
40879
39432
58446
22010
13680
39675
20410
50718
22254
32397
47723
54552
12760
36632
41591
22707
16295
40129
9655
53055
44248
11820
52731
8573
26532
36140
49856
18958
32441
38940
20760
56801
12458
5608
51540
18132
31785
11643
11957
23123
53840
46270
33716
37379
14771
30960
46518
37274
14863
51191
7208
22894
45369
50957
7175
19786
18991
52495
40945
33597
35107
21591
49512
41323
14937
38353
6612
16750
46941
59111
42176
34642
17460
34506
5474
35237
46783
32036
5261
54010
10596
5746
22588
59908
24970
38070
35387
27083
3049
42595
30574
26847
34595
27213
30513
35818
25861
6842
29434
29445
20595
48136
29288
30911
57212
56407
20827
25916
17003
10251
22259
3983
56718
36602
9279
52890
30590
23577
27849
45520
6519
10877
18466
11928
42226
10349
51311
4875
21130
47782
33943
49880
48145
34576
18521
45606
38228
6266
42879
30565
24775
41208
43968
7564
29523
3234
18081
5410
42207
31622
40201
35822
6803
56745
35901
55658
43648
27560
51358
34134
33085
50561
30688
37624
59079
38871
16122
47132
13840
39074
18215
15152
4900
16471
54463
9206
49377
23533
16934
37095
5400
52063
20259
24751
51494
31644
44490
31848
17356
58164
23911
6865
51122
50922
57315
50519
13040
20406
5788
6365
47708
42289
3698
51532
36770
49862
45344
24543
49713
45674
16517
18416
26414
40851
53881
43424
49193
52598
33914
46586
48202
5237
28770
3448
48970
52199
44220
37529
45726
25105
49478
56231
11665
26090
37166
19073
23517
53957
18524
10032
20136
46088
35162
59052
33350
43883
44553
40160
48528
38015
52027
47797
32489
25697
58609
54586
9525
36451
10657
32265
21443
57579
25531
18664
22502
56649
50352
54726
46064
5318
48347
32771
59996
52783
40426
27158
10709
13237
23881
41791
7345
9783
40657
45016
39359
42713
49298
55151
48299
17703
35839
52533
22967
43794
58216
11867
19258
32794
46217
21767
52563
5700
26650
10192
29166
53292
7449
31998
42539
58917
47719
13474
12122
38907
6495
26998
18620
10990
53369
38074
45419
4911
37348
15748
39904
37552
4002
6442
31444
24027
36473
15045
37352
52555
47612
27559
44280
5804
24212
46770
54655
28350
50025
39732
13810
51024
59980
17322
14406
49767
27917
16518
20166
15011
36385
17049
51861
31709
9110
53033
44297
24669
22458
36228
6031
34134
45377
50996
32274
23315
8099
35631
29503
58883
14329
51606
51566
4386
50944
9338
10318
44531
59550
9073
5161
49805
16388
21311
16245
15258
33305
29625
41604
35060
26960
59581
17267
54854
51098
49459
59948
32603
34176
9222
22301
52170
46091
31968
51251
18775
7591
9994
46573
44123
17630
3146
51338
4815
50910
31533
50489
11317
16699
18340
12903
5774
36912
45496
51160
6043
24959
46410
53018
54585
9882
43931
3981
34384
30000
10879
12830
54385
28502
49292
9113
45478
3144
48537
57997
44733
6092
47873
34774
6175
20476
57337
36089
50574
5096
37271
56857
57908
45063
53759
54915
17584
50617
40287
54926
5112
16428
17114
35431
51503
9978
18357
40973
15371
38398
25985
17513
8863
29242
45187
31947
30918
5014
49677
42908
14940
39204
39088
38433
27396
26142
11039
54220
25664
25186
15500
