1710
39290
4185
28544
53482
21842
49594
6361
7283
12428
59173
19463
17182
10862
45348
55076
39615
21934
8671
12102
38996
17969
33052
23639
43435
10590
32422
15302
47269
50731
43228
13706
27552
31439
39051
33213
43506
35872
37656
39715
21312
35810
47627
38622
53035
11653
38760
4718
29394
36826
45860
32852
21851
31925
26650
40016
16845
23964
32477
35492
37782
42357
13895
16631
22981
30802
24071
9166
33666
9279
57218
12216
53819
20359
25806
8605
39612
3244
15071
17668
32029
47566
3779
56480
43089
44001
45782
54386
21387
56713
45778
44304
6626
39192
18781
12717
55929
41422
7748
19803
21136
50955
25557
59051
47024
21929
9864
33661
26272
28541
14037
42910
17146
5110
40792
30236
29799
43591
6458
28707
37280
28128
37925
35795
47220
52487
51552
37129
6850
51016
7227
59345
29430
39905
31951
10771
20210
5285
35295
31904
7220
24591
20978
34836
20034
9757
21521
55009
50842
21141
31675
37049
58883
30692
4694
37179
6018
8884
39709
52493
41875
14566
20362
28780
50789
25224
47449
47558
25262
40029
21706
20084
12061
38056
15236
28533
34517
55736
48439
13960
30349
11339
52858
42621
30565
56189
23744
29020
52605
50097
15814
40036
54292
14713
39308
44328
11531
27015
25754
6662
37034
32713
58175
15411
14091
45915
11469
34764
3974
6097
12277
26624
21868
39486
40467
29697
17896
31175
17731
23991
58892
12402
28014
33617
24903
56733
26757
58615
54889
41784
52014
28767
15595
22840
50264
46363
17517
26192
24145
44491
37672
29729
43424
57743
35388
37769
14533
35029
16414
7167
40362
48405
25454
49353
34382
10658
6179
42962
3036
4597
14535
51054
3126
33524
3228
40399
59750
34365
10737
15352
46577
41265
23635
28241
18618
4438
19670
35114
27222
14554
10924
43118
14216
51321
37543
50730
14610
34298
4339
51525
48787
46708
35319
13871
49949
41501
20350
13605
45171
10434
44613
37012
47378
52544
8787
22403
3699
46355
34807
24041
27679
5221
31971
52333
40929
19691
48680
14209
42729
17786
14187
47300
34585
26387
27398
10365
6597
16911
29568
17639
18559
47816
18502
18276
22298
39164
28820
55397
55792
16309
23641
52846
31228
34700
17425
35839
6440
17765
57446
31340
37253
57907
58667
3593
33145
25679
26916
8140
33409
14200
23703
24949
59340
25310
3518
23296
12125
9157
35315
56708
16223
26658
40351
52414
4080
41536
13990
43941
37778
17840
55659
58649
57653
14880
59406
6891
6119
16219
15132
24153
51601
26556
56950
35147
40821
27449
22621
9544
14042
54957
48136
28075
47487
20260
49100
48351
19937
5085
13634
55106
13821
22542
28711
30821
23561
57549
55061
43365
59568
21819
44399
44720
8308
48081
37246
54522
29783
23724
34578
51240
9032
39482
10346
25635
17698
31362
52178
5111
47622
16213
35454
28165
6274
47291
55977
4171
22337
11808
29321
14074
42435
30302
51143
33329
36290
43833
46424
25908
31397
32772
23440
28756
36165
50939
44871
32427
38205
10107
52679
5525
24092
59508
59703
19197
14194
20834
20890
48083
36373
16782
8273
7530
48418
35874
27356
20365
50552
52724
44683
47087
55681
45140
18930
12517
39789
58089
48056
14313
25949
43624
59226
16737
10104
26077
43918
22316
50434
25159
35057
3060
35780
4722
17249
33733
59265
23339
55601
40454
30419
13971
17119
28120
57303
42748
40994
5841
18938
34103
26312
47883
29916
24416
6817
28562
44203
18344
8052
59092
58876
22354
55688
11753
15525
17096
9624
35482
14406
30135
19842
15136
57770
23083
18883
48537
55127
55635
37770
23083
31050
52058
23574
47505
10951
12208
19915
16178
15750
18218
27300
45894
37410
26982
8347
32774
30501
39256
21681
15637
51201
17336
26361
54961
42417
37097
38351
54960
58874
39370
55360
15294
55741
16831
22566
40805
37778
15011
18371
34783
23598
27497
44110
10098
51544
15103
20482
51242
29803
51763
30179
38026
36199
29305
21967
21468
45718
5127
12280
4502
17698
59021
23134
20334
24215
46350
33160
7432
34116
20839
15097
29456
53889
17637
7602
24578
51575
21773
25578
30154
56348
47917
33993
16685
19686
47248
45153
50306
53728
37367
4873
57605
13502
42281
57749
41120
52533
13484
37038
37085
6444
11592
15087
10426
56203
32648
18588
54270
56672
28684
11167
59748
50753
32946
17480
3398
30836
18222
4677
52166
27901
59458
48626
51719
20767
42094
25453
4645
4285
10908
30322
33706
48753
22800
21987
13173
42839
42095
28897
3341
31920
16500
50167
13276
51893
15437
8494
59152
48642
3716
33268
58687
24129
26576
15305
20331
53158
53413
14686
47061
41073
44408
25874
36552
58387
38770
28605
58834
39306
15719
8722
31252
38864
15915
8074
12306
56368
42464
27930
47555
43385
51169
32678
49624
30700
15325
14745
37773
14020
23973
58651
17698
24583
22654
5582
29377
23812
49412
9612
43943
8423
25181
56661
16548
6080
20649
47325
8047
8729
14034
8845
32250
32937
3461
56463
3105
8176
23447
28982
42255
44950
39916
34092
13031
22183
5645
55580
21574
18042
44349
47303
16558
12172
54370
34598
41101
37024
24164
52902
45211
49357
19116
55420
34608
11217
16825
32125
24552
23986
36459
54427
51231
34850
55924
39316
18395
13230
12189
43659
4295
4294
27069
18338
22534
41463
42996
58228
12050
35971
10389
58145
15035
19835
52727
11268
49065
46666
17190
21783
41094
18453
24939
8203
12657
40145
39432
24107
49667
27161
9225
8604
35483
7017
10932
22096
51756
53364
35008
29781
32727
36098
54154
20370
49441
55888
57360
18459
10132
54899
58184
24300
17420
56252
51256
17323
33153
50138
17752
55872
11811
45097
57885
56848
22074
48522
12820
5611
34009
40487
26333
57400
13771
46347
42115
17672
31394
20582
42584
5726
52666
53864
50772
15461
45007
55780
36942
7912
45023
24727
16680
43412
56138
50044
57205
12493
45736
6080
40540
48273
13754
35731
13648
52609
43712
18263
33395
56599
50215
26053
22005
52420
6523
50251
9527
36159
9720
40169
35535
21037
40649
39122
31397
50778
34562
14433
35821
3392
34890
48475
56551
44871
32004
35862
46296
32085
5763
55396
41218
52829
24944
54694
54802
15026
59757
55600
12749
47697
16891
41940
53355
56188
31986
11886
6589
24283
46558
3820
26814
35489
43029
40239
8789
24094
8206
54801
31355
45207
20941
54777
19529
22209
52381
7395
11129
31470
5647
17746
14669
15384
10385
56065
34179
58480
26829
18594
12113
24304
3592
55703
45644
32733
45397
25093
50624
46847
24894
31067
41274
37180
15686
55006
48779
29181
48535
15701
59389
25843
50113
39354
7097
29496
58659
44244
44479
14297
20706
28425
24654
27637
11291
54193
25522
32980
13957
59388
38676
21560
22819
22798
38367
28179
25795
27014
3242
15414
11052
59245
29335
26056
13539
45271
12843
58017
31241
6296
36253
8682
48872
22774
51592
49762
34529
39238
15888
41074
37214
53589
57904
53581
48569
41879
45389
32137
51593
18592
15498
19193
52623
27671
49739
8013
47798
38294
36500
18294
46339
44641
41111
49888
4836
26130
23333
45641
42280
26235
44874
56508
39495
17190
51191
56562
17318
5719
5930
27332
16247
38956
41168
16797
51395
20196
21282
23456
12807
47200
10299
46965
8310
21449
54378
55588
3803
13503
18695
52579
21487
46660
28079
13568
33815
36651
47181
53680
42226
50585
44614
50994
7576
58205
29929
36701
33748
53518
13072
46615
10134
47709
39164
40289
57541
30111
29678
57247
21721
44675
46776
51756
33873
17017
15923
21825
41816
53978
52154
14564
51261
51502
14363
9851
32576
10407
52721
43957
47660
11194
37091
19072
3587
47672
30119
45552
14871
6465
39761
3123
26051
29703
37405
8273
21529
12531
44553
42869
43851
7719
28116
50688
49577
27015
12762
44225
42474
15795
51445
11055
16771
18983
55786
30431
53483
48536
18155
49409
6154
31005
44423
14462
45717
42467
36786
13793
15712
26304
56787
28064
55704
26297
19920
26192
37436
29585
10888
10029
12767
35818
31398
4032
13927
37718
11808
11957
56425
30075
55101
32650
26687
36755
19778
31213
12512
45074
23574
10916
18376
33219
54240
4723
36750
45302
16130
7172
21495
53077
53541
50433
17758
34216
14778
48357
27914
14844
26708
48455
12881
14849
52330
38125
16619
23991
56868
9559
19391
35495
11000
22105
23296
25893
10072
45607
28468
14872
31692
41004
52316
57823
11294
5266
47636
37972
49463
18769
44573
43989
51041
52360
45312
27986
26300
41524
37815
26035
43458
56885
57248
54054
11711
47771
18992
44982
46055
50970
41268
56645
52828
45702
33605
24439
49387
20360
9622
15437
19741
15915
42396
8869
8517
33633
26788
18304
35505
13935
58237
19562
7955
51529
39453
6631
51819
26265
24573
27707
47578
38572
7321
16145
20064
18603
6078
6190
18813
32367
56379
29651
3220
23446
11167
31073
5496
14235
29680
43192
30940
57925
28241
22688
46308
48448
53885
30647
40087
50056
46661
5025
17234
4581
34664
4711
29948
31197
18225
19712
31521
56910
53269
29153
59466
31006
31077
20767
15240
19836
57656
50959
4104
34287
12102
48817
10964
55974
14645
57412
41058
39736
3008
24824
33175
54517
41858
43498
46581
17687
40617
23143
37244
48596
21030
16689
5995
59979
50955
31131
20601
9168
57422
22305
47633
32114
39087
38238
34460
52775
17982
7862
37290
37714
17192
12218
56279
18434
29857
11373
54474
11599
53477
39132
46355
22879
18851
38483
38071
6601
12877
48916
11465
47043
24797
13864
25817
51652
57288
37281
47329
30015
32887
21690
6433
22678
27762
39446
41868
35962
35889
39009
26753
13959
49907
16206
39781
57516
13832
37374
6781
49675
50518
22016
42769
20240
46473
48261
11820
47690
53326
55992
47495
32576
28114
15289
54324
20755
58086
55927
25492
10545
29440
16057
42342
12461
27530
55985
9132
24875
20920
9801
50836
23119
30363
9802
48558
46416
43383
59312
58910
40170
44381
13614
49364
31820
41992
35729
51851
15749
9946
11136
37225
5663
31466
4813
40151
16835
50775
7443
53246
38704
29406
3537
9938
37898
12020
59951
18964
55264
33384
50191
30842
30552
10368
47595
13830
40980
31372
48044
57808
40274
10084
25736
39264
57714
18113
31923
50255
11416
17890
43855
31444
52379
17780
33212
13703
50825
26940
44613
39655
28432
56425
41973
10708
10809
40642
19552
8052
25523
18788
36288
24035
17076
7122
11277
51157
48213
6375
29171
35444
27815
35560
58692
11508
47426
22877
58604
19442
46840
27979
41781
36170
45230
46681
42822
7449
46977
52068
56147
11944
37083
7517
6041
15739
32851
19624
11620
59484
55592
38760
58897
50974
28510
41898
45705
44651
57453
33640
27609
38724
25836
22423
20615
19666
45649
36674
16857
28906
33327
44262
23890
41177
8190
51681
26832
21579
43002
54519
8562
35676
11398
12293
17681
45804
50764
43176
3307
20057
6037
58365
17721
23609
8612
21037
49641
15403
12390
42795
6978
24309
9232
13393
45005
7607
35995
14662
22564
13094
15552
18598
46095
