1350
52621
16024
15578
40481
6094
22668
54554
57360
33694
15757
38697
39055
11864
19294
46063
33249
22704
24355
29592
18739
39479
38925
34234
15889
42113
9442
16058
15466
6918
14404
46162
8222
3420
43662
18175
7550
33067
16103
38095
26668
57660
28678
39033
50724
51448
42198
42192
58160
33237
41441
56469
52666
35914
53641
3666
26691
57002
27578
21898
23251
15150
23043
47868
6454
7175
20518
59018
31803
23852
7557
13780
5923
46317
47450
17806
21900
59465
7917
25899
45605
50011
57896
52304
57442
57786
54548
5188
49732
25552
36968
38162
32599
54979
16771
8305
14967
36655
51536
11927
59072
15840
59764
48633
36263
20210
51273
16234
33302
40019
22772
43635
30451
11948
21168
57895
11824
54928
33928
15961
44374
50638
41298
51418
20248
36395
33315
17998
46169
36979
10116
14263
35598
48922
29597
54523
31025
43701
13041
18978
12864
59365
15539
5599
9304
9441
13022
34258
48134
10837
29243
46166
16661
27811
35602
56767
12254
39505
52820
32531
24215
47494
26443
10928
46468
48149
9333
11497
57824
46811
3555
24483
42342
48486
58959
30911
15014
26618
22177
38656
44018
12237
29614
45121
50843
30376
29564
55113
33276
9893
48840
37904
57299
56039
59471
16543
44892
15703
23338
16101
38751
47664
47617
34847
48886
18820
10886
50220
6821
13713
46156
37171
53339
58996
50837
22197
29650
7385
38157
8241
41839
17247
32695
40118
12948
40014
4202
33469
28660
44989
39339
36546
33832
24887
39937
9111
12897
44510
53846
4102
58100
22922
4080
30222
7288
24651
52102
43335
46458
19890
48164
3969
44755
29962
22461
52081
18177
45915
34062
45901
26175
52711
55726
21792
42992
25514
17697
41066
39160
19700
16744
24111
58788
35422
41622
48503
26339
23118
36527
56635
5268
36748
20171
7301
5976
33890
52486
41951
42060
58304
9394
16122
44038
32730
58769
53161
26643
46773
48905
58088
15482
10594
11299
13540
59164
29783
40524
54463
34261
39964
9069
39783
35770
26791
25095
37376
34637
28838
54758
52650
46422
26841
9891
55119
5666
31757
32385
45272
27095
23909
27890
4139
11937
55599
35842
7865
4909
15605
50666
57770
33299
53794
14746
9398
19371
45918
38315
16826
17801
10216
43851
40156
21833
38172
53423
4318
14648
43625
16967
37119
22710
14372
46684
42896
3144
52592
23909
50398
21931
3032
38927
38261
15190
56334
47855
25161
42967
35170
7657
40631
11801
37351
18590
17759
59374
16753
29605
45131
18930
47651
38295
27866
14594
42637
49415
5839
59175
43665
32524
45554
8354
43311
13621
41975
41034
53893
14169
24447
15968
33844
7394
27795
24509
3955
47865
47184
14680
35161
7792
17842
3981
49223
3327
25627
59668
5747
23360
53839
48801
29738
40318
29006
12919
9807
40552
12906
42890
15916
19190
49442
15017
34263
45136
7002
46358
48455
36441
17919
18166
53951
49270
19086
33925
43574
55972
10034
48694
45996
55510
26038
13347
46163
32606
33099
40434
39549
20479
44719
31963
17269
39539
30593
13991
7270
7514
41011
45620
27890
35896
12625
16827
29121
53155
56425
21670
4068
21041
55523
7512
30506
20284
26092
48267
59010
10018
50632
10521
54949
8517
47768
27987
20294
57268
48806
20770
30135
45245
6047
54153
53935
12513
28868
50595
51529
27143
3045
11069
56621
59089
5057
31051
45300
32859
18614
58638
33447
19560
4097
24038
23220
35500
49005
19805
8359
40647
21552
40890
34596
15069
41853
16094
24655
32475
10807
46157
14757
58627
21991
21873
51341
40266
21669
14840
55836
59866
7783
51629
41792
25346
29578
48495
51408
43560
11149
39938
26433
42575
21970
48799
46477
5296
20425
53454
43037
8774
55276
23503
52421
51430
15152
9088
8805
10685
30425
10784
7569
32566
53765
49959
36647
16436
56291
12058
43830
56677
4098
5658
54922
19016
6748
17820
35160
33419
17772
48550
30195
41751
15098
23692
59144
11850
37722
33387
53633
34397
48633
8028
11283
22070
42718
36550
35463
22543
41954
37949
38234
4883
26828
57157
7991
50405
17443
45695
49279
28362
6121
25238
3209
36818
52824
36716
17518
45301
51071
29992
37051
31842
34076
42792
39008
32896
30215
18176
38896
17196
57908
51148
18149
41266
36683
24968
6216
49853
57865
50919
53115
30060
56901
13489
40896
15876
50646
49603
20804
53156
14179
18591
43199
25318
41339
14414
45401
22390
48917
39977
17385
18423
10017
37460
8400
13223
23881
23599
11558
56590
32657
14642
27001
49766
58360
37807
39179
10986
33858
12553
43684
6884
48491
23252
38233
33400
6959
26544
43745
42864
31696
3054
19472
40691
3854
35126
33427
34142
22114
25365
28349
48421
27665
30379
38035
55137
20075
26591
22148
13795
54984
39177
14634
25436
53355
9738
17480
6101
50987
39632
18098
52383
40358
11626
56083
35285
16674
37251
50888
52069
20679
21261
25197
55214
51734
30490
16626
28339
48290
18597
20438
26854
17407
24339
50149
5021
4160
29283
7955
58701
49127
39335
34921
39046
49194
13701
40591
51641
51256
34521
58825
29415
50352
17740
45167
39123
35767
55291
53970
25184
31389
49706
59031
41891
57556
47368
20598
42700
28521
23886
24016
50137
51268
39993
14513
31676
12481
35197
45195
8578
31332
57336
44997
58500
58146
5591
16962
20415
27211
59580
36342
48820
28336
41299
21081
56647
10839
9628
6730
13896
9368
55981
11646
48751
10574
33235
51905
48784
51381
13429
31297
29690
52014
16990
28960
23141
3986
52230
51221
56296
6934
48610
46610
4379
16538
12970
9046
55880
33152
20599
4130
53711
26359
31738
29423
49667
41023
31507
10367
53642
7435
52747
28550
13479
57450
14914
36907
54524
48066
14526
55921
8527
8979
41413
32930
7855
50955
28860
18121
8055
56603
35915
13286
23030
30918
6608
24305
31345
30068
53656
39877
22474
42291
47630
44578
45835
43743
32183
44032
18885
43281
38553
19296
37692
8322
56918
22664
34296
31549
38127
8871
55840
57916
23466
33218
16538
52528
5127
4743
33077
41931
9717
21888
5432
20481
18459
41842
25513
31753
35813
3004
39975
28217
13311
54010
43365
26262
4493
28920
19465
27911
33227
51697
54403
5612
14391
52319
19447
8688
48865
37718
55718
30020
16748
26662
20121
33518
49801
12301
54356
22898
12021
59237
39145
4251
20230
3309
55235
19016
32598
8223
18409
47641
19364
19943
27194
50648
24641
37675
22250
58004
3464
20129
39529
32365
46999
25721
8386
26836
39196
40230
39708
26454
41582
32856
27466
59913
45176
15915
38616
30336
46689
31598
7117
17521
6278
51111
34953
35068
57924
52232
54267
48189
45933
7880
4197
40776
41111
5842
50315
38349
51050
23509
24353
27664
22908
36591
13533
55782
47328
30281
30094
56588
40123
34310
33264
36974
44379
23998
54760
56495
36872
18289
19395
9174
51521
20861
46238
35025
51602
33047
11387
26941
44720
8893
43602
51557
43238
4664
17603
31158
11300
31775
40044
18452
55291
47564
32572
59518
30905
41292
22407
48785
58656
34981
36865
12235
47805
43877
53756
4781
33735
26294
15085
57239
16775
55766
52726
48755
17040
47124
18457
18639
56832
31141
57764
14378
15944
53171
58566
59355
12591
34247
49236
35811
39629
43352
20191
44452
28968
56434
25775
17964
37787
53771
41137
59402
57175
56212
55021
49432
53742
4405
34667
40428
19414
3621
33237
18395
21483
23135
46349
54448
40158
24718
32284
32336
27090
37878
24841
34092
3034
51562
38548
15810
19372
40343
55602
30858
55966
17947
15516
59592
46501
44333
46448
34166
55252
3405
58662
52434
42564
18004
29391
45596
5830
37006
14035
53905
27310
51546
16854
8842
44824
13055
34146
42472
10563
59229
26852
19214
52758
8362
18858
29843
10164
44788
28365
45949
11814
32512
38972
54801
41069
54645
47781
24525
47111
10186
17275
59281
52707
59603
32534
47188
24844
17797
8227
6020
8641
28085
26645
35315
16518
21292
23595
45946
36904
27805
14992
19397
4080
38571
37272
40448
10635
38942
15089
50855
23346
34673
24039
10418
27920
6352
51827
20771
20563
50103
21853
17398
30451
12163
56635
35147
32413
59526
19662
36325
40566
9109
5744
51118
14971
18614
24305
36582
38310
24069
4758
36629
6117
15824
49018
57933
6521
29473
23788
49609
57049
7160
31888
36871
21030
16307
40084
57598
54406
5956
15993
17643
32183
22802
46724
27227
58761
54096
26973
57579
8479
23159
26206
9970
12799
58892
46836
44452
26736
8147
16929
39294
14473
36445
9958
31151
45862
16186
24067
10322
39088
20698
34649
12533
37801
48339
54602
37373
51163
17770
29964
45773
53465
56665
11708
38043
31412
42010
33798
32678
31218
59416
57344
37221
32930
55786
26706
