965
19211
30642
7755
3888
16551
54466
14204
24572
53281
28521
41882
18471
5249
7303
14191
58011
22657
20529
16114
7148
59701
42602
26887
30116
18153
57910
13717
3447
31442
21267
42201
40335
39017
51217
52678
22881
27832
28068
45976
51168
36473
49470
28159
14928
8351
8582
40393
35441
10642
58757
38260
6547
14580
42955
59510
8441
46526
4262
40990
52766
52231
28574
49193
19841
17998
37979
38366
59822
38531
9027
54303
56522
31392
4695
18481
22772
7493
34550
56257
9959
22558
12547
31214
11189
25919
12160
12551
27923
15052
32179
38198
11336
36787
8560
8135
9462
38603
51358
17732
56772
7903
30968
23729
9919
22144
6125
33199
49784
19392
42490
12436
17937
31507
47210
33144
36144
55492
29932
38606
30372
26807
48905
22391
52231
48049
13118
22502
50923
15746
28379
3511
31838
24195
11802
9871
32935
57421
50080
29155
25420
42624
26963
49751
57102
23173
4216
41705
47015
45582
32389
18972
16511
41465
51995
15573
29070
28699
16518
16590
14407
11760
46421
49393
24164
31644
21860
22255
34662
25519
53265
26185
47708
36081
7380
27460
12776
30773
14768
53254
49862
33777
39783
8040
58339
42601
28118
29577
36048
7341
13344
31473
21366
21475
17488
41270
17868
48777
15121
27991
6045
49822
14512
13003
15224
19283
39200
37604
43962
3069
15164
7107
11209
19577
24121
47365
44351
41649
20682
38170
40176
33753
5843
24470
42821
43116
21694
50152
44364
51339
30561
28085
54962
11759
34129
45601
17029
56662
20150
48950
34167
23040
27107
48998
42000
53876
13964
54970
24935
21351
4094
42393
20916
50252
46122
7492
30891
37750
23121
19716
50006
31451
9460
22683
38835
44798
12408
36315
5534
38446
16762
12166
38959
24075
10778
27001
49539
47014
29795
39607
38158
51774
50371
51646
43652
47660
25176
16951
10285
20700
28783
11642
25251
27920
23497
23365
10325
4286
23912
10973
34368
21599
11549
15158
27999
54510
16638
25794
52910
35238
12464
21637
34913
48450
43554
43645
47218
27684
9935
34226
37148
7143
43614
50061
25733
6226
21415
44954
58331
43406
13668
17096
22848
34594
54307
23586
44998
7148
33127
41552
39249
14973
24703
45565
16157
59659
55863
44440
7469
41057
35976
58465
8807
50730
38979
54671
31063
32555
46516
44583
31453
35133
58145
44461
48523
9202
42471
32496
52184
47389
46350
50751
46439
4756
42408
9093
22399
22582
39820
18772
40380
26217
43160
5291
55452
31046
47815
13998
28571
39630
48314
9912
18495
42685
17136
20234
15079
18394
17288
44460
59663
48831
45392
23072
29023
8538
51803
40310
11305
6142
41457
50429
50415
30135
8271
42670
10378
50634
12116
47739
48527
11625
8225
31892
47374
51905
47088
12433
39563
46564
53318
4489
30004
14747
13606
7868
8901
4103
55435
10863
44312
45471
58364
30101
49828
23917
37918
16487
17237
18431
29502
16243
37250
35046
45154
7412
45572
11086
12945
6032
27117
14940
50360
19827
59806
45431
24527
30202
22699
49519
44340
57508
32997
47475
20100
53283
43107
19154
43243
7022
19106
9246
46670
48281
20853
40910
44410
31597
33756
15184
30187
47639
50858
12690
33936
54916
14095
41675
6330
16511
56802
7395
58656
11653
23898
46949
51575
30050
44528
9339
29433
55742
43180
13127
37766
35037
35122
21686
6596
45425
12779
28777
21155
28253
44607
18510
23955
30652
44709
35287
39439
24892
26895
32644
4124
47051
35212
47627
18082
41669
41024
52421
27968
47336
19067
19702
11169
39367
34258
56012
9971
15459
41918
41430
40909
5641
27836
38300
12637
20773
33412
37643
39951
54799
6549
12209
17495
39963
28506
34577
54366
30573
51354
32941
33351
24648
45857
8436
4729
3091
13031
59851
23840
30661
45859
48716
49651
5566
29443
52796
53834
11688
5359
41040
55643
36626
41813
37936
3687
11723
9432
11705
18252
9666
28195
5565
35564
7663
33889
28569
39530
35404
37593
14813
24468
57949
12986
22794
50277
34770
55047
33443
51493
19465
33347
42039
37363
42449
21663
16488
59737
26134
30368
53190
30804
29395
24976
16784
46567
57576
51534
55448
30352
4059
22065
8023
54116
31749
50973
58959
26239
11852
38587
34961
44550
23007
10156
31816
56505
33869
18460
38624
12189
41334
21647
23907
56996
5199
55881
53389
49252
55594
44791
4286
23912
7472
55655
16732
35975
51883
56607
8213
36595
26627
48605
59467
14317
52032
49808
42722
38910
35371
54110
12201
20266
21412
37180
48886
16786
15777
51483
50924
19392
58494
39753
3976
39792
25615
27315
25492
47142
13933
49710
13690
57708
59125
55682
5402
18938
23502
38112
41715
58004
13440
14904
45617
18031
17326
56530
54823
37644
50461
52995
50308
44972
49271
52484
39745
19654
46588
25879
42133
42792
29117
45109
39665
33198
24636
34612
31370
30409
23257
56810
7623
31096
15863
5164
30120
36654
4699
25478
12963
16885
24788
14984
6070
24082
38011
38641
49437
6393
50927
20825
20235
21801
38251
11401
14697
39338
17607
45331
48580
24016
25020
54100
31730
36040
31175
58515
19546
5012
42500
52962
7072
56801
20867
40667
59405
14817
27248
51135
57808
26031
23322
48476
35240
8235
18674
51328
39652
42192
30871
36697
28451
49269
43349
59146
35688
57170
21420
52862
20402
43557
44769
44635
38647
29107
59565
52533
33160
27786
57991
39834
48855
8045
23597
21671
47509
43036
53701
42733
31877
45838
44532
33303
49776
45217
14017
5054
36282
8824
45765
4811
53096
36029
18867
3419
7837
54838
29074
37922
32593
3116
54427
8866
39792
57778
44874
17433
50607
58403
26044
26092
13180
29852
7119
11930
9151
54506
58091
7561
30054
20165
21738
51874
7424
19242
28006
13182
39377
27003
56108
20305
11645
44550
33975
17354
25984
24200
54027
49591
28331
35597
33441
43644
32588
31744
34742
52088
57139
32644
39296
37179
51821
23835
19641
48043
20234
59330
10357
12689
10837
39056
31549
40734
58146
59558
24661
32373
41137
44924
41833
12253
54377
45661
56114
41227
5150
59777
15314
6007
39513
9970
57621
36183
7535
46309
7004
22888
22056
44761
43244
41961
41805
44816
28237
48063
14835
4250
18899
12134
32928
21456
39231
56954
45002
