278
59966
7543
41489
59784
3864
57309
11957
8039
31691
3786
34919
53161
40253
5519
17814
11322
53310
39463
16369
42215
59900
5474
32208
29603
58369
33050
23688
51761
47094
18272
21734
57916
19636
25106
58829
36171
26168
43586
6659
51706
24254
41057
48162
6319
35180
47542
36184
14110
25040
53884
24583
35702
29943
14140
4717
35411
29875
58341
22465
29232
17581
9460
3103
18315
14483
39370
32645
54223
12305
59234
53765
15610
23040
18625
3542
24099
38919
14397
12127
26132
23787
27735
6534
10939
38949
40618
8132
28375
13735
39329
21282
49871
21681
17293
24410
37290
19848
6665
18618
19144
22481
35202
55198
15504
46432
23092
26687
16707
49031
45430
48890
25402
31265
20576
20311
46894
40023
56557
29801
17955
22743
55736
46642
26162
54987
56944
46886
56402
48287
27448
17596
57373
45030
40007
46509
29106
8036
4996
19383
23843
27168
37645
55558
26670
48512
12386
4809
38663
28984
34271
44661
23527
40033
48563
13015
54877
29842
13571
11443
6873
9821
37699
5813
47175
56117
13379
27772
42931
10276
59480
4909
43582
40657
11194
14110
30487
36415
30249
51034
12779
12862
13658
35850
57525
50413
24012
8635
10542
22279
20338
48894
56753
53009
34334
20504
21091
45707
59633
33378
46895
30993
54978
37373
11201
9388
11193
9846
4290
3136
48238
51398
44730
24113
35979
28443
20871
40243
58051
5158
13550
36805
34838
16739
22002
12274
23562
15369
17032
37863
6068
53308
4703
13193
46239
26741
22288
19480
18557
20852
21930
57656
27852
31874
23595
24675
11446
59701
37855
40459
33892
5595
32592
35802
24891
48043
40454
40127
51028
39004
57673
34879
19125
11131
12613
31252
25361
53370
8682
25960
31364
4115
23159
40152
8317
6805
54995
37973
34268
