463
43528
48622
52480
55716
57315
49449
14033
27040
52166
26578
36232
10890
16593
47733
27852
41217
52717
46464
30561
34171
40103
52453
3198
29111
45426
28033
13401
42472
52292
10680
48873
6146
7925
34779
7606
8807
21169
39925
16760
50758
53870
29494
50917
55779
3192
28010
18999
5901
55038
15306
13924
11524
43094
10278
45146
12252
25161
50038
51147
40959
15634
42369
5473
47541
24572
37971
17291
14649
23595
39238
22052
14822
27633
52206
6287
49887
32585
18293
41616
7201
27218
53473
22000
11207
32030
57105
40199
39170
36745
31656
43869
56962
17805
30214
31709
42279
45190
8505
59744
52398
39042
16379
55141
6081
55352
29382
6865
37979
29253
27075
12508
36267
59746
56486
26992
19469
56898
55075
52850
21226
27356
39768
46215
47362
15879
58613
49169
36833
53551
23379
12091
11553
6333
29326
5760
6485
43444
33766
3058
13104
46583
47622
57826
16941
40371
11380
43939
34173
43342
57344
14823
7851
12282
54572
54971
11908
32292
13975
46649
15395
49263
42806
29369
38891
6197
7359
15271
49697
43151
12887
31683
24178
28906
49011
25220
28124
16304
57756
25367
3580
34312
21786
14690
36704
52484
31096
8225
5065
14986
34696
58152
56212
26289
50059
46650
7885
34328
40062
54674
26379
44232
48896
45870
39032
21686
53660
32105
29438
45887
26096
27583
9480
53307
3329
33407
39465
11724
47515
47243
7519
38010
22795
42207
15841
52382
45622
54356
46010
9266
54077
51436
16031
4033
58787
41405
24741
21905
51943
48269
7451
52614
21884
30083
53186
55232
47582
30192
37275
52075
21794
31630
17346
59956
19366
16869
41646
36817
6098
35395
6632
51675
30024
27837
31386
36197
21725
5245
26708
3413
16827
43802
7780
34299
18656
30486
21161
7492
39934
23487
24343
21080
55751
25690
49085
13271
9203
56142
44875
19820
11556
11371
48310
51051
54370
3353
32605
8919
10420
36020
19160
25974
8441
50460
21013
9399
47866
43929
55884
30941
13470
23570
33809
16659
22371
29875
58964
34218
13463
39367
42256
56617
29090
51364
54188
7211
57564
49592
10432
46362
26724
6605
46323
20045
30420
42984
4493
49747
46159
26970
36254
6733
59938
26665
19790
28199
29132
57613
43857
17797
23727
24767
44125
8567
16788
55626
13050
4512
3124
16850
37514
42396
10657
24737
38275
40843
3968
32393
47177
52420
18303
14269
18418
10236
40357
21560
49592
4324
33915
22709
54945
48464
4958
47049
52723
54821
45625
10524
59238
3743
12132
54074
4451
11991
31800
5824
19639
41508
46785
42088
29784
59844
37686
8351
12981
17745
33730
34921
17345
33350
54387
26233
59438
40216
56361
7292
31012
52729
23192
11021
26726
20167
58526
17688
45832
54995
33529
3973
42662
7798
16048
51646
48019
51102
20891
37888
8149
23332
21449
32719
3211
37279
55136
12957
24955
47924
19646
3930
57269
56218
58963
13715
3119
52706
41022
8114
17660
9645
56247
39711
13130
37718
19284
37040
