1232
21775
21405
50409
15035
29437
14066
12126
18492
29567
53817
23487
52003
11210
32306
16653
20350
12473
57008
46628
21963
6310
46031
24246
25975
46575
18502
38194
56247
48653
26756
39230
19160
35209
26636
55600
49453
39746
48199
50312
38619
28640
37964
28223
28002
51661
18571
20638
31289
16540
54468
32113
48270
33494
3704
26556
8661
5847
21409
32683
30020
45502
8905
42752
38522
28579
14253
17339
39799
32702
35619
57662
30962
18172
59138
45939
35110
6553
56798
52452
46719
29782
19550
54348
19337
4760
50136
24320
48082
57349
29708
44256
25396
15817
8001
53003
22798
6733
55627
26074
46071
52918
7583
34097
58614
14025
54184
9328
44404
22594
53000
58882
5743
51920
21541
37669
51325
40217
35115
12273
54813
48856
43039
23700
19791
13474
21267
27740
6255
39866
52808
6117
19166
42205
5359
19739
13326
24585
37073
20024
10340
43175
15107
19280
17142
42537
43919
31791
4692
19476
50769
11346
37891
22137
58167
31898
42760
35290
15143
52241
38347
10840
40421
54876
17708
35901
58111
15768
46834
13884
22992
48331
39378
22001
37759
34012
59374
57960
9627
20165
12627
33235
38868
31283
54057
39810
4964
35685
20119
33685
22889
43307
30845
37209
46492
47557
51511
21526
25575
17605
23477
33965
33824
42012
55849
46217
32276
46515
59150
34236
28796
54675
18770
6212
51112
51348
41546
35471
29020
16795
28499
23362
31760
28099
56889
19035
28811
17462
53834
53691
5694
32814
12671
33631
38943
11000
17481
23430
31588
31739
10328
25407
31103
6282
31590
11195
13372
32028
9738
8857
45037
12023
43498
48762
18216
54398
17752
46518
34336
32456
45742
59016
25189
18740
21107
33746
43763
35615
6884
35656
59475
6540
59506
8006
26587
5986
5184
5646
32012
28719
19816
41600
48719
3128
57990
7344
20071
22832
18513
6314
24810
22627
52974
29488
47175
59997
53810
25650
19495
36288
6542
16047
51220
48181
41746
52440
59044
19952
3247
49980
21759
27462
21470
22707
14068
36859
21861
52399
24186
57313
51293
18339
16528
53769
56870
31324
10081
7347
49741
55171
51256
41939
32005
32181
28375
34074
28314
3379
6741
54665
25059
30029
22423
26620
36892
27317
36136
33097
29941
8941
58222
24019
15567
33765
27084
5114
35143
46262
16758
51500
49144
25020
11180
19606
57513
13833
42397
38987
38217
12934
4633
13034
28112
33817
56814
18398
7059
59846
45963
16016
22050
20696
44921
11062
5025
59151
56371
28798
27104
30300
38572
58194
27845
6151
31365
3894
17905
53580
37609
25537
8626
14929
7785
51077
28636
10219
43495
32898
33329
6723
10955
15507
31352
13533
39917
47512
28856
45687
38442
55358
33177
27779
20795
50823
31509
47666
33736
51077
56864
54001
14483
36917
45960
8545
9828
45133
33444
59896
38171
23109
19080
37199
11636
42339
36500
51069
22726
19006
17869
42895
32302
35153
31206
30530
44193
54168
20768
28973
48874
29097
17902
38549
8719
7260
58336
40161
30168
41110
18498
40688
32702
41053
16511
35737
5725
25293
5466
47654
53582
36747
3479
50759
43755
27049
49326
12124
51128
17473
19376
51297
16126
9526
26164
52820
18412
13058
24577
18538
16449
6304
10495
41714
53691
7168
59014
58086
22646
32835
16817
13573
19581
8467
4008
5081
48659
41562
34058
58288
55646
18460
31489
10657
7636
25889
39630
48306
7302
12682
10294
20427
29445
4292
39644
11129
31103
50743
23876
40342
43565
29376
23409
45836
35137
31076
23458
51859
17729
11297
46062
46716
33816
14100
35731
34374
58186
41543
42649
37956
7298
18472
42123
44621
48407
55851
19356
21274
18593
9354
29650
46405
3120
7576
56737
20744
40855
30525
27107
34528
6468
48257
31567
54784
43264
11782
15305
8271
41447
7571
33606
48738
43649
40570
6886
21306
36395
17505
13776
16112
50736
30236
5058
23648
38604
5152
6829
10018
53645
56982
21828
46258
8306
45650
4242
14110
19000
22624
26240
32004
22983
27798
56297
58834
46317
23343
10074
22955
59754
8585
48461
8154
47455
55872
37119
32931
25865
7498
53240
50521
36750
17871
10512
8835
39399
36552
18937
53009
17653
29867
45321
22883
26647
10107
53614
38029
17500
52794
56330
11739
54402
38051
44108
49936
23002
31084
22804
59308
26734
37367
33752
44177
46850
44630
35419
58021
10995
52956
42769
15562
47719
56692
49726
4803
25378
16698
27854
27188
53850
35213
55671
25506
43906
58729
16366
20881
30541
54415
51777
8101
43587
45504
48480
32707
43232
39573
56564
17079
3808
37419
33632
20531
49825
34060
17882
42547
13140
46093
45257
31347
5813
38530
51417
6453
25709
42209
52023
45798
7407
55607
47960
10056
14879
36583
14334
57254
32006
45839
44905
10933
46683
19131
56094
55619
53798
59756
40764
44688
11807
48652
3013
14557
41462
22561
40163
8375
29094
45890
26598
37778
42090
3599
48263
44227
20498
18678
41549
6618
41930
39952
48641
49879
20603
26429
40342
24963
52032
32753
18440
29799
26217
37829
44175
6243
58890
29352
3565
52940
33537
41630
53223
17423
18080
37603
35098
26831
8502
55781
6143
11421
44617
27307
49782
46355
49365
45150
4267
20809
40822
26432
14414
7023
49900
53568
54449
15768
33150
49031
43872
50401
41744
11346
14767
37672
21188
51852
8665
13800
51455
5216
32314
18930
46008
29535
26777
39162
19681
18089
23102
17633
58688
6155
45652
48966
15386
8080
23458
16740
45035
15829
5608
5011
47795
58217
45330
23880
29129
22326
54742
39643
12867
50891
31822
28395
45650
49971
28613
11379
54612
10221
52231
53726
7125
28144
54964
44577
54007
41809
43318
39460
5026
51496
15065
27862
28197
39044
53798
51989
14725
18447
50414
41655
22441
39324
23933
19136
16257
44010
22268
38011
57171
18547
19529
19800
59389
58997
34590
22670
23756
52598
52561
36819
59672
22381
11762
38498
13258
26359
47381
32202
38730
13276
31148
47725
53085
56009
25749
19859
42365
40889
12844
20260
13595
16288
55937
26264
18422
12885
41471
18860
35344
34411
46474
38518
29228
29967
51980
24666
37442
41066
23821
55690
52091
4975
8708
27241
40305
32774
42577
55391
3243
21527
32739
24769
17147
3523
51294
18938
58839
39647
45540
32131
5252
49400
11000
44198
56401
27870
37167
27575
27783
51688
35407
15697
38523
33824
20340
47963
38972
23261
48350
11334
45005
25754
17663
42135
33999
19224
50381
35727
8169
33207
31573
51707
57402
19035
33675
13751
24022
55378
18815
48224
36759
30157
37274
16674
35766
56967
49960
11201
12465
26690
44617
46935
39446
35116
41074
24218
36084
17980
17449
42212
43580
41651
34022
42163
22451
12730
39621
58288
41526
23388
55596
48212
45742
26820
26543
28684
38620
3318
47903
53356
37924
21508
8922
32286
22621
22329
45870
4103
51935
18003
33009
35688
14804
25016
24311
51940
26571
13363
32841
52935
47446
45815
34089
25815
5078
57682
6315
16377
6795
32884
47413
37468
49867
48726
57309
25137
7431
54865
4108
24140
20692
27569
38239
12797
10823
52573
34869
28179
35565
57629
34935
29325
4350
19533
57659
4172
57259
36819
6910
52253
25410
53214
12907
31960
27193
19907
50341
14550
51857
40149
16729
21399
5053
42181
57711
35566
48411
12286
42812
49013
57514
33754
25723
11659
48410
14734
40924
47108
37256
29445
33275
56126
39755
56168
8919
10532
37386
8725
5385
46536
14256
8566
47109
20154
3485
36644
50202
36534
10018
49597
20270
10240
43732
21195
29642
32803
31085
55958
59254
52665
25665
31296
53027
8163
8263
36792
44889
14689
47539
48016
10720
29825
51615
28712
16472
29290
38040
42882
49025
6685
16109
30373
18662
57036
8783
48715
51140
56872
34933
17887
59876
46612
46131
17315
43755
37703
22647
37280
13071
18277
37125
19472
48376
5296
29103
35854
20514
49831
51560
26319
5878
9470
44229
13453
47432
50569
46928
55907
55909
5883
24217
8978
12525
