899
32048
56575
33081
36940
12254
14529
43051
52418
36410
8308
6264
49891
29496
59139
30895
18108
6567
55052
22391
21249
5677
39568
29427
57456
10707
30679
29791
35448
38963
23363
53982
18496
41017
32556
44243
36855
12301
36231
45170
43970
55577
50438
29977
37908
49815
21056
57727
57320
8765
7529
4334
31412
38865
11594
44516
48374
53620
40743
31376
46069
13602
22342
50638
5367
28269
23179
41659
57421
10259
13105
33393
51093
31050
55302
55796
27870
55130
7427
36904
52375
43068
22631
12787
15991
23814
52432
5412
46256
37775
20748
25143
31447
42396
11917
16740
41113
57783
21462
23362
21862
14896
25266
56380
11124
41749
8827
55471
59710
31297
43622
31509
43486
41943
21397
12375
36013
7429
5223
43635
35632
14281
39432
12932
55985
10038
52465
16499
28181
58454
55103
14021
43239
10426
12514
30504
22838
18850
55411
59865
22275
40645
40145
7582
3435
52108
8118
37664
28124
40086
31584
50355
16304
46472
4866
12025
55074
30389
53196
33713
46965
54898
6317
42313
50441
37218
52281
34125
28361
3479
34055
30405
27374
58250
39388
31865
26241
11662
32888
44841
46403
53679
28097
37587
16935
31805
23911
34809
36667
57244
4288
38258
12793
28902
21053
27419
17704
11435
27248
41605
9221
43214
24852
40501
54778
27460
56883
47228
38094
52450
8823
18321
26598
56214
39787
35671
29091
30576
4338
17967
47532
50332
5107
23326
11703
33541
15106
43285
4461
24302
43804
43449
20805
39576
45433
24068
26829
24551
54921
38606
4206
29763
7760
28831
33843
44561
10635
42113
27772
7104
18049
46446
41784
49356
33246
42562
35190
38808
15815
9351
18538
50024
32841
26272
32527
25639
48471
16346
19249
51782
13337
13874
13893
44255
55366
3533
18595
7865
19367
27000
48498
56766
59633
29566
50295
4043
7896
42977
47738
25099
23840
49544
19990
44836
27102
31729
20741
4886
53032
20501
4827
47942
51312
9446
37389
27940
37549
33408
40611
23082
16775
56828
33215
56135
52340
10624
41440
37484
22744
12177
54888
15723
34983
11165
52505
12175
51864
19017
42565
48936
18970
26626
41087
37594
43638
53618
39002
18207
53713
13236
47163
40150
14281
29231
53413
37367
15008
49858
52224
16001
14182
52387
59753
16406
33334
39760
26225
30510
8575
51781
51229
31969
52093
44956
17293
3933
15499
9172
57151
35956
50511
6361
45301
13629
23195
46391
32246
10442
31429
57559
25667
6441
16176
23565
17102
50032
12029
49611
27192
53073
50654
37016
9082
11596
13787
47743
49871
35056
12669
52239
52088
3030
43890
26438
7006
30388
16031
15700
57727
53478
44050
31663
10035
27280
20385
23758
35465
54514
54002
48628
26846
12636
51453
45463
22577
28690
40533
41183
7117
53452
46023
49288
52818
59056
8120
23569
35249
57598
10335
41721
53650
7279
34569
4773
36186
47277
52705
36074
19295
38894
31246
14232
24337
7984
52241
24421
9638
48827
46385
26699
55285
21065
11262
43531
48775
41291
59888
55612
3852
41359
7288
39905
10583
3844
38448
3021
52812
14638
48701
21470
19773
37780
51683
21143
27730
23809
38505
36761
32872
17099
59546
49559
19960
55783
26775
6315
9715
45623
47684
5178
44975
30398
23178
4355
22309
17478
51946
11395
49644
41533
34659
44745
26465
24421
25237
48201
29330
20205
30435
14665
17850
21261
18645
50283
22421
13901
52645
41552
37348
42094
28397
52633
28884
12047
47857
52399
13599
39795
17935
17747
44827
9942
56185
30933
52067
41004
8115
26812
34808
46472
48734
10151
10196
51111
39979
7364
39511
54498
50173
16328
52575
16395
28806
14025
13116
48720
27832
50153
56162
10243
32423
32466
35095
17475
53055
57842
15800
10707
57159
24285
16725
59955
51035
49354
8085
25447
41248
37777
15028
23323
48423
51999
8012
46410
27537
6117
48155
54175
48610
10097
18136
29864
19984
21463
47013
53171
56518
30340
44663
9963
31296
38952
17272
11422
8450
38819
53379
10066
35041
55618
4909
14900
40150
39310
34065
14065
50315
52643
18606
17216
32469
12115
5185
47580
16977
20307
34906
33748
26967
37509
51352
30219
19010
35383
56718
33069
32970
53286
7022
45081
21431
15210
51323
42457
20499
48513
29580
18985
9163
58012
30996
48962
19205
36730
46436
5870
19304
19310
16951
57619
59463
15829
24876
18576
29398
5019
35568
26608
10277
32598
45740
17942
59669
29358
14615
45909
23423
48478
30468
53173
46594
38985
33473
35101
50792
27451
34342
9531
7952
46437
45971
44438
35752
35404
36107
48139
39642
12919
57495
43006
34934
15928
11360
4396
29414
59385
31813
45502
58619
39109
55699
11626
12992
38771
11265
23511
57039
3168
13854
7448
55101
20420
18143
33788
17088
35075
28888
37028
7413
29091
19879
25823
32561
18274
41262
49357
52719
38771
22417
43223
59065
6695
56871
12686
34821
5505
32880
37123
30130
35835
20747
13106
55140
53526
27181
12614
33210
38040
46936
14888
30989
22703
48673
33668
59395
6447
40022
40423
47598
8350
14371
27472
15044
53361
13296
54821
36566
34025
3957
32212
30703
24363
6886
22808
54694
27755
26722
47510
56326
26055
13613
27784
8470
38912
18335
13780
13196
19075
41759
19096
25532
22230
23685
24272
49438
29403
51615
58086
3720
32852
43419
11733
42038
7631
4821
44935
46143
12379
39278
46788
28242
24319
40855
42171
51775
22997
42075
59781
7720
8088
37689
38201
31903
5703
43294
13279
38338
50759
59600
7110
29462
29801
46226
59195
40785
30045
35690
12591
14490
30037
20372
42915
49205
25598
24199
12425
16951
19148
13696
5743
6645
37666
50536
16577
24853
36365
10981
4357
32070
16180
31047
49783
18570
44727
59761
3898
43090
52201
21416
47897
34132
15476
49178
42469
34591
22018
52231
39721
19198
22422
