187
45586
58888
50795
28856
47873
42558
21917
48319
4355
35506
36715
57221
6432
53419
41483
21204
53581
30075
23465
50535
53718
6545
47013
28352
25319
19046
7697
20361
7348
20192
48477
11311
44140
43443
55912
55628
57589
31251
3211
35487
46537
7082
31493
19903
33949
50501
11627
20918
10925
17089
5781
33386
55622
36681
40336
23619
12240
32674
21893
7482
32316
13700
58612
51614
55030
50023
55201
45145
31406
36812
59136
34511
16677
21444
11480
34004
13828
31030
45987
5460
39416
35390
17616
36626
50409
49945
12212
14986
22359
8842
33040
49797
41615
58640
36801
32838
49065
43951
36745
40495
11145
37516
18323
16441
48435
53046
29284
31722
50333
13023
34984
33433
8345
36050
5604
6289
50921
53265
43450
31468
59787
6730
18847
44457
34525
54457
15051
7247
59579
11254
47370
28785
53485
50793
42277
9826
5865
27724
46936
8216
26298
23129
12382
57856
29857
37490
10348
35435
56785
16645
33321
41123
19504
37366
47900
12350
5619
51817
51117
25109
35633
4433
59860
40766
36959
30591
16558
16281
35290
18057
35007
4875
27686
34686
16972
55164
29840
57475
48420
41129
48553
4644
14536
24083
21336
49409
6414
