2130
25529
35031
56766
49827
5516
51712
51354
45766
8981
52497
54958
16496
31415
48297
34264
4500
19830
8997
40708
24781
54583
39043
8215
20267
51431
43640
10866
42197
55600
36121
12701
30265
20363
49779
17828
19400
34527
38941
17670
36149
7168
32723
11259
11932
30212
52175
12429
24586
37840
10388
36800
33151
38939
44924
45433
20613
14677
34492
33690
23789
30246
19489
5451
40827
15575
20851
54607
12152
12962
21826
15711
34256
23790
31466
58634
52707
45387
17099
34354
31194
52891
3590
20192
21985
26293
44993
21969
39535
25421
38156
23091
50579
12919
39946
38227
18853
57680
28693
42872
29010
11326
53267
58053
46600
16515
56436
30266
29583
53035
14184
55379
48042
50682
32607
48000
53490
30196
55162
35268
6810
12421
8448
55047
18313
3638
13571
9661
17364
29974
56959
58157
8701
57291
59236
58932
11213
37783
11817
23327
4045
28578
52914
26584
42597
15554
27457
11936
42833
52003
26051
39707
45278
57173
24183
24697
51755
50838
28781
9144
5175
23929
45398
45531
42051
17054
53634
13832
25900
47204
34887
22417
23523
13456
44611
53302
28393
3763
19881
32331
57605
15121
30814
47074
55106
19153
51820
3172
37617
21205
56850
29873
24907
58727
58971
29436
28174
56478
11613
3387
8311
40121
17722
37958
52946
51187
29334
50606
3182
27918
36991
23651
29037
27495
56835
21571
13243
23728
51647
41923
44300
59406
47381
54737
44296
57565
42414
41221
24505
13246
14988
53752
7155
20237
12623
35233
31266
57034
10995
59294
23333
16413
39408
21950
51074
46730
7110
49929
52089
36233
24502
36405
44573
13602
43849
3222
4700
3801
18257
50888
55539
30530
39083
49469
27566
30779
56202
26375
33469
40281
26370
28753
55859
37015
59898
16276
6819
58961
13508
26067
36707
43193
48604
40090
5388
54139
38373
6029
59000
3111
24482
11459
33442
30574
39262
41274
8877
9273
52255
52507
10685
59035
28539
7025
4126
21480
8660
3625
11322
49573
27009
52839
56785
7379
3496
22060
38755
44658
46206
58584
30556
25202
16754
36452
55857
17550
48583
13598
44177
24240
49831
25017
42756
58838
39338
10168
59564
50785
42541
52021
50247
43845
3275
6414
50584
8049
20541
31592
24205
45195
36061
3320
5435
47240
10606
11097
51479
38482
57833
10567
9040
19936
43894
18392
24747
32142
29775
50196
38889
49718
8968
49315
22703
59969
23123
39095
44560
59634
7871
18617
13199
24413
39274
21879
5005
3065
5309
49972
18260
9290
22193
31698
10279
40462
55603
16821
56958
49106
19600
52212
34909
17477
32584
34796
38512
58562
14898
35470
48765
42611
30122
15810
34063
58520
51123
50213
51180
32884
7922
13790
54615
53588
22820
43295
5366
26633
41076
5709
12743
28098
22712
30026
29844
34659
43787
56072
22722
30983
26960
49995
3427
19129
39433
40268
45252
3002
10057
52682
48408
52091
48425
5337
3319
10234
16221
8479
20706
42976
6606
46356
56939
48095
36459
55084
41230
20910
57171
17490
49729
34867
7847
17199
3031
44447
53322
51321
14815
35320
26447
46282
22183
13553
4942
56324
40286
13093
26504
22891
43084
59715
49190
53630
32777
48416
49941
5562
15970
27656
33849
14800
41172
40802
27911
43464
30586
9030
45485
25814
42738
31055
55019
10831
25413
40311
29446
51931
24414
59485
40246
30174
41887
36939
37962
55062
40666
59487
32636
45345
3292
26448
18984
20296
17597
33262
5254
58535
52609
12457
47327
8589
32564
27810
34768
39959
19642
57305
26656
6024
26737
19017
37861
28738
20652
15874
41025
56661
42225
36490
53222
47169
43730
4910
58055
45598
55686
54359
15887
35877
43185
8603
3503
22736
42910
21866
41598
36787
37808
16773
42454
53392
31497
42709
19326
40500
25099
14925
55963
7925
33051
18653
56799
30402
13069
47591
6488
50458
23855
4143
43071
49755
46722
28423
58550
11803
40793
26193
50626
59022
54402
37573
56660
48434
46689
6928
53960
44343
10387
56266
29325
30361
48009
46304
15347
39115
15668
20594
51186
26937
12112
30962
57466
21211
8268
16254
11588
20665
53408
12633
22064
11390
43586
29544
55416
54589
11290
22436
52622
7019
57135
33654
23016
9704
58440
54437
45700
42505
40268
48574
35507
12564
20533
38326
44631
24423
53942
26367
56944
50158
54991
33347
20576
17998
52395
4570
5913
40346
20177
56430
54796
54802
45874
9381
30605
25922
59270
3488
22282
31444
12561
45696
42038
25219
48771
9931
37910
22649
47424
36658
35753
25328
31811
36300
45999
24086
48587
36779
31765
12921
7821
24508
13641
43428
48061
37307
22000
11165
5090
20792
18777
10431
19085
18132
12301
7396
49791
38805
48450
15835
53443
58858
46705
45655
49117
27792
42029
27521
34836
11513
58341
15519
53502
11311
49095
27523
37772
26095
4739
56300
46318
35529
58212
35211
4479
4037
58900
28406
35659
39750
42351
51140
45957
24458
46230
46042
25089
52940
58027
4596
45273
14381
17686
17376
11295
57836
22996
31871
59714
58487
3404
18552
26167
44273
43512
29113
50991
7586
36389
34465
22396
36437
23793
51192
11492
28118
24467
26435
23324
39367
26183
50333
57981
47754
39044
8321
33026
20014
21597
14029
7617
10611
49003
20781
23707
37645
5794
15031
22941
16784
17411
17402
32283
34357
56176
29646
39411
42424
19665
59337
23766
24578
7368
9152
36766
6539
41067
45575
14614
11361
21538
11865
46880
26070
33509
45518
15173
31286
38789
10188
43537
56019
25402
37171
42695
16924
53073
9712
53590
40479
59210
5859
7466
16716
7688
4056
19635
8089
13366
9375
5736
40397
12944
35665
39477
35672
39060
48745
45964
40991
51199
29544
44470
27300
41993
3506
36205
6161
53553
12148
25292
59353
32758
21344
5287
11693
21644
44100
59031
51292
39008
6001
42487
44547
8946
47953
48213
3807
31395
49013
33951
27091
10632
14155
25124
30335
5364
22147
14788
28770
28204
46860
38327
8020
59830
48165
31529
40826
57042
3692
29097
57071
39582
29499
27443
30863
37860
15619
53553
7079
36067
38932
57209
23496
10727
44689
56237
42596
54935
43272
48216
19406
10148
57851
10204
53367
44808
52077
18867
11823
3593
29632
11565
13266
41813
37585
48120
8559
25796
46723
55858
49627
57063
30131
51279
17834
17565
48874
51588
10543
35057
13842
6283
55228
59537
38077
4080
56948
45814
39062
58134
21578
29104
10955
42748
21326
21032
45887
52365
27437
51314
53139
28845
21199
21323
57771
28042
49302
45172
32402
7371
31138
51545
14114
8178
59564
12863
33078
48358
41695
46785
34482
33790
46380
46348
48165
38136
20724
53492
30760
26583
13927
22913
16279
46988
45475
24689
57404
27835
59331
27195
7865
47561
33678
38170
6471
49025
46924
40159
41265
54244
58233
12562
16891
32132
17664
42134
23322
44857
39170
41419
51397
10607
30251
48156
15536
15399
59800
7380
43346
12632
54449
9032
29357
12288
19866
18471
58802
46823
19889
44048
20655
51326
59524
12877
8022
15867
25595
28662
34814
36715
50394
39208
42643
59151
43148
59882
27838
27656
38572
8167
16008
8425
14727
31906
37596
7613
45889
52323
14741
54559
5366
6469
40925
9150
24753
31727
39726
24815
12832
29931
4384
33225
58310
37583
4930
50466
9976
37982
48931
30217
14828
47279
59828
13502
56948
49689
38977
41743
42815
47087
54251
54605
48948
34092
47925
39856
10664
26051
6694
42408
22927
3464
40448
55540
34925
56358
20031
32475
55640
44963
15368
52118
15179
37390
9961
31246
7835
38870
16566
18391
27940
6697
48997
4849
12000
51214
32206
50554
50754
51876
49247
41036
36549
41761
23652
55197
55858
39578
29393
7837
55028
32199
46349
33317
38138
41200
12174
32856
44251
17750
51809
32693
45628
22983
10787
14456
54366
16232
43892
11228
7761
19215
47529
3962
5427
24372
57758
28030
17147
52597
34331
49435
37360
5313
17077
14214
31952
51667
19128
19009
18876
44950
9535
24993
35735
3274
9022
18316
33046
39064
8014
23308
57168
29187
40802
16498
23101
49528
5913
20020
54077
36063
52386
55187
29060
53611
31759
11043
36765
58358
51326
6941
15636
36162
11800
31506
3195
35629
33836
47050
3354
39699
12371
35276
38680
57113
3244
6047
32663
20126
23139
30067
24997
57815
58217
38539
31200
15100
28592
26412
43120
45918
48449
34517
24518
12420
25210
46357
37456
6293
10399
33625
28205
40085
57617
39853
4947
14625
55353
7446
6549
50340
52278
27201
27215
17563
54452
54046
48960
39930
33216
27432
55737
31582
21372
13796
35624
26455
10731
15825
16950
30850
38022
11282
33829
28191
10299
40868
11989
35713
40503
50955
30455
56077
30341
32372
46322
46145
27195
41686
34336
50862
56421
44496
35850
4125
16652
34439
46172
13761
28679
9339
10804
32948
11115
19528
21337
28910
25669
32364
21228
34896
44676
9888
36207
19064
23222
27993
48094
34962
36850
45066
24614
54271
34960
58849
39273
54020
38393
51782
26923
11462
18252
5173
29711
7815
20296
50202
22637
43175
45022
59875
4941
42512
17999
55396
19898
57041
51358
24349
54870
30459
17632
46275
6213
21328
46157
59339
24681
15229
19775
50375
55600
58675
35559
10979
8663
46477
26970
23548
24098
46485
27912
3609
6504
23177
21528
40739
56114
7328
38579
46177
45448
45670
49605
7799
30328
53476
53755
36363
44595
32298
29745
28176
18731
36963
11068
20412
27651
16694
27101
20073
7111
17519
40019
55002
55476
35571
17797
42135
37368
42140
24793
53507
49657
38946
52315
52894
31280
7312
3175
24392
7453
51895
56499
11387
32749
39695
53217
59491
51728
13593
3001
12283
52151
29115
46224
24239
46588
36861
54628
18354
21064
16901
43374
39028
14027
50808
26121
26074
43355
9267
41015
26831
53560
34662
34505
36543
54400
24422
53132
15033
21332
19193
32085
26761
33794
51892
58004
13547
58843
23417
36359
8786
23418
24876
44722
10056
35144
19862
43097
44495
49154
17373
34852
51041
17301
20157
27764
49647
45835
51454
29996
34823
43914
53812
25529
4924
40722
24164
7193
42014
47500
52515
9223
56711
54373
39654
44583
17780
3588
48830
22748
7441
44018
30711
29061
30278
36589
25652
56520
5725
15842
30024
15818
42020
10596
18943
15112
17719
18900
9197
15005
56379
43840
31167
35297
14242
19342
6340
37705
13938
11097
43110
38942
49544
17963
9845
25134
28208
56688
37461
19541
52277
58110
52894
19109
14775
11647
39018
4277
37216
57783
51159
26258
11644
15628
18768
14131
50382
15734
3701
4257
28468
10983
18246
13743
53198
34692
40947
31870
54197
24934
49850
13899
22652
9702
54188
41548
32179
33340
44142
17464
12584
49697
29118
15453
44558
12864
59950
9707
33386
56414
38193
49699
50954
38355
50225
3619
46647
45014
23347
37560
43345
29828
8703
16406
41150
4491
29879
47569
43367
45702
35492
59774
9812
33459
11412
3016
48221
22639
23826
43325
17030
22620
30158
36683
33920
41674
36442
42043
57869
53105
8560
27638
21812
35367
59960
55608
21822
27922
22951
32827
29629
18617
7199
33914
14826
23915
44333
51962
36573
25278
43663
4787
55420
52297
22697
37634
5151
40307
51980
17580
41308
13696
24498
51753
26966
19815
18591
58758
20055
23812
30394
37015
58028
17596
40523
58702
43955
10137
19967
17857
57974
4097
26545
54800
18040
32255
42317
31345
21683
40202
58669
3811
39218
8697
54408
3323
42089
15856
56410
20795
49186
39157
34762
8332
48753
28466
8136
21193
25867
24708
25961
41479
24445
35450
13645
33621
18893
29819
59541
49127
33423
41107
6446
20385
25579
39582
7766
17220
18778
53482
42002
30478
16532
38315
12258
16572
5481
52914
45006
17894
27934
6219
29833
46063
52419
37314
40988
57677
30849
52756
26086
52946
3536
14524
28735
27858
52416
21427
38845
14952
25778
26837
31829
49570
36363
39291
12815
24716
17031
28182
34548
20448
12342
34693
35157
29812
26758
24321
18473
53086
56256
5252
3693
24708
42565
17800
40795
14160
9677
6310
24863
41775
14079
52993
39086
57465
8793
42194
51333
42446
59108
17883
18415
41016
25714
6446
37582
22090
10493
27716
40891
34663
6808
42185
58864
38051
33045
30749
17170
58723
17446
33974
5715
31874
14309
41126
37552
58317
58951
26815
41558
53425
8886
54216
47466
58285
49764
19175
21998
53281
37249
54889
4875
42161
32338
26121
29307
46096
24359
16401
12257
26928
35535
12796
54666
23252
48457
11989
18589
19456
57857
4094
24314
43426
6081
19507
52858
16505
32220
14972
16485
25183
40966
20400
38013
47041
22816
50307
51162
51434
6251
46557
41329
3339
10337
6049
41031
58290
33736
20435
34326
18931
7504
24544
55124
56109
12632
59229
43014
54832
39268
28086
55298
59134
45822
3730
6517
58604
45216
22140
54214
12545
20203
13075
55470
14140
5344
29836
5078
33587
44345
14462
16567
15687
35756
36207
35452
50697
54705
25140
22384
56119
11437
59520
48095
41970
25008
38345
17380
16686
47313
9960
8799
47493
29232
7091
10273
28729
11667
58662
58526
41615
18379
39272
40070
55672
17162
17997
53836
27052
9561
55893
52236
24249
34203
32973
6397
38611
22816
58524
55193
11522
32714
45006
45726
7359
34207
42550
34170
38614
31198
19989
15436
43027
9719
27264
22076
17379
34181
12617
40097
32064
31876
59244
34524
42183
52392
25469
17002
20799
37847
55548
16645
31939
28874
3847
30912
44481
36409
34776
5127
5884
31579
18467
4697
37998
32596
54750
36735
24595
57336
32767
43107
7108
59122
12680
9776
47020
25196
11534
32258
12399
53954
34964
43869
33819
58314
8537
6687
55053
6719
17111
30085
22656
48296
38976
37658
13614
45559
17220
14252
19712
59988
41035
59411
43365
15604
17530
13735
