1077
9544
29379
39534
29946
8154
26652
58150
53202
40999
13264
26829
27899
56114
54112
7281
27461
3224
25273
26477
5688
5021
53749
6823
37693
19222
27157
26234
11611
14174
16732
54938
31445
56289
18786
57838
48455
25546
37788
47891
50188
4018
47842
14490
40203
35196
10285
46198
20908
16387
33279
39234
41533
6674
12365
47015
54329
13565
26800
33946
30340
54502
41404
16992
36249
24563
9187
3523
9041
47164
32146
18051
14072
27051
40450
30775
4305
27160
24136
59373
51049
56932
40317
8832
24571
5323
46027
30438
20735
40076
6469
10823
47149
4286
46599
29658
22160
54645
44621
26436
35803
38126
23720
33023
26449
29608
14604
49816
49762
16938
31001
40819
5740
40122
32031
40665
43087
51639
31671
22527
44397
37671
40323
13338
56007
23770
28205
13525
35690
53220
20360
57471
31714
17768
17772
21955
28489
31805
4905
21284
35969
50307
30255
9788
37293
34375
35229
53333
30752
42751
30989
52192
7125
37625
16375
17834
17460
9043
10135
9309
7850
40126
21656
27333
18793
55391
33472
31518
52999
27866
28782
17705
36814
26038
10641
6992
56660
43826
24791
8554
49911
13239
47280
59315
16792
37331
28922
29761
25787
53746
52392
26302
46715
28604
27513
53424
20076
42578
16300
56389
21286
22828
52715
49554
16859
45791
58990
56768
3498
49923
53720
18625
41641
23956
27652
47660
38369
3029
15505
11904
25727
27521
27632
26489
47935
24570
20348
45589
27306
17775
5380
9193
46544
37720
15580
54600
37588
28446
59525
3036
46802
19317
34716
6806
27024
45892
23111
6190
30202
17405
52901
26116
46063
24390
28364
24605
16441
36143
13841
39105
19898
20700
24910
43956
59032
3678
56507
31742
35954
3636
42640
41552
5367
9683
33128
8892
17548
54140
14669
22644
18822
19003
33777
54084
51257
32231
14210
18693
11371
16800
44955
14009
24909
4350
20871
18310
25944
17095
4163
16016
23515
16436
35699
46731
19924
3952
38823
42726
49508
58032
19455
39600
31229
5077
17294
37890
14618
56663
33968
13833
52574
30882
53600
37364
35988
15457
51401
13799
18971
29573
20250
19698
27928
9510
4502
49496
39236
4843
37573
10881
52695
44324
58708
48539
4015
36439
28013
13412
15277
27551
14198
21516
48120
51873
56731
35828
57280
47508
48737
22417
33517
40756
35872
47679
20845
47681
46891
37715
39436
19649
21897
55731
31622
42945
42068
26017
22992
12094
51317
41208
12709
10529
32064
6607
34191
41759
54078
34147
50035
23322
41239
58082
34156
36103
37258
45128
17794
16586
33404
33740
43783
7331
29306
25996
29178
31439
43880
52274
16923
15315
53337
29072
36446
59234
56823
14327
57460
51146
41692
36346
45546
35823
44365
18286
3225
4318
4391
51668
25940
55504
11666
46255
38801
52646
54538
29052
9561
50735
37471
56385
21696
20965
43815
44157
43658
8426
16781
55253
27012
44594
29620
16151
53427
59858
48626
8058
45837
46180
34977
46843
16103
56132
56878
46342
53568
44090
6099
12699
50704
54588
4971
19442
5191
13188
59549
52109
43805
3236
13119
12813
17541
17987
12708
38689
41021
11058
42512
24370
50717
48960
51793
41680
50339
27792
10418
39084
20475
43270
50624
44399
40129
10819
39617
10883
14840
20018
41842
54049
29507
26649
46336
17973
11319
5406
33821
21379
36312
6460
11480
41034
47278
29974
20110
34046
22601
6269
58627
10457
43364
22688
59811
58807
43541
6838
51754
23745
8647
18384
41258
43318
29817
38885
23515
25813
46296
52460
6314
57626
9111
41497
45520
46714
16255
40522
28206
13279
6512
51955
29224
44000
5860
57990
26144
28719
39713
32842
39228
35798
32466
14141
32572
50425
25039
48577
34605
49417
42712
38554
39020
29292
19822
3774
13312
5889
10368
54662
15734
3539
16533
34863
55020
4634
17560
33191
22832
15426
22579
38328
17801
3247
18587
36295
50242
49765
18348
45760
57078
3895
17785
58976
53896
40135
13624
48869
29152
6199
13534
31117
19048
21478
37326
19663
32165
21526
55225
34513
54372
31675
24467
31393
30918
33944
52660
4000
30232
46184
52023
52202
16170
41456
20383
32463
52243
14660
54249
10483
15674
59833
50272
59548
47942
23808
51624
4274
13557
21839
36623
12915
26877
22320
30952
52838
51167
51296
31969
37387
38386
28012
42905
55630
15372
44121
25050
19083
22331
41128
41967
32572
9506
49575
20821
43979
6856
49218
6228
37575
23575
43120
57059
6069
33740
58377
59245
28238
37099
47794
21050
9856
17876
55663
15383
6860
36693
47243
47713
59635
47417
4942
16095
31633
47730
5247
4451
45925
45761
58662
14810
10158
36547
10436
40115
50362
3921
18814
26523
25452
11175
15682
58854
33615
40616
22335
59763
9903
46606
22466
24424
25480
56792
11595
9605
23038
18699
6094
43737
27455
31365
3199
53818
39696
10697
59223
12109
17049
5382
24773
4682
44768
59096
34552
55509
19356
24480
57792
58703
49782
54666
50316
44605
30270
45420
30201
4220
19276
17220
25574
54167
7301
39560
8403
32304
26691
10692
4060
9519
11202
18300
6687
42180
6359
29640
40131
4400
42509
43611
23799
22135
43643
34345
53000
59375
55399
42244
15002
57798
31019
9950
3860
32829
44543
10659
37028
53290
57608
48366
26238
29255
24698
23183
57530
21747
44410
53581
38538
55202
28022
34061
35026
43627
22583
20492
58161
28602
49798
40303
42004
43330
30188
23867
22026
46167
54549
59375
29902
27140
10231
50196
43856
36097
34379
14936
16507
49815
44722
52673
5360
24162
9318
37605
5125
50927
53203
14332
22658
34728
42767
13606
10236
38995
42823
27574
26191
3008
8808
41041
8609
42889
18969
53974
25234
28490
50990
3783
54511
59866
49448
37039
22792
17383
45288
29790
56873
18365
18587
14177
33759
24672
32928
52871
40435
52217
55982
30685
17619
8719
49925
43704
57893
56487
33519
7338
58474
36370
34471
30298
31590
38855
47998
19101
16111
16330
49559
43134
30257
55497
6348
17512
43621
53736
38544
11507
34447
23279
44135
26125
25443
33160
21318
51358
57780
26963
34341
58421
5882
6300
11270
29716
12167
31282
18973
31508
48333
36104
41272
17398
13331
14495
18678
16936
32222
56382
45804
25418
32089
43219
52144
33771
52403
24772
44229
26479
23085
34169
27395
41658
35395
34036
14171
6965
39106
14248
17487
12543
29422
7209
17133
16338
45916
22727
59860
45355
22116
29605
36502
5056
12627
48669
56033
34948
20683
53712
55608
48265
39133
17117
49926
39847
9597
8785
7110
55795
39394
17305
25691
45569
57428
29151
50164
9544
24989
25771
34302
8116
35032
17302
8819
14872
41023
14945
49970
24670
40274
14565
29147
40286
8527
57077
46034
44551
22827
15743
40975
56454
30799
22709
55170
24157
52309
24103
31515
8170
16446
14010
10031
49539
18040
19656
30667
8041
48989
33927
24483
43037
43670
11323
30121
33655
14756
21795
37218
13260
10220
42637
23556
31369
29918
57526
29590
