914
3968
33199
4011
46120
53366
37411
39692
20740
29778
36002
41647
54683
14162
15714
34402
27817
23222
4559
13336
41132
41313
41331
39083
45929
9327
32511
34557
34297
30559
53836
45089
24746
34005
6382
11031
44213
56245
11163
27197
13173
39420
47503
54283
13845
15928
56201
45627
45938
27401
48521
27878
17321
42065
53908
12383
5904
34565
27136
24950
57594
39660
26098
8351
4240
49553
51539
22100
21121
28912
14777
36061
14576
15396
5145
59648
26067
36255
48905
38569
46092
44027
42382
18095
32571
6685
9637
22479
3861
34563
8373
9437
7216
17092
44651
10779
59489
58842
38602
24336
18430
11425
20869
18461
10082
23083
24499
16654
14981
29372
43347
56403
30717
20347
27860
18380
20753
21632
32553
43214
41869
36600
28963
54001
59765
42627
46228
8091
21314
58234
18166
56930
37963
11031
52483
43893
47910
24934
34981
59719
47051
17144
57588
51081
39279
14898
38461
38539
48462
50518
5413
58886
54485
4734
20998
4038
20919
15943
32594
56542
7120
11603
49836
11435
41324
27922
52241
56633
44984
5974
46660
27316
36234
14274
25180
29938
28718
21547
56557
50672
46432
57725
30326
50189
52338
33519
23681
32199
40251
3952
40212
32000
7342
22945
9488
42463
46938
20489
10679
30757
5391
12215
28940
52370
16858
30233
49002
51845
6055
5217
58867
7872
16592
37237
15791
32007
42351
39442
10594
45861
37189
11274
43824
14921
57015
13657
33556
6974
20207
55832
31200
56656
35919
52971
52890
46346
29172
50768
47836
23809
31502
26638
9722
7194
5582
31108
53875
15855
26313
22784
56350
4397
16302
14157
57343
59738
38401
20320
14949
3799
57523
54122
20571
18642
47721
48946
51719
24027
17963
51630
42904
57146
32160
29917
45408
7156
53812
19392
5579
11887
4170
13019
16396
4941
39377
57026
32849
14252
51965
8975
14925
50204
6720
31909
10351
34930
51540
33198
58396
20477
26316
8643
54268
6814
32480
52147
3831
48584
30998
38350
8128
47202
58524
31083
11519
18188
14180
38802
27277
9920
20767
36576
16423
23703
30877
48596
20899
21006
38874
27045
55276
59814
20522
6683
42758
53588
18868
54802
23772
18591
24915
30505
56384
39526
15855
40782
58767
33936
48143
56479
52697
59955
51569
3734
24906
42225
14842
18602
15309
7015
22690
49037
13393
52651
29350
23725
37563
43118
7049
6034
23928
18893
24477
36600
56703
24227
46709
55234
55921
34915
44876
50865
40792
54044
13489
25484
13139
16961
50448
7684
27353
32386
57365
8958
28241
35879
36905
25384
33114
9632
46766
23166
32134
27389
11663
11354
47030
19036
19856
3849
51412
51763
23314
20326
13842
53816
55144
18359
59330
33876
9250
13655
47103
24396
52889
33480
53732
18263
12762
9488
59969
46499
12034
57137
16483
42054
15269
5329
31920
5384
32453
48403
6631
20582
29849
55114
36256
27857
15726
52053
20322
47205
39337
12253
35504
58945
43645
27324
59687
4627
54996
43184
40456
14750
25435
43540
20269
19778
37581
29664
29862
28175
33092
22531
13245
44449
56891
57087
7964
4491
14032
16831
48182
38292
15917
40012
55943
37314
44244
7500
54920
49906
47584
12656
24422
45475
17429
18314
13875
5929
51740
45712
4750
4195
31789
28778
26478
21453
28223
15929
23941
32722
10718
20104
20523
51065
33815
43463
24320
28480
45198
13292
58765
39864
51410
38925
55020
59722
41686
55202
32719
59667
6336
15321
12334
28310
19502
40737
31384
38881
23441
6023
7986
39951
10671
36291
40342
43884
20745
33507
38984
21817
26669
28607
50903
30511
59904
29437
22854
47608
53826
56020
58315
10264
33789
34180
34549
12369
53122
55035
15064
22869
56686
44678
54332
36354
7327
37372
9521
53135
51985
19245
10735
23545
28960
3678
26908
59693
32866
31817
42407
36543
25304
36234
17367
26806
44051
14257
34021
19417
16440
30681
11565
20735
36350
42462
44386
12385
42395
20627
41442
21018
41900
54936
24161
53670
4491
18244
41557
3634
55404
7398
39826
4706
50359
41819
4644
20288
3498
36090
27460
23410
53063
48826
15985
36599
54403
37037
55994
58676
16949
44392
4167
4842
40324
11774
47673
22066
14173
58274
37251
45699
52465
10776
30949
34012
53237
6599
8089
40641
10244
51610
28616
51228
6957
53686
52919
57462
7056
22068
13187
16106
17899
14027
23752
42542
18108
3937
51094
8643
34440
50791
36416
20091
56922
12174
11858
44483
13901
56874
32144
28709
27634
52133
45974
12497
27146
19574
41895
44676
45738
37990
45575
21763
11105
56121
44267
40442
58632
49532
3099
29552
51464
27311
53970
20663
44457
3532
34234
38137
59560
13043
48437
43511
57215
21120
49999
18104
7711
8698
49702
5659
28466
10383
54666
21225
32558
43996
44084
33397
32713
56914
33011
35052
48996
50676
50576
49606
54551
17882
29954
17111
13592
34598
10423
21731
24405
18278
43575
54716
44221
49594
28461
32457
26619
21554
40529
27360
35409
37114
4402
21596
5102
42545
18842
16496
11535
32778
24254
6219
36783
13296
53474
23052
52938
31537
54025
43923
17733
49209
17873
56517
50166
20707
29229
28935
16971
13345
57565
23191
35055
54859
35880
28916
15560
13163
19657
44567
22099
15519
49640
50914
36887
58740
56457
40477
37926
42820
29890
24177
59486
41828
45656
21339
32565
24086
35738
14485
15184
50587
40341
37940
23993
43974
3921
34554
12836
43709
50995
3267
4055
55171
25000
20814
12736
12666
6460
16946
12560
45474
46348
45414
52450
17515
14078
14294
29725
34663
5211
39806
10035
50099
29324
50974
43443
20127
46116
51016
3539
52616
21118
18758
23353
38138
5486
53474
29616
20569
11315
55602
47226
46592
21193
58709
12210
31615
40068
5757
33360
15054
23197
33528
53132
32912
56620
37202
33292
12717
28993
31128
21504
7192
5590
47499
27638
57222
53394
15707
23559
43237
39181
12136
3959
10577
48110
