2230
47610
38014
8313
47181
35859
31045
37807
15470
22606
12912
52778
49344
5395
13954
49534
7054
11967
43177
52084
44875
42567
57674
41841
21563
24906
6938
18655
22140
57292
24440
13213
44927
49331
16084
22685
41262
42146
54594
3058
42343
24060
37795
4567
7619
32028
29728
14548
10001
23053
11557
9844
7931
37952
30170
26104
36516
7459
14438
59220
46013
17065
29476
16842
55127
52127
4596
26842
17815
29054
28516
33823
59560
18622
49911
45984
6432
40469
20687
42098
56676
9651
37403
22763
55011
15266
38091
44397
16523
36142
22852
18981
53349
38751
5689
11226
34899
20935
49534
49263
39591
49781
18749
7233
54946
59272
58692
51641
42706
49449
18487
3461
41799
31107
42606
32648
50191
22588
8611
45018
11980
23766
42631
17926
19529
19360
28544
11631
24619
58115
26782
32069
53774
18506
56758
34775
4945
15615
17454
10334
49426
40742
29777
48710
19499
17856
6315
37110
57009
19333
44754
3770
23590
18137
49855
12035
19227
34499
3909
53764
28236
44764
35706
8212
41925
17987
15059
21893
38037
47533
59642
40831
41427
22120
31131
53266
12492
40956
21619
40832
27410
30819
45593
54718
24016
19506
54342
15552
32078
31973
4096
28061
45414
34704
38781
28120
21742
59710
53822
24414
41918
49088
51881
17684
55398
9639
23916
31117
49906
14725
19082
13442
7074
10417
57090
47951
34272
21704
19241
36283
12181
38479
26221
47225
25883
11111
19868
42899
56548
10234
30958
10805
38113
55676
28760
51276
46438
36705
12668
15915
39321
51123
22497
41277
34795
24084
34417
7805
44814
43537
13067
22075
18761
30711
33631
24303
50757
26318
8595
46685
30871
33575
15954
39916
21783
33389
4358
50102
26922
13354
56689
54382
32988
43173
48101
51958
43940
56516
56418
19676
6729
42510
42470
19863
50377
31169
5086
33371
29851
22894
16166
53691
32035
9647
10700
19713
28446
57382
41336
11591
16653
47432
58485
19209
47169
14242
49405
18102
32411
25231
20353
47949
30686
6209
36922
49032
21894
18165
19122
56858
29133
12067
21931
34567
56471
38622
51929
34727
56553
48863
30733
6400
3341
40508
33936
34462
32934
38501
15341
9610
39631
14057
29851
51367
17760
8524
37900
50954
33068
20815
4033
42368
44725
41159
40924
48647
36797
33926
56045
32268
55377
54756
38353
28985
25104
13358
48783
56932
58156
44832
8557
46544
23016
58655
48380
5108
7868
3425
14927
39888
55586
20277
44651
4234
59365
35279
19221
37484
15033
25445
23250
29728
51292
42176
25857
48479
19897
8488
40548
19164
19275
7769
22924
7058
10020
26891
26999
48612
46454
14670
22834
7865
8981
44865
37462
4988
35964
47986
16595
22409
30495
40396
30144
4303
8096
41450
58457
30354
47658
29504
34227
34667
29360
24507
44463
33855
7525
3489
47399
44132
32279
7423
25206
39035
43391
11412
35990
3292
37204
45402
32070
5919
57819
34606
56368
48239
29202
58501
16496
6768
30907
16131
14878
56153
24601
57653
17680
38963
51200
17515
22060
6004
5370
28644
58842
34331
4936
59728
52182
53131
51471
49001
28282
46604
53791
36508
57734
32050
26800
18939
52190
28353
47553
30469
24831
20661
57966
10426
45643
40905
47580
44128
37407
38378
29032
21265
48780
21512
11732
3850
58231
38249
50858
8589
41405
40398
21341
13204
31110
10100
34669
22393
57188
10167
56572
9381
8497
4288
51387
19984
6454
45039
10689
9281
47320
27604
9077
27660
40501
40052
40969
45394
39471
36218
17736
53590
53824
18337
21023
16529
51880
46943
17682
14506
58052
48875
50819
44980
54749
6380
30733
56959
14144
40687
53855
19379
22451
28338
38176
10744
34732
32660
58190
39170
43589
28979
45764
46420
15189
27831
50252
16185
11115
49982
51836
47588
53030
24606
8198
35895
20577
11635
46983
20740
47689
55115
13090
18488
58031
10842
21364
21863
42118
10830
34932
32403
48352
58665
42162
17765
50028
9911
49708
29892
23307
40241
44127
17684
30101
43168
47084
34937
49721
14752
10546
18103
42160
51362
26118
43766
20973
41949
9946
5360
17760
50191
14917
24973
35274
31833
24747
4535
31265
19831
14965
51944
44098
36690
59000
16492
7880
35582
18001
7789
47438
42389
26208
13399
39629
42211
5229
39104
50194
45057
51498
26786
15420
9038
31822
35074
19316
56518
26396
40397
6328
45628
27320
22072
49420
16078
21654
40863
42143
10364
10666
21274
17281
33920
41120
31578
26749
25100
26515
27960
29927
14182
3136
47148
27328
55114
23110
32372
46841
30883
27936
35636
12034
7162
38549
8072
20753
15579
12960
50460
37886
25907
18279
41889
48111
15180
42873
3116
6674
33351
37006
25712
10358
51135
30187
6727
57026
59183
41925
18360
17182
50436
24519
12220
24017
9508
29278
8213
35777
37158
22892
27637
58800
57236
21578
30527
4257
48502
53417
7849
3307
37197
59816
29485
14483
47433
59714
25765
17335
17001
31066
55852
46005
14851
9685
58225
28976
7990
48679
36832
14545
14150
44762
54803
27798
20858
29639
9015
20100
20957
12267
14887
21851
9763
54592
38836
42935
15356
21999
35056
28789
32036
30798
45037
12500
57531
14349
41318
14953
46938
50951
10104
58838
18017
42388
25707
14426
18598
6868
22476
7130
20368
4030
56356
22303
37544
43415
3383
45815
43528
7808
31581
59905
49243
42050
7515
39926
27818
58040
44186
5039
27956
19456
16158
21489
6939
44718
15861
54146
24907
11902
7061
48283
14982
41085
56993
18275
21035
40226
28838
50941
27776
34618
22933
9319
7558
28051
57178
49099
18140
29191
46609
45084
57903
15837
31437
13918
9455
9009
45285
7587
21769
54034
41165
27823
22726
58339
50559
5692
31563
30621
18801
33359
29507
53548
4012
32789
35314
34057
29949
47425
4857
13125
41097
25157
33162
30945
23224
9411
16869
29612
55420
12782
11626
40166
21171
47815
5853
39119
44358
39106
48728
50989
53163
9406
51631
20890
31000
37944
43900
11672
29108
52873
15617
53753
25671
43833
38623
22965
12125
8714
22088
40272
56271
13370
47771
52567
57317
15749
59659
20367
56710
25251
59594
17302
18390
59254
45570
16135
35015
12452
49573
37533
55378
40430
6804
25707
8569
24207
13832
42001
15822
19724
45585
8851
42028
3766
29040
45995
51637
28165
8976
28220
41115
12984
59624
14160
3573
47091
9872
21384
47698
10582
50082
31232
22042
52423
27484
9517
11932
5175
32310
18805
4263
34634
39456
57801
9574
49253
16528
14370
19562
52157
12498
55850
55685
19584
29858
55962
22680
23631
55985
20340
54987
33071
58458
58463
44525
34062
45311
38275
26946
21170
3997
55800
3555
36542
26432
45454
48819
52519
14082
48928
29813
17581
18560
44335
26520
6907
56370
27819
48902
19318
8836
37710
15272
4985
3585
23121
35933
46524
59234
18542
4486
55222
12896
15222
58254
36089
26819
48850
15314
29165
53032
32005
14769
8585
10075
50641
32756
44794
40543
24626
56730
14358
6470
11334
55624
15890
7673
8025
10876
56619
5802
30102
8030
33807
48744
24710
58447
43001
38734
58718
51629
45255
10060
36485
45706
5095
27934
3539
3025
9838
37995
54515
54115
17679
43041
7900
22060
30279
8646
32153
23320
39707
53787
5662
22858
9264
54428
39280
55278
7222
20545
44095
34743
36737
46864
55193
41905
18738
11688
15653
15207
40370
43171
59219
33848
25397
18610
27979
38710
24375
56870
43026
59082
58254
8426
50357
26315
14635
57144
16600
23224
35068
36858
56076
10152
54202
16381
7555
6021
27588
36070
34135
51329
37032
32794
5726
34667
25204
51959
18278
27389
21462
37744
57649
55351
3486
57874
50220
58858
13838
43994
11065
22996
43703
23396
50131
32960
59822
42647
30776
31453
17924
41156
59010
52069
6448
45292
34342
48189
53626
30348
7963
20671
55542
58906
38918
11942
56241
39853
24440
51536
27279
7827
20586
59643
31081
27174
35555
35085
30072
53498
55017
8667
21905
24114
52784
24537
4155
9621
50705
44631
51043
56805
14121
6152
46623
26907
21560
27565
53929
32093
42409
47466
48147
12455
46963
21037
37934
8314
36132
4182
49434
11739
37407
25006
16548
23942
35790
34319
55330
42048
19509
45488
25150
40791
34743
53991
24080
26203
49742
33772
39188
36771
35686
36369
8716
11104
59731
56738
45537
22324
44919
9297
10591
3266
8192
47164
51060
38790
19972
35254
6519
19643
14595
11440
38797
20044
44961
13794
15765
41825
46580
22273
29644
29706
47293
13579
50038
11371
12604
18709
37308
8915
16166
48875
20610
18869
12309
57642
35625
10913
58938
53904
56690
32720
9692
53704
48013
23420
57515
15482
42234
41103
16626
21751
11760
40131
32120
9337
33396
55020
20972
19159
42982
17413
3361
4410
30226
29451
39800
35666
13538
58106
53024
53980
20087
7620
4595
16203
9794
33749
33572
5642
34538
16767
15912
3822
22306
41893
40875
15091
55136
16291
47839
21752
18034
21031
21595
26380
24071
46071
58637
30395
47405
14407
38516
41670
24114
45068
11308
51687
34181
6533
36271
21789
49375
41205
18826
44110
15111
48895
19773
6149
36954
48465
33327
37310
34123
46660
55882
59640
33600
28773
48791
48523
3792
3909
26978
44193
33017
35328
6106
6485
41815
36015
25082
58967
43880
59998
4977
32567
55961
19110
19769
44907
22485
11139
59938
26265
26608
12300
26740
19609
14897
22564
58236
31479
13946
19907
19029
34720
35834
36343
48459
8915
40530
54020
36100
52486
54443
15833
20486
47127
7984
16283
57011
4950
10334
58396
13907
5482
42716
11853
42807
17379
35636
26524
6605
14119
48726
33344
30679
24822
39347
15340
22018
13861
39212
54370
56383
29812
54483
36619
20624
26484
23913
52134
58687
19307
39725
25858
23614
35357
29749
43315
38650
47924
41980
17308
31079
50542
12618
48867
32118
39531
12459
30689
54593
33733
58162
34279
47984
48603
54362
19103
41098
25996
14859
54854
46253
9239
43714
32016
35001
25394
14665
18560
45873
23662
55484
35088
27114
29687
49453
49323
31656
16305
47742
40922
21260
14960
10215
47015
6832
42834
55764
35183
31719
11599
26493
48043
50316
3845
21106
35680
38881
40993
55504
20311
43865
19657
14406
56688
22862
13148
24655
17557
15765
11790
27553
57728
3258
56724
13720
59800
35545
27391
38470
8581
46362
46557
17713
16493
51617
12865
49555
36031
21441
32524
18443
28967
6509
25170
31258
8934
42323
50567
10538
11309
18062
58789
54632
12846
3234
31848
51851
28449
49314
41420
44068
59937
34485
20643
54343
28208
4849
25497
24833
30040
9869
56808
3425
52077
37621
44452
48515
25196
30938
54828
21914
45586
55224
37045
19211
14467
52887
5121
8962
52853
42712
55476
29032
4412
5985
32079
4901
28511
11751
58086
54374
29086
42204
31668
39130
23568
11858
51474
6054
34096
40821
36035
43251
18484
42188
20278
12842
57110
9466
47206
28882
27154
5193
4540
48785
19701
21383
34995
17935
13227
54498
51311
5961
39227
16488
23828
48038
39738
15827
32363
57953
48187
41247
13214
37375
29620
54991
28461
13439
59622
21884
45234
10743
56030
43313
57158
28381
41440
7768
26754
53338
55853
32479
59848
8498
31692
15407
48853
51699
23324
32138
30192
51153
58665
4225
27325
38749
39802
57539
7227
25149
35877
31766
21731
48386
41683
32763
18204
4220
58449
27226
48312
46190
39871
22407
52612
31862
42653
39756
45775
12244
49719
9795
29488
47312
37043
12905
34677
4744
47504
42853
12588
30010
16995
48809
56793
58199
50845
46222
45203
39488
4808
50439
48825
10079
53039
47265
21887
25158
42146
15958
39476
45935
59960
43394
25673
44961
15008
36319
11348
30232
35911
55076
32256
57118
10684
9094
20597
57545
13433
36073
56712
33893
18947
5253
36614
20697
27401
38344
22688
13669
22933
50787
17125
20028
38895
43315
42511
23331
45530
44540
59569
38410
48127
33767
51558
21444
32066
25198
35558
34754
47277
53554
20149
14696
3610
14158
19814
36155
43018
3192
21090
29993
3702
54287
39708
43459
53009
37891
56865
16613
19247
21590
24510
57045
42178
56119
59018
8550
26289
29637
31527
47207
42145
56783
51240
6032
57206
20157
33082
21238
9516
49999
8063
38382
52783
24352
32217
5715
21008
4214
44307
3892
38877
46098
38206
31707
47018
26068
21438
44529
14238
17345
8020
41820
7358
40117
14153
53937
26167
10767
18634
21077
42118
24273
46545
24912
58209
22564
51046
56664
28531
34065
55325
40641
21802
5114
8808
15278
46580
30241
17863
24948
32558
20826
24834
14906
6450
59508
59859
22455
6672
22219
18798
37265
51468
28845
42387
41365
40156
27100
59287
5532
29179
43250
41420
18617
57472
23975
6240
44489
24627
22629
59193
10555
58255
19366
32982
53320
42747
12558
36206
20520
31885
14409
54850
17118
24922
55024
12159
12734
36874
58331
8563
40073
21220
44531
45733
10590
18216
16949
21118
5716
33675
54423
37238
3883
31934
30467
45753
7500
47169
54203
7192
39216
49083
49839
44390
7829
45046
20438
47830
43395
19260
25132
48591
7886
55009
19808
57855
20486
32340
41962
53833
15935
31347
19495
46833
35001
42322
16401
43097
27351
55246
23411
6070
23884
19791
25285
18322
30367
19206
24837
47552
41917
46661
43087
28217
56834
5827
25853
10504
33603
55888
38834
54122
23709
49407
55982
12679
11502
5207
37718
34501
48015
6579
25391
58005
28268
42868
8358
8219
38849
48939
51927
14186
17210
12604
44555
40848
47783
26979
46713
16696
29941
5052
49539
12502
21154
13521
29569
24883
39950
28380
7616
55151
35803
45828
37090
55525
35756
34009
6245
48262
47461
37283
36980
42133
50979
6362
23267
59661
3252
28531
43353
48401
39019
37518
18769
30185
15424
18467
24312
38583
43012
8311
58382
8586
52093
59148
39578
42741
59680
33583
49696
27754
11234
45536
40078
10067
32899
18982
9897
22862
26897
44479
30276
47818
48551
6152
43417
41572
10222
16257
51340
21975
51406
12686
25180
32011
6976
21138
52874
11042
9197
24809
37994
13997
14370
42292
30647
43408
30181
15211
45650
16614
55309
41060
8202
30955
21570
21438
10180
10366
48535
38017
5240
29713
28652
42099
39937
46568
31226
28233
44646
53652
59320
24284
27320
8881
55377
18065
51095
59180
9024
27107
3735
42939
6916
8722
35181
48338
48630
31498
23567
52956
50507
44038
47605
29131
4512
44896
13221
46523
28847
