1385
12295
31006
10058
20234
54647
55900
56255
41455
20021
53330
15584
40789
18533
34815
35107
29405
20484
49690
6961
44746
38762
58843
27847
58397
33749
58375
6675
36906
35253
54459
20186
22547
19578
41776
49829
37913
43214
38396
54680
8255
26417
56534
57174
11343
12871
50858
34443
36547
51148
24789
44870
26607
12241
22690
24552
38251
9709
40124
52414
10084
11869
49846
29138
31471
38830
11384
4847
20464
35873
49831
42952
37544
3982
21615
41691
4716
14532
31454
42265
14543
59685
20781
45073
24315
18062
48163
8197
16029
39900
32931
11254
17057
32588
28900
8779
53558
53601
15414
6727
28833
14668
44311
6756
49680
32620
56754
32982
39098
38922
38474
36018
54392
42032
50727
19294
4686
32313
5278
11647
7747
49422
38168
42297
47234
31212
10927
34468
37211
46090
3835
22796
37031
20798
34309
42662
23807
5763
50147
31392
59072
15314
49679
36546
44441
29018
24958
48989
6408
30009
58990
38715
48082
53002
8837
55671
34882
55452
9562
6933
45832
29558
35078
44403
8501
22981
11073
34415
46322
25560
7673
45861
29585
7594
21341
27783
58877
56139
38806
18662
3345
39679
59730
49372
16364
33852
4855
13543
3885
41646
52140
10828
33152
53965
17146
5916
31836
6918
25403
22125
7336
35709
40730
5282
31265
33191
32764
40857
22313
16486
4646
20691
48344
21450
31615
26088
40793
48876
51208
33778
34574
50995
33509
38869
36837
11978
44825
52068
39024
4240
27561
30238
19074
8218
16819
9500
49777
50534
13354
6634
25483
18080
13527
11009
29729
35603
53428
25211
17726
44516
26952
54204
22640
35826
29014
40106
9318
19358
40009
32326
36633
59488
58817
50669
48256
4022
34657
12054
24644
49102
5552
50630
8798
45863
30354
54612
38417
4164
53941
16715
22285
5800
50461
35776
29324
17342
57668
34328
9201
49322
27779
23317
27158
8451
6090
17798
17025
47893
25457
45865
3543
58287
43733
36585
58183
43740
59928
38391
3197
28009
39086
3046
20547
42192
58684
26332
10771
38711
13832
25280
45562
48299
34935
29945
36886
53652
22726
7003
41373
19327
22065
23999
5493
3418
53766
22663
59651
25944
24582
22586
41816
37658
30633
59016
35744
21689
11256
19014
4841
38192
15620
43940
36869
10228
16720
26731
55011
53858
7711
28845
34359
20783
39176
32044
4107
7805
50804
26833
19732
54237
50068
30828
53574
30140
48526
56410
39834
35916
54035
45450
6157
25297
14424
37481
4337
43196
54384
42009
32038
15624
47748
44199
33757
38959
55958
15042
14443
20183
13297
25792
10733
35936
7847
27524
49844
11293
26981
44409
3198
28281
27232
6290
6801
59012
46260
45564
8062
41347
47955
30080
21403
53170
6441
33874
46096
30065
10012
5707
53063
25871
48397
41082
27588
17957
8924
40313
4904
57517
46197
9935
11545
38226
23196
18992
40525
53478
34788
25959
43935
5908
55138
36645
12907
55379
34802
52053
44029
49510
54454
27233
43541
17155
35240
54924
7092
21662
43639
24548
8978
17105
22642
34759
38030
8554
38847
13703
45821
57583
18616
15882
19319
21093
10855
7755
26646
45552
31127
30419
9129
39291
14835
24305
22177
21009
38847
56682
44993
3186
14392
59211
15215
55338
15607
44069
37694
51634
17333
13087
17529
5939
24061
41021
12649
41781
39698
52940
34613
56569
27316
55679
38754
52042
14096
10516
25531
18817
18039
42572
52749
37048
46205
24322
14852
31453
26908
6566
57199
24642
26754
3783
18723
58138
44184
22947
42714
59927
46227
36517
46050
43072
48702
6081
56744
11114
4581
20003
16425
12544
49451
17321
54418
58088
13944
56537
36494
34909
28243
53906
43861
26920
28044
53307
9151
44598
23794
32880
50245
7400
6756
13885
21283
36554
56213
44463
37660
3882
53485
12918
4906
34692
58466
16701
34100
39426
12394
48596
30011
16376
7748
35666
9556
37390
18870
26248
3598
47893
27323
13373
24302
12919
30311
39037
10230
34264
53797
54004
38226
53248
19475
39235
22753
43123
33353
45324
6992
38620
17667
3945
58313
30837
28558
53645
19204
55744
19484
20647
39788
28943
21475
15234
4272
13227
42264
49700
43401
6599
18581
52132
52436
29314
43260
53923
51731
32076
4328
37989
55147
24279
59064
27287
54366
42554
12542
6996
42592
41988
23543
53921
17338
47265
34337
57102
26572
33545
9000
25080
12319
44345
10399
19226
7452
28432
40198
41185
32239
39572
13591
36393
29315
33917
9848
15685
55595
29944
17012
53199
17947
52363
47839
9655
22012
20638
8239
12736
55670
50462
46290
40140
41346
53209
40992
41999
9061
43810
29961
54622
53240
54591
40558
22109
28407
47217
38594
44643
13384
25378
37892
10273
42305
32884
59401
54574
12570
20178
29160
59028
45787
33085
22018
55990
38257
33589
28628
28427
41381
43443
18351
40143
51360
17439
3577
6143
53825
37064
46672
43300
5895
30642
54534
7910
7828
4989
48373
5644
6782
55494
17678
37641
34783
55260
7354
48701
15117
44543
47205
59930
40999
9389
4768
23806
17337
39163
24177
17082
28063
15839
45875
46646
11145
51324
54314
24439
16203
42015
14767
56938
5403
37890
23202
52846
25335
17512
14761
53549
49989
25934
59323
45751
23756
44180
50467
32769
12887
52767
40943
15681
49220
16954
9342
29713
58665
29328
19888
18231
24162
26923
3097
42790
58717
42258
47173
59590
3828
18836
42679
3924
11437
35398
43810
31674
7239
29627
19179
26868
25897
52392
14440
45188
40400
20292
30195
30122
10432
16356
29530
23502
34056
9814
3413
35700
5566
43050
55407
14581
3766
6841
29256
33552
18913
7105
19332
42219
42690
23330
58908
13559
44356
45860
17358
26176
5836
16838
4423
38704
22073
20947
39224
41853
44015
38085
24923
28590
11300
36105
57583
57135
35964
52515
12452
31629
51635
56023
19063
12910
15346
7967
25377
53416
40752
32995
46820
34065
58484
20383
51854
44378
45772
10638
20772
20158
50412
54283
53847
19595
37861
6698
15431
48836
56240
53902
4584
36139
14566
38606
26324
14745
18593
45326
21306
3346
59221
27987
6838
16654
57882
29659
19749
36620
58432
26062
30215
13581
4281
34757
46494
58263
28292
36020
22588
15095
23028
7528
46977
21919
10933
43119
57035
37253
29856
11431
36256
5536
53100
11039
49284
23899
34690
25292
8844
11815
44532
24289
33584
13199
47124
50363
9774
21569
31298
30519
19073
38162
34739
49590
30219
54246
30498
53469
30624
11052
14842
3091
38365
35897
3316
19171
9898
23759
7960
11637
53195
35952
31915
36860
20560
6069
12242
7037
58875
10798
55726
55394
16288
30238
6883
36665
11600
37685
15970
57347
25030
23476
3663
23854
43163
55756
23644
8641
47087
14964
58614
15791
43813
46116
14235
53018
43800
47066
31166
46181
54786
58684
45906
48232
37156
55826
41961
10491
47796
20176
4000
32993
40488
54628
43584
19649
54385
29604
50072
25846
23088
37214
55419
14382
51746
37320
3706
11917
43052
26570
20892
45322
12489
51674
40803
7193
59524
42389
31874
27602
14695
20174
15126
12789
8572
18117
24780
12369
48088
18097
42119
42159
43627
36793
54606
18937
28098
31326
23214
28907
38290
11150
28217
43938
38961
19900
40626
15794
32294
45606
36244
51649
55223
56859
26883
19882
33806
28252
29369
25687
47371
5071
49786
9351
13600
12994
30718
59451
23749
35335
19090
21480
35327
18028
42565
3079
59756
24122
28171
23374
57269
25903
11705
46205
51062
48083
53970
6773
29334
9546
47930
16603
25070
29747
15240
57960
13375
9204
39722
38905
54376
49023
8248
36323
9614
57739
15609
4099
42719
39736
56919
33962
51515
25168
15465
37672
4034
18909
9189
43671
55677
6260
50103
57934
58622
38355
48238
46458
42298
47767
11183
42851
19329
59514
50278
58214
29498
23117
49487
38393
24525
31229
41924
11448
33816
49898
41157
35487
40009
53035
6529
49686
35935
49416
54441
59166
20293
25507
35398
45148
51023
44315
24382
16018
56274
47297
39911
11426
54529
14733
20007
28788
56031
56254
47857
45801
11019
26477
43692
50298
50461
27963
21430
59975
38314
12387
36715
27083
32926
28139
44719
4189
29105
20554
38615
19395
25249
45909
12206
33021
48317
9407
45024
7355
16575
26772
10053
36082
27175
3792
48270
36367
50792
51421
43584
24252
20863
37667
29505
24073
59524
18989
21386
17376
47864
30641
18107
19069
25023
47408
58123
51644
8803
19628
44240
53885
6325
20062
51057
29598
20174
8194
24584
47974
30623
59881
18256
21920
19483
21052
10221
4724
23101
30508
3784
19336
55500
10440
17515
17755
35264
56873
54190
29066
36268
16717
31430
19078
47949
25024
40319
36432
46518
48296
24631
37403
43169
43635
27598
31245
8730
36272
35782
27928
49887
15210
49498
46271
40397
35325
5488
29494
22892
13809
3950
50595
33716
38282
45352
14938
45679
49581
31434
52642
57848
11641
42399
32559
14410
11864
40601
59631
41904
39880
26682
57373
