1547
51584
46702
50980
24816
26178
27965
5960
47887
42734
59052
56172
10855
26502
52644
55833
11039
31676
15956
53421
40192
15108
29627
14478
10098
25239
15891
20943
59312
37025
23763
33715
52697
13793
40425
43840
51109
16219
27022
16804
10057
16862
56496
13964
30157
52033
37548
47056
36994
9461
44740
49323
31886
20101
44083
20263
30397
4138
48187
10240
8162
12012
27147
21355
31422
30774
35121
37367
44647
39974
16098
56063
56092
50502
5449
26273
4576
37119
20136
47137
56117
33082
47719
38428
49301
4482
30303
57047
43512
48186
3182
28242
29187
9379
25564
38982
8680
28970
47032
18361
35364
59045
54827
8264
56922
21044
58243
27288
37293
52480
3511
25348
45964
18650
13013
16022
40151
33636
50955
10817
42413
9334
48509
19066
53291
23071
25646
55907
17145
39211
9456
37571
43342
20391
14262
43743
40048
46959
39534
57113
16203
46367
31120
10774
37225
35568
33911
48762
52701
46235
59739
53194
3905
36390
54705
41158
34210
27765
25025
5381
37712
52305
33706
19379
47561
7769
23869
21066
46631
31592
48447
36134
11945
31872
19700
16412
3485
48094
19307
23695
33027
32517
41576
37561
50045
19085
24400
24441
36466
37461
20912
50658
43853
34123
40172
48487
5763
44833
27102
42796
10292
4502
49085
47643
29144
35510
11429
16519
12253
48071
22861
3644
33278
31096
54952
41810
42458
5475
7529
39351
27120
4071
20589
28969
57979
19587
4811
3183
20779
43367
36209
52982
31459
13504
39884
36993
23992
19576
37375
45810
11633
53243
36024
45483
33763
43059
48191
42331
15543
11746
53157
40367
37196
11888
46263
12409
6098
58630
38745
41202
33186
26022
17089
38588
8901
3674
48158
16649
3095
36482
37976
18332
38650
7178
36279
7365
33679
18738
58638
48232
40448
6510
24255
4691
14564
45791
25768
24337
41573
6604
35997
11417
14332
53360
14764
47247
38194
28780
42086
38920
42078
45083
54596
15507
58462
53734
56282
46517
43303
37528
8881
54010
26831
51311
40645
56650
41345
45270
42473
8614
37461
25905
4707
36812
57200
30967
5656
11037
49300
34306
56581
28741
12610
36764
21245
57605
33055
25667
18012
9338
23183
7965
30250
24367
12981
24450
47193
51980
10289
19466
25511
56374
44736
18955
36442
52663
3731
45790
20281
34094
43790
40379
28877
25308
28129
39943
18382
30182
49204
42588
32681
46171
5921
18052
34166
3178
52585
35147
58803
14335
11643
54990
19111
44468
50419
51053
16312
25748
57641
24400
43878
14984
12733
18776
5413
38172
26522
28832
56189
44575
54246
19358
30030
47817
19809
27398
27107
31708
11838
19713
27757
38099
12492
23343
55032
54681
33512
36782
27999
6502
52006
6574
20793
30707
3526
35812
41632
31470
14424
5068
8473
6679
45142
46115
51896
5221
36956
14580
21384
41559
48708
40991
16437
4222
36528
25366
28891
3474
41175
47356
53292
41900
39802
19522
54124
24189
5705
23014
22777
25436
3314
31225
31403
33656
5733
14658
49783
3393
6381
43942
4119
29993
30057
22551
5677
6157
43828
28295
30607
59902
38516
53158
47423
45719
21377
31420
31218
30977
21344
45142
18212
3680
23673
48846
28550
24076
44674
52284
17859
58881
25851
44624
14100
45437
50146
55249
21456
54820
10798
54003
21092
25385
34737
10010
18177
4818
38020
43373
16742
59149
33667
54800
26987
22970
7065
47193
16204
55711
23528
24238
38008
56990
54079
6774
45330
18595
6440
38197
24441
56714
16121
20553
14498
8705
33820
22259
23236
17272
33585
57035
33521
52264
15843
31358
57572
20994
54387
12518
34968
14440
55157
5010
34341
24874
40904
33842
31168
49002
25305
6406
23640
55131
56945
21592
37605
36392
21924
18829
15229
30571
24248
17416
35790
41557
52628
55592
48773
4629
51139
19612
13047
4212
57791
28116
3020
57079
27008
55463
47549
34634
6171
39257
37365
37203
21222
59199
22364
10906
58804
32477
48251
57566
26699
26690
22065
53771
18851
28194
27364
15129
51378
20458
48551
28299
12743
49097
43232
48409
50173
59233
46950
3697
10571
41604
32978
59257
3008
11768
15680
43712
20544
52974
13308
47296
59323
31665
28229
29339
22194
45020
41728
50299
8647
47850
44843
48207
12297
13963
34776
28679
38352
12322
22790
44086
53787
9786
13123
35533
59153
12308
44565
24457
50229
43277
7974
34465
8189
15176
58935
8079
16771
42236
47136
36529
21202
13398
50516
48246
3373
50359
39199
29372
57401
8532
54803
8514
41428
4719
17883
39326
45144
34379
40616
4950
23312
35571
35600
59046
19004
7880
54754
9249
47580
34104
37231
7223
51650
33986
46275
47616
7218
43608
32097
14400
15982
38746
48482
38683
17893
25299
47549
46770
29026
39125
53422
8945
44480
42041
29164
39876
53600
29583
25348
6118
36707
3980
6447
20356
26493
15221
30929
9626
15136
14161
44125
4597
58702
52631
44120
3174
41612
19870
38549
41723
7969
41030
9631
7443
38750
10501
24529
52556
13328
28351
32874
56859
21595
56816
38831
13243
17164
9334
36785
41324
7037
5390
52455
10079
59438
23367
38318
26590
18746
9481
18902
42240
37562
32867
20303
38876
40389
12269
11601
55719
5983
56737
56179
25618
58622
16009
57235
53819
48558
12354
31975
16998
28802
39325
19442
35716
51209
13265
28648
35850
56254
37057
29259
58182
30878
26958
11601
26472
5546
3547
24204
35674
36551
57631
48207
44311
38852
18354
16880
45483
16084
35299
31280
31218
10898
8652
31119
39124
4064
15547
18435
9349
17153
56631
14838
58813
6290
18336
14721
22000
19792
8754
18643
44585
33602
20330
24832
3958
5748
12070
52511
13449
16171
58469
41034
6636
28566
34692
24027
25060
20999
57682
48397
9848
19612
41603
46739
9552
24742
59308
31468
12987
50871
28616
9714
24526
49449
23228
25312
24470
3935
9711
6509
31128
16710
25036
30346
38609
56159
23673
41381
41914
33094
16132
31031
16460
38865
48204
13430
49905
34266
47122
10235
51504
57639
32270
57309
6278
56382
17003
22892
4341
14338
23635
43257
42887
23538
24388
16921
21346
26255
26747
51190
52553
50334
52028
26164
27848
37999
51814
13624
40644
55329
29611
4643
20667
38970
26815
46056
42376
5515
32969
11625
46560
33696
13039
21139
37698
17424
3835
43391
48115
22737
32580
53105
25938
34057
49623
46316
59535
35496
37986
33601
6485
5781
22386
50524
16020
32044
48524
3938
37342
32453
59113
47323
33005
28997
47938
8540
30736
40682
12724
54372
31671
44891
27373
34961
23848
20591
54633
10435
27262
40254
26035
54605
18818
40075
27201
14014
9334
7925
22811
27246
29263
39863
10079
47987
48473
12395
49982
27716
39769
38147
11269
42284
23125
30854
50604
10465
13956
22225
21346
26608
36305
59818
41940
3657
17901
9771
41511
49270
56777
46980
41514
56537
19929
36472
10253
15225
29623
56194
37788
25551
26229
27012
40538
6296
57117
8088
50303
46815
5482
41501
37579
40132
32020
8627
22725
9838
19454
34329
38104
28323
39332
57395
55881
42096
43787
49408
30779
46288
23512
52146
18017
48035
38336
38125
25340
35706
45053
7795
12022
48825
31927
3360
12025
13109
59874
42747
48984
27727
57070
59727
51023
28762
46441
19171
43766
58869
17625
44724
3511
52376
45311
58431
7605
35254
42104
18502
4259
29845
50371
43939
26720
54481
40795
3816
9667
46664
34112
13623
4370
38240
36628
38350
41429
34211
11517
16306
51137
44398
57287
9939
55101
56397
8332
46861
42259
35430
29298
17006
20556
28205
14249
30365
14840
44320
8700
23211
5814
58237
43973
14664
3770
58255
37136
28775
33137
46310
46323
39113
8374
6832
9097
17721
27427
57177
20375
33767
50664
3422
48233
45642
53040
52128
27653
32836
46655
3779
44377
46501
52275
20021
59047
47895
43391
44246
14649
36980
21262
54428
42833
33000
5582
58892
6467
18254
39782
55027
32781
43581
24273
4752
28021
48359
59535
47821
39795
47173
34547
39239
37671
14240
48882
50898
49002
56622
47067
19683
37479
8882
7205
23691
54083
16404
52756
18262
41232
15296
54945
53799
47886
45842
25451
41358
54547
17267
7162
52577
50816
33936
31544
49225
49296
32523
16272
26892
28423
40130
40605
24477
8842
36469
49319
22281
8677
50015
14334
34267
32790
37901
32140
23736
10650
33852
4476
58786
59605
59175
34711
54348
7477
29318
37687
35035
9146
15020
35638
29865
10224
44890
31978
29792
42546
50753
41702
6357
12039
58333
19924
15221
9576
32622
44123
26404
49807
10224
44068
29398
34245
50451
36254
30258
54381
41359
44071
9475
57125
6969
58957
9620
24259
37391
48984
56465
55681
58151
41010
50538
37599
5808
49687
21797
4513
39477
43020
52627
35397
53353
22258
8868
35179
22618
58138
56180
30292
30195
45347
10501
55509
54129
32575
17814
54467
51224
26966
21127
6480
38844
55719
26510
47161
43710
3349
5025
49043
51550
23432
14391
9977
19039
51420
55504
38369
58247
18870
3438
55013
58122
16411
26839
48491
16657
6928
35232
12607
39523
9617
26637
46701
19184
3365
55213
15733
28710
17313
13746
14038
12345
20687
50678
6500
53259
8966
53214
59380
9893
23498
30387
46750
12290
10532
19543
31264
46568
41808
48762
49212
10809
13598
59181
35058
11658
19622
34616
25208
36149
8984
28138
52767
38033
13053
47252
6034
36680
8851
58574
12156
13934
57386
58135
28170
30393
26908
43190
44227
25397
8721
33682
57390
25979
39414
49965
45618
51281
7001
31444
4096
59226
8834
23645
45046
27196
56083
8094
45697
35158
34558
32639
43667
55903
37087
3787
38272
50161
54654
33963
39729
27024
27683
50876
48853
24304
41823
6197
7866
32008
25556
45610
17876
55288
6626
50848
52899
28565
16946
49533
27171
5557
4079
45294
38495
18679
7096
11742
3614
21703
53069
59623
26441
41347
55934
28021
42347
10561
24482
20050
52187
58793
25544
27062
43568
56131
50092
5615
20149
27644
4878
51547
27071
20168
30951
52250
26808
