1248
52255
45215
29617
51209
10388
35182
31475
21327
14639
47493
25772
42499
28236
45140
52553
41906
15792
14604
12500
10461
21319
41731
7409
45216
47699
21707
15446
33445
4524
23382
59167
3234
36255
52693
36316
47448
42724
5303
59558
32614
28430
12931
43268
10139
15066
49608
35877
13482
56898
40741
46812
34097
15975
51355
27146
14803
40659
13693
51942
47188
59272
53457
17739
9741
11888
31181
57695
12110
5860
48460
20207
37333
52657
12215
21363
28203
14253
17095
47064
38138
50566
32495
57056
29267
47148
24586
23393
47187
3041
38057
21414
14662
59344
40697
47389
49652
6904
40108
44139
19210
15437
20496
20157
20001
38044
51449
48460
13708
13371
48570
44787
52005
13501
56053
56260
30021
45456
24553
58941
20587
18321
8355
46077
40227
45550
11605
32939
37737
12043
45337
56922
58102
52444
5032
19525
18770
38991
6853
38663
36513
37086
59362
7610
50069
36164
29190
20251
31786
7987
46089
43035
39905
10244
17269
33321
57958
4924
22308
13053
33381
5363
30221
30461
17232
12746
59972
55759
57761
40365
16196
35519
22934
32858
9029
8758
15922
49752
56772
40281
18043
31767
23763
23520
36592
26994
51972
39569
16732
54895
7592
59112
21082
40584
48387
36580
44781
49728
5741
43155
25011
44740
44571
16141
33612
34716
47239
24991
4574
6744
25351
57759
46205
58758
29760
45258
26212
56291
53760
27093
26851
25841
31089
29102
50568
9681
23855
35791
58748
46914
55333
59262
56819
48180
6508
43337
46817
58297
11983
5091
56726
13015
41645
18412
36316
10633
51978
13132
52233
39276
35189
6629
20711
52954
32609
13287
57006
40724
34223
28636
40713
42976
18737
25727
44586
53940
13641
10959
39281
6108
33979
33941
30191
11868
40922
50385
5180
55357
4484
56416
17210
31083
40489
22071
53138
31697
46734
13150
34439
58607
14744
36605
58047
48990
36508
48603
33733
4990
22096
43390
51677
37045
21964
33098
53911
13878
21086
27403
40343
52294
48221
31863
26670
46783
15723
56662
31988
22738
48054
36377
35061
34615
56914
45749
43434
30080
59594
11207
16370
33448
40195
6793
32505
25738
32614
10047
45246
17808
42296
16362
25727
51308
35852
50268
43134
17472
15976
19464
23164
25215
17575
30593
16727
4060
31061
8334
40055
12018
45918
32101
39912
22579
22317
43671
50968
29849
54988
10082
8732
21429
50182
4508
14796
15100
34533
13201
6326
52830
39475
39043
49626
39128
15057
24120
51671
27599
12455
54935
16295
18791
36076
31653
57506
9326
8961
21593
42435
42996
54109
35493
10484
26851
13833
34227
25217
48679
45367
48028
54341
11787
27313
11815
7651
58438
8083
20358
14866
58388
57762
17651
7794
19386
15702
12111
50939
47935
37628
16153
19240
37713
3724
4965
55054
47681
27771
28189
22088
32834
25717
30053
46058
50371
30795
10601
50001
41576
27453
5298
23036
3844
52764
14973
24382
34645
52066
36660
6828
58722
9824
46403
25131
15499
59586
47129
46002
8897
38239
53257
24588
15890
36719
53718
53879
37337
18672
52070
17767
6505
18732
56962
41303
25979
10382
21354
10532
24471
32067
39605
47177
9796
43802
47011
18252
44424
35283
46319
35270
26816
49775
22011
49620
41555
40333
51369
8609
50253
30193
7813
8465
46641
27494
5566
4319
57064
11099
28619
19440
22886
48565
20773
26403
57084
44433
41511
34086
4614
37842
26159
28769
9228
4012
59973
39371
10505
4397
18512
19978
35336
20585
10145
46977
32936
20177
51814
10813
12846
23136
45764
54372
3802
20286
52951
55642
5425
43218
45223
53640
49672
12480
14920
16547
10491
47479
58423
55536
40990
19685
6724
25973
21187
5055
16710
52039
30251
27911
57104
59195
26998
53842
54808
46494
31796
6556
23133
50233
44827
25603
6727
45342
45756
57465
46586
23605
20294
24069
8794
31974
44449
11716
57729
26061
44711
32809
38887
52975
56112
3671
47402
12959
55012
20495
53076
58835
23606
22783
58756
45353
40689
6773
50345
42533
33926
58266
49841
17483
5978
12849
36314
35914
32934
18348
5048
47925
3547
47541
43617
37224
41708
51330
7440
31462
43075
36219
27640
38652
49879
31718
45265
30667
7420
10817
51590
52558
36448
37539
19906
50197
22589
59962
7666
20980
58378
10425
29262
57914
21076
17663
39160
22270
38492
24617
30366
32557
59254
50414
13398
42204
50442
57475
19831
12582
59386
24912
10114
37106
59629
15931
31355
10503
32670
5089
47552
58084
47061
48315
34891
3855
52355
44938
51600
37928
21577
20092
53096
10437
55967
17985
14595
57111
5838
38502
46535
53267
53744
27841
38082
26746
23811
41550
17867
55246
7423
3138
29286
50662
29176
7525
57733
9569
53814
3990
33363
10372
36639
23944
37581
38757
28966
11793
39749
33881
6008
13769
13040
46094
40199
53065
32345
31866
40666
3163
25516
6925
22809
17159
32954
47346
10299
41321
49733
7219
28845
15592
55246
17446
6820
36130
17990
17606
40580
29895
28839
52662
8463
28469
28320
51870
47156
3778
29391
57101
5369
28111
3006
56127
32260
47823
27994
4516
34081
44212
46845
54608
15552
57889
19368
20601
3874
36052
58614
12086
51819
55171
6271
29569
36727
36628
17389
9026
6053
3351
36071
33842
52506
25360
29815
53476
44531
21421
36363
28724
40608
30683
34154
5066
7383
47980
49259
16606
41670
54163
6911
15595
31844
51243
25886
14123
10400
28091
9860
19984
10161
57130
40611
34866
30305
22720
19841
24989
53996
38036
28377
47043
4973
32391
33368
23651
15304
38906
44238
5110
46552
53865
47611
6964
10131
37400
57419
57836
38125
40012
28578
50193
44527
35057
47933
32345
52531
26777
12476
32812
4371
19199
40466
35949
7384
14734
43623
22863
21854
27509
21921
4307
23828
51848
45711
21615
27685
46219
54948
27290
11520
28288
6468
9080
50963
46587
36121
44777
21751
8554
45993
18638
49757
15751
36796
52404
43312
48816
41332
10585
20310
43754
40649
3363
53017
37219
55310
47853
53787
21836
51881
47770
37815
45550
58940
14504
35341
40816
49273
41199
8399
3667
42151
28916
30919
47976
25023
49507
53073
18158
19601
28148
47594
31909
20078
7555
44179
22693
30757
34230
24605
43543
4908
49192
17433
47453
35935
39287
39420
30971
20728
10379
22763
48106
24253
52754
42725
12079
32606
46693
36944
59445
56431
25190
24744
10321
31073
51626
8974
51138
26633
16954
37255
14897
32686
55088
31341
31062
5224
38356
4885
19090
54479
53275
52613
44346
30954
22025
17606
49196
19465
39302
44415
26500
12819
46772
44836
28957
55481
8043
31674
6380
31308
10791
34233
36085
51696
18518
59021
40544
51853
19666
50757
31256
8740
13089
42582
58159
35350
40257
18885
17118
56910
47472
58048
57784
4916
56592
23696
10469
48718
55407
20814
15425
28024
13505
13188
4311
33947
7063
32489
21800
41057
3549
54451
35323
34780
35032
43750
11709
24718
44911
18575
16810
59957
16571
8801
30679
48561
42837
49334
22813
29046
35993
19052
56310
23942
17637
34258
49264
43459
16194
58795
10542
58382
29557
14563
52328
33498
41963
12027
8622
10204
37047
8920
5002
18912
44202
40407
31385
54073
57742
13326
50658
4027
46063
32147
46556
27028
34642
19379
3205
3621
55555
50915
33888
58706
58053
19215
44676
41205
12716
10728
10133
14053
55501
18441
34045
30815
47351
38155
14970
22326
29282
27959
59735
52045
53388
47087
16752
36473
15722
53958
12338
32907
35744
31961
59189
6488
19633
49374
15963
54479
46790
34993
56771
4859
30797
20371
19081
3785
10565
7757
31900
55524
3325
29981
15664
47398
24224
17066
25448
52055
8699
16616
46726
43346
10199
15243
38910
59654
48892
24377
21212
31697
27280
25207
26894
26538
26576
47427
27054
31305
56199
38549
15539
7454
12356
24328
16442
3723
3562
53645
21728
30026
43837
49940
35249
27568
19659
45960
50296
13357
5991
52397
21738
27813
40759
37244
6935
10113
52959
57866
22470
10660
52483
41983
18621
26713
13054
17732
18757
48147
37580
10501
37916
20422
28937
