1845
18768
31551
34717
27048
18224
10795
34768
41800
37357
36895
49882
13147
10278
9152
20405
32649
35407
7655
35280
47778
40057
57832
6671
35640
21256
29148
28272
24562
34361
26667
35539
45306
11662
15919
14584
32126
20474
45705
12696
50579
59931
9143
7687
46223
25063
41541
16067
47098
47913
12331
15284
10045
37368
45875
7660
4795
19105
19719
55236
49747
22749
57876
14316
16996
31136
34430
19360
55287
48726
58356
29227
57066
42519
19785
15898
58522
47183
33853
41402
19143
22007
59991
16732
16764
39793
15558
43873
23826
35472
32289
55052
57623
45323
38516
27612
26359
47106
26569
28759
52919
50487
16275
19514
29499
30060
7807
43145
51002
27455
18685
9926
24021
32821
56916
28592
22395
35436
6993
6195
55013
34694
12329
6086
21823
13980
17060
44948
26386
48062
21246
36131
53786
59856
23405
14572
31616
46532
54050
31938
47940
21950
40435
38126
25251
52261
47911
25934
34926
14534
9703
6219
56045
30878
55129
24671
32697
40773
49488
21528
42336
55246
15758
37536
24377
5678
53771
45472
18907
12312
15367
36273
15089
46432
35656
35255
45015
42721
26734
38135
16011
46266
27743
10202
44255
58050
51220
41726
15280
37906
9794
7910
35024
4800
29746
39989
17124
41723
16794
28458
45000
42843
30079
41189
41462
28621
32335
26896
36475
55377
45963
15702
24100
25643
59959
13074
58550
31147
30843
41374
49591
12514
25043
8628
25346
38513
54825
29388
25473
22506
36827
15017
41930
21240
13375
59582
18966
30601
23558
55242
23341
35068
7644
10394
59288
43806
48219
8268
21539
48529
53929
24273
7669
5348
46578
15758
37613
48694
49027
24017
40701
39678
23876
9280
38560
18500
17970
7079
28759
34413
25698
3874
53038
47243
21726
35764
43362
10519
52324
45214
21114
33479
8954
44447
32470
7471
27079
17445
9594
32204
59728
42265
43035
21470
18550
36828
44290
16682
22498
58279
19924
18466
21826
38377
39029
25864
8964
12108
33400
40055
4051
32638
45355
45339
52103
36973
26022
17548
11515
7074
46710
19791
28694
14512
8722
33757
23425
25290
32288
48868
42836
48268
42623
57334
50306
12740
27051
54844
15522
19337
8071
5895
54981
30775
19923
46384
18343
24142
50187
35904
50616
16261
47221
5217
25649
9511
3197
55899
8611
26732
50874
59615
57884
31977
6646
57756
26850
26308
29669
27970
41153
5908
9143
51092
53959
11419
19489
59176
47452
57131
46790
49084
18861
26984
20937
13970
35017
28234
35679
28203
41111
16691
14254
54953
3889
51269
20132
52830
42271
24098
58367
5110
33165
31080
58390
47054
54292
42816
6955
22504
42577
23256
57259
29494
48392
17290
7351
43827
37490
59533
38045
30924
56114
58062
38401
16452
25724
9464
15193
26695
53523
8978
30059
31006
31170
4165
31727
28430
39697
57869
10714
50263
34923
23827
25290
37663
57782
43691
26175
32326
11197
5092
42913
56089
53387
40856
46092
51764
15756
37063
13946
35306
59145
49037
27137
15437
13081
24150
45765
53620
51503
28222
27343
4805
30353
56539
43663
28168
50312
55065
29035
38328
58002
9872
54893
36064
52611
57653
40884
3983
45037
20240
22161
18858
43773
32840
39655
11839
39767
38070
5491
32489
42958
59103
18375
29775
34174
23759
19776
52169
13158
54081
26787
17383
21029
25579
29124
18044
44384
32868
37069
7646
9171
58623
44971
25487
3982
49915
51615
41256
31019
5248
26788
34545
59207
31486
34344
28289
10088
13768
51890
30635
25327
24320
35390
7136
22150
53160
41524
15816
36137
58907
10049
44244
48060
47306
30873
33762
34534
40323
37386
49254
49252
4447
16500
39322
53929
57158
6770
39919
31346
48411
20203
22974
17366
38436
9511
11062
30537
37899
5311
25113
39966
52779
40198
43797
54365
20140
13857
59743
55263
21004
27081
41873
12514
42511
16685
49431
48443
14586
12351
34062
52694
58847
31157
33520
14051
15930
14341
52552
45910
27442
43560
13427
53564
51029
32438
57001
29491
45442
24156
37416
20822
36094
6554
28378
58590
15466
28293
11056
49141
19536
23347
45201
6281
49375
35870
38747
25875
14247
14341
8216
28464
42142
4620
59375
56922
36268
45056
26190
41485
35736
5363
51007
9250
38242
40676
53146
57194
49804
47514
36854
39726
55655
13762
50359
30669
30892
43125
18594
20017
40564
40780
11415
55498
22755
22136
56887
58350
55012
30473
18920
19998
24387
28151
45322
38302
52147
9157
12282
27318
55141
9383
45641
41694
55931
8091
23213
17503
3421
17187
5478
47724
17269
33711
52465
41777
45488
4526
51649
19773
54248
44776
30370
29483
41859
57604
44911
36781
28908
26460
52399
24812
34049
22173
12565
27504
26300
43409
4011
33206
41052
47387
12337
36380
38113
21751
42689
53225
16687
47871
15151
58694
17149
42839
20009
48052
22033
21427
21124
40021
43499
10273
49766
36692
55207
44324
9061
26004
36218
54533
29577
59252
30017
30618
24862
51066
47526
39589
40613
55448
41405
22107
32987
57640
35179
58498
35585
37360
38471
10628
47022
32727
38601
38508
58494
43972
11341
5676
18400
15216
6222
31061
55891
44468
54235
9560
36877
46618
25283
53281
10427
38857
25919
55983
29973
23426
24010
55955
19150
21446
25950
18277
18167
9225
37061
51620
21956
38116
31588
25899
13295
7188
47596
25773
33248
55195
30153
22041
9770
22694
3395
30936
10449
45437
35287
56570
4014
28804
11090
40416
31667
59882
53169
44223
42876
40430
46948
24993
50794
40861
33186
13098
7524
48132
59881
9461
55436
24162
11082
21986
51511
57191
47353
30532
31410
54999
57015
5371
19133
45234
53836
20130
47556
7710
9352
38246
43245
3756
44040
37598
31024
52872
43691
38799
41308
10559
49131
54788
10664
45842
27844
14381
53310
36497
29908
16452
18998
59837
6735
41375
26807
49855
35206
3292
47154
40412
19884
55187
46508
6073
17352
43860
49144
13070
12222
31540
4619
5655
28404
23866
40866
14392
9478
22304
56892
46384
27078
37591
50001
14253
38356
58770
44024
13677
5892
55738
37590
46383
45168
18503
37993
8748
8295
24674
3632
23597
42643
37865
28293
36255
54542
35305
27180
38872
40038
32350
46351
55380
55784
57957
37126
54910
24924
52698
25592
24336
23302
45114
36904
26276
36285
38948
18306
55773
47694
51642
23261
16421
10378
11741
26755
38086
9009
44497
48162
23753
22268
35257
40736
57690
9825
50402
5913
5081
18268
59895
4382
49257
28449
22835
49038
19457
31195
26730
16358
42968
21210
39579
59751
54618
9870
4317
48061
49926
39825
7790
43052
49730
32414
27018
43047
16621
8361
29894
57292
3431
14848
44222
37543
40373
53683
56467
27670
23573
59859
46821
59847
58381
24678
50882
31776
7722
22095
29203
13290
35063
12911
14891
33937
28051
34781
36588
26767
35639
10807
6351
29586
10714
33676
5738
49769
19987
48283
25419
51384
40380
23902
40251
7058
40560
24885
21104
7313
11009
36587
57114
31736
41644
27755
45079
50870
18477
17073
26645
53607
16034
5111
51370
48344
44705
54583
57408
34424
5518
24264
6350
43587
32816
56992
22999
5289
47206
11034
46746
53207
15562
12032
4159
17758
28091
22479
33922
15484
42906
28815
47840
16647
56815
20876
46652
55730
13835
48300
49317
59979
38185
26195
41297
11508
49233
8560
55793
47097
20225
58922
19442
43721
25234
58509
36671
36033
27259
12580
23403
31339
44234
5584
11386
14163
46506
15361
27758
38665
56581
49069
22312
23800
16997
40553
35426
33451
41403
12637
21380
25049
13837
34738
27017
29951
10261
40307
39377
12257
25000
16159
12850
24543
56329
59310
9893
47170
41358
45220
23444
6147
17924
25244
25778
40406
53199
40227
42515
52880
21967
31313
43199
19504
42827
30377
33303
41738
30855
45700
52345
31448
39878
50808
23603
41449
45628
34078
30421
57767
23023
37934
28096
28793
50951
52549
19712
49727
41675
42209
6605
31329
58985
13754
54648
27312
5475
22232
52847
56452
27286
57712
33293
59587
49152
22612
3385
39072
42338
35839
54303
24302
27048
24792
34348
10032
52080
58926
39583
55831
59961
59740
56380
43522
20655
40088
36574
36799
40074
42094
5728
51317
10858
15531
55091
15683
25968
50823
4271
59096
23279
12809
34616
36816
25918
5634
8178
44919
52064
30035
21822
21329
14868
41690
7022
59928
12612
50466
50374
57126
38220
23301
17514
50211
19558
13288
25932
24079
22495
26980
41024
50653
34461
9157
14513
30250
54286
15457
43381
10736
31858
21289
48500
39901
34918
38327
57711
27927
23098
27581
10769
49661
45144
57169
43656
46543
9014
24379
22565
14708
19408
16771
53195
42668
16817
51700
10309
39894
57889
15537
52129
57868
39476
42634
34695
45862
29774
28151
30506
14380
49254
38099
59253
26509
40575
57065
12840
38075
53512
56653
15563
55516
18016
24257
20352
16047
28677
8456
50842
31577
53450
26296
37144
18488
18961
18754
27931
25280
41178
38901
38783
41053
14988
8651
48074
35079
44916
13176
50812
7066
16472
3318
34824
38203
19513
24810
54405
21320
13050
19295
9685
58203
16072
31039
52592
15067
21178
46583
54038
18886
16737
16436
43473
44410
22840
15543
7976
59080
58348
42473
23066
39144
28825
28690
20758
58245
24950
20071
28733
48527
35034
55767
49224
40348
10189
26356
18756
35784
10825
35396
56353
55579
33165
46092
3853
19547
26381
55385
58253
25544
37871
41330
51401
58368
57604
20278
34164
42160
19334
15678
29125
54420
11174
12855
55356
12618
48262
12684
19133
14850
17649
30730
55195
34048
53577
59447
53864
22163
11499
44840
50816
18579
40441
29169
52559
29043
48339
35938
4275
6789
20645
22738
47233
9120
57558
54597
13678
41769
26553
50497
38033
51882
44517
26976
59647
20783
54729
47081
40705
54403
22743
45782
53469
51691
42417
43159
31694
45053
56157
48524
40183
13048
43632
20033
33180
48320
48461
27990
26427
7522
27726
13668
29026
53183
49447
9099
7716
16484
11309
58954
17985
44308
25841
18256
40725
6094
41613
35467
22741
30060
59594
50937
13718
52838
9646
37526
39332
34323
37676
6146
59148
44593
58766
17398
56589
29930
49586
35008
8110
23103
12403
11814
24230
18179
13314
19535
27120
58686
39387
10480
12409
41300
19035
38605
43001
43183
33164
13350
59672
45949
57617
5275
18759
3213
37591
40829
13018
50436
17270
45251
39835
58772
27117
19608
30051
59115
37934
56988
33271
52003
59072
3485
13974
43770
21176
52044
6596
13744
38039
17550
53753
6855
46570
27005
15427
6481
41785
57687
50275
14146
27541
28245
44914
40273
43409
7848
43019
59955
51685
20700
40552
29888
38637
41544
27431
51489
10912
43206
13579
57276
59569
52925
20656
38842
10412
8157
47456
24730
50096
8827
34105
23308
57181
41300
49975
40052
6304
56669
47699
5809
12381
45507
19823
58607
10024
54895
9454
15534
43337
58220
23335
50531
4207
43717
31685
22157
17888
20167
54907
51056
24075
26296
19682
29303
55651
10128
56939
13382
38852
19317
10541
21695
40330
28814
27990
22152
48007
24008
58822
53782
36704
29212
54023
46523
46606
26216
47809
48557
28121
13202
4207
4817
20517
3116
13094
52293
18447
18191
18440
6520
33557
13561
44379
51660
7760
9740
28693
15102
59946
22311
23018
39767
31789
12009
8540
48098
59964
31378
8017
6117
52775
39191
55309
43826
14125
57727
36762
6227
43967
21493
34656
14655
45958
57881
42435
11906
59505
57028
25236
6294
5030
18655
51078
30761
24916
36113
34077
18842
37177
7985
33496
13548
17188
44261
22153
14976
51948
53105
49430
52429
20634
12519
59713
5811
38513
3844
34029
5449
32086
47635
7842
43977
57735
3204
10640
4159
51585
15806
25647
3848
17138
8542
14772
4638
47372
54137
48409
17397
15932
50211
41684
5193
7443
20905
19687
53129
4696
16619
16544
56964
38678
25582
45136
57231
20159
5291
34517
32477
38485
33252
17018
40923
