1903
46526
33669
20212
20932
5572
6228
13429
8365
31252
4281
25537
39547
43551
4332
48644
45234
59641
23873
53745
51793
49694
42435
6561
58298
13152
11371
48294
37850
5500
17345
33101
30239
42029
39530
5250
55981
16543
55123
34637
59197
11689
58689
13832
39740
33191
11603
4068
12992
7459
27455
10253
18265
12841
14603
45574
58336
7223
44055
33088
16637
52005
40141
30571
46541
5544
36759
16787
34526
5560
49511
16324
26617
53900
16978
36492
16880
20034
53794
36571
54202
18353
26306
55521
23877
23908
34847
45415
18143
4154
44635
27541
20343
48236
11029
36578
46206
42038
40803
25120
15840
19002
13635
30858
32209
44748
43816
8798
42170
10132
32135
8442
31681
33369
39507
13041
29624
17682
24198
21033
22465
45554
3575
55278
26437
44310
46130
36452
15177
9265
34311
21486
17878
28939
24796
19980
25963
40128
49323
53014
5374
13755
51412
13638
10277
51012
42915
37751
52144
8731
9267
15240
30851
9422
48809
10225
6588
9201
21681
38132
36729
48720
18458
25053
5782
4003
38265
3754
25386
16029
34900
46626
37202
54084
21594
56968
34244
54143
13427
56648
56547
32753
36561
9957
41963
32934
10611
53262
43671
49640
47341
12801
41646
21708
36470
15397
45446
13026
14735
7463
39672
56587
4358
30396
58070
7122
52993
3284
24590
46683
21299
3273
40572
27570
42853
44839
21767
35968
3378
6684
16647
55194
16543
39712
40789
13762
22327
42542
14297
11626
49129
16521
12284
8313
58957
31368
46122
19028
52312
4547
16475
46884
56216
55800
3625
21335
26210
4829
56650
47460
31111
21318
30971
48783
7106
3258
27606
49426
42936
49224
33914
50258
6645
6198
38367
55961
30916
46994
47576
31610
13924
16619
57315
44835
38523
26715
14816
53568
31424
9906
37581
31386
26226
6403
20854
45206
39611
54568
15891
10685
28688
54210
43204
55362
25213
8641
20114
49159
14545
17836
15336
29233
45898
25174
32510
57030
31895
19469
15228
34767
10177
48291
42468
8451
28597
48618
29253
45667
5690
17682
19615
37074
57155
50339
41650
3948
58985
47912
47092
4873
37912
24111
29173
32016
48784
59098
15282
18821
3986
3473
27412
23418
47828
44297
51680
15419
43053
23086
56697
4572
48923
26630
24474
50409
54454
43171
15901
50878
26753
14002
44233
24891
24227
54670
38737
24822
49653
19360
50481
37138
41191
53752
41250
30104
46603
10059
41438
40408
52610
11902
45408
36864
23359
4353
4576
7516
16516
9805
26557
21478
34352
39458
32525
42156
24358
59848
42133
40523
50301
11317
7212
46087
5839
35082
44371
37941
45108
40779
27791
35987
24367
37170
30265
57398
58915
10905
19452
8914
19308
49439
15431
26189
45036
53616
18427
52695
20556
24809
39465
30276
4259
20311
58295
16801
48629
11446
56456
27538
59154
39480
11665
47367
11394
34123
56420
55540
47424
46369
42905
30926
32081
39636
22578
38524
3612
45461
11231
39551
46265
20967
44080
51939
18400
33382
23683
4065
55311
14430
20096
49232
11901
59239
59376
58185
33186
10368
5989
46916
37488
39960
48998
31065
8542
50655
22924
21611
45053
19425
39592
10527
39247
37112
13580
59083
33231
8594
37095
41069
51422
41471
10921
55953
18029
37475
46398
19360
54949
3230
46128
51161
13796
46412
29146
27266
49074
46705
42229
59900
23614
10354
8826
45424
17221
56504
35456
43783
15572
7816
20489
48869
25852
15298
10122
15165
46602
40133
31957
13059
31187
18174
20586
25008
55330
57762
4137
13303
41403
43274
42178
41671
35366
26766
30735
16168
34031
19144
25697
42339
18284
48025
46418
57846
51401
39023
41393
39292
38276
54700
56297
54999
56507
48521
14027
15581
8752
6007
12299
6607
4191
30266
8544
58938
48403
46387
32880
24541
29551
31115
46877
29863
14467
50123
54276
7504
35700
31129
16452
12291
47084
57296
11992
36872
26846
48098
47624
19975
29456
59714
54637
26602
12571
44173
32584
53111
36154
5958
16002
43903
17177
45331
46471
48752
26916
16871
19129
7883
29205
24281
36974
13287
11532
57177
6420
41556
59141
59276
59090
37941
54227
32783
41126
15770
38638
54599
50735
43624
57843
50434
31138
39510
57926
50129
19554
22646
44156
26722
13927
22191
31479
49302
29481
7552
26156
35143
50664
49483
48430
10798
6393
23496
21070
47042
44322
45459
36993
25462
29958
46142
53033
37407
38319
40364
18257
10617
23560
38516
53912
51131
3727
10414
20452
34116
24104
47050
59012
9242
12299
40263
52520
18311
51950
12536
3181
50592
31774
39270
56748
47169
22303
32200
21513
44590
23735
31417
3089
6888
54012
57303
43727
31663
59749
15193
38233
33233
22243
42763
49776
13513
39785
9959
19866
3759
59749
27842
45446
15163
54797
47734
13015
13194
4829
40337
5915
17274
20006
33735
13197
29423
44887
56350
13773
50041
33100
46241
25656
44696
58007
8567
5473
30189
56679
38834
45975
21837
19402
6793
48142
39441
34253
30214
32525
6555
27889
54626
16057
53900
28573
27797
12138
52643
25333
12707
30509
55607
27687
48503
18227
34716
58632
40164
28199
6917
52629
13958
51894
43028
28787
55836
33037
22857
57812
33821
8397
15508
37143
27368
32769
58498
52738
6935
5621
26881
15373
28957
10993
23856
8709
3477
32039
13677
18382
33743
15335
37250
12213
45047
16329
40724
39856
7646
11508
27865
35151
43707
32761
56160
44846
49472
47794
8244
30591
57801
36988
56997
44844
5139
23044
28386
36112
57340
3413
19389
16687
12568
49876
39799
30710
30479
48101
21090
23655
17630
27862
4090
29438
41743
20900
4587
46043
38268
11360
49156
23766
51458
25565
40120
58365
29965
39910
42014
48455
11600
11309
16851
47006
28328
6633
18785
44549
6271
58579
18566
59634
44327
59610
59267
57142
18038
10907
31979
3942
26745
54436
53101
32459
33506
52826
28842
30871
59835
9929
47645
49097
16335
16947
14142
45123
20584
12212
13829
45749
12169
13572
30228
28381
4779
35017
17434
47177
30641
46491
42877
41110
55580
52945
58336
12204
59927
55334
53103
25628
21065
43083
26936
41477
17029
4361
15822
20205
33076
16225
49515
7329
50267
45898
49580
41088
4377
30478
49974
3986
32563
57747
33302
7482
37578
42344
47698
30691
24190
37453
19453
49436
5124
14544
32182
57018
22777
26442
10746
5343
31192
9811
10685
55013
37657
53602
46821
9605
27767
23413
31410
31561
56496
52081
3254
16924
6361
51401
5508
55733
4029
50993
37095
41079
51943
8882
43509
58922
12142
24929
57348
19213
22198
48914
45341
59498
51241
7732
58478
15427
48705
25622
11219
49062
51298
29729
13539
25223
56802
25791
29591
48687
40453
24250
25164
16262
49746
44502
35212
12577
18979
51092
53472
13303
35254
59785
58050
43237
36150
42429
11812
26717
16789
50234
49356
9038
40158
54052
36152
10433
45284
10996
14446
43559
26264
17881
23155
48943
50680
30258
42580
13992
17421
13755
47466
20327
33638
15894
7933
4877
35739
18615
54488
43758
48988
12841
5534
26990
32275
19911
34110
10790
18702
18004
5681
29790
37494
17707
17982
11676
24925
25299
7153
16995
7070
11702
32691
20034
45772
27278
56315
17962
6553
58265
51426
45890
37449
14731
56282
52144
47370
42344
41968
40795
9025
3254
49993
36921
51784
54531
35990
16523
4193
18435
4190
46043
16592
23593
33406
34933
20779
19097
59723
15430
34498
10726
6904
16262
52678
35990
20339
11712
34445
55324
5813
39870
18610
37137
44428
11124
29215
48490
18752
56155
35937
44779
49059
8050
8338
56925
41045
39047
18014
16522
45179
34983
35841
58507
58328
18618
8928
16947
29061
46301
12071
13740
15796
15214
39791
9988
23928
16468
22613
23119
45616
28951
18845
33993
54596
52575
51080
38695
18127
39433
8584
15338
47671
5281
55805
32854
6031
37386
45399
6629
18777
14605
9520
19984
57269
17666
58739
36200
37590
35131
36800
49430
50412
53617
4761
30141
35586
12630
26341
13160
17763
18579
34706
37743
32002
14592
30841
38980
44305
7509
19450
46614
32676
30669
57538
13215
15398
26145
30193
14600
38753
24498
59526
32557
31215
51783
6310
25100
19749
49810
24193
59467
11620
51502
34573
5786
46276
18341
49224
31650
28695
17534
21842
27408
28502
59669
5539
50404
32340
28790
54156
35871
37303
56119
59796
29453
20145
31239
56372
32684
56162
16760
43588
54903
40222
55930
37143
45988
33181
26448
28572
8193
53900
25408
31326
43403
24096
45806
40226
36579
53416
40873
50791
11423
45953
40317
34172
52721
30292
3197
15380
31721
6886
21148
42859
44687
46362
53627
57082
47327
29698
47828
57120
17733
49791
54717
50898
56073
27372
37042
11058
45237
15965
15742
33587
35359
38520
19167
33074
44684
43432
58207
14168
39775
57532
3329
3438
6023
18131
32689
18760
28497
16597
37491
9983
49601
9875
31024
14630
34859
49817
22226
24456
44016
31793
58707
10804
58314
53294
34455
6701
56825
59635
14600
16613
28848
21129
32539
18160
8432
13025
8103
4396
17292
9934
57477
29001
17874
7230
57005
22132
21956
15663
32443
43612
27575
8512
53073
39096
51220
35951
31596
14177
24059
24821
41822
50688
9432
45601
5337
24100
21074
22007
24494
13748
40046
47133
43964
58054
50807
52733
19563
45721
28145
36234
33477
36613
13609
45766
50897
17053
47474
39975
19566
37996
53549
15338
42781
52548
7545
20893
57873
9653
16764
6546
52036
54529
35661
9807
53873
18502
41297
38023
9394
7772
46024
25505
59229
59559
4457
45875
27967
11188
33844
45036
46356
14984
59605
5692
5935
3119
51307
41450
4958
3592
10592
28953
35535
8712
47454
7005
50249
23653
5320
54753
41385
52526
30383
50934
32675
7091
53520
39123
36500
55625
39322
54266
59524
46512
11654
34015
37531
47951
22930
42314
44407
13780
38601
58175
38903
38365
10136
41767
45317
5696
31688
50579
35908
25858
30404
16670
13420
23410
36674
44726
52356
30281
26335
33112
25232
52437
49278
56935
34085
46617
30156
21270
12392
10908
26398
26348
16491
40404
54673
47445
29387
5409
56108
32661
51690
20632
54617
45365
24401
49186
5336
46823
49146
10772
30939
5863
56176
11389
22287
23539
37622
50361
31461
35359
53235
28094
45426
9453
32028
50053
5553
47307
19011
7050
28506
8248
14679
39114
47573
49657
46233
6034
16983
16394
14030
44227
46057
40893
18054
44707
36068
36662
43611
6389
50994
13023
23489
33688
14542
18514
40554
22831
17689
23151
35687
6987
22380
24048
54900
25573
24726
21062
30640
22371
8631
23010
14042
4266
36595
14796
3735
24773
18077
38854
19597
48327
21495
12404
4160
21387
35476
53798
5017
39002
19359
13331
18482
28841
46421
53791
30969
40422
58266
12438
22159
20961
41424
49322
54538
9353
12372
22300
26719
51420
23404
53927
51418
19665
23351
37807
13784
50185
17785
36219
4439
51214
50209
45753
44113
56949
56879
3769
52726
56231
25162
6001
41563
35657
52530
9672
39589
20485
56012
31569
56242
30301
50986
59705
3377
26340
3913
48449
17737
20663
12252
37513
53566
43050
27800
9263
51912
45747
35109
26407
13782
26896
25676
49872
32912
5888
13270
19162
7723
3043
36536
29343
21381
55436
46126
47388
5601
49936
55750
45342
47589
57041
12235
43886
29808
42371
32578
56147
22633
30924
43696
19827
46216
49167
8832
24044
40354
5232
37241
41537
8823
29042
24269
34922
51266
20716
33499
3091
32032
57823
36463
47155
54229
44671
21421
25492
50035
25381
13113
19536
51061
56106
33402
25203
40531
14741
47237
58229
21263
18537
37343
31980
42880
28269
33617
44763
48005
20812
32287
41204
58094
29504
12978
49679
11399
6923
56400
52936
42035
53641
21756
43376
14947
29291
54672
39516
38167
41284
32210
16072
11185
37323
26675
29196
48724
39878
17879
39990
35107
38305
52481
23764
27861
18110
4836
34977
24603
9676
16932
4048
18879
17660
35720
32524
11213
4978
52039
44793
57579
41571
47138
35630
59234
46897
7076
15215
41237
19806
32505
33668
45424
48497
25984
15382
5043
20018
22413
19508
38887
35678
30884
59252
23745
23280
38606
44532
49302
11637
35093
56483
10815
39878
40780
10153
34814
59715
57024
41808
7632
16124
7387
55764
31101
42010
3953
25456
6455
29183
54549
8387
