281
28751
35732
14571
39357
43178
33261
51581
31829
22177
47281
57918
55572
14478
46787
48867
21694
30227
7739
56410
43409
26277
26061
22436
51019
45500
16736
58435
19827
58496
25410
4223
56211
7217
12411
30223
47529
45585
38317
46821
41761
11296
43573
33044
52680
31309
58775
13499
18275
54775
54399
29782
16942
40859
48522
23519
58685
27356
25703
18362
14938
17131
28613
23131
17194
32780
24345
57614
57560
9736
31243
9440
20719
6847
47886
52581
50415
59402
50959
49316
44007
38650
28925
39808
29412
55432
12794
57854
22122
17968
39957
8484
20244
45165
57396
18443
49697
21221
11249
33917
26152
59892
32086
4798
42420
14050
42714
45230
56597
42726
57562
41582
30015
40157
44686
43020
41844
31604
25386
57860
56020
5942
6863
47984
34132
30601
29637
10214
38341
54411
19420
28430
10564
35862
28739
39997
28853
12470
10989
57847
4828
34953
16864
25650
45560
59077
36877
42906
21341
45517
44025
14509
20930
14500
15625
27667
54565
11462
26023
39599
48234
30848
17069
40900
42041
22442
34891
50593
19742
53826
12340
21969
41993
12154
19691
36013
31897
39839
25196
29737
5582
27238
58399
5413
15012
59457
59927
32488
46426
42403
43879
26735
18429
57539
41175
22703
58507
33884
37883
13367
53130
6345
44022
9102
40038
4069
33078
32155
13251
40302
5056
15077
10829
59469
32445
32211
45579
43074
33578
16962
34045
42942
28602
23804
7675
35113
19763
30941
20490
52890
54153
36343
26652
55866
27994
21192
24602
17638
11838
20121
26325
9937
33085
22361
45824
48236
39006
43936
46746
22826
23357
59788
7959
9522
41575
41426
25375
23519
47932
23991
44257
14924
42760
30154
29108
11269
4356
41206
25948
32869
48772
35590
34892
57320
55904
54741
39154
20983
34844
29069
33042
11063
