299
45402
40324
40888
57107
9150
23069
39208
31558
30587
3778
5598
23368
18907
52417
31490
46175
31406
59713
26262
22909
36376
39299
20742
44219
31015
30224
39906
49092
41698
55702
12244
12668
38845
13277
32568
35462
18622
3245
40348
13745
59256
52126
37085
50032
10698
6616
55892
54235
33204
16287
57642
22822
24972
53434
3834
3957
9779
4231
28978
24500
38836
52968
12970
33087
28949
33497
54802
44867
22733
42906
35267
42418
30951
34902
19659
20006
11831
17579
38080
59382
59334
11896
48731
25020
58738
22383
10621
18158
10783
23553
4666
43083
50086
45236
7388
44921
44711
59565
4452
59246
15604
28591
46105
35974
34937
21583
55904
20897
47842
13042
38364
22103
36806
53375
20573
17229
20486
12664
35673
57848
59239
42973
48131
32309
30785
51426
34359
6603
48402
39460
6296
43949
59075
7151
55721
42195
15930
50618
30551
25569
45783
11072
22289
16584
40156
30136
33530
46022
25375
40913
37770
55507
50869
59107
31168
44113
30384
59533
7997
36085
20110
19747
14677
36699
4745
18910
21497
11552
57282
20031
5323
11851
32720
32712
44711
22932
35205
9155
21168
16070
21403
54905
3165
56730
25007
46733
22399
54542
41690
49701
35438
4698
46020
24996
59851
35039
23205
35626
32531
22312
39624
35789
46232
49229
26950
33611
6701
3867
57403
21989
33168
24697
9643
49851
15601
43662
50043
27580
7838
10535
38454
38025
15928
30777
4820
23171
45151
45708
22697
10728
6450
31579
42006
47470
25107
13645
6638
55850
59462
35705
41353
16351
18270
43605
33046
21106
14377
23267
16023
8621
53922
19003
42884
3476
35969
41287
5183
8228
36933
59976
5010
17329
20509
55512
50355
50215
8789
24306
25068
14640
19817
24905
5613
40002
54217
19698
53839
59076
56755
51755
39677
26468
43379
18140
53414
44700
37007
8932
9158
25504
39212
37140
23382
49381
38881
35657
44217
10904
35435
