1737
55524
6149
14029
46061
52892
53805
15755
38814
22281
11666
40960
37205
27745
45573
46744
13968
54306
25631
38052
16943
8832
50566
56537
52536
58531
14035
47704
25691
31578
56022
47699
31587
37400
12455
40744
20399
25613
55251
56951
38598
58292
41910
19235
38822
55166
10700
34553
19134
14847
13394
57242
31226
21635
25356
18694
47839
14467
17105
21749
30589
44892
36894
43047
59148
16676
5406
46810
27148
31259
22081
5894
27776
40656
13898
33252
36454
15896
57252
51876
9631
20767
59010
59412
10805
25723
40629
58854
52314
26129
15812
43537
21148
11705
58097
18593
12435
49896
32537
32486
9844
9395
55017
34581
59436
28265
21083
56287
53781
44682
26441
25097
41027
19312
41914
17836
54803
42000
22751
35550
5751
59952
8954
36460
32465
43778
38420
11491
51926
13233
15114
42521
4880
42728
50763
46447
27224
50562
24798
31830
35934
33521
44907
49688
4621
16787
55798
17407
35842
20261
13969
20001
19540
22706
28721
58293
58233
25182
4970
59341
28935
43885
46263
51631
57803
47531
48571
53020
21032
19823
31532
48432
6501
44149
7974
30052
15768
32409
15160
46804
52116
48857
52432
5856
4095
45714
39323
53084
22304
54687
41977
31546
56981
10705
9738
18637
3025
21759
15994
21716
20195
19972
3608
30837
40150
4658
30300
19134
35401
32687
25193
34949
9350
16709
45555
11453
23377
45067
3108
34073
32141
32610
59242
16163
40196
45118
12871
33673
28078
16436
34001
46589
18007
24879
8405
18435
43599
26084
15964
3320
8446
28030
40288
45641
38666
19222
47451
19300
11747
13576
50163
47552
27832
15049
45525
43509
45940
54865
55225
30849
48671
28155
20874
51485
39348
56396
37585
13637
3629
53284
40738
47458
41050
13767
21597
28630
23893
56968
22727
47877
31615
23299
22444
20243
56587
52602
23276
46200
45022
51706
12343
27835
19873
54348
3425
6582
13004
27693
57065
3279
7988
32098
48864
49373
14031
11003
47650
32184
10914
59409
3503
33569
59026
12729
54051
10481
26563
26395
54591
12239
20722
6837
49229
19982
12361
54607
27524
14966
32721
12153
34145
53585
21898
51515
35143
51036
49175
31058
22486
39353
27702
49178
38363
34309
32009
4694
17519
54299
10104
54494
45544
5046
20586
33047
43680
43010
46554
15861
46204
24976
28005
37343
55155
41772
34569
48467
15052
11143
21980
13014
47898
46218
8837
38482
36692
43535
16543
52939
6559
56852
29560
31838
5253
56480
38309
49724
27065
38162
3290
15998
3913
5113
54490
27003
22008
33045
25818
7886
43754
35885
49393
16747
27778
50772
48469
48192
58774
40449
29646
11141
52082
14385
52734
53400
34659
10418
18464
23806
24515
52443
43117
38990
36438
59750
9413
24199
52517
28768
14116
41788
51304
8805
26931
44107
5698
54791
5775
37695
22045
33822
59880
57906
3187
9328
12104
14175
27775
21079
38299
23437
22024
49427
21609
16537
58352
10481
26677
38785
17743
20312
37640
12048
16569
5390
5858
45651
4394
41462
28562
58586
34486
24080
12526
43535
34526
30988
15504
55013
49378
24267
58224
46184
9414
50586
18014
24357
43115
40904
58886
13864
38840
53968
51520
47178
38376
59337
12329
57141
32464
39854
13894
8664
27191
27347
9119
45221
10818
10121
31031
45500
38129
25604
53053
19704
11436
45904
45447
59132
36641
26370
50090
35127
15717
47924
30913
7498
11590
42236
8249
47636
40670
18925
28462
18463
41065
18621
33634
8640
47059
59859
14218
20973
48604
31584
42933
58246
57941
41079
23545
37590
44121
22594
25589
42634
17698
11500
52437
27484
49755
32087
50322
20480
48867
18447
36719
27833
43757
37699
20767
9296
53581
41220
52544
56078
50951
43343
38052
9938
24803
53522
55463
9124
40445
45158
21860
40080
26436
54132
12228
25571
57343
42252
44999
3625
35850
44239
33359
24943
30579
11943
59866
31775
23320
52096
15112
36370
43168
43232
48785
57133
46876
52935
6980
17033
9752
8642
22937
24157
36309
40064
54563
42739
40434
24638
38675
38840
7884
17072
3999
44955
58134
51882
4071
48405
39168
47152
27974
43702
39334
30479
24120
38528
28835
24559
50906
53361
47055
41140
21708
17049
4166
46106
46128
51217
11374
18892
11838
56788
13996
38148
30112
28082
36909
47920
54324
34016
17942
53634
30355
37917
35592
29575
16402
23343
24748
12937
34208
58602
49537
33322
41688
44559
21729
22683
32044
15784
44641
59609
56551
16867
57693
4140
26124
52214
8977
48325
18418
53601
23984
24439
24201
35045
23402
19987
48032
15544
50208
55258
55914
51868
35101
51729
41015
14041
24925
59354
12100
43398
11170
41060
18648
8845
55110
23829
38392
23244
52364
19363
27393
30300
20115
38547
46522
12140
46168
28612
37192
13546
32708
35942
47326
44123
45422
19670
29721
23043
43011
9221
47396
7720
50151
24895
20761
36169
46744
7749
6970
48751
36147
25865
43636
33260
53894
35341
12154
15585
57035
25333
46293
7602
29216
21626
20744
40032
42950
32183
18991
55829
45374
32817
57639
19140
8594
15430
56442
42967
59661
34214
29078
21507
51953
17358
11809
46301
50457
7875
16296
14457
21250
39994
21425
37010
39647
36306
22380
59649
38142
17272
55230
58362
25851
22163
58177
31626
23957
32035
11042
25775
30504
45906
33266
27399
48076
28340
15266
18017
34718
58324
38783
17173
33047
27686
10501
46007
44024
13154
27501
37950
4320
25199
32580
48337
15749
45041
26445
33657
9146
52846
26782
14739
3100
21390
41974
39134
32287
11590
8931
52756
56099
51694
34116
16945
26466
26943
9713
41406
26425
58524
11377
55335
54533
25493
54610
58454
3418
55589
9761
41932
37476
12778
26079
40499
22592
49062
38862
59988
56177
15636
50405
4118
50269
48691
44049
8092
18283
41213
24391
18640
31001
39867
24214
54213
7698
16856
4914
38296
38532
47751
39322
21042
21941
31906
11071
24397
43808
11167
52425
43492
11674
32343
51539
49502
35736
8003
22681
21021
42780
15271
47725
30605
16203
35171
18759
43085
47170
7047
20813
9787
5481
56628
32339
51110
46917
41871
16818
8228
17688
28696
42269
32512
42969
10890
34897
19525
39854
43852
7132
25076
34190
13205
44463
27142
26570
55078
12169
27632
45108
42456
47475
26576
44164
55499
11531
49642
9791
38481
41211
58764
53769
53863
22579
56256
30707
36669
46485
9090
10237
11049
57655
54012
40720
37246
47443
43150
17584
48516
17587
38982
12528
16205
36215
47143
15997
13779
37776
45486
24239
29864
43259
48993
5817
30445
56116
56597
47495
42799
31717
31562
29259
13495
9352
43431
48275
26878
53572
39550
30750
19951
20316
15336
14524
29437
59094
17369
10741
50370
53835
3186
36717
21730
58612
14182
32614
17028
12687
32659
27528
18348
52143
9102
19239
50055
23566
33070
44753
32844
15119
40570
9893
23810
12248
52106
29096
34866
55113
37576
26149
21595
18030
58901
45623
3724
14392
8293
7178
45141
25323
16335
46395
36728
32695
13477
38149
4353
10656
51466
30605
44576
32114
45392
30651
51270
29685
15221
25571
37757
57001
35719
35794
22476
13921
9635
20157
57536
28355
41348
39634
7790
44602
55509
30417
35007
41555
38765
53922
48995
17304
35992
23572
20451
12527
29914
51783
9008
13975
51657
51916
4748
46798
42314
53193
12165
40516
14422
51582
57935
23574
27566
28005
3853
40964
55054
39891
10841
42379
20761
20804
4160
12633
7472
10682
50793
32094
43923
59264
57342
18306
44286
43347
16987
15026
46083
29350
54486
28052
40230
8537
38604
19623
50573
17778
31137
31586
42677
58920
17512
25002
33551
56173
16946
30936
56540
17268
8512
14678
43064
48365
36602
37413
38089
53829
45413
18357
4378
35665
10963
57584
7158
10490
6584
24279
32168
35555
4424
58518
46108
57741
11727
18388
3495
54932
18521
44953
29693
53156
36354
51487
58243
23535
17911
23102
42479
58757
43727
37460
21648
29722
5067
39094
49658
55036
57242
41272
13152
29396
13327
50039
12661
48370
22858
54017
6966
49572
44796
20701
42909
37902
55174
34227
6972
39619
48079
19268
49121
48320
58694
52537
53508
7331
24991
26050
40260
52603
35170
50874
11597
15130
44940
58537
9622
54335
8815
7878
15344
32133
34628
54157
50350
23684
46485
33862
32451
53517
54044
23679
41511
21170
36189
58400
13294
55663
33290
3374
30561
57857
10468
34836
4047
38469
13726
59016
31803
53547
16299
40308
39998
17446
14722
33506
37698
19809
16973
21403
52133
30367
57522
7073
30982
37201
56104
44759
54895
50348
44880
47192
20464
23541
59565
50383
7714
55811
12591
25325
18991
15634
5935
55248
25241
16084
15937
46775
22115
46895
17888
41258
29388
5234
13900
10910
33089
24432
7693
9536
25807
44687
35320
40584
47750
34398
53049
15993
52651
9692
45781
56228
56399
8868
43140
7935
10330
9585
25707
41458
30977
59712
25994
49716
51865
6350
47536
25743
3147
38094
48217
48490
52053
6290
50541
40381
3012
54599
35704
38604
28999
47496
27714
41013
42138
51711
43597
31238
5699
25631
51541
54308
41107
44112
47907
52780
51726
28201
8141
5518
39805
57563
16778
55728
27807
44491
8192
6680
9417
5460
30325
41666
12580
5840
36157
18247
9795
8490
4572
30803
17071
27476
26767
21700
16416
51107
50803
50041
23905
21853
55841
15527
34022
23425
29208
25714
11979
31881
50860
30868
45219
21894
43181
4301
18366
18488
38843
15630
37675
3111
9319
50824
25850
27976
59674
51303
11704
40448
28521
45962
55098
50520
36307
49352
53061
17788
40808
50572
12731
16821
51029
24108
59881
45230
3285
7375
19880
26640
54784
23331
41899
15752
34443
28834
19682
7034
10298
53615
15123
25365
13684
42406
56621
9843
31233
46916
23733
8201
39308
7688
22753
36062
14944
15429
28440
23037
18277
13706
47335
33352
26159
34860
27387
46476
29368
28677
38913
13986
36883
14506
6194
9565
41245
9459
55981
36410
25332
9442
13705
14814
56477
17009
55131
22412
54416
49085
29741
49322
33596
39477
25163
5509
28428
53738
59208
52721
41110
58114
19673
42821
42332
46432
7350
46843
15399
41845
11740
35600
29698
3499
17625
7326
33893
10722
42525
46534
11016
31744
32724
15555
53013
35666
44649
41700
31534
59167
47545
13045
37826
38260
30648
18433
8713
50973
11243
11493
56558
6560
45330
46695
58339
7504
18851
28831
47020
25217
26662
21128
3016
41491
38082
49362
51142
51377
4929
29291
19442
56109
3617
29874
54856
38473
35681
43326
18098
8371
16845
43199
23322
53058
4712
34538
55254
52054
20336
23592
59188
4822
48889
18540
21871
59547
51215
59448
38094
6150
58961
19236
12645
28167
57490
6916
24097
3677
49359
50056
24588
25215
18276
8025
55067
8545
26064
53286
15089
12194
28800
16634
8937
11927
14047
11754
37344
10067
24899
8298
16395
15897
37860
22268
44873
8434
10626
47287
57291
50380
39916
55363
13385
19758
46603
13628
16998
52191
40720
44937
9008
40301
27044
4228
16003
37550
15816
30471
48522
44290
11425
41532
48007
50256
24596
39991
11280
36837
7953
17558
9984
56320
3292
17923
59155
53906
22729
45940
18351
39168
22828
29194
3234
32739
24885
22012
36217
6578
35843
