1141
41621
3687
47367
56382
56166
48839
26909
38409
50561
30307
11128
26301
47734
15914
34803
50270
58702
39324
48173
44954
25638
35363
32673
22888
4387
56471
8337
25760
26664
30226
34287
47102
16636
41363
8292
37581
12889
37165
9097
41958
17115
27337
48762
14096
29504
13270
41007
23920
16153
51523
20478
33952
55107
23015
21337
6824
26363
25346
7272
15408
29706
17247
19466
27499
7057
49593
48240
20444
53420
45131
40954
54901
17705
5993
35756
58826
8693
29671
12603
55218
12061
13495
54777
52407
28241
21371
8239
33636
28633
3821
58135
24639
4565
39052
8832
30126
10086
32635
45745
39598
50055
26746
21676
44692
44329
55688
58100
8462
54789
18634
15020
17354
51311
50475
25080
56330
28436
51091
46536
49767
29638
44226
57244
31179
45154
53185
44760
3878
29505
39123
25039
28358
36050
10983
43847
11065
9612
30897
56550
22094
24675
13681
23120
21518
23616
31673
36593
28213
59328
39988
6566
46889
53283
8968
50157
50054
33544
28382
35333
33495
55253
31347
26340
26237
21157
55595
13949
14617
21676
51492
21624
19141
43874
51302
43237
21466
22944
48686
48929
18487
25322
41223
40376
38673
45278
14662
37071
41653
32130
7098
34238
58256
29263
35319
53337
32895
53038
17112
24743
15373
17444
24519
48864
31218
56676
14347
4010
56720
52221
4261
13161
3724
10350
13279
27684
7747
51726
50439
32849
32971
43489
6637
31161
24172
34713
41896
14520
9639
37130
13475
34492
36493
29787
8537
11570
46532
48482
55329
16265
54713
14313
20340
44654
15296
57811
57112
55513
58047
7218
19805
23615
34772
18924
3739
25077
41847
23355
36407
10735
41883
4803
4926
57652
17812
58325
20690
26637
55033
41597
39906
47852
43769
16924
36271
17115
3931
11923
3335
8600
5533
48665
58815
20698
40972
42089
38322
16145
13959
42223
14205
15342
41836
6097
18253
3022
38731
3781
15805
50166
32473
24280
34777
40024
56313
32873
51536
34854
58503
27871
59955
3428
32014
55797
7179
57674
44617
14070
35572
24018
57477
13079
41645
12164
30696
10646
10817
7660
31032
18657
21605
3543
44351
51156
58754
3752
39607
44741
31550
37567
17621
34070
18384
7033
11750
58309
7051
17630
19923
43893
27625
18045
16779
18361
25228
5037
44262
7853
27561
49413
36489
53370
6672
20669
8356
46146
44672
47480
59139
37015
39016
13176
47859
21870
47126
20904
27589
10438
41631
31158
24877
13818
28631
57529
18181
29726
54266
59431
34482
5379
54076
47721
35915
5053
36989
6450
55985
42634
31315
56152
51927
20637
27791
43105
15684
15578
14902
35592
54454
51256
26144
55900
15638
13269
39456
39156
42227
34018
7587
25551
55702
30431
38814
56487
5362
26759
34134
12189
30397
21773
24945
26497
19378
32210
38055
6065
48676
37419
53987
42610
25191
44165
28342
11329
28450
58312
24005
37573
5975
21164
53875
23559
29693
18654
37150
10600
32607
14987
18354
5863
54133
43131
54740
6084
37207
11140
20394
20518
4732
59922
11804
19942
21103
26754
26257
24739
37851
23414
32938
11511
8421
48481
42588
42643
24119
4918
36616
9248
38710
56196
41716
35720
6036
28287
45821
21851
40646
23151
42224
15669
59096
24700
28914
13551
38506
12979
35385
58966
10646
43238
14692
16741
43531
43696
27970
5169
38873
22198
16503
25249
36685
39482
59048
50299
16745
54249
10038
45671
50916
15201
35619
30774
10328
21234
10383
48076
49291
34826
19631
16182
25396
26417
18360
27713
3752
3548
33974
58707
24289
52703
40509
5876
40590
22268
39664
25099
40127
8288
42171
20758
18867
55889
23030
19800
21912
42959
14587
26012
38306
30143
18848
22043
17554
7965
49210
32506
7337
47331
43056
38686
19929
42182
17046
54294
48048
54690
10178
5862
7496
21293
10174
32943
28293
37533
34751
4921
9317
6837
23011
21779
17992
9309
3037
51403
26412
51719
40205
38624
32920
17126
36979
9079
29289
6176
30455
46472
45302
53286
29465
53625
40020
27711
42116
21485
40536
14514
11319
11220
39025
3995
51978
45366
49869
6333
49030
29879
52411
59803
39098
23593
7771
22073
44056
51390
46296
39267
32221
54670
53690
41955
11084
49555
37759
34739
40388
57827
54547
6439
46038
3337
53822
3128
14290
26983
37699
25456
30698
3308
51394
31897
20721
38025
59606
34118
41201
54553
38973
13502
14399
59799
55150
14160
26949
28789
44350
59665
14773
6613
7265
15268
3945
39380
16752
57253
55762
26498
23949
18663
37124
23914
5393
13454
45246
8389
37048
41179
23556
48545
35592
16232
3435
26929
31520
42970
45110
8578
22855
40847
34544
41412
25314
42837
6090
34774
21176
22477
15900
45538
38074
30473
56902
46579
6070
27629
11114
41637
59974
14683
47149
33848
32930
21734
53283
50571
28109
18575
20824
34328
43205
54254
59386
11724
55827
39106
43171
22686
55571
52339
47560
47849
11794
58595
23227
11090
49749
43473
21392
58000
37107
56161
26451
35292
10295
59572
19280
13440
15229
43292
19868
13521
46778
7232
38049
58569
35328
8149
51229
17905
3710
5179
35394
26750
10438
40582
38528
9751
47543
11837
45327
7277
36173
49176
58588
35926
38397
43076
5565
58894
54230
23084
7372
49804
59956
10249
52867
35029
54366
4737
51226
22129
33847
51259
42142
56026
34533
24151
42446
39648
56749
51045
30512
17665
16130
36786
24949
59835
51733
49592
9587
14117
46211
30293
54024
36749
54429
11593
43035
35360
52821
24254
46873
3798
34806
33943
13669
40607
6555
55229
59535
46952
23094
33952
59960
31496
7418
35863
36193
57959
40106
22664
32813
53979
23505
38472
27624
48285
26797
10399
53760
35461
44262
12330
39228
31574
18107
34816
42474
5207
8370
44836
5956
11335
4784
26772
11517
17921
22941
57802
15788
22003
28840
28963
8249
23793
52177
51730
57198
34290
46780
25923
36466
14487
3899
26507
54210
25714
7483
15307
23257
57402
58191
59832
25461
15665
54010
39888
59029
22526
7019
18422
14123
52886
3862
40697
25214
43817
9366
51620
49166
11822
10611
56473
5971
40081
45934
10696
39324
25248
37023
33885
48442
19372
48519
31419
38034
20884
23585
23643
42736
36502
27565
12087
36282
57143
16340
21112
19500
46920
3847
45220
37010
11109
32076
59353
57148
4817
26745
26558
58804
11174
49415
49034
38421
26924
10138
17178
9185
5109
14380
41898
19768
20247
38775
35233
17365
52824
34146
36956
35615
37955
46973
18878
19612
27979
30446
54916
13205
55122
34425
22111
58175
39653
59703
52076
16753
27241
29468
48529
16321
42493
28238
41888
29141
28802
11593
5524
35701
9024
42386
57185
48470
44874
7708
37151
24254
48890
57553
30871
50967
51644
20517
27357
31582
39009
51265
7918
58692
49130
6363
13417
36716
18693
31479
6590
59655
17978
8009
53769
52187
21052
31639
3772
56646
26236
34264
11501
57694
55122
48022
8056
13508
59913
17964
4322
49163
51485
57861
17876
8782
3334
43212
40365
37567
57443
41599
8138
36915
37193
54015
57667
53475
48935
16750
12306
40086
40242
30194
45069
27697
50934
15182
23022
42611
27136
23482
3339
56271
23193
16763
33364
4424
32745
55781
10174
10417
59369
27399
49500
57249
33491
17266
45000
13604
46286
26909
40381
8005
26228
55150
49629
31356
46215
38479
36546
5074
28536
38792
48692
6718
45356
9016
42607
