271
16760
24999
46802
19229
12214
30666
7221
32243
39016
14967
38886
13629
34427
10705
7917
58703
57338
31941
21771
35412
16542
29376
43187
49596
8090
21518
57308
48776
18906
54209
41079
13147
50696
55511
35076
13368
20047
3308
40144
31966
55298
13191
15263
58739
30680
51355
17140
56680
50817
57097
50490
26282
7723
18039
53346
46616
32537
32460
41063
27507
39636
59439
17785
24436
13255
57366
54356
33138
38315
17017
10429
53770
17166
40624
42404
23333
34795
5249
53732
38793
36864
29423
14202
34775
31478
11103
31274
58050
18688
39502
30404
41862
25941
29619
36813
42320
29230
17455
22452
45805
8139
26392
58269
28955
48753
36366
9059
13411
3811
22051
26570
39006
26294
19787
49315
36642
44896
24880
18077
10699
53746
6981
11850
24741
48607
32049
38494
23137
7237
14350
35861
20651
8627
50685
7045
9658
48503
16500
52112
41163
18488
35129
55087
38462
44775
17774
52582
56749
19465
12427
49800
57897
56193
58722
5127
34202
23779
10290
48540
59151
17913
23801
10051
29449
14718
58842
18196
46841
10703
48099
34626
17037
36539
16329
30748
3783
47155
19355
31084
54390
45489
35388
44831
57484
26725
29704
29919
52529
56613
13293
58236
39220
24026
23199
31186
20137
22397
48400
28666
48719
6778
42362
44495
28548
9415
24427
14056
23396
59075
45588
8274
58376
40951
46700
38759
17752
38004
54955
46307
57543
46732
53144
27888
43869
59739
10584
54782
56139
4616
9588
52812
40861
38836
15680
7164
44736
23329
58121
12118
19928
3767
3152
43880
31805
45547
29012
6921
25669
22002
49990
27834
31379
30597
10901
24359
13588
15900
54639
50254
54253
17684
39251
31213
10846
20556
17904
57987
36984
58704
35844
18825
