491
8410
47605
51958
44707
18062
37230
3847
51101
36373
54430
29432
17518
17615
59572
27437
15707
6007
30456
58950
37920
46675
55266
6278
48202
25888
27139
54795
38165
4521
29282
15496
9951
36625
49813
32833
52626
36890
54632
19866
32545
6984
38498
53354
23255
58482
39637
3727
39540
18894
32293
26459
23157
22839
41959
32753
30390
30224
58644
4503
52077
43399
26921
8236
3255
35615
42707
41506
25626
13991
11340
5898
43864
59616
57950
18649
36020
25662
7725
42906
57681
54617
27720
51195
38136
18332
37709
11660
14472
30983
56253
29613
17737
56524
53419
9731
11532
12257
38463
24446
6715
7479
58407
3229
26513
29399
20321
57152
38269
37587
36645
55768
9040
25515
28509
29407
15387
19713
23308
23207
7028
26512
59277
41446
44782
20931
51493
48977
21672
59706
52055
23378
24350
57722
48194
38840
26372
6555
37585
5247
3295
15661
39191
4937
21922
44725
20193
27651
6186
3311
25684
22530
56310
44609
49858
30804
47880
17766
16193
12671
37336
19893
16596
55286
55873
46784
8258
33639
21211
21565
24199
42221
51310
20379
56572
50142
42515
53181
51980
7864
56005
50695
10965
18290
23763
23495
9281
32820
16476
19188
56497
10370
20683
18499
35125
23194
45409
53996
28893
16084
49029
12125
31182
26462
45919
23698
50671
50551
27297
58273
20153
27445
43618
53516
41088
57313
47241
39196
45338
59966
19200
7085
58969
46620
13462
28563
17501
53588
59034
41119
35984
43365
54071
58916
3739
18111
54001
41810
21531
55795
19507
9012
54966
10755
41693
53505
20816
32045
59833
41394
20369
59844
44510
47357
16136
22572
34558
13935
20381
8878
14562
14167
19844
48980
36661
45218
33749
33584
48761
40719
21164
20805
52109
26926
12946
16474
24546
38152
43249
44165
59855
38577
42080
59927
20281
38629
5537
42458
51051
41685
57655
8174
14720
24049
14373
36759
45052
40331
21276
13906
5118
55119
49119
50872
19752
30750
5236
29535
54322
6733
43767
24677
21315
11111
20948
5580
51226
20668
55802
41312
14677
51567
24996
15968
55826
42021
35403
58849
49052
57386
16572
9366
48479
16396
44571
35850
58228
7419
18205
54343
56275
33409
32573
15521
47244
9569
17317
29177
21024
31818
30647
8417
44932
41840
51873
37533
18670
24491
15437
13591
5067
34091
46564
23505
56805
32484
59678
42298
57976
59396
21534
15420
28079
51610
22137
55879
14621
15191
23300
28646
22800
19866
31793
45801
20899
21351
26460
25700
6370
21019
38434
8664
53690
14852
30106
31740
8976
34667
59415
28628
10212
51122
25534
22499
6086
54692
14826
10642
4993
37428
31414
46481
35453
25083
22266
36189
19043
50335
13840
46654
47007
57850
28277
19053
17679
16396
8323
16577
37520
10691
33948
54347
10044
17827
30649
55350
59406
51804
28882
26313
32185
19973
56181
19879
40747
57628
12429
48685
30438
37388
35522
26462
24867
41077
23745
50450
10335
42833
40159
36079
25290
3542
44520
44097
32951
8753
28039
42438
51726
27344
11599
9967
51718
12535
15037
46356
40634
5736
28344
55560
48081
22980
53395
33992
42580
20105
3686
13646
19493
24750
48365
33414
