498
22294
5762
22227
48069
6461
36901
20358
36974
26634
14879
16209
36385
27197
13934
38913
9190
18377
56613
58625
40291
31378
43209
43077
46214
43044
57688
47476
21274
25250
21758
27096
25937
30138
18506
37708
33927
50055
29196
51588
13000
26880
38471
31810
38522
30122
23579
35650
21749
8674
8652
44742
22420
37339
47353
44704
6041
33274
5333
39871
39527
33912
38512
24054
44034
50195
55905
22924
58436
53248
57668
10847
7442
53295
34113
20865
48125
12766
46318
43005
36604
29502
14682
55692
47736
29853
33538
45068
46976
25222
30103
14747
17028
19489
48308
8508
58096
14093
35625
17597
21299
40305
44952
34965
45382
23309
50046
33736
45334
52088
32104
48998
20678
51854
5730
39232
45962
15753
14562
23201
39561
57613
10103
55789
55013
13879
52895
30084
26985
23009
8994
16304
23634
8805
31647
12515
36200
27685
33189
43978
48992
37094
57189
11629
44142
48291
9823
10200
42878
16282
49530
59075
29131
13632
57871
59169
12020
49692
59072
14406
17009
35207
38068
14467
32454
40244
56894
24580
37917
54808
56211
14903
43177
25236
41561
52387
17969
55541
12735
26469
36537
20181
22004
44100
11668
3121
14378
41551
34623
26689
59305
37939
6066
35957
28573
55501
24230
46550
41990
12385
49920
40680
16412
8551
58267
30388
44545
59955
16002
37138
15298
51334
18633
29639
47039
4277
58419
25131
31181
35050
23777
30344
27972
8022
27742
41413
32490
57366
18798
12637
42614
44078
54198
9241
55414
37196
29378
59082
48530
27354
35011
39496
20285
44490
25966
36451
9688
30950
48840
34691
16867
58726
14154
9067
31561
3964
50578
21931
3008
42206
22465
23944
7542
10284
9483
25431
19217
7603
53719
50792
20020
19627
38839
50416
8383
54046
4000
51625
9184
48421
27414
46409
25043
40807
15411
13909
58608
7016
43021
31494
21587
59201
16580
14230
18402
37074
16601
6614
35964
32772
8954
41943
40338
15030
17351
50272
36993
25494
7921
53549
6738
13332
54753
6225
21532
40107
48957
51981
35121
40013
28182
24796
11822
17995
38584
3898
29318
20562
44144
34444
6583
15220
47740
16397
45320
38030
53402
6246
53845
22536
12881
10249
10131
23602
24982
49661
24287
5127
55343
49747
13022
3655
32081
33638
49502
6128
40344
17014
18503
22216
30779
33956
53161
38455
35907
44642
55389
8844
3999
12441
3319
40197
32473
47912
58690
22727
48721
37871
33984
31199
35127
35958
57386
27985
29319
37844
36532
29936
17703
37862
20024
43634
59597
50196
37633
46676
27696
30298
12330
56840
29967
37163
56767
14990
28578
5885
36119
42572
41906
55235
17163
44261
3155
29085
50064
47463
35491
45551
10965
10184
14316
30684
5018
10525
47080
32064
16538
18625
43114
41077
13118
21352
28626
45405
35161
47940
24281
11151
9982
28336
8864
23473
51454
4826
56831
20849
38894
47398
50844
31874
3326
51834
24221
22564
6483
22767
42195
39742
53184
13774
11518
18208
41260
12040
35198
52365
12452
24820
36524
49611
23426
44657
32881
26996
57159
3873
8707
15964
56170
45137
39770
29619
41567
18340
33076
9790
17881
38406
3948
5331
53990
6249
7706
18719
59819
22781
59171
53105
25153
