292
41137
49200
53878
47951
55883
58404
53028
40817
39491
59499
33943
45427
47098
12541
20640
43900
28184
13897
23772
8208
53686
6821
41371
36515
12974
40025
26078
3385
6906
57193
26309
39236
17739
7940
45559
56447
16676
47118
23665
17955
5901
53742
55777
31645
58208
37879
22822
27049
13154
21570
5503
10772
40367
35511
16520
19413
41621
9515
8526
16327
34693
5834
54406
58721
37919
18501
41405
58584
39643
11063
53292
9419
13956
31057
30175
12892
50975
54591
44717
57891
59802
33974
14545
36219
7778
57211
21395
3992
39309
29666
59450
59939
56702
40976
33787
10482
45853
53649
11855
43090
44252
34197
43217
28259
53679
28421
7903
5340
3445
31304
51176
38687
30621
14714
51423
36047
10887
56847
40378
11804
39124
23700
18453
16051
45550
13043
39661
52178
51567
14402
46780
41952
11629
14373
27449
50623
51807
55665
34938
9346
44121
39858
28870
28364
18900
58885
35549
47260
51777
48344
41308
17238
24435
41233
7228
59400
24918
45275
18988
29458
19904
34320
33112
40290
59021
26148
51101
37126
44293
31679
12361
9072
35832
31037
3331
23917
47172
10271
39478
16438
35795
51597
27957
55036
47341
6494
14802
5900
48907
29023
42171
10430
19503
6774
11153
39426
16116
58775
45219
14223
26094
45237
38256
14791
21464
27159
57445
44803
26709
47735
45366
45741
56347
20823
45014
17224
12854
37653
49895
55623
17490
58106
12054
27495
54666
12956
17013
7988
18073
26131
41699
26942
53763
49483
53342
25191
47305
24363
8870
49603
30898
35760
8417
35414
16924
26242
12685
27397
51008
35665
22695
45862
48508
48034
34036
47397
19049
28842
9093
6988
36120
37628
40682
31912
11973
36431
4536
27987
33145
47441
22300
37987
50463
34502
26901
50492
27610
44138
19509
40169
47270
31393
31498
56236
31412
7291
48888
10029
9490
22917
19775
7258
