589
32655
24555
7803
26098
8265
25646
36540
35073
55770
22385
26323
55160
43207
12719
49671
8088
46176
25399
43742
55191
8871
15698
27987
26895
40753
55309
31357
9377
39752
24910
35387
29938
15954
28731
12211
43855
21046
23360
31074
15331
14215
12005
4730
38616
36557
6431
12021
26524
41093
26110
5644
26824
10633
43264
17412
50197
51685
46464
28194
7499
11792
13502
55293
23524
49780
29351
59586
51833
13239
11177
45362
56192
42177
52802
9469
26560
18955
44434
32876
6141
25134
26619
25185
21345
44218
43641
34634
7851
11219
20935
17805
50635
13149
32632
23676
49125
38430
11369
8827
38428
9688
10236
52037
17501
36815
45575
31955
39884
41259
17485
14928
16794
7817
45281
42050
25637
33604
16365
6116
29911
22023
56165
40051
36362
15202
49618
9943
19203
24860
15028
59357
52971
28986
26948
9860
38440
26960
18785
51485
27920
30620
52605
56042
42330
3335
30775
56126
54002
58964
12579
12406
39406
34788
29560
46099
21961
34585
12190
38245
22327
49104
34701
45974
31524
18233
22727
41941
28716
15674
25217
18968
50733
17642
6351
59704
24832
30634
50578
9729
6826
22278
12130
48902
16207
39609
51286
19537
4532
19391
30802
44370
15914
28877
50880
16484
28303
59802
24116
28726
33970
36236
3062
9654
54526
47847
45166
52114
49585
23842
28839
12377
42411
23616
36243
22521
7448
36199
19269
15046
14933
9161
48551
50568
59876
27402
40580
32443
55526
40612
8059
30687
45055
38197
44604
39961
32006
15174
51233
44471
23573
4694
34204
33289
34003
8727
10140
53058
27078
49636
37637
45761
52499
3173
33768
14138
12576
26735
41342
22133
54974
22610
24868
10203
21054
40854
28151
22429
7048
3247
12473
3190
46767
15279
47481
56051
20655
58165
13977
37806
23227
38311
37416
45059
46677
37192
6504
49232
7047
44304
20873
8024
40287
13182
51055
15343
40587
17136
52261
53453
46893
23347
20348
20961
36930
28188
27765
58169
10741
13208
32177
20019
20587
53047
48057
15171
35271
10635
29351
37753
4220
28012
22264
11669
42932
59917
51688
42645
52152
48728
6792
6533
23278
16185
35243
45822
34567
32999
55671
4949
29420
20278
46031
33072
52923
45514
23623
16028
10177
11800
55340
45935
50598
25613
6983
16395
36547
13611
32744
39135
54768
40299
39768
25908
46343
29640
46954
12130
45829
59299
37813
39616
50304
50936
49589
14647
38159
46981
6597
21963
24424
34385
33978
13508
56870
42248
23817
36100
44073
10430
21375
4440
24833
32854
45641
31397
20859
46648
49062
30632
29049
22779
39491
54538
12740
41127
37344
5528
50307
8243
6635
14392
47980
47398
23587
4730
23057
13970
34143
26081
30119
14068
3043
11645
15825
12506
56188
28421
47159
6865
38067
20692
22289
47314
39025
44600
8793
25335
46091
10300
12487
40081
11080
28989
29648
36130
46212
58427
32442
15515
45086
23683
50295
8013
35777
4032
57870
13494
21781
46622
11792
15276
38097
46056
9239
54627
17261
9090
53929
39192
58186
49975
23629
59692
19501
56907
40025
21186
8871
29376
45398
53062
46202
19121
5491
20951
17548
30584
53122
47748
3075
42536
21771
6788
6402
8010
49847
23489
39289
26917
50372
11492
6725
11494
9834
26023
34052
24538
17367
20691
14368
54328
52460
9218
15730
52284
24647
47371
29611
11822
17727
51280
13689
9679
14209
43274
53066
40403
25228
4832
14118
25518
50825
34254
24028
54153
21082
6123
57984
27110
44140
19199
22258
47104
10636
45179
25940
16182
23585
16669
27899
57179
23021
7928
24045
32394
26088
26741
56106
49268
55144
39113
10575
8585
20873
13800
40417
11106
33105
50205
24004
55155
57601
52395
43418
23309
56874
37877
22459
57368
54254
44542
52359
46752
35423
35193
48123
37231
28646
17076
