158
43171
25106
45548
29964
45812
13008
25857
20268
23251
14844
22195
10352
30222
42643
59888
39058
33430
3219
49942
43488
31287
42273
10689
10640
30227
9290
59358
36937
43524
23549
4573
15152
7283
53127
57575
24453
56212
37648
51790
26809
33909
59763
16645
26558
12581
33410
12043
7223
51608
17337
38762
13289
39515
41239
30068
34425
25692
19283
24578
42357
3460
31029
47159
41872
25479
48237
10760
55616
12845
26614
9680
17421
9722
40604
8645
36759
58860
40044
46694
16210
14824
54658
33540
6284
10134
53826
23332
5598
42017
29095
6027
5781
16428
41812
54093
39708
10656
46825
14342
8436
40120
22567
55072
17765
20344
48048
3793
6797
59323
33983
53803
9438
57242
27961
52876
25830
12276
49431
50406
25008
3808
33378
21262
18965
16053
21845
27887
33217
18626
32029
14235
9909
22379
24910
21770
23976
30741
35252
13944
36843
18691
21061
49919
3135
3986
45840
6576
12358
15169
49655
10126
33279
47354
3932
15971
44445
11846
37070
