1230
15738
45955
20532
53203
24245
51815
23119
45104
38529
11686
21342
6889
40355
51243
41639
4395
9106
29547
59817
5712
38725
18622
36511
59617
33028
12737
17281
28162
46597
24795
43832
9271
11570
25001
42961
35195
25979
51618
14333
23961
36748
50789
47090
47223
56368
26240
27717
55715
30080
39948
24565
7812
24346
43048
32043
13768
26092
4915
55437
15806
59903
16107
58295
46812
18799
10470
52232
37898
16343
7289
59394
7072
6909
15297
3649
58287
45712
8003
59357
57454
29114
52888
28873
22373
29263
43735
18433
16593
33508
22514
11868
15428
12975
38097
12969
18023
5565
23149
36707
54866
10544
17587
29499
18836
41739
58280
31140
23524
30887
30316
54440
11589
56657
13363
13427
3881
22874
56703
41797
5751
53796
38549
13834
52684
58159
43018
16030
28594
27095
32472
19676
5453
28024
13252
53110
23089
23194
47129
19614
40181
27180
30026
57429
3645
21597
38584
10102
53729
25881
17817
50115
4947
23790
22896
33933
49686
11994
32381
6826
9997
38686
38204
31562
16589
4056
13732
16735
22385
7875
53254
43056
38417
6126
6467
31146
13812
19352
45371
55618
7185
12976
35741
23004
54713
14384
22872
18185
7181
18390
47802
16686
9718
9800
12582
27760
18947
13167
4721
22415
54187
58409
58285
29094
27844
19312
21568
34732
43001
37901
53823
11672
54873
45759
31865
12862
40191
23235
46219
17220
56067
59479
4073
8239
44721
14203
59311
57322
36681
45421
22079
35478
20702
23845
7758
12883
33215
50406
8546
9160
42381
55118
46300
32142
59952
53804
35241
45375
14113
35405
27417
7174
42495
31796
16775
11002
10785
8218
12337
37964
56124
5831
33714
19458
55327
28674
59330
58318
5572
21877
12904
52829
45370
52076
32241
47706
49537
38432
14612
52149
58681
54091
4557
57371
43203
11023
45847
58702
44228
40590
43008
3131
14164
41409
19070
42470
33583
56621
13928
18836
23176
36343
43099
36538
31606
27282
35644
15064
48853
40402
21717
22110
6298
28827
16357
52050
59983
38725
42943
15270
21313
52557
41650
31401
58269
21877
19807
43923
7496
43222
40242
4117
18663
46306
51478
51806
47851
5786
3248
27944
32518
27647
14370
40334
59687
13333
9419
17800
42708
55519
6658
3696
8869
49530
26711
7362
31032
45624
13352
13643
13357
18972
12220
16703
16203
12189
54169
18847
48785
4466
33099
15046
6487
52485
7845
31775
34469
53250
53307
13248
59085
54430
7223
54356
51078
31890
42205
10403
38350
23299
45095
4503
19373
32543
31484
48281
53821
16648
31432
23036
55376
13571
44775
24747
16465
54852
14380
51871
53487
51483
15460
33695
40657
42325
53790
39604
56296
10721
40712
35489
39794
26348
57337
33615
40981
31500
57088
26269
47740
8841
52679
8662
53352
13380
7895
13636
32391
56311
56787
36905
28493
49217
10478
9555
41669
42690
5998
15981
27071
3688
47196
54883
13285
43109
4675
46220
43021
46791
40887
12728
14874
15018
15553
46108
27374
19352
50544
33870
10423
34675
50076
22719
12644
26854
46745
12176
20575
31925
3656
19841
41545
4145
55575
53812
14442
15216
44816
58333
50722
4580
4412
43731
22183
15772
54765
6844
39274
9371
59204
15986
57327
30221
32178
16875
55406
10351
6719
12424
15672
44533
38824
11971
14508
26991
32960
6311
41774
58453
47236
47667
41332
23086
17934
59730
31156
58499
20225
14198
26215
15128
8715
11585
29815
9647
19379
48435
46349
7806
27535
30584
15585
45992
42118
10159
36282
18821
31685
44702
34942
19234
23980
8107
8244
14518
56845
44120
6168
36752
18155
18540
15874
56909
15783
43247
26514
27737
47821
18459
46860
10508
51712
27121
25328
41294
31011
20342
35697
13181
7485
50916
18377
54064
27966
59784
20314
22773
36310
13912
27559
42202
41017
59729
47439
57402
23096
56537
5096
45745
38369
31854
14873
26345
25609
19627
58091
57034
21803
24728
47587
17261
31828
52485
26758
59521
46616
59466
29241
47368
31957
59314
19491
45872
11016
18114
18372
18965
33039
50812
4723
13809
18134
47167
41238
48093
41326
42087
13003
47708
40551
49896
5753
12424
12312
27170
24506
27826
5560
42157
23364
41293
59196
29350
25551
14393
22875
36641
56574
21181
7011
19185
56906
8658
8744
32104
35075
52511
48053
54195
27038
9139
42636
32906
19427
26321
28052
23466
28939
32557
13576
27084
33899
40899
8856
54374
27550
20073
52559
34097
43168
55561
38092
3381
6553
18944
4961
59224
6113
5029
46969
36053
24792
52855
14434
58721
57413
15058
5173
8110
37427
4631
44581
16901
5583
53814
52764
17591
13801
41953
37491
34313
15107
19953
51875
28060
18813
41834
50233
4465
4529
49882
59649
37315
13300
34383
57578
53580
26405
8691
55989
42582
4775
59811
46345
10955
40708
57070
35818
20630
32202
47904
25443
54958
13932
46234
27622
14102
6983
8481
4644
26682
30171
43042
44577
37124
11553
27875
59109
54100
9694
21114
28944
49933
14237
42871
41463
56537
11225
19637
33388
18046
58833
41248
12138
45535
37343
27729
24146
39762
52558
30307
51555
25765
41458
36330
35154
42958
8794
58171
15797
32780
26483
42017
5903
55783
12821
17395
23929
11610
24892
18981
54891
58238
11356
25953
58486
53248
52160
14229
53085
57268
57497
8184
29998
17049
16935
36455
30646
6256
37330
47625
18608
54481
54557
32232
56000
47229
22795
5267
27134
26527
54406
28246
26285
43223
17010
45392
8152
44520
28298
50793
32153
48046
37106
57214
40878
58473
13859
45634
18716
34066
34854
50991
55446
38964
22453
52605
59505
52665
26748
35929
52823
20260
36329
8613
11844
13782
47486
52976
45318
48700
11475
27791
14466
36873
21035
27475
14822
20722
16280
29986
19938
30833
50891
42867
59014
24565
13183
18187
22767
21828
32515
7330
36269
59712
6145
40434
57592
38518
36603
16416
46338
15055
19398
4892
37909
4478
38895
32438
6830
22917
30237
11788
9431
50933
47201
18621
13107
46447
17838
15755
19848
52746
33670
18354
8561
24567
24078
55993
48434
49131
23475
59680
32420
17408
12611
18182
31015
33405
35632
21271
6885
47012
13008
40461
57480
7868
39155
24805
23434
54228
52625
53126
8471
16295
6853
19221
34543
49582
40834
40574
35972
38642
28334
47379
59002
32515
9604
7568
29751
23371
43805
42747
25208
22030
6866
49417
13406
21731
45284
14524
26642
49451
14590
35476
38441
53474
31593
12272
42215
29526
4377
43949
14761
59884
27637
53194
42664
4524
31794
26524
36230
4211
33562
14938
44173
6957
59417
56747
15960
6512
49425
17524
3349
49521
39571
55927
4576
54824
8163
54075
39561
20639
56545
23115
50885
35815
19223
27984
52755
38279
57591
56741
19727
35680
38298
32539
38906
10925
14821
24892
39722
52416
3745
32510
20355
7808
16760
47170
5354
57703
6283
55633
13388
30073
46543
6920
54055
31672
31938
27208
7977
29707
7136
39294
9496
51053
41845
22407
53663
5294
4360
22247
25420
51762
29282
38485
35266
27380
58255
53151
3493
11982
26710
35526
23350
48795
6988
19715
19232
3475
4829
24092
33692
50808
9357
11055
8353
50224
13044
10117
39072
21449
33816
32449
53562
55102
13843
16307
12227
45797
58739
37468
16110
17091
18905
32943
26617
31754
14467
55318
44335
13777
46090
22878
27158
35923
51782
52991
4985
19951
48392
39374
31399
40084
26011
33550
30571
51971
24568
43419
28176
57619
53227
50848
4328
31442
16464
54792
58610
16815
43422
58326
37703
9139
19270
51940
16359
12871
53774
9026
59764
36179
15248
35424
7659
3892
47908
10501
18028
19148
25099
50552
10917
37803
50634
19812
17563
16238
38984
44690
12862
59167
54369
41439
50868
31925
21564
47236
59787
19586
44591
44715
29244
10259
53938
20084
49499
26340
27577
7647
5158
5006
10388
22747
5421
12611
48842
7554
24196
44640
30466
35870
50640
12767
44777
55819
39878
42981
9239
12544
49192
