759
51197
49638
57256
22227
42326
42599
30102
5744
28617
4269
8997
43097
43462
33174
5662
53036
5994
33940
44639
4348
35706
55661
3735
3717
10086
26087
59379
41758
15751
13879
21888
41577
37671
42581
45591
27199
41723
31947
57348
21599
19853
32615
10805
26337
26737
43441
45104
26928
26795
11226
51875
51070
41396
15714
53409
32620
40009
32819
37591
49985
44594
54577
41178
35778
24748
57225
46050
53901
30943
12409
19991
16501
28426
24131
16002
6167
21341
26378
27790
50453
5811
16118
28990
34774
50878
29490
3395
6523
55517
26499
13444
18731
53505
17482
17755
9199
39583
44754
56999
39842
31589
6364
30795
37202
54402
33302
49675
8145
4942
59626
30502
8021
52989
58842
31898
20932
55256
34521
51565
49362
45467
4924
37214
38574
23013
3484
22951
42980
40231
58265
13039
24582
20409
8636
16394
32261
37582
35605
9994
4214
3940
36384
38539
23517
44682
51409
10734
6041
55206
44061
52665
32712
46099
16722
41958
19961
15302
18345
53170
18810
22099
48973
40141
55967
33997
39996
18998
6948
9597
31785
59018
7207
36736
3251
45916
12854
14432
49522
6675
52586
23904
43420
52863
14523
30074
35037
53441
55830
58954
21740
35924
48723
3336
41982
8307
45243
42057
22788
54392
32486
35885
7235
7273
48444
39899
57917
52864
41668
15413
7540
27888
48848
44935
7134
46688
36130
35801
9378
5341
6382
7041
15953
28066
16757
3790
9695
20827
42572
10163
4522
46599
18353
6016
7826
41871
32364
48965
48309
28581
57231
8473
34764
55037
21319
47049
53467
27779
52214
20121
57202
12650
57817
42503
31981
51066
22615
20910
27347
51233
40916
11447
21801
42818
19806
45162
52183
10828
27402
23588
43045
34586
23467
48387
28657
47172
56568
29724
42354
21360
26197
53018
39395
37119
22416
15277
22193
45843
30308
36980
50767
58102
10673
34577
14226
46697
49091
38987
7936
32449
21065
3517
4596
11649
55244
57368
16574
48874
27315
37942
36210
38902
3108
8415
19458
57411
47168
5327
31083
10540
20711
35951
41834
46235
12627
23304
20134
14860
11869
48796
4286
17868
45539
43794
31525
16769
53287
24763
12255
34180
34386
24788
3242
48279
51965
8293
56901
42236
27440
22885
19384
15510
54164
34480
38177
16571
37948
48001
24648
37302
33269
51800
51797
52684
58154
5384
49893
21087
4568
11407
13342
49510
39528
35455
59277
49314
51944
58351
6661
19381
20633
3521
27084
7998
43354
41769
25924
9925
14277
35037
24990
40295
38935
16401
7687
43073
9788
22437
51463
14006
35156
5037
10714
33131
59741
46087
54641
21864
20864
39446
7663
8780
51671
51347
28079
52376
5698
5586
8716
26295
30201
35203
12906
43368
34213
42819
11929
22821
15831
58041
53710
6517
3989
19829
32258
35260
45034
3319
34742
9481
57056
34080
48785
9848
4795
13089
8239
16408
13045
44944
27757
34307
30478
55851
39315
36363
27394
9811
28121
24354
16858
41406
11021
20342
45902
32495
37108
25560
15818
3559
30296
40757
19201
35158
49812
39322
12252
54748
39227
40572
54121
32416
52625
20103
53233
25976
8156
9129
59529
44582
47982
20334
34555
5562
59073
31080
27670
43779
53036
10633
58079
33766
39871
3505
26335
23632
40184
38802
26908
51620
48197
20624
22436
14841
40151
9954
58486
39936
48820
28574
6318
59897
32649
41284
23265
10927
49596
16342
17981
25579
37789
12201
44852
37214
52662
20174
46602
20543
43425
15094
5817
20379
45511
27260
58188
44606
34847
49061
46130
21652
3048
26588
37577
47592
55495
53061
39101
40188
59338
38395
26385
43347
11186
32953
4864
17187
16282
34284
19865
34761
36985
8621
49481
18598
27276
24155
11416
25520
13026
56356
55369
29310
11256
16829
48487
57457
28214
8928
35550
23856
7531
34813
10313
16472
45397
3142
36175
24373
6220
52235
41025
30204
58138
21540
55994
24612
49880
27369
24533
31480
59711
55871
22445
16740
50278
9421
15240
52966
8233
6246
15288
23721
56802
18826
12348
53923
14983
11783
32539
4415
25829
7621
37127
18711
33259
36026
34492
34036
35175
52308
20001
21660
19858
8855
31483
10576
39476
53064
58962
11919
37730
50433
10544
18998
50963
9739
13291
48014
22795
40681
20367
23722
57230
20343
19865
54126
50373
54466
56230
53221
14114
42997
25320
51710
7186
52025
23967
47502
22611
38101
24418
52404
4422
12031
29496
8119
18433
38341
44201
27677
6312
11501
38074
15813
12610
33521
18453
33809
59074
21904
38783
8255
42440
59801
8881
5975
6489
9132
26095
11209
29100
24640
5744
18581
12767
22297
50018
30029
4305
47596
34900
29479
53987
46210
18137
27559
49128
8488
50483
10253
27241
20753
8420
21747
56039
31835
45341
48896
41539
43290
49285
34065
53228
17878
10672
58263
6562
22445
12510
27022
46511
20319
57152
13058
57106
25717
38524
57594
46933
37499
