1465
56868
4776
23619
40896
17726
56924
34216
54270
21214
41437
25168
40723
7132
51559
48984
22699
41045
38551
35785
28810
14141
28945
42033
6396
53336
19131
18765
18321
59049
22370
13779
50755
34302
23998
55760
14568
9102
39811
18470
15530
58520
20298
51497
26978
11114
11146
21561
58337
3866
22514
27235
59353
40903
17355
3107
53869
51276
28293
20175
23021
5442
54357
47578
17528
57393
45027
23102
38872
15034
4027
56720
48685
12635
12938
50118
5667
52333
23323
27140
30733
37867
46785
38691
34584
44388
51985
31388
44934
15450
43042
58340
29175
28272
25362
53128
47394
33179
33728
43969
34563
47443
13493
54028
3485
8207
41627
43804
4219
45413
49934
8535
40095
21329
52591
23762
39526
24188
54885
55099
22242
50206
21834
5919
9081
54865
24303
11942
59126
50390
33467
26641
40988
39406
23466
29160
19736
47118
3972
50071
33756
25124
8259
48953
17147
7061
43826
30958
40415
58573
56651
49548
24473
50226
5966
55760
4129
21634
38555
11673
22563
33581
3488
48390
13482
14691
59079
57633
49815
33558
18862
9480
15875
20471
35227
14242
8220
50296
33653
18576
18356
25958
32633
32271
48358
5120
21183
40752
48891
54296
59690
29797
49170
38487
43026
47406
57532
12838
48103
35975
12734
49936
56250
43006
40416
59586
20754
57852
39603
51798
44644
47140
31572
46304
23981
34013
41527
54859
26348
11979
9861
34079
15332
48560
57723
8325
31630
39030
48267
30571
31535
10417
12295
53349
41722
52258
46050
58206
59651
33491
33686
28545
21240
47434
14582
45431
33629
31400
55115
11197
30120
45119
32889
22027
29194
8523
26930
36411
11149
46632
7304
55667
35581
3483
48529
25995
10248
16897
49037
35281
40341
10787
34761
33220
20682
56847
9017
29064
58953
58223
17669
42705
12665
45600
18255
34581
3754
21965
48366
52947
14142
16507
34402
37085
28943
41852
47842
40854
4449
38770
14100
7664
54930
19777
48234
50511
43603
31257
33048
57429
40710
29556
35719
53239
35747
9985
7315
6712
51917
31776
31145
23966
46536
28830
36908
31909
51445
33071
34086
28229
15092
46676
31769
25003
13742
36859
27374
47850
59650
37216
16853
17239
59512
29434
38044
3975
39171
4871
37919
20042
18491
34333
30620
54554
59820
35238
49605
41488
42185
9177
27500
50231
45478
10366
33936
50769
22340
49772
30621
51217
48440
35938
54632
58669
3691
38903
58493
58878
11468
21649
34322
8703
28419
51504
4562
27587
54715
49030
27331
59260
3299
33106
54834
6575
47398
17525
11105
15905
52893
22226
56627
54694
46098
24942
56466
27120
38390
16862
18918
34663
39464
36882
44550
32277
47752
35786
29109
55767
50979
34827
32235
27651
32121
37230
50364
34455
11749
6520
26251
4070
38781
57203
27148
32251
47564
38882
5742
20608
42433
54892
3137
10688
36747
32560
16016
31154
16989
44457
8919
42253
49073
20834
13070
31762
50077
6213
3478
17124
39063
59927
59706
22360
6815
42028
58150
24163
18507
56642
5151
22446
44309
56486
48078
47450
5218
29769
48179
14946
56990
41287
11769
28575
26784
50904
58300
45421
45251
18567
58228
53466
59671
52567
15773
52507
48846
13558
59769
17903
20578
44877
6778
36944
19635
17699
54588
30488
58036
17140
10186
37154
24552
44883
28540
16002
11882
52490
4870
5716
13485
17089
11293
36879
58917
10148
3778
28583
5770
18458
31380
26719
26454
33844
33777
45029
25618
59871
20112
58279
21014
28391
12855
51227
21316
3005
59365
29343
37496
6016
46516
57924
34746
30562
12686
27502
23302
47293
56742
20485
36360
48076
31933
23141
13218
11579
10252
37960
58177
52194
24972
14879
45671
9682
4179
38263
18128
33564
56096
48676
53560
56199
35232
45553
57589
13632
10850
50906
36548
34115
56339
29378
6548
24762
49927
53360
21135
20585
51647
6572
57974
9312
5379
25529
14865
29019
11927
56582
5713
36763
35543
5485
59682
27907
6251
22535
59642
35332
12250
3399
41591
51170
26256
26522
9014
28924
54283
28061
3461
31745
35563
29426
15506
48278
24229
20531
41162
55459
42320
21689
43847
51817
18412
32410
51819
58244
10389
30418
44114
24222
43900
19694
5886
25955
45257
24496
16987
22468
53316
25650
34162
44856
53531
15003
51579
36199
25064
18499
5858
47177
24642
33901
18282
24008
52284
17022
27118
47517
4437
13848
5416
36549
40642
19771
59067
41723
52618
49997
20010
6203
12286
11427
37204
7260
46423
6842
51143
56778
41633
59875
47564
57335
44263
15092
13541
22424
35481
48116
5007
51350
50451
50474
12682
43129
14123
26611
53010
9984
38328
31849
17247
17261
25828
12728
57086
16204
29451
28977
8482
53313
56318
43042
15739
11228
52729
29014
29636
8503
12791
20909
4610
25085
53738
51682
17410
11830
32838
28663
12899
14804
53589
12626
35581
17397
18803
31341
47912
35332
28044
8910
33601
59180
17369
49696
34367
11293
14790
9863
59005
58837
27949
23388
37303
6923
53073
55358
17248
22322
44764
46355
21117
32915
28734
41079
39448
54466
27066
49511
6239
58018
59327
18803
13123
54305
36437
28072
56424
38254
28328
53950
46676
15259
3006
54222
58788
30182
17284
59579
55300
26867
56668
17326
16503
34913
59853
55059
50995
44071
54722
56390
35573
12457
32473
39095
9418
21640
31300
30886
34014
20052
18675
52702
27272
57692
33915
7139
13620
30492
41881
28035
40972
6213
16392
21887
52558
28150
42241
28940
29683
59243
57061
32376
16023
22110
28162
58685
22976
26290
4463
24484
38603
6598
3551
19529
33942
39925
3445
45014
22795
20202
35483
29151
21473
51423
56398
49690
14326
36751
7550
13338
53000
26725
29626
11929
23872
21446
25175
13608
7136
54272
21400
9291
15976
19346
46370
26481
22466
49588
22022
30492
9288
15849
24081
53254
23462
13602
19276
25414
56876
23533
53713
10038
28077
40003
36408
26242
23980
28234
36102
33882
5683
42079
36946
27100
22537
30469
28216
59167
58936
28802
49583
28615
58669
24436
59991
28162
56994
39872
15989
29612
18730
15824
14733
14594
49861
37486
21415
57856
40772
37302
39239
26015
18812
29131
16649
22887
48400
44757
12225
23086
52688
50260
14651
47918
51714
47819
26852
48098
46504
37226
49932
54792
8084
54756
50967
6839
53867
23728
17323
43050
4555
25886
11198
53437
17051
49593
23066
45255
6978
23634
19896
23957
49088
14479
18765
48075
22882
9456
57777
16727
52680
23731
24339
3990
28698
53645
32885
46673
16940
3710
58363
48275
28893
44848
54511
15342
41424
53657
4459
42031
35272
35825
31102
56386
51134
53923
32613
27752
16166
51689
9508
27538
15846
32733
8048
8313
33097
39484
41300
38882
7371
39604
33114
39080
29584
24018
47710
20074
22590
20324
39141
30477
55987
30995
59532
33296
39257
26183
48382
3178
32872
57155
28681
16493
7442
40644
44737
14421
44958
36409
24062
34857
38999
52269
26678
36602
18922
42060
23371
39110
7435
15504
47350
4726
8885
29684
45464
45027
11831
47036
51113
6818
28321
6258
12073
37545
40965
17509
26958
52267
14181
11727
5405
31189
40419
13223
43375
49538
58841
25459
10987
26726
32236
24634
19109
28337
24203
12205
31638
45241
56007
18664
13727
28155
12109
13829
15853
50385
53706
35661
3772
45361
44751
42079
47940
33980
26431
46979
36659
34015
33196
54098
53605
35575
27797
47401
27974
36210
54722
44965
21872
16781
41783
18748
24491
37390
57523
10899
38000
36009
14692
53861
8400
28624
28891
53181
45561
44428
32754
9068
59581
18290
17075
21634
31830
18912
36524
9991
48499
57907
45266
53949
16531
7333
47852
51006
36070
49479
34930
32101
3166
8859
22379
39816
16579
15733
5488
20093
19151
8072
54486
26474
57083
32276
21389
41174
48916
9986
34959
5999
28876
26366
25526
32371
48462
27700
25834
54117
26555
14836
39602
45876
24944
14503
56280
30966
13144
20575
15741
32950
45315
33300
12434
22544
56373
7038
42877
7261
31807
47946
34379
52388
26690
51533
54694
36466
18962
27723
5304
16246
21443
53848
59285
42144
57197
36240
7648
16108
49895
26293
16821
26588
23542
5466
47419
14461
45000
12366
34277
43565
16886
14590
51785
15278
52308
39514
30222
57716
20891
59176
14804
56877
33219
29376
51057
22670
58792
46272
14477
39284
8833
28682
56759
31808
44912
47464
26605
32263
18334
34082
28924
18396
58926
39091
37881
19968
18699
33904
45848
20727
4277
4045
22567
51678
47740
23779
20881
35188
49997
52863
32118
13024
17070
15434
32456
26250
57175
7772
13616
39980
22930
11177
54485
50678
19907
15145
36377
39901
3824
20669
34964
50782
23075
15446
55458
18555
47960
54720
12456
30462
21243
35203
44715
33784
26645
50358
3959
36772
27507
56808
27166
49591
10890
55233
40980
20417
29288
52169
21991
44343
26674
31474
50597
9466
57235
16646
33022
44416
39227
44132
54976
12505
37395
16547
44988
14089
48629
14671
52107
42856
14228
3715
52745
46769
52368
46423
11141
47183
44900
56846
31582
32238
28105
49051
34935
7490
9599
25632
15895
52031
24393
55821
18642
22053
19064
44913
57846
17706
55382
19628
11880
31153
6723
17147
25696
21926
9723
38742
21207
32394
31673
59942
26519
17622
44210
34520
35358
20048
16913
59923
40256
52132
8531
59678
51426
8632
54552
6273
10932
27789
20035
19698
15212
10168
15953
17840
41257
55242
19108
50477
16101
48826
45066
3564
12181
52855
14483
24807
