1600
11784
15127
23857
23262
56930
48472
9958
15955
14500
48405
5764
49505
5967
41269
48318
26834
5036
26548
10546
46170
53153
13991
21232
11091
35671
10497
54709
15779
15774
17233
46812
10394
40664
56942
49510
48836
39766
25934
10897
46542
59995
27197
42407
30888
54210
20049
50846
40783
7712
50283
4532
46612
26963
21868
40685
38658
52045
14065
48197
10399
13712
58331
31683
22871
41824
40814
8637
52452
12946
45555
28291
51059
21710
27228
14297
16651
18755
31939
44080
17823
25203
48169
42129
57821
59052
7408
45451
7089
5042
18163
7775
40309
33138
14952
43490
15453
38722
54615
54234
33419
58089
13007
22378
5826
5800
15331
30019
57443
34985
14633
34813
14664
31650
9065
16619
30353
20726
9490
18144
45810
59012
34619
37629
10238
26128
43380
7598
54558
27235
39938
3547
3978
32801
32995
32760
15366
45873
16954
20704
41121
59684
14613
37716
49793
55682
27948
32367
26424
52531
7422
32878
29455
35663
24043
54597
28882
4863
17679
17205
8630
57125
38615
34919
4142
50835
39950
6515
24235
11373
44415
7446
57281
46924
6048
24668
7975
30382
6012
46533
21441
5535
53136
41779
22604
11401
44787
55033
29708
6884
23828
53343
12424
3286
41097
16752
5725
25753
7655
45029
41297
4252
32573
50437
50379
36052
26879
38492
34383
50305
58580
54945
42107
48111
16738
40050
30018
3120
11047
11137
52051
26751
41037
5423
21311
9086
3609
33371
10046
13858
23165
9227
17800
24376
54017
58393
56785
44110
50356
19074
35730
45484
44365
54802
19228
12545
44568
46465
42563
14406
7577
37291
29722
22216
6059
8106
29415
33170
32387
48656
32943
25886
20144
25426
45776
40792
29070
35877
37025
41487
27955
51313
8192
13477
43122
8795
10444
53899
13830
15959
32005
25501
7934
50040
23466
22499
31261
24276
57159
28854
17809
34208
41329
52883
26884
17347
7512
41003
53381
16394
38883
40353
3874
37313
27597
44027
4218
51687
52292
54681
22770
5844
49288
57135
52724
33938
46269
48515
9222
55255
31353
4724
12285
41928
37956
16841
33232
43060
52138
46141
30195
7432
30353
50732
29082
54210
28886
39437
20841
23604
7615
43244
10472
30645
59886
30076
43380
32912
40063
3862
57066
37007
37603
21881
12700
54762
14893
51561
45917
19684
6262
7203
55391
41897
15724
41175
6697
57880
21295
25265
58062
25108
16587
30029
21911
36126
31621
55306
20484
53058
56387
49876
30458
56521
45994
57292
22099
49062
39212
51579
31531
21193
4773
45822
51814
52325
13805
56114
11297
13693
46469
53513
56345
30515
8879
35714
47265
18846
33242
49570
32071
59461
32653
28985
5859
17258
21251
58713
33966
44982
20656
43565
13688
20542
47165
28180
36857
30513
31578
23467
58852
35415
14217
15538
5125
8725
43147
6862
4784
51838
10563
10317
10687
59252
9731
56319
49903
5194
33440
59739
50043
43451
29821
31478
54682
17436
54657
9313
59675
7498
46884
39708
26742
8965
24884
10787
46792
34166
24641
58024
47116
46553
3347
36854
55846
4552
25861
6125
32728
51770
48541
51829
10106
46119
59529
59669
27876
18323
38225
50987
37163
19012
4900
32773
49834
14346
33547
10482
6650
45851
26732
28492
36107
30940
17285
13175
14911
29099
43377
31772
54605
27991
57959
10047
46181
44433
35941
18016
18441
54858
25422
39715
58587
57404
13450
46209
41273
17164
50869
33886
59518
21112
14999
56983
9511
18212
47875
8802
3407
18862
10305
56172
57951
38886
27919
7837
54204
55362
51711
18998
24119
29671
9767
11912
38196
21590
11910
37731
47823
4702
17376
48967
6737
40420
33889
28821
54548
6547
43540
50233
31433
13541
54156
39077
55145
3282
21246
48651
39009
21728
18600
13165
12942
57748
14516
24108
51118
20157
24694
17835
57063
28903
22029
49245
22592
30021
34849
58668
3462
28410
19345
24778
22250
13135
49186
9373
48020
20978
14472
18166
42923
38769
32904
14791
19967
20234
44196
49367
25336
22239
32559
27036
34315
25934
18373
24159
10735
56191
29293
35214
26115
22255
25581
19558
50311
5905
50830
28833
25114
27069
30874
34687
9930
45959
46418
42786
29765
9296
22369
19065
7229
15412
57193
27754
51789
4999
55635
5527
34931
13038
30904
59007
55633
16243
42504
46327
7593
4406
31641
25407
49745
7680
31074
21443
38679
34440
35788
8886
48429
38104
53582
45672
56414
3124
59055
30666
34290
55655
59623
23121
24587
17103
4710
42155
52903
57762
35559
42834
53410
21135
43352
30971
22888
21651
53097
20698
59038
3802
35756
22958
43298
19258
17186
33618
53307
44001
3488
16997
17129
29051
7032
57473
34714
57621
59148
9542
23855
26726
33334
16060
9178
8411
10338
41981
20524
4604
21865
34724
43521
52665
37756
51688
31341
38466
54455
22984
24643
47057
13802
48889
23207
43591
15006
56743
37993
7318
44944
48803
27524
32757
51326
13927
59753
8240
48220
48252
7753
41688
38750
36677
4272
6123
33239
37694
23654
50601
4870
9587
13802
3486
5314
46899
18610
13251
36387
13535
19175
49101
48716
19326
42144
15809
39721
38090
4720
39990
10200
53782
37396
18804
47837
44130
55840
40242
38219
51716
22993
25994
58673
4218
29190
52652
58957
56445
31151
39672
6704
29779
39248
48901
30081
44903
26421
22757
29362
16031
45665
29027
13071
21441
42814
23216
52861
52951
5671
42770
25703
16749
17540
41536
55470
32191
20979
39723
17735
50690
26719
14653
52546
35590
42328
50187
56563
48460
5535
50023
48352
6380
46779
24867
49881
33586
42625
10270
40928
23995
36360
25493
18679
46443
28614
47373
41407
54180
8378
24315
30685
30507
7977
24518
21453
44736
33220
58114
6658
28440
13793
29129
53844
59588
44896
17461
56697
32087
4043
51759
29925
57342
28235
40950
46912
5390
42166
57266
43361
10084
39739
36691
47960
55886
15789
37869
6898
16061
54595
49540
21799
55209
25932
27612
59869
42982
16439
3810
24524
11020
22963
24300
3933
5400
58906
20598
21884
46178
59831
10935
8055
46742
4435
40651
19241
46252
39913
47482
14891
5820
38726
42110
19101
18609
15175
27937
33661
49599
11459
22667
17902
34478
48895
40015
50601
59871
40311
10373
37443
34135
58579
43881
25069
45899
34551
36655
15788
51184
26957
18416
8370
26823
36814
14441
15941
8838
30023
13601
36281
9589
50092
52288
13118
22618
13676
32800
52696
43218
15150
18220
9378
32597
20538
47906
46109
6341
19453
45240
56645
40260
19749
48030
58996
55394
25456
31943
52336
59112
35813
52905
44872
29378
27313
29676
8730
32326
3624
12946
28393
22682
58061
16387
25727
27593
40271
37006
15788
46904
53834
8769
49081
24934
5988
21486
14303
5353
15544
10932
52832
31050
53336
37191
15601
26361
38276
13441
3581
56789
12978
50915
10447
34858
59599
33796
31303
23440
34297
4668
48007
25188
14615
12693
28441
51889
47922
55843
38049
56699
22270
37354
43201
47012
41526
47292
44346
20389
14768
51198
22101
30272
13877
42772
18552
29839
55403
21124
57332
45737
36250
20793
59985
22542
5079
21035
42302
6853
43937
6579
35294
20625
42166
59157
52064
50761
42748
30230
33870
43969
47301
7332
13369
49706
9741
35697
48115
34928
21500
14228
16512
9335
25554
45835
9255
11192
50338
44122
23087
35815
51485
24871
50730
43063
5629
12080
42349
49760
6003
15935
26530
26286
50336
45037
35084
14017
53676
6281
19073
46556
18181
11791
39160
40881
50459
54689
48626
10938
46320
49328
42770
18984
59828
17769
42397
38705
47785
20643
45812
24740
23749
13991
14367
24532
5212
20814
9293
15288
47930
59515
8701
17739
35170
14929
57157
59614
21832
4365
43517
26781
13415
41639
26999
36685
15815
16034
32553
55479
22816
6616
8820
10378
55875
32889
45725
37514
13316
47524
58820
25633
12923
22424
54076
4824
43697
32438
55878
33619
19593
40463
33160
5899
11581
23910
16282
49781
42860
53226
35564
43066
50449
31319
44804
18881
32089
45464
54234
25198
45966
5773
15727
46339
21240
50007
48652
12243
46648
41105
38956
17063
17439
6873
27853
29660
25814
17525
24383
6912
23448
25401
6081
29298
38107
33906
24666
54578
56449
47192
33039
20943
9600
59372
8425
19021
36854
46384
32034
41928
22159
59862
35578
6135
43586
50965
51229
57817
16431
52511
10854
3468
57079
22494
39226
28480
15151
9845
33733
24444
16984
56899
21546
49411
7574
53583
34600
18018
10175
56738
30800
5020
15417
49225
36053
12260
24237
20245
57630
42319
3838
48624
25903
43643
21662
22889
58289
30083
54780
14631
22894
8716
8168
6131
56937
38926
32907
27361
14106
37598
33625
11969
42114
10976
49352
42891
59024
45401
37806
20879
13158
24895
14975
15215
15847
21771
33299
47615
10486
19602
58034
36999
39754
42802
56686
59187
36952
13939
12615
27635
53854
22396
8221
47048
14953
24365
32091
43119
57601
52116
6266
41797
12382
25930
36278
56162
39077
30004
35551
29427
39016
6409
51370
31138
39134
19485
10948
59582
12197
26641
30127
38371
36635
11179
8834
28640
14389
33603
42077
37749
14338
55303
39340
7360
8596
43948
47032
59711
51585
16388
37529
28552
15881
11569
4375
31304
49248
43143
15200
56365
35693
55285
28787
48004
46424
56023
29684
42326
55443
24957
24886
58134
51890
17826
26596
29658
3528
10955
47066
29905
40173
35938
51305
46564
17307
45963
54970
37642
57299
56001
38160
18587
5003
27903
4822
26331
14438
25272
15052
16998
18148
4031
9722
13406
31223
59246
20679
29573
41936
44166
34537
30522
59276
10529
21950
42174
12444
10506
45097
30207
17905
11922
8714
35469
35038
40150
46022
14940
42958
29779
6608
45169
33338
37889
35398
41200
5588
18685
39493
57719
20973
40834
14080
34443
28352
34827
20079
9808
3942
38006
31545
41007
30022
38340
22858
26745
50242
21132
14510
5579
38699
33522
12341
29707
22511
21043
12559
45769
10409
27843
18764
31626
43856
38924
13660
21514
31878
33752
21780
38986
32350
53376
27083
11028
21223
52345
41798
13826
34636
15610
59421
18787
26501
9873
55905
15794
19348
9141
13822
16666
25027
42949
43441
38876
6707
56489
51137
52683
11262
41564
47531
38294
4159
43177
26105
5615
41362
9942
33162
11148
43463
22576
57592
22543
49656
52175
52930
25863
11071
