2012
17749
12107
35078
16218
58152
50012
42059
36686
12365
55383
48835
43787
11429
51223
15798
59212
43723
28294
20462
26514
23674
43264
3426
12346
33789
11173
57587
29812
52175
45820
14182
47597
35130
58233
56720
27468
42042
18567
26008
39386
28366
45406
36250
19300
35500
29925
24647
42210
25572
26303
12431
15238
29609
52313
17009
36987
46922
19264
12018
34490
5422
8273
52948
4590
25624
42574
45877
21815
58548
27521
52613
7609
41454
27508
48698
42103
52141
42194
8472
15087
55074
55911
35035
26288
7933
10559
16363
56765
15226
27087
48437
41757
24314
14590
28180
28647
28988
19730
59563
44078
46878
41665
11798
26431
6859
51438
56681
43897
23053
40508
7009
37623
4942
28992
35038
28450
58693
37025
13498
17056
34325
4054
45338
40858
47983
3582
57375
45923
3153
3868
14954
33871
54753
40237
9319
43446
34530
20075
11371
45993
11440
25138
46752
50748
23769
10793
23504
59643
55569
41927
21181
29663
23282
38491
42739
5331
16911
28053
12956
11957
43352
55397
5321
27188
34152
38914
35697
52786
31597
19508
17983
59501
54983
18397
15355
31889
37975
40771
4399
43507
32884
49935
50751
40912
56389
32840
21492
7022
52598
44571
56897
41014
17877
41651
58075
20702
24433
48272
18468
37021
26476
7624
53766
51125
42412
45542
47977
40470
58088
46979
59625
17031
33845
24322
58226
34403
45332
36477
43106
16554
42056
42203
29898
7526
22698
8716
58488
26931
23835
51045
31981
27873
59867
40375
46725
25966
31911
12131
28978
46496
20397
44092
14801
40637
22055
35906
39229
29341
41014
33367
7078
7773
38439
56096
46610
27880
13458
39937
14655
22681
12335
23708
52777
19338
19416
53154
10714
44270
26158
10465
15313
44623
8391
58588
36003
55103
35474
37332
14742
33012
57736
38905
35258
14868
17518
30469
27060
34589
24445
37762
30330
30918
20349
6290
35398
43164
14989
29373
30475
10331
55150
36636
22217
30027
42430
9781
12226
17388
46667
30791
23674
35233
11205
13653
26661
57537
31148
34657
33992
47685
5505
10774
43865
17414
39055
43827
54735
55874
18650
20221
53407
42910
46105
38194
34105
18003
24505
42294
42670
55269
13510
33109
38138
56846
53049
43513
5170
29537
59023
48537
48960
58183
8691
45536
53986
4429
50824
37552
24984
32881
6272
14510
42089
57517
10417
49974
3051
58862
7358
3112
30626
49138
8016
4553
31336
24114
9890
50070
19582
41076
18690
8801
12753
10367
29994
42568
17936
10917
31636
59434
17371
33412
13223
29689
15509
46490
54430
10586
5559
56436
25347
31996
31752
5539
58461
21325
24132
43500
42202
28332
7629
14506
39934
27804
47694
30428
54723
56636
50076
30724
57896
12891
37325
35628
47040
39787
45641
17281
37822
32968
49552
8276
43848
17229
41880
14847
37466
15817
32806
27238
8416
15718
32371
53343
44124
13943
54786
58606
12139
50877
58589
39725
26298
6863
24813
7859
59230
59534
37219
32214
46345
14937
18967
20204
22483
58344
29881
45412
45955
35755
23290
9568
38854
10291
54335
29088
32750
31359
28135
25336
54568
18087
54616
32345
8571
42107
54607
16806
30303
26067
5725
52346
47534
26015
5212
54219
17213
17448
17893
51010
52588
20199
24180
38513
8947
38349
26694
5107
13285
59847
54220
10642
23522
21180
30494
26117
17266
28212
21598
21593
45613
36127
21967
24614
43587
29565
24234
30789
41906
9708
21792
20492
46650
22825
37520
42397
14675
50375
53336
13604
42163
33497
48733
23677
25651
48601
58513
32625
5322
44758
57369
36541
48734
49652
32068
56323
16785
11299
32571
35507
14909
37936
42930
8474
7484
37169
54537
25568
17917
15858
39145
27049
38419
39459
9424
16812
15909
56764
55051
6262
18885
33942
18542
19758
30983
28351
33003
11651
42684
36730
57874
8049
38722
19995
50362
44961
52521
9055
53875
8483
55025
41335
36239
38523
33778
45593
58171
24496
26699
57761
36401
16179
18738
19954
30219
27744
55716
38264
8319
27470
42866
41696
47639
30190
36718
16087
7982
31667
23848
47675
59890
34092
20765
8248
19589
57376
22869
52170
38613
12613
50863
48606
32478
22111
17367
15757
13859
30303
39082
34373
25280
8504
46158
12607
34979
53198
35334
15618
21435
53103
42987
8314
45815
17591
17786
3902
52212
8571
48807
41203
35458
42225
4840
46223
22105
24240
30729
21861
36935
56386
37839
8378
43393
50363
31663
23784
14274
22241
51776
36748
38943
11106
13527
46473
18913
40081
46385
28336
23548
24610
24216
11733
33632
28417
12451
28185
53018
7818
54750
56169
28682
33500
44859
25950
51190
15401
49515
43444
50809
49111
19580
41973
31662
32284
40146
10193
55582
45720
23641
45176
42749
23818
46290
12796
28137
17037
32548
20048
34066
28649
44486
36197
41454
30560
8713
26798
29831
3822
39964
54331
15273
9313
51261
58553
4411
4857
13385
22269
46334
31566
20251
57099
44062
32553
20821
54433
13767
11407
57874
10164
5923
8750
12580
18812
55841
26307
42784
16363
26236
58088
55498
38418
51243
34899
11561
17647
10295
31479
9856
42746
21594
33098
3943
37181
49796
45656
59211
17565
42504
34716
39779
32227
20717
37328
44698
10092
58149
12823
14187
11641
53802
11118
46783
52659
42384
24883
10872
12623
4503
53361
37298
18324
37871
17375
10579
21079
47387
24590
49111
36967
40420
44951
35031
34467
56243
47141
59223
24091
5554
55204
14637
15340
6369
21796
56961
59702
58677
58523
46907
17898
29564
29396
19338
20628
7228
35568
56542
23438
21621
51881
46675
20332
24999
48093
25208
27694
53177
34959
40627
53135
29730
19948
12066
43332
11348
9409
51697
56254
26184
22245
30013
7889
21584
9620
13664
32828
6034
53278
59887
23850
46070
45587
35169
42814
40075
57409
20419
7938
22707
27044
22086
39581
4912
23862
15032
30924
37752
44012
56473
34810
58457
59770
8272
26927
37806
31063
20610
6538
45960
51200
5416
29630
57046
47322
28027
32802
32511
49837
51539
59077
34431
32477
59116
15362
23945
28158
28529
22882
46467
26231
25519
8276
53571
20896
55473
42837
40332
46722
14689
46050
31427
47307
53347
11853
5418
16709
28553
32801
11224
44279
58824
41349
26896
45111
45802
54387
54125
42134
57031
53840
4726
59677
28118
42255
3652
8986
11127
17488
13064
28872
21525
5973
24091
14992
4255
24366
51608
24205
43221
42700
27463
14644
9385
16129
40300
48100
55764
5950
14604
44190
29281
5542
58017
40928
37107
54235
48097
22056
40304
34100
19699
16587
54871
53421
29420
38167
54175
17406
28590
22869
58538
35740
19230
21451
7523
36314
38164
51668
51898
6130
48483
19505
32775
29652
19338
6309
32929
21368
16402
38632
56150
49981
6867
17507
55507
35950
23693
26064
25472
45339
5700
56051
40683
6990
25618
44621
34588
4716
27406
55575
15596
31719
18131
58975
29010
33139
18628
59075
34142
19846
34071
46501
5221
58409
6836
7932
23145
56396
40207
6812
9677
46448
41941
15273
23475
42776
20380
45550
49418
52136
52424
17880
41029
53288
7678
21040
35150
41914
44468
29825
55584
54958
41006
7914
32623
8973
21850
25407
49467
48332
14119
18331
30400
25186
56341
38460
7961
22659
29498
29650
14069
16072
59333
42923
25967
50725
36802
11404
7735
42885
13237
22533
10129
15188
42664
9826
24885
29927
15214
52520
48309
28583
34980
37794
24655
37800
6530
23932
43144
10659
51672
48786
12036
7199
21347
33542
13573
15980
16012
16540
30372
23176
47301
43334
59770
51995
26304
35713
15544
54125
24115
17387
35988
15064
32524
39068
53024
5845
47096
57430
40116
35768
45904
44702
19281
6999
52159
45271
9114
40167
3641
15603
57502
24922
3678
46486
36141
19280
10520
24462
50865
22359
51437
37590
32260
31643
34870
34813
52434
12023
33008
22226
8486
20133
52642
20731
42839
21863
52828
6589
39910
4661
21214
3356
33159
22290
52147
48434
9207
37911
23625
20729
11852
24367
49308
15060
25042
49052
52289
19225
36769
8116
4224
13932
9728
43391
39394
43825
22571
22031
21029
23597
11213
23719
11118
26335
40145
57043
32088
35380
29599
11524
12286
13062
13505
51345
13047
20556
35734
12140
10333
30857
56361
44799
38523
40774
45302
21965
24682
24031
28926
36268
33125
31801
54004
32752
41773
53092
24436
55553
55076
17235
27165
38390
5848
48736
59129
21457
13001
15536
33424
28185
37232
31692
7724
12717
17703
41987
19794
49279
5157
58840
7935
6422
22798
56751
37777
16468
42408
42267
59372
43105
11350
29411
33111
48006
12989
45387
26791
15456
8130
34740
11425
54848
22372
18250
48037
18780
31507
6063
17663
46822
43827
30077
47737
20633
50995
22889
7402
53733
31130
42956
7498
7723
50772
29127
52531
19752
10547
54369
37540
21916
39511
5161
3862
27667
44147
51758
33484
49472
22567
15191
53311
38241
48999
30306
23850
31886
34400
58473
51025
45849
44714
7770
59131
13858
34627
35454
45842
42917
13400
19235
5888
49304
18394
30420
54506
9922
31597
25296
12690
58889
56201
39059
48903
28907
19973
40729
8288
34734
9831
46819
11622
18059
34729
36834
56395
28497
33622
35335
52528
25302
5974
16184
41431
12206
28523
33212
49504
18891
50952
22978
51503
22004
53349
16981
53592
42330
50109
8007
31894
40497
29135
44821
36991
40500
30683
50034
54903
46373
7841
15136
4748
13677
47435
10938
19882
3875
15722
15571
34470
55259
51443
14007
8171
36540
46339
39701
44032
37476
44218
12517
15254
36500
34912
27336
26999
44911
39895
42983
29395
46777
34562
5282
32689
8898
44500
27536
46704
40835
48767
33695
36075
56259
25422
46535
29333
42592
48360
22524
39963
34940
19411
57942
48060
52602
7839
13739
6967
18483
54485
6418
47195
37082
26377
19797
50753
18996
30533
24890
38694
39039
56527
57148
12394
46410
39940
53866
29138
29024
3389
21953
16217
32752
46675
25154
36524
27979
45312
31354
17458
19861
45376
52904
5086
53013
53591
41584
3475
10133
29418
49441
50499
32307
54340
52827
24982
36349
17504
38398
55494
55198
26139
22776
14706
52612
35587
22685
14298
51656
6154
7074
14980
14233
15895
56012
50436
58885
58603
16723
57509
37620
33352
17160
33335
43870
43137
14843
44180
31956
12308
4799
10063
4998
3621
48539
21023
29312
21785
45575
15327
38287
39607
3910
45215
56514
19282
41454
13372
57411
34592
7771
48669
51779
20907
11521
18960
7990
8681
22154
24882
58784
29542
34135
58080
54365
7443
3379
4764
20281
55872
16225
43348
5256
13337
58333
32547
13966
31155
33405
33067
28569
40522
7279
50895
17593
24967
19687
21354
28891
39207
34114
8005
5986
49826
54838
7741
27862
56851
56035
40434
53000
30928
34549
18279
16271
35359
41302
49409
41417
7425
16322
7157
35591
42545
43705
12633
34369
28168
33061
4930
21690
43123
15184
9684
31572
46281
17731
9039
9802
35078
29840
27106
31018
13445
39162
36956
44263
4026
19883
30611
5430
3090
25892
44192
37404
26950
43500
27076
52213
18279
56450
8582
27171
4446
50250
22490
39292
13387
36907
28916
33070
32090
30020
21260
36396
17193
26264
33891
36931
4614
38402
46851
33893
30177
30484
55871
21899
57218
7179
53679
24498
50424
5064
17578
36596
9422
58008
10023
33853
35068
10856
50983
52101
24131
7424
5378
31708
34466
59000
33136
27802
53507
15150
34546
52335
31878
22457
34682
15938
21124
36673
54462
13309
40919
51779
41825
47194
6985
17654
53458
37116
13145
31209
45155
33652
43912
45326
41662
28602
59697
20660
11626
34725
23687
55727
8632
8291
50584
30435
46910
19361
7533
50186
52261
20410
12524
45034
53269
55238
26745
39594
40388
24338
43423
36796
8130
25357
50512
16686
31762
6728
13877
7430
4283
23849
19035
16867
28717
38579
25798
39706
7131
7091
18815
26928
23509
52955
56852
49555
38490
17330
31170
5638
57947
16704
59041
44664
43689
5775
48512
30146
38677
18558
16421
26605
7961
25300
55998
14799
16725
11381
17058
38185
16080
51855
47149
43519
9476
13172
10090
18920
22889
37094
14300
46231
55081
11383
3333
10829
49234
16107
18973
45723
21034
47136
14304
3638
47062
28194
38712
33381
3743
34501
25777
3673
59298
47757
33992
12820
5031
38024
26704
31167
56900
16014
57377
7816
44202
31957
24838
44993
41842
42704
5522
57318
59745
54305
42129
34063
17127
13673
9056
43571
57033
6366
48789
6281
40374
47945
43162
29475
54470
21438
33913
11841
57808
34800
9853
23789
23215
14844
6925
16966
8345
19345
38321
54672
38418
51488
53926
4258
21085
43652
56505
51563
53368
16393
37738
48525
25500
41959
47050
59800
23775
37154
6269
42493
4794
3641
13839
20881
56613
17038
24122
57160
15298
46391
42677
45893
53993
43146
33763
8371
55518
55488
4971
6095
15787
36265
48701
23169
14121
39530
30040
4279
58913
28690
27827
35718
27339
41470
10881
24751
48881
6346
17212
14396
40208
57728
6584
19148
