1857
46771
18406
51202
58727
15214
38913
22809
47771
38145
40034
11943
42198
31615
9150
22537
29655
16500
57605
27796
11735
50685
20419
57159
14464
53839
27952
27410
41927
31552
4345
53175
53877
48507
18155
14040
18286
31968
35144
19601
58733
26701
33737
31044
19130
55890
39892
47004
15039
27421
24142
44553
32345
14032
56867
59643
21168
18615
4106
32522
33456
45969
34208
3892
23533
51046
20993
40885
23089
39280
29910
39450
34496
41253
12570
41100
9976
34246
13676
23402
34194
44996
59171
35816
16838
31224
40163
40293
38064
3737
12300
3445
18797
56620
49210
45512
21284
10426
25984
32492
17757
22153
22685
30934
19668
46695
31613
38958
36230
53888
10207
8835
26515
35445
15085
56412
23686
41212
45744
27396
56488
57474
43222
53348
3220
9003
56802
44394
50802
35936
49476
16610
41307
53897
53314
8247
41795
39096
53092
30521
8433
15054
13949
43499
20299
37432
51346
54759
24233
23883
57019
5915
50484
47680
22271
42994
35648
59663
12488
3683
26547
54103
14425
30745
33920
40501
9193
41150
57496
39233
26569
4721
54569
16078
9207
33883
6252
17013
18731
22234
12511
8361
18408
21575
33694
17041
22330
36558
18108
9440
38818
41854
21569
23340
37777
34625
6973
51001
17962
53113
11949
59036
34415
7827
58408
29945
40847
49714
5646
26781
55486
13868
46696
30166
56078
46005
55110
20750
33601
52263
43551
59630
21932
51532
42091
14591
16944
15123
19553
57311
5043
38089
45845
14016
52883
25523
24093
39019
34689
57463
40707
21417
56227
26527
38752
27211
59639
18892
34063
17928
27164
49135
37588
54107
21245
53830
20203
33853
23024
3469
14073
37209
36867
53241
42150
41204
21426
42141
45559
44835
38851
37715
12989
49006
14546
42297
35899
37731
26836
47898
44973
46185
25372
54563
51456
35147
44231
12891
35905
28089
45923
49839
42654
40338
22995
50296
37160
22740
24513
12743
20235
10127
44378
3332
56547
39273
36722
55141
59573
24084
30729
12520
40674
19201
21077
29391
43664
12924
56884
41730
12264
55867
17413
49573
3087
26160
23732
16456
15901
50333
20056
55139
15790
34402
13345
55604
35618
56457
32079
8646
18251
25594
35512
26890
59918
54549
21226
4462
28713
42545
18273
35339
50734
7672
7586
56122
19776
56536
49661
9953
59616
41110
21921
43528
34809
24676
41666
23987
26151
38200
36006
58048
28594
28236
19366
55796
6813
30639
9630
23823
43021
4781
7997
57778
57345
38698
31228
48529
47235
59281
36498
32015
4165
37320
58090
48168
19948
31616
32782
21173
22536
59479
51155
37800
27857
34884
11712
7136
52484
58121
33117
55770
11325
25199
17904
24003
6970
14936
53873
27172
4415
51757
10141
26063
28805
22369
31336
28075
27486
15428
5550
25903
15714
28859
51463
14485
49244
49103
22101
20772
21789
13846
33099
18755
3006
9531
13869
29456
55672
34083
18686
45711
31595
8534
27709
9665
54845
33926
55351
21747
54985
41302
27445
46508
11179
37777
38109
19442
36792
17557
36877
42707
45823
13812
37471
31115
42273
21857
7035
27612
24879
53932
20500
45417
52937
8371
43869
10204
12565
50629
34847
55538
46795
33488
22330
6473
44167
31558
24428
42852
38630
37527
38460
5112
30077
17516
9908
47843
3142
19046
22664
29556
51968
15479
26375
10193
47659
49553
45998
22621
41426
57171
59504
56424
41509
33619
11421
19353
16242
3446
51584
14681
6490
33332
5197
44596
55057
33610
44712
55993
17166
47946
29604
26470
22050
43553
6970
26803
22601
53938
11890
55130
59443
56015
18627
36585
22509
53911
22039
56619
18203
58934
49757
44003
54486
4141
18863
4397
42691
40550
49561
49007
58530
19825
43207
21337
47140
30579
41101
27857
18024
14871
58535
16361
41644
27307
20171
52181
36010
23959
43948
37218
36820
29677
12007
49405
3451
16700
57196
29073
56311
6135
15788
54411
3885
32080
8126
47059
51697
48170
47800
56319
47450
8729
57720
44811
36526
7256
22385
9924
14221
13401
3017
42318
25189
29080
30016
9921
16438
42022
32048
5158
59255
17202
4059
17780
5145
26118
12106
25745
54118
49268
34227
22145
15227
29703
16202
25764
14378
28910
55222
30984
6208
58846
51441
42734
28484
23072
57869
46172
15752
45829
35319
8438
36409
14801
58587
39810
47333
36268
35115
38098
49182
6018
16160
30323
41781
16780
46375
45610
56243
49331
19303
48706
33836
37795
7832
43307
14806
50063
36478
26131
48248
46042
29482
14045
6455
46888
24333
25627
9179
14301
44179
12498
12543
8452
6786
23684
24723
15643
27543
48574
12892
45449
39654
50241
22183
44682
46010
36912
9860
46346
11548
12089
17617
22615
55950
4413
12631
21067
20939
26776
50218
57970
10925
50340
56617
39263
55119
14164
37566
15889
7967
18206
56065
57145
31086
41508
42973
17753
29738
53896
35286
40621
43502
50777
48346
52872
22682
22670
39948
33718
15602
22515
43701
54762
7282
51862
51809
23305
9611
19889
57837
30292
48691
37637
8856
19306
13994
34869
18916
32909
56419
38267
38491
24996
49970
4914
17358
12093
47524
31308
52411
21305
26262
3196
26436
56868
50599
44204
12485
39137
17145
57365
5729
50047
24571
49886
42800
25284
22296
23270
14962
38090
57479
18275
56828
39380
20230
56672
34380
48074
3619
23988
37447
25852
24385
57937
50987
12052
52953
50808
32862
50580
12963
12200
18269
7098
33881
28606
39637
6055
58216
17545
11267
18288
52372
50397
49877
15657
24258
55071
52396
37851
25470
53046
41588
55987
28109
51573
50144
17961
22675
31802
57145
23272
12436
38399
44346
27258
33458
15207
29244
42591
59133
52140
52350
5652
59040
39811
52734
44504
55037
17008
37664
49229
17935
23367
8815
15856
10750
7747
47773
32470
45982
17361
31564
58773
56506
7537
19679
4202
53695
16609
40551
12367
5617
48928
15024
56597
55591
35995
54971
56551
14137
44152
19091
39363
15715
43418
11713
36416
25553
24533
4843
35446
37431
56335
39851
23028
38157
57803
4671
51888
57713
39832
13009
44090
59433
4995
56429
31140
58838
47349
40632
54130
51085
9894
21732
52763
54960
18595
31535
53896
37830
42216
30119
17589
42363
57412
6751
15640
25294
56465
5588
48872
30876
45112
18392
12681
54990
49797
52152
39780
38314
48643
29350
59489
13076
31597
37087
59010
21352
56138
31596
36810
9452
19699
41163
41997
33777
51001
53274
4843
52244
41655
29794
46968
10454
43912
49392
33122
37741
31971
14974
17213
44936
46554
32619
13795
59420
53571
13559
24148
22171
56842
15253
39648
34916
57700
51715
8119
41621
13536
54051
14082
29317
7471
58656
32958
36535
38554
9326
35344
21252
4943
49453
5446
53494
18976
45520
49076
45883
18831
46595
55777
32752
6398
51243
22138
3178
28396
55429
47890
22317
34657
16257
5357
6941
10777
52238
44473
58360
7139
40648
54935
36694
11366
4115
16796
6871
18290
11629
5329
23771
52729
34277
59343
36150
56504
37929
36442
21277
30476
13799
50550
13633
59907
6477
9492
21035
36703
10558
48563
47712
7200
28214
24063
41241
18397
45434
59526
54704
58527
58119
17290
36604
50596
29491
45160
26014
51829
22526
21244
34281
52413
25608
55575
43237
23186
56288
42080
38806
35624
6269
45102
59758
27638
11321
47805
48282
48631
11574
12111
13193
44266
34016
50809
44094
44985
29708
5212
19629
29361
56591
23597
12124
15950
30548
10106
3987
27040
7771
33005
45033
37243
14532
21404
41753
30216
8366
40180
50445
45848
35844
33067
12382
18401
19877
34925
47570
11316
21902
48375
55952
51422
21841
11342
10659
3207
34610
30511
58517
10223
45678
38779
27631
36728
58209
31021
11320
18066
53637
34761
55709
55869
40017
43030
59159
34535
49228
55112
53284
59827
25071
16432
43095
35453
32905
35731
54149
26840
6778
20093
23166
48335
26682
19441
15867
20698
15365
15541
22780
22851
41354
9419
53215
49840
27995
3210
47388
56246
41154
39647
43690
59940
39446
58976
5789
36390
8096
32522
8715
39624
5360
33582
54843
29122
24299
6976
45156
21622
36510
34763
23603
56319
56727
16554
10649
32718
10947
18214
55924
32285
7575
56442
42266
55202
34936
24260
22969
56393
25354
30910
44014
38317
56337
54269
26489
48684
21328
59950
59781
9225
44983
25820
10440
23119
38325
38734
34259
11602
56538
17532
3538
9982
4984
13641
36323
9430
32753
37726
20330
5429
43165
51509
25087
52589
12748
55402
42215
5244
39225
59310
12867
38742
46206
56837
58135
3246
36598
8159
50677
11271
54494
21950
46287
35090
25379
17082
10386
33864
26405
34406
54049
6305
50510
17426
37232
43640
41615
6858
52236
32279
30738
29964
58614
49365
38804
49540
17985
59859
8906
16941
21624
35244
43085
5547
24590
27614
38700
25997
55859
52912
23381
21929
20856
56572
25398
26476
27377
21213
41595
44698
16100
12779
37312
40091
17532
29657
25145
55401
29841
12813
43410
57199
30329
25345
12855
8858
25085
56524
25950
58123
37519
33026
5474
30710
37887
33870
3663
4715
34237
57666
48672
47025
29395
38579
15335
7027
4194
7271
47228
48902
54041
18325
10349
43552
42680
38705
11380
6751
41237
53677
35851
43633
26731
11044
9092
23968
48533
54993
25659
26389
35589
39711
36183
44441
27903
20260
41698
29213
4415
57235
41228
34157
58151
16047
46042
19537
47900
52184
40883
57180
14756
12016
55821
52084
26147
10758
10923
22968
46991
3254
59476
28069
52692
55578
4990
31844
14948
7451
58638
30878
12613
13904
57727
55521
55064
56669
34239
43524
57056
18942
12715
33561
3184
10412
39037
45025
26206
20622
22247
7154
45043
29169
59947
4889
54638
22951
39037
51746
35497
26412
23334
6223
59677
39510
42866
56083
7934
39296
46095
56689
7004
35648
22248
27646
48955
47477
6673
24516
53217
15341
35876
39874
18366
28299
37111
40829
24109
14544
52865
5360
10664
28177
31705
49760
58075
16426
19036
13865
30665
31422
36057
51663
17258
59491
7347
20782
36710
51955
11795
45020
57397
29476
35805
18666
7134
45237
32853
51810
31563
38893
6807
19124
31428
14539
53879
12269
6370
18713
25129
19662
5663
24023
53674
49825
44671
57537
3849
13600
16092
19768
47602
20243
19021
14982
33385
4038
8492
56817
41564
11621
56918
52391
5260
51228
15826
18337
32612
42212
47542
56074
19402
13781
32005
10997
47193
54883
49184
56343
29748
47293
47773
22822
10016
29459
7966
52632
9754
11456
28232
3284
20899
27704
19768
31030
13403
40235
18165
34442
13406
12319
54199
42226
42513
16133
54867
55178
10927
29756
35341
13056
57108
44600
16910
5264
26220
23278
36852
5520
55250
35185
32932
13761
16990
32606
28752
21168
5773
24345
13311
48071
39464
4572
41639
34124
8547
7350
31967
32481
26991
18897
17987
51212
7653
13787
36148
18124
25565
53675
41444
27492
17749
52501
21970
59443
7842
48414
39038
16883
53299
54034
10288
33349
21252
50760
44858
18828
19663
55092
34717
23213
10653
41397
23037
48471
11836
8615
12422
51911
30544
38349
3931
24106
27140
44865
22575
18838
18779
58946
11300
44184
37296
29381
20454
36583
39827
8024
37646
49116
48020
20543
20807
26508
14555
29376
28248
7839
23528
28102
16707
5845
30543
46497
16483
33904
14276
27928
14906
49359
11233
58664
48783
51837
33524
35764
43307
12747
42765
16246
34450
56543
32542
13064
53498
41672
10676
6399
59655
32800
26737
29400
23564
52020
17217
44351
53956
41951
41174
49017
28413
11812
37939
6954
24431
52268
32828
59111
51924
38834
51191
3351
48082
42970
45735
43513
18813
47678
48954
36902
29468
28949
26495
19282
4240
5866
58435
44467
4690
45510
23780
6698
18782
5424
9939
57920
54198
17112
37875
51019
54118
27291
40396
40202
13293
48833
19929
23201
44468
22256
37798
37378
38045
10907
35359
31607
3392
17509
7599
27431
45110
37794
35718
49180
10375
32216
41547
19036
46867
42123
55238
27039
11783
42621
50098
13966
