96
5845
49819
55457
13827
31860
53542
17492
12432
59726
57416
14377
13051
43024
51195
9815
17859
14306
28150
35169
3891
29359
42765
3082
19255
7087
54725
14604
6355
55810
28748
35745
20955
15392
37380
53531
30985
8823
53331
33238
11017
58224
10909
49303
21074
46356
13940
33934
38445
14672
27929
23310
57201
24782
18531
6853
43043
30955
31364
3162
53760
4442
52497
30286
51348
16600
42543
7750
52528
58103
42878
20021
39724
18115
12480
31414
19926
57396
5365
27678
48559
14518
24014
33158
57283
49360
29881
36024
34817
29804
34026
8544
22594
29181
7711
20891
21151
