1990
30897
16988
56440
23308
37237
22224
53864
3518
15806
57855
44869
49593
5316
18415
28374
14975
36024
16369
8601
56756
51347
18501
6453
3894
5446
33740
43479
18761
27117
52285
59230
19789
34654
21074
20483
24716
12267
7172
35749
51671
18347
43180
17145
44444
44168
57485
17006
31220
48101
56547
8001
51149
31786
51299
24753
43984
40837
18772
14013
43936
9332
58700
40869
49668
14452
46373
37214
49777
18215
14951
35145
35945
5371
59585
7884
5520
47754
50561
40797
53330
50255
34930
48582
42306
33265
47627
57388
30380
35237
26665
53166
25323
29841
28271
36563
26358
16876
10617
51532
22588
42050
46716
32978
55122
43911
28555
3418
35497
37808
35101
36706
53743
35302
26942
5066
38991
47714
10766
33703
37086
7006
42978
5147
42857
18322
26634
16991
23454
42323
25392
41861
3901
17825
41001
49314
45856
9197
54887
36964
49996
20659
49545
41350
38805
21748
43983
15927
13729
33638
15596
59888
30635
37987
10012
29116
37697
23870
13055
43429
8346
20076
21245
31167
42516
22865
30810
43208
44968
4857
9437
35237
28160
59236
26525
35946
18078
24827
38566
12808
20582
5509
20277
50575
21608
49167
57183
25270
24339
56666
36946
38403
8405
38460
48503
6971
8976
14708
3246
59383
33107
47148
19477
6285
31509
28355
43286
51087
32133
7756
27129
38484
41552
27368
48354
25260
46382
15533
7832
49183
41751
13104
40612
33385
35210
10878
5864
18360
45943
56719
23441
12406
51436
38271
11869
37337
54787
15576
16219
49557
12132
41425
20241
34075
53998
21607
53178
48212
54894
52939
19847
34816
38533
9050
13758
5348
10948
34027
51019
8320
59209
58791
49749
21708
10884
3933
5705
8443
46748
45363
9057
17472
6298
53670
35985
58751
56823
55168
30028
51344
8263
35626
29056
52624
56088
16688
15380
43407
11127
40364
15310
26010
52669
44826
42687
47595
58089
24988
34107
5035
7649
18913
4796
44322
24615
55332
49739
44619
46637
54660
37335
31960
23194
14083
12166
18839
7879
11800
18137
26664
59567
19005
4791
29576
58001
18652
3105
52629
14308
28708
56677
51321
59136
49454
43202
33910
29830
44204
57711
57257
52965
10980
45830
13351
36137
25283
14368
29229
16820
8462
24892
32503
38857
43187
58808
52589
12534
32221
53075
44648
18121
16210
14083
56626
34036
42001
49459
24424
8584
35240
50306
25364
36835
52231
8457
40414
7682
3427
41510
54860
17484
20429
40947
6739
47471
19575
18330
49660
21161
17223
38138
37548
45220
15942
35768
35913
13345
46514
30688
34108
9980
7136
18522
4462
57224
7680
58559
15439
58736
53660
54005
7439
59550
16258
43516
52631
58092
30557
4920
51998
12062
57199
55473
59277
38783
9847
37756
22358
9830
43625
6382
9126
46282
16160
31465
14290
10647
37770
42225
50592
12502
24389
24897
8624
52637
53525
18903
59621
47048
49334
30965
40305
3302
15953
58163
28590
25076
54522
12672
52394
37712
47250
36356
52370
38063
15640
3090
47638
40166
44278
43766
25795
55245
24701
35000
58523
53600
10783
45091
52639
17415
49817
6208
51525
33951
42861
24450
23950
30549
41025
33872
48603
26570
5200
9951
25165
9447
4564
32631
31723
38541
58858
3055
5088
22343
27366
34072
59374
45063
46522
10562
39206
3179
37502
6349
29119
49992
20651
55825
57533
38427
11104
20657
11066
54387
24474
29094
24767
37381
54518
28437
23436
46706
40692
3681
26038
39966
36672
10731
35975
45927
29186
6348
27059
37368
5748
18868
56830
32657
20341
58805
55643
57303
41207
14940
16433
44525
38638
36111
10387
46005
53203
10490
3189
46310
22674
54736
23440
8939
47390
54420
54612
17056
48105
14589
36143
23040
55907
53401
46444
39470
28478
20592
27766
16837
40834
56142
51195
52171
43151
49506
31689
5694
11239
10808
26814
42674
19039
7488
36651
19300
16298
23145
31130
51261
57499
21811
51514
51852
34665
19899
48926
27444
8658
59499
21239
18643
39537
24076
7969
33985
40652
4828
39813
45842
40868
29157
48443
46470
12560
28731
48243
50005
27317
21120
48878
34412
20623
33265
45679
36390
59284
33403
44850
14981
15625
42175
5542
14931
6528
37519
34442
35750
9523
57586
15751
7965
35141
5498
54613
23739
59856
23471
13084
49383
38330
5407
3907
40273
44370
26846
18576
47254
4607
54692
16852
18754
39102
8275
49526
45994
48551
49154
18093
26811
51799
47032
37696
23297
41398
27782
33552
47271
50319
41152
53297
35794
18327
45419
25370
24382
52917
31584
31525
25334
18851
22168
33394
57028
43633
17453
42186
42368
38314
21451
9534
42914
36846
21256
59454
17118
49833
13175
13497
10410
54487
56187
21333
44808
8334
11876
13761
4542
21520
18876
23471
12518
5738
6594
9368
21631
41105
35540
22167
8698
22440
50193
56592
31961
12694
16835
33130
49357
18918
52723
46701
4113
7172
30668
40853
56564
31125
3038
17258
59460
7904
16298
29608
17974
8948
14902
18726
40257
51837
34891
28776
8414
33760
27956
12729
21888
27451
7277
52898
56356
28273
15950
30070
14035
50593
23463
52461
13448
21540
8267
30622
26705
55708
19703
30643
15842
55953
37309
42234
3534
35197
30443
46416
46322
28792
22155
52667
38751
46319
16048
47130
16981
45525
20862
11041
56922
6248
35055
46257
8950
19634
59475
30469
15046
48730
21828
37107
42164
58204
24524
27996
46830
21271
44624
11865
16230
59245
30246
9615
28107
6106
14510
4395
14750
23567
22362
6760
26863
45191
56012
32478
31514
3084
17349
48270
51240
46148
11384
15924
48120
51151
22447
49242
38756
17700
53734
11260
25062
34603
46931
43920
34074
25892
24657
9863
9519
4433
20465
56112
13997
32683
26834
44405
51904
53240
55785
19942
57360
42304
14521
36393
22279
26729
5097
16306
49212
10768
40114
4103
48456
41139
40773
7139
50504
28956
21018
11367
23247
5187
29516
58470
43662
51914
42633
29452
27230
14632
3475
38834
50294
7834
3356
51694
52768
30613
48505
32992
25600
46512
58094
32863
41683
57819
39568
16028
34762
59058
23519
39849
51643
5858
23537
35742
33560
33468
9903
17813
9018
55861
16914
42476
58197
5362
8995
13598
11386
57412
49619
8771
13776
41266
35648
10840
35150
31958
24727
27408
31476
33285
43398
42459
38621
8495
3327
12842
6843
31822
51184
21205
3245
8100
7369
16581
12031
39248
19539
9692
43503
33460
7708
12835
7376
19175
25996
44247
54825
14104
50397
19546
33294
59397
46346
13395
14663
57474
23852
14605
14859
44460
48392
31728
20778
29511
26169
53231
57639
45455
51108
41968
21752
24346
7256
23645
11184
13905
6932
14213
43705
15290
48159
20436
45419
24453
45422
51969
23024
18213
28643
35659
46397
54253
6204
52445
24172
13624
46431
46076
34659
38037
16003
44869
40397
13659
52912
53100
50930
30371
24791
15240
3848
35874
19774
38933
24744
13881
47063
57959
39737
54917
51444
4017
36562
46882
3997
59548
4508
17798
42843
57936
24115
41536
13844
33240
54929
57440
39135
59110
26558
59108
12542
13522
56199
18891
54535
8341
31881
26834
39309
12424
56065
31696
51341
21240
18350
57751
25814
43784
46304
15733
43749
36618
22960
3806
18541
26824
17215
50627
5898
46721
14960
30855
20121
22753
13417
7989
4332
41356
40644
58565
12316
39143
51253
5698
5113
59671
5824
31835
39181
15017
22631
41074
19405
49573
45637
7429
29590
53076
28602
11961
7494
32211
31617
47335
40762
42391
15903
36973
15388
10556
8044
17020
9626
34600
32743
11321
15577
21956
45173
11560
30713
30883
27791
29967
21450
24398
36868
53614
50822
24093
21529
11379
56654
20031
54168
22563
59725
55951
57850
9597
21779
19178
44733
20828
39949
57490
39705
39806
17198
25777
34169
50492
6524
54716
43052
43348
55474
10929
12304
28180
43187
52431
27028
47414
29240
4931
40287
17938
16959
37410
46737
56588
7191
42379
23175
30255
52142
54118
26620
28399
25776
11276
50349
48034
49779
40189
18378
43255
34727
21890
58050
33456
28859
31339
10488
11408
57316
17429
8326
7401
4302
11932
56573
26924
4898
45067
29117
26740
20186
57345
28039
30331
56457
12824
22793
38632
56433
46496
58992
32696
4417
32715
14276
20046
26126
30628
5302
6316
8109
29034
58198
11358
7003
40479
52202
56892
8247
40351
6388
57776
34714
49483
16633
8007
45457
57150
38518
45084
59749
37618
28911
12315
51189
3340
46803
17224
32737
38525
34739
58927
38065
49303
6732
45483
38845
5993
27499
28127
53917
56109
26706
37188
30953
23956
8024
16379
39428
3113
36578
24115
59518
58196
25661
50758
50735
47493
35542
20877
39123
33230
23761
55963
45872
30380
19210
48086
26683
3208
52872
20475
6359
20786
16053
41564
56505
52422
51122
41989
36025
52058
38206
14338
20387
15435
7527
12800
3099
32650
22399
22090
30306
54797
14589
22173
55221
27004
41208
39869
25151
7635
26299
56833
37273
38294
49339
53146
40232
57576
59790
22593
25177
19825
50714
47847
10462
50558
45937
58625
25024
38158
4541
58099
49729
13150
53685
51476
28005
37575
11756
55997
59590
37988
42356
23773
23671
52334
19884
54041
17201
21455
51672
46024
58908
38089
27978
28922
10218
15461
57840
43366
21191
30041
53640
21398
40161
23403
40030
50382
59210
42111
17446
45268
39566
28030
20595
44291
10671
42909
7921
59907
28626
9490
51483
20682
11654
14179
59820
26358
46851
53437
57348
11499
30529
34178
48463
47640
30441
46065
12114
32916
46387
21446
36477
11040
20604
52384
10075
28961
55196
22173
25450
57336
35439
40350
23756
9888
32330
27616
48603
10003
39847
18304
50567
10305
9105
32782
49358
25066
17081
57372
55030
44687
56446
45086
5034
18965
14681
24349
47001
46526
12882
26469
52540
5946
36375
32868
52864
40350
7277
27128
42484
9427
26190
42966
44379
16929
37487
27161
29412
35934
19086
38372
34702
41569
41444
26982
6670
48412
33761
13197
33159
21651
14784
3805
19824
25811
53782
55927
11870
32353
19683
4453
17882
11354
30121
24393
25488
51609
44922
27941
31180
13862
56522
52070
12693
18335
20574
27932
42928
58822
40123
10912
35135
11382
25004
35370
30103
50494
5207
27044
23581
9448
3489
4701
34015
53410
21854
29128
48094
59374
38501
35789
14039
41517
9720
49181
10293
54772
53654
7247
18393
26895
58234
17930
50106
10764
33398
59315
50162
30999
48115
53402
34313
7508
38325
58228
44406
35986
51806
21295
35662
39242
4499
39592
6488
26351
10118
10318
38207
38748
50488
48422
51312
4386
59345
20047
42909
3735
12547
24462
8484
40136
43096
5858
10309
21378
30064
59045
31124
34969
30914
30974
9492
7649
44962
24351
34627
55751
52148
11488
9420
49186
42557
4387
12364
12523
10012
38825
33148
28139
55029
56390
51296
14757
15578
57321
46124
41569
59082
7087
45528
19019
7083
5915
29688
3531
35152
22928
35172
50680
23937
49159
32248
36150
18493
12256
15979
33319
26389
51717
23610
4721
20548
12447
48220
17466
19810
27716
23768
45276
33793
23750
55991
34429
52346
18979
43648
33707
48618
43704
58087
30826
51360
56789
17496
41592
29609
13114
26568
23554
33396
14993
54477
7117
10939
46551
18620
44519
37785
46022
38433
41959
33137
35811
48636
35575
23459
29111
20870
38934
18169
48187
48063
38803
43664
46541
38054
39738
3916
7351
26253
41914
46398
17710
16555
47782
50480
27012
55827
23221
3814
57900
7063
13834
48284
16445
42358
56911
42858
51856
12864
31759
11633
43166
11157
35980
3830
46865
27145
59634
59708
8546
53121
48617
22245
16380
46492
26220
32165
8088
51159
36984
26636
36168
18913
53743
10046
28432
10792
4112
49297
16131
14221
25588
43977
28234
55588
42533
53560
10967
38133
28720
42002
13740
5600
53900
35571
18414
51295
8941
19409
19106
25906
44174
10125
18133
57938
30953
46781
40480
55389
47991
47632
49898
12964
17459
40013
7220
58476
47076
38637
29933
33475
22641
51246
56057
3850
15723
9701
29299
46864
47061
48725
24401
53684
13144
46849
31471
37369
49391
42471
16096
5276
56037
41139
51923
40097
37791
38767
34020
40216
29628
48205
28616
55124
8902
25096
14373
23609
27753
41992
37031
24029
43462
59821
8274
46302
52050
5094
21137
14644
41548
35155
51800
12007
44511
35511
36667
24867
41915
30553
59933
28072
10204
18063
20668
17701
24370
45023
33746
8639
32935
39888
53774
44521
32969
40415
48387
37784
31816
16684
28762
36390
47973
3067
40155
59509
57369
28485
59484
28401
20750
5715
30163
13577
50088
14752
4106
22983
57989
46605
33762
29384
51302
25490
50175
9521
15390
43865
53926
8202
30384
9721
18400
42527
20525
53346
4895
6468
31691
32714
54965
10341
4160
23123
57546
44978
40985
51163
9726
38576
34019
36594
9670
10009
15556
16455
