1746
9241
13638
15843
51232
58019
14738
55427
26784
8156
36785
45960
18866
6128
7325
9407
29272
59712
28300
23372
58060
39724
14247
18763
58986
3792
56153
16605
44656
14349
51604
54306
21517
34951
20011
25640
26644
53588
15824
15202
4929
9153
28806
12824
36441
8706
40190
51379
42373
22395
17782
43089
47820
33634
44556
14642
32331
29165
26318
56121
41979
55807
4613
56720
15336
37125
5887
45404
53130
26208
13467
52187
18612
6676
50059
4091
54739
58189
51764
19491
26123
58649
36202
53288
43185
19981
17641
8482
52194
24230
28826
21874
20761
32733
22772
21639
50843
31875
23135
33712
6791
19476
18774
18840
13536
24582
43021
10984
37869
53081
19482
22982
31349
47289
24053
36110
43204
44193
8621
56908
3421
42840
12255
34160
3628
43334
58513
25667
13014
28515
54074
28573
14304
30026
44158
30160
3657
47617
45107
31532
7984
32370
37113
21635
55357
20869
54878
36829
3189
44659
3331
12724
47390
23583
39749
57794
21965
38223
12784
35844
50000
8293
58362
53188
12906
37481
15188
10321
57430
30137
36729
47860
18564
25157
12807
4045
19563
43801
53040
30344
50746
26466
32499
3137
5586
6437
26568
13308
9491
39255
54618
27741
54354
24736
45960
32711
7595
42205
50506
20136
48351
28447
55963
51724
4471
44452
4436
50192
8551
39459
35493
49765
32007
21163
51942
41206
20584
34573
58956
44681
28921
11111
18786
38337
32126
11581
26249
33661
41530
40050
26069
57048
58495
11333
59165
41246
32732
16463
15810
19575
18147
17221
35175
5886
42470
46637
7381
43040
57829
49532
42352
9405
54368
15865
39921
40311
55374
11016
6817
40012
9564
12035
5003
12379
43370
5039
23049
50142
5183
57490
47321
19574
49156
20333
33771
27514
32530
37344
22192
27841
40327
8642
25819
38805
31314
36331
39854
55062
16851
31514
18586
43714
24945
39467
3780
39509
49647
52173
9323
29082
18456
5170
48773
23942
58985
14766
18524
32029
33117
34013
42702
8541
55197
15543
20086
25795
12067
52749
47535
15012
45687
57533
33236
14566
34476
36023
19708
7884
21760
27934
25391
41989
16924
14769
47620
45237
38418
37244
54026
41808
18943
8252
23953
47940
58746
36304
55726
10038
7585
41901
49638
58380
26476
59494
40230
17210
52340
15495
24024
32294
25267
52012
39711
58617
56626
36966
37632
50059
28742
41865
57644
11135
38764
30983
20472
3092
9669
24470
55514
5616
23545
47100
51252
7699
14121
57556
25162
44701
3805
17413
45627
15492
19871
35329
15054
8524
17246
45924
47983
15360
50692
50290
17482
52452
7602
10534
46701
16846
3864
53220
56310
19890
8710
57577
57639
16550
6033
14786
56724
29148
28115
58507
8655
22240
28474
53987
3015
6846
15168
23686
59709
35349
13619
57082
17970
48617
14618
31378
18958
19349
7660
22895
52125
42505
42222
27548
22220
37913
36925
27379
10221
49795
42101
42989
10967
37273
34559
8276
40610
35381
37826
53007
36666
6334
17651
48351
5072
50332
39158
37431
40081
6684
43665
56600
19067
18760
57193
8308
44411
40917
13273
22856
5759
7446
14790
55258
42563
5769
59203
13844
6210
9797
33927
12064
39980
41802
14264
37450
3704
7689
30080
46126
44797
48325
46680
33960
55477
58646
6229
46562
27098
23699
23416
8257
50279
45138
25320
49482
49924
53578
53156
12552
13520
34730
48875
34751
46867
57124
25036
18699
26951
22677
46492
44998
58720
31401
34269
6597
13250
21533
22378
38982
59168
7585
29697
45089
50079
16680
42761
16779
57963
18544
24093
42764
54313
54236
36432
21660
35909
5957
40728
31127
14948
43647
39327
26987
9572
29797
31231
15785
21030
34309
41014
3862
52450
28470
51641
32045
18134
34242
12871
5235
59597
47831
41312
54000
5553
21424
45882
19370
56271
20687
45635
5973
35641
6852
46990
17443
57564
54890
19184
24880
18159
39770
39132
3314
37997
24761
37718
50183
44461
59255
25244
20054
56943
16670
58076
31540
34927
48428
10290
26563
36927
41269
13483
7040
57703
34177
4402
30602
41616
4266
5307
33495
40428
48399
19039
51992
31402
49374
55907
53194
59890
22877
26701
48905
26336
15837
29788
5048
11639
56637
42518
3883
8949
42298
20791
50303
8660
11750
43133
39197
49507
12966
44643
16890
57580
57108
8415
41643
35688
54749
54824
22030
26584
18262
31505
55316
51279
51148
10418
29462
59553
46703
43206
45230
38711
43138
48909
43180
35205
45737
27664
34582
48896
34323
5161
36254
32764
17829
20975
15788
28865
37161
24545
55240
22608
15637
40531
26699
36703
24335
34914
54992
57571
26396
33267
44645
9488
40176
54622
25299
54898
7731
5078
54422
49742
23884
4534
12549
54812
5790
47507
36429
48769
27720
53714
28165
47187
9539
16497
15448
6152
7077
27822
37582
57874
14979
19038
39702
47027
14369
25641
55475
40262
27007
12330
19321
5009
32833
29628
53715
9117
51124
8673
24840
59636
45833
7804
32693
14384
9265
44987
3436
13306
26526
53688
4149
20889
48602
23108
14712
42389
32364
14374
12044
49552
37803
29399
52082
47019
36402
23680
16903
3913
40474
48760
10125
48626
14818
30293
21722
36096
53194
54623
49132
43727
42420
47894
38294
26530
41640
31768
7875
39600
51266
27271
27049
7048
31760
35457
46222
14376
31279
49263
35090
7833
58895
55838
22765
50122
14555
38524
18125
54695
15672
38762
52882
59617
12286
22100
55048
18581
47399
43382
14295
55272
47701
29026
20887
39931
54882
24388
18884
54311
45174
52530
42389
3798
43409
16728
7237
43052
12729
28350
21881
46029
5670
11693
20604
33925
11463
57905
46516
7021
16808
21817
56843
56327
14536
32012
26998
12466
36397
23576
56193
20822
52708
56439
54823
14731
56522
33082
42082
54006
12523
37231
29025
34678
50092
3523
48524
55105
3512
20601
43691
24028
4057
7701
24930
7426
32200
38280
4091
40678
37657
11916
54131
16840
46306
28893
49371
46619
40411
35450
35440
41259
11525
39243
8642
48373
57539
35645
8691
54748
21469
42693
20813
13060
31334
3210
55649
50514
45288
30795
54207
55722
10819
44284
8446
47641
18520
46651
25929
41862
16895
10551
25611
44133
20186
23606
56005
34701
16548
21982
10391
42012
41734
53938
46529
54920
18047
16491
43806
45206
18524
37704
24243
40414
23569
58604
11200
7388
11748
44629
58270
21407
41185
50608
15800
32506
31989
31425
32198
15878
12851
43186
49530
19510
6023
26539
54073
5419
14698
20153
46260
42150
42955
5365
4230
22336
39536
37812
47131
32092
20223
36288
45340
16611
42379
29345
12980
45728
42275
8380
10011
11643
35954
43376
13218
45601
49188
10869
6951
16965
40500
12793
11198
42925
20135
11981
24369
28775
12855
48138
56968
17416
55503
17950
53062
5279
58484
22267
45057
11301
33301
25832
17174
10517
11011
16468
11103
53610
24755
20696
40487
29415
14362
41384
40042
46453
6247
53477
51123
11626
19213
33320
33054
16999
33335
9126
40519
17372
10642
54497
17901
5988
33536
16049
44819
5346
40401
21308
26441
12377
56887
44056
27872
59045
7376
53857
25351
13285
20417
32559
52150
55839
19353
45348
14753
26882
9651
35332
4874
8491
41795
5623
4931
38262
50965
44775
12534
12868
11985
9056
45098
44530
42479
37409
5310
27212
12218
25688
4721
47531
23915
15128
9652
23436
4179
14823
47948
14475
27918
48383
44028
11818
8086
42383
25206
38725
10834
14642
13924
47578
41990
39854
22429
47052
54456
9992
42530
17489
18357
34800
58222
15312
44605
29288
15297
3093
53687
58930
8718
37068
31567
44939
33693
43240
13699
24902
21102
6133
41457
57703
45167
14139
53251
3778
10915
49122
11184
26787
28732
47159
32806
33276
58930
23140
10814
57897
57491
28707
55301
55633
22074
55644
8196
53639
39679
49827
49676
57639
27367
53464
16044
45509
38043
18872
48060
42768
53469
53091
41612
48156
17617
53056
40881
17517
11518
10406
28135
55303
30270
11510
45208
16793
6781
16882
16588
9325
18257
27828
9989
57570
21235
28254
44106
44393
3170
47025
11466
7682
9627
59020
19860
21789
8588
44107
59049
17075
15878
38373
52319
37069
12051
53457
25865
57153
18925
44188
26748
46730
24925
59342
37480
22312
47477
37461
49102
23312
27493
13330
24015
25391
3867
30804
37636
46608
19510
31703
36185
21825
25189
55990
5090
19867
17281
38622
10645
50439
16902
6172
55980
25325
53441
55612
20966
22185
40982
19294
32720
49253
19572
23653
44117
55876
33986
25772
45840
17381
38472
12087
29809
32177
13182
6242
50656
54107
3685
37238
3679
51918
29962
24129
57123
57980
17842
7318
19704
52921
14889
6821
8371
57863
51898
30700
10526
48878
41049
49123
34975
21879
4518
22200
51757
51394
29534
15916
57585
7338
5668
25214
54319
30139
47348
40819
51654
52623
31910
32289
10517
13167
17390
30887
42120
35312
42147
8596
34521
58073
10619
16756
27594
35187
38074
28573
23546
59412
30798
49871
22766
45665
26984
5931
10431
3997
49023
58552
26008
42756
44124
24303
39802
35376
57597
28686
10356
49090
44152
17649
18239
51405
42819
6963
18487
59442
51121
4949
56359
52619
12522
17259
58366
32750
50792
8816
11328
48169
5727
17950
45889
38239
18358
21528
32436
38161
17357
27749
28837
50016
21325
23744
33376
36493
53743
11586
3590
56811
52234
47110
42054
36810
5852
30690
36933
51236
7648
57641
18206
24179
36282
23795
15457
48507
48875
7168
15653
5891
11734
19753
56488
22032
10558
49105
29380
15365
22121
38873
50952
37296
9734
15211
39626
56707
20526
5116
26916
22468
36440
27701
48626
25361
10646
13283
8124
37371
28433
51076
52926
15681
16341
24011
37821
44750
39054
39117
31937
21115
7926
24333
46532
25963
32203
36135
25667
31810
34787
9683
34137
17912
25076
53571
56242
55386
31415
5994
25556
18267
42092
19926
55738
46699
10859
30662
39601
21916
27173
9537
5150
5943
8060
47503
41778
4102
6755
58437
39153
48365
46936
33413
20355
43175
38937
8208
53120
7902
19286
21503
21921
13702
42818
28465
37267
50597
35962
59146
49800
17577
57914
32592
12892
45545
5868
52631
54873
8625
6819
28228
10651
19098
44293
54442
58164
6869
39709
30052
55368
16254
29143
23274
51156
10247
42661
33936
32857
42496
6024
3888
25957
52564
55732
52448
18976
49000
49113
54948
49993
5829
24239
20885
46443
22831
10059
16386
49368
9314
43399
44546
19918
21395
55906
53488
26973
48188
45891
43196
34384
44024
45826
21371
37293
34972
47923
44118
23295
42008
23898
8006
22757
20573
35843
13856
49027
51413
51055
57750
49253
49960
24558
28072
44261
22508
44867
41638
29536
34046
44871
33633
21622
39775
22175
8526
21279
47145
15038
56094
55907
38962
8061
37887
14178
49237
43691
16160
3875
15182
33298
25722
34384
17981
25108
24343
9177
55296
25988
49591
38304
48465
50718
19708
53905
22271
48924
25184
47558
48578
26451
39764
50056
28888
13416
59620
44239
40273
25552
12971
33400
27229
48551
42444
24813
57592
56451
43222
8936
21265
12471
57422
24153
38557
43711
21050
11979
31807
12494
34256
17223
39408
51961
20490
57321
58089
17365
41541
28788
10167
30549
32954
14693
46565
10945
10998
21483
25659
30513
40840
