405
39387
57942
6082
20091
46785
7912
42541
39819
22605
9911
7874
26548
18871
47989
33947
39247
38104
33860
49206
40804
8859
19372
43010
46473
4451
45597
54929
3861
48387
58848
11933
13761
14849
4709
10148
20013
54045
42794
12358
21065
47254
37092
58600
27097
37595
40955
8319
16221
54908
18185
40642
26703
30713
49688
19382
27063
43012
27446
41690
59918
57983
38784
39671
14890
6859
14713
55142
43949
29953
50299
52585
15078
24437
54705
41615
49752
38735
42888
48072
37122
48600
7566
54522
30620
41261
9460
31637
47849
29577
8980
52628
14710
6330
24047
41461
19534
25538
8531
41429
17312
32640
12001
38582
39083
31117
35058
34121
37196
13088
24933
17029
22982
31154
5636
56357
37177
16957
54474
38817
24990
13829
36571
53496
4656
47363
8850
31749
31376
26200
20253
39231
55105
20000
14641
30995
3038
26781
39332
3211
5269
13571
39566
56625
21720
10711
49341
39955
52766
15192
14969
22821
28840
28413
23021
13380
58277
7664
49105
42231
16293
16067
51779
39264
39927
50889
41878
32971
22767
52893
36191
49379
19101
58114
58665
20444
40044
53742
48639
15743
23744
12970
27338
37490
38680
26339
12612
27908
11567
13916
41277
28787
17917
45932
20466
32702
25242
50200
34304
7084
35189
10553
30707
23906
9656
8053
22946
18413
54799
27584
45266
23002
54305
58408
27707
9782
54592
19729
6469
14075
39192
20887
50602
23642
44071
44594
10656
38775
52044
10809
5278
55367
6070
25634
41716
34026
31907
19183
4325
14064
51251
9674
53003
22433
26830
11765
28201
8549
34086
55247
19231
12129
28787
56191
30112
34472
21372
47992
16368
22803
22711
7995
7233
9689
24277
39392
8627
18378
36231
7744
52768
3045
50245
4809
15988
41228
28525
24208
53949
46632
52961
51313
23138
41283
53083
11230
9191
5079
33222
27889
42394
38777
56487
44345
6858
55699
45531
24960
57392
30229
42002
45370
56097
21868
4706
29762
41342
4775
16608
36181
31409
22173
21744
27477
34944
34769
3137
39716
4522
9883
7036
26495
21004
42246
45716
6629
56583
58714
59640
14762
46872
15883
20915
58635
52554
53854
35219
13913
11667
43446
21615
14991
4140
32975
39292
56442
13343
51072
6280
21739
52617
59125
30567
25488
3072
42242
40033
27510
36325
20078
25799
18460
11910
39037
36083
13398
6355
52919
52328
16283
22550
41910
48816
5276
48908
40161
40944
30628
25336
24357
58042
23041
36331
43823
37305
32713
24440
6613
20796
12464
58730
26199
3939
39677
40413
15676
22938
11008
44854
42611
54382
44426
29516
18724
49831
39607
