1206
28355
51780
9803
55787
53312
9400
29704
49358
47206
30167
16086
23206
22690
37802
12631
53782
30979
32121
9556
18738
24151
48193
38479
18329
40335
3667
33541
34668
10899
24387
25776
3726
58486
13172
32257
7911
22962
21079
10423
45884
5602
21667
50659
43480
19881
30273
32728
12539
36587
22593
38935
8765
18086
7269
3063
49068
43739
38714
37028
47517
58478
8883
6576
58269
52187
31165
39644
52007
29324
44344
32707
6437
23050
46900
3113
54177
19114
33339
32854
16353
12849
55156
23056
15347
53643
14852
6625
31197
4341
10461
31082
39876
57526
20003
55941
16879
17216
18405
35434
13537
56007
7492
5051
12601
40118
36431
6743
10854
6714
52195
38645
8953
36221
14061
17235
12467
58791
10333
8632
10672
39762
40826
46049
19584
56021
39278
33488
41566
51682
17157
17870
16226
56500
7756
29277
27132
33851
56446
42379
10228
12278
34470
27643
24212
39663
58624
28035
16521
49295
25247
47666
50284
30710
35273
20109
11176
4438
45583
45364
31753
54460
56658
43454
47057
59313
5657
16267
4811
28888
10530
32515
59313
6272
13031
36096
35085
46612
27479
59511
59571
58131
6252
29908
50758
14694
49754
12935
4200
7576
4734
36397
43356
33739
20160
28777
13672
54885
28321
13928
20953
51739
55605
40072
3853
53700
54647
21083
11217
45274
26023
18921
41295
52510
13178
27178
43119
52659
40092
27831
15776
37712
56732
57943
50308
40901
34368
28356
25531
28647
6303
19792
30975
44464
41738
46213
20530
32538
54337
22754
13954
49767
35490
56325
18848
40496
57718
27544
25541
7783
11951
57904
15316
45263
15237
51491
11078
41062
6725
42125
32047
29083
33891
58725
31166
7322
42936
43748
37793
21677
33764
59210
32935
22469
32065
23811
32871
11139
31697
49232
6216
52288
56629
19614
39820
3949
8227
32355
24149
19820
31450
45068
31552
5465
45497
57453
45156
40836
51814
48717
58834
42751
44379
59302
37416
41789
24766
32329
57501
36129
30603
18377
21562
23306
31895
56068
34429
39019
51243
23868
8342
12682
54354
38329
49871
30887
36758
21887
7660
39064
55628
8820
17714
6252
8677
5526
17444
44968
48402
56536
31263
5615
27321
40705
5091
31384
4205
41192
26135
37795
58043
20819
18969
24878
47705
38746
39075
38892
34952
46774
58728
36275
22264
22742
53558
28230
15014
36387
42000
25993
30635
27610
6333
39360
45290
25907
31246
17758
16273
28639
33556
16667
45941
51580
44420
51696
51152
55446
59555
47875
5909
36349
54450
59666
54119
22694
55478
26209
12899
7342
35564
14638
59487
11882
16917
28079
29843
11649
58252
35922
9998
9514
10589
44109
28120
40017
47739
14362
6121
14221
9177
57822
32975
9848
44465
7579
13744
53775
54625
17994
14445
24000
56823
19006
7887
24698
20048
31912
56925
12928
7861
35711
14938
53362
20105
17527
32770
6264
18173
41149
34848
33755
34131
33056
34385
13856
39563
57169
55051
50139
40041
18669
26249
20478
7660
25861
22414
48245
58126
7107
36792
55500
39329
48257
28868
29008
45837
27260
56826
53650
14791
4921
33012
16956
31167
19541
41541
4827
41766
27350
22618
31027
5871
15740
47827
56938
26627
47935
30511
13969
18716
18787
42745
43304
27595
10764
12326
11481
19952
40995
30685
47181
39032
53029
22823
38552
14885
55673
43947
8036
24038
43815
4465
9407
43377
51811
4009
15026
34914
14758
25479
25571
39765
21792
35518
30656
23536
53146
5238
34558
53055
6632
55151
40040
33777
56322
22554
22837
5695
40540
37366
24638
31800
10472
25330
19320
20370
58162
12544
59458
43039
25492
23751
18710
48030
59488
13961
34902
40500
34776
10356
24021
3278
56067
35394
14367
40836
3794
44873
5788
48404
50278
32006
30676
28340
36772
42782
52971
21102
41318
46210
17838
54637
5929
50773
10196
24816
31364
24656
27340
21881
59937
34175
11400
9650
40368
24537
40108
36909
17122
54927
23724
48045
11892
19561
38618
31741
21656
7075
29089
54381
46154
25952
53904
52816
51004
7200
44720
12149
55690
5347
55067
3859
31168
26030
53604
31063
8731
52350
49855
46364
59491
49647
40374
41187
30337
49811
28546
30989
24709
59859
22411
28634
51356
32222
31759
30639
22786
36589
28447
50995
18998
41279
26612
35819
8385
26184
52598
25442
11662
18982
57977
31837
5271
35854
28597
31669
39535
21097
49460
17533
31462
30544
51072
52031
8751
51781
50998
46265
8912
37032
11398
9659
11351
13977
58736
43599
22669
26433
58581
44686
35929
16429
5440
25144
50362
35365
51388
37826
40090
30884
5166
43489
50345
15809
32180
39442
51546
50507
30097
33555
22511
19893
24784
33250
21647
49560
27384
19187
59655
40641
45036
10482
18428
21393
53610
59493
28146
42851
6247
27059
21345
39436
31981
28124
37485
11093
37158
45509
26837
30524
52472
17420
36760
11464
38018
34934
12029
58633
16637
32481
15872
24990
58151
13847
41257
22346
59507
35050
25299
12164
14963
25341
23176
53606
41654
43213
24378
32888
16924
15931
24039
37074
5216
8182
34918
42587
53829
31091
45346
24629
40130
19887
42525
12576
50335
31182
20055
21217
14032
40945
19087
57961
41386
9372
42501
36668
32163
9511
43282
47955
45281
23904
16164
7681
55383
33696
37757
6725
54306
25424
17721
53026
56227
31394
7376
17691
25330
27135
57503
14241
42583
36008
43855
45865
18237
35356
30228
30444
56637
58853
50060
12964
29842
58214
59862
57825
58972
30076
28807
39425
28029
14310
21089
40333
4437
36110
40432
5936
17320
19395
47743
27468
31833
59953
10029
46271
27049
6043
35172
17157
57434
46334
24524
29064
8868
31251
49120
52597
46920
39131
14321
23416
27179
20793
43313
43386
13621
18454
53623
12698
7568
41528
54116
19583
28421
3854
58771
36667
35350
58418
59287
56337
16815
52461
16084
25312
15524
26323
43241
53674
5095
29439
38492
36089
41235
22283
57924
3552
59017
15275
46973
12056
48181
21364
41350
21812
51394
4799
16180
59489
33589
10748
54138
24032
57733
14118
45470
33670
19672
55986
11717
52827
46265
39989
3517
46322
41076
6352
41524
33533
24079
49928
57688
22559
9863
5533
14660
7243
39874
31945
4731
36559
49666
32850
9032
31904
13591
11352
37156
55343
56576
53388
22331
30872
4394
26993
9081
21751
20568
7188
18190
56907
8649
46074
35456
30792
36431
47039
24367
10746
25720
18505
59728
38291
41489
10661
50803
28019
3029
58396
23349
47010
34970
43547
36959
52905
33209
45405
14908
26521
17845
44686
28190
56372
55135
29897
3652
20848
14923
46357
9334
17092
36907
10227
40576
27292
47342
56218
32049
34306
37335
34709
17411
7271
40038
39914
18136
29993
48327
17921
34962
52130
52087
27350
34897
18808
17082
51134
15980
52089
15228
49183
3549
19858
49213
48942
7602
19664
51490
23595
58317
44985
42109
49383
28283
57567
57160
33350
22835
22716
8092
4293
29900
19468
59393
30796
45151
54897
13396
10454
32714
53085
28169
44428
8871
35691
11678
44173
40392
4083
43725
46669
4596
40237
27485
56657
7912
14971
20255
3255
34937
25874
5294
38736
38382
8143
47186
41018
30567
18840
40284
57738
25003
5514
53433
22790
18909
17713
48147
8978
6372
49120
11019
31668
10498
41216
54769
9639
36424
31927
48087
59838
35808
16934
39715
42419
35328
55830
50275
5118
21404
34764
50103
40769
24418
16989
52754
53986
58786
50583
16052
7663
31357
32218
58728
3335
52579
48158
11326
36025
3455
29821
34897
59505
48709
47603
49990
3113
36456
12625
37585
57900
14729
58430
46233
38530
25739
48061
33422
34861
28921
42362
3550
51445
26794
17486
57147
7209
11236
44539
52114
36901
26729
14635
28579
50644
23858
15459
30550
21824
33175
15914
41442
39484
43751
8372
