925
17950
56951
16164
8495
14188
32150
16605
24838
59635
46042
38992
39698
7967
5047
57038
35597
46940
54395
58128
27860
51497
31695
46736
17060
44137
11903
4470
38942
14051
29661
25609
36463
17685
56050
41053
7421
7903
50003
53651
6083
39794
47053
51381
58964
3345
22293
10432
3603
28520
20379
37471
27986
36232
18287
33120
26216
53231
7241
29451
8166
57920
20823
45090
42787
14241
40252
23542
14211
23287
27827
3421
47667
58557
14322
48921
14663
19672
40213
16888
47161
20643
24669
55711
34153
34440
17796
25414
31584
17985
56936
44510
39094
10254
21961
30001
55421
18029
5126
35761
6802
9681
14823
14311
37251
38992
42167
18292
15743
33423
4262
32922
10764
51876
37794
25921
21476
42883
59781
18891
52651
41968
53336
44522
17301
14586
23810
11134
49714
32412
49626
6791
33713
19542
47395
44600
6395
54037
10646
45892
44084
28812
59053
5108
30656
24639
19351
30276
21559
43908
19010
11669
13813
56511
58456
30151
7404
14758
23049
54373
38445
6208
41176
39465
29904
28484
4054
55460
22416
48547
20191
51022
45313
52000
30726
40961
4507
47794
16867
31684
10783
29487
6639
51306
22227
8692
58147
55709
17813
49933
34752
16346
57618
47354
7952
48190
18034
3023
23880
21905
7983
50998
37439
52701
48105
54221
21810
26259
6892
6641
37680
23825
56413
29844
5468
19895
3473
12674
18998
33640
29074
47254
45594
41699
47568
37424
58302
7973
5362
58827
11205
58436
49330
5565
46569
53514
11815
59861
23906
48587
16131
46737
50168
42447
16461
13595
19068
44821
18734
32049
57348
27427
3328
8910
27851
23723
12562
34206
15593
30736
51971
54633
11181
53287
36214
48818
5144
35492
55232
4219
57635
20646
13683
37618
44270
4795
28355
40260
36061
3573
26663
59285
56535
27679
51111
6020
8935
20021
48246
21511
24359
35481
40965
6078
49528
51056
57402
47662
35100
52190
47779
3144
53582
37793
36808
30121
36495
56404
14836
30175
29561
30429
46114
12071
31912
57112
31352
13043
54364
9338
44006
39930
12182
6035
35373
38359
7990
59540
25941
28883
33059
3427
59958
16071
18213
23687
13501
56680
9801
8740
35715
8961
50911
58705
42748
31479
56726
49785
40793
38807
12310
15031
20897
11070
7399
50059
22823
46655
3982
4267
46331
41042
48242
22901
47642
4255
29121
38555
17947
31716
32019
53677
31146
45595
30962
25795
8239
38609
39337
43509
59242
22819
44655
34455
47498
8218
29144
44204
15453
55446
32094
55696
23632
35225
46909
58208
24706
41716
43119
16670
24964
37121
3777
12240
11727
19844
55502
27256
53940
4705
15731
15103
31129
51756
6874
24972
13872
57947
6035
44735
20760
12935
21988
48128
49915
15977
57806
51572
34803
8154
58472
6275
53035
51430
46839
6532
24053
12906
10824
21436
5391
11160
31591
36223
56671
32813
4405
36954
27751
23101
27552
13848
36730
15119
17961
12004
11799
53472
33210
49595
52232
14173
27159
29574
22187
38713
44721
45163
12970
12493
9837
42777
43453
40021
6067
52488
57942
18341
47683
58899
24968
53094
25594
7565
57368
12912
45499
45153
35683
46442
31803
13631
25639
11818
30449
24125
32882
6127
54219
41823
16912
16401
44047
46802
52002
30813
7125
27033
32972
35028
56337
18445
52063
33917
21488
21679
16768
32916
7625
35466
44050
30218
18515
45883
8307
12551
49523
45418
41177
25786
51950
21530
5927
47646
54812
8284
48121
18453
33426
18280
19540
22143
11222
31977
40558
44590
54421
39637
25737
54673
6447
31787
18496
20505
47255
26358
42947
47347
42288
55088
8294
39770
36857
59425
6297
54518
13965
50452
55963
3546
40487
40150
15366
40609
22659
37378
53191
56243
15007
34746
25901
35166
43611
49147
56133
6683
46301
41579
32019
47323
47640
36566
3220
26549
3693
19024
42398
40882
53625
20618
50329
40502
26954
18346
16189
59987
43684
10397
21787
50572
26555
50568
18854
3542
10611
44448
3488
20601
36927
21739
22820
14362
34159
25700
21425
41239
18783
45607
12198
57522
46097
53509
49576
33895
38440
17311
53195
19420
15133
27258
6135
28800
10063
23684
32025
29616
17049
47959
20407
41268
54490
39595
40375
55656
32434
33096
36121
30629
39932
38499
24412
56690
7581
10694
43426
44597
41416
24376
13762
21827
31007
22701
17494
4220
21713
5672
5222
33116
11964
45181
22699
5430
50265
58970
27200
48695
9667
13473
28754
48124
36464
49198
6131
8020
41277
12565
11535
22636
52923
38399
31043
29727
5668
40534
51834
43307
29596
50238
22990
36495
50430
48727
28314
47925
21777
35519
54882
15716
16341
57119
48284
27725
52578
53643
28367
34095
38787
26997
57417
7036
6242
4350
30435
13082
21074
27462
43787
30194
19083
52596
9496
27813
30201
5809
31543
40573
29983
27941
21158
37277
14507
24747
35675
6486
22508
58620
22688
48302
33221
50265
4795
12007
48663
17820
53824
10896
9568
30789
3642
13766
34535
9263
34693
15874
41145
19944
29908
36982
26922
22446
55560
14733
42533
47008
16058
21493
58617
46463
22867
54100
3003
42313
44574
44434
20217
16065
48708
24495
59892
49890
15636
14979
56793
12400
16894
6810
13783
19713
38183
5732
38526
31676
48396
8448
5544
11234
38180
30634
9792
13781
34463
48648
3455
36752
31177
22151
42848
58565
30638
39491
11202
56537
7912
41731
4547
31265
17552
39335
16850
19402
32901
41087
3503
53259
7159
15325
29743
43352
53092
21556
31974
46521
11673
59616
37425
46728
39227
38651
25115
12148
31792
38967
45956
33897
43020
47237
7151
16736
40580
36766
35668
40780
57011
24736
35965
19907
10479
35396
31507
4041
8996
49651
27093
16720
30493
7736
9655
26241
24684
49584
29502
45470
37018
40536
13914
55454
10761
23283
39377
56746
56584
12695
51724
43781
35796
53952
45847
29521
10345
42740
32003
20093
25765
42196
16611
59542
26805
52317
29598
27520
57811
38133
55144
28852
23132
13203
