515
20954
16302
10355
5302
17881
3548
53711
55296
6644
38787
44407
49014
17546
36927
55457
18069
42671
38222
38771
13685
18025
54055
39894
29839
58963
38032
34592
54072
51863
15164
53451
11771
44992
53394
53937
26326
51973
26988
18512
46093
11830
7885
36042
8915
10854
36649
51684
43336
5756
53159
5411
37061
40538
37129
51626
59361
33864
3511
16515
12023
18993
42025
11912
43496
9393
26606
23361
49416
5676
14618
45475
57458
44683
24784
14280
21527
43961
19637
10038
31199
11736
55139
5901
7330
40604
48713
47927
58723
36769
42846
48137
31993
49560
10178
47563
49416
29379
25640
56898
43173
25130
23516
19743
8704
44636
57301
7054
29694
47779
45639
15861
35662
12426
59821
27333
54852
48049
53363
29330
43762
54284
51036
46067
43304
14606
25078
8851
43459
18827
54225
26323
43408
59934
14933
52778
59799
20852
57329
28160
49147
3043
54219
4091
39092
53635
53305
16987
38251
7415
52563
32265
44651
7814
24710
59341
44644
32966
15760
46247
25479
56417
7234
22337
52021
19350
17023
23152
58996
6898
32037
17933
56905
12415
45792
22095
26639
12191
48519
31202
14177
22173
14498
41339
14983
13484
4103
14037
24273
3795
45006
13783
40109
27437
13822
36750
19636
58696
20106
46898
9813
29709
12051
5607
29577
58751
37215
33652
49770
53550
49914
12257
42895
33325
47028
10680
19022
16188
11785
32548
38261
8511
47937
53250
40671
25790
29834
50707
6675
41077
47926
13509
44044
7594
8494
25942
12131
37437
38635
43078
25297
50751
16438
14916
7910
22494
34307
31312
20570
45887
48005
26002
25778
9692
27358
44315
42176
17521
42058
8733
25420
46286
30011
30354
53117
39474
35208
59247
47225
46758
40575
54158
56013
11412
10818
48897
31798
33046
12877
42329
14389
26707
15475
3188
55267
30744
23388
46064
14686
55697
57385
13870
25184
28782
53918
9169
54524
22499
31900
17287
51681
49591
35657
57316
47543
30955
23152
32733
15103
41602
12286
11039
23355
38305
29186
8206
33090
11076
12844
14976
56587
10708
29411
19405
47813
5809
49237
30649
39269
40813
41649
52318
21213
11228
26414
29027
14220
45703
40039
46165
11946
16980
37229
9258
31845
3663
3829
14527
26435
42277
36547
8112
49587
59108
15533
21652
41343
55797
23582
25437
50411
25259
37562
29306
36366
21962
39314
7162
41497
21739
38472
29022
5168
29532
38462
3194
11664
19589
18428
25319
47647
39855
38869
12526
19036
46332
16603
34426
41058
22556
22422
5667
58619
34013
10725
25464
11589
33929
51983
25294
50724
3059
56886
10414
33577
45093
33357
26331
52876
25749
6080
44445
19532
39915
26599
32889
52929
47593
25487
41148
11362
54226
42188
50497
20328
13301
48574
16226
42071
40730
50254
48131
40950
25391
19766
30205
24123
50135
26747
13402
17232
47667
17970
18364
22540
42359
22503
49722
11651
12711
54933
9100
22105
19194
35624
48575
45924
8858
48523
21920
55482
23820
26053
49702
35604
37212
17306
51854
25762
57823
15019
19652
42146
40102
28958
5088
33768
44640
19188
59294
41486
43350
25660
35191
24167
34288
50121
21856
34906
29796
50193
44205
55927
20554
23408
20602
14892
52865
28573
50414
5769
15316
49992
10716
53023
45318
13030
39906
52399
3688
36915
14696
7826
8431
59386
31691
