414
32273
13705
32216
38984
12377
3005
5873
31081
53945
16337
48847
51210
36010
27539
23909
24711
28826
21165
29240
25973
23017
24771
45638
48562
54050
14695
17619
41017
9080
8939
27510
44550
33966
42427
21237
44039
19883
41155
35286
3930
43141
38922
16185
41170
40669
32903
32961
58362
31144
19757
49772
50828
37385
47608
31160
22803
31328
11888
51596
14705
17792
19129
51841
45365
39130
22944
29255
44617
9805
12689
51752
48644
45882
9531
17287
35785
57203
43501
7821
19581
40959
30290
9336
32179
55673
39624
16705
6981
34926
24698
44703
16840
52881
57528
37505
16354
33438
3763
50293
57976
57585
52224
59883
33545
9182
46872
25079
12672
21126
4524
48258
7324
22113
13455
16048
37295
13297
30026
44310
30159
11061
32625
43820
7330
39282
13258
11459
44058
28521
17619
56687
17519
32941
34001
37100
17192
43659
27239
27196
49807
28920
37417
26342
47264
19493
27416
23459
41413
50190
37765
33752
38843
16638
21668
24535
56658
14106
45047
28344
58715
8822
7647
18605
20638
47216
35163
45175
19733
46884
34855
19379
28081
27537
19429
3114
5072
24389
29860
12008
17043
8633
48912
42158
13254
20571
33269
26481
35517
13081
33448
7790
40426
14540
40646
19504
58222
44377
13320
28351
54226
7848
7805
20051
48401
36923
25110
42557
45656
22201
53078
51243
54288
23025
5919
47250
6944
47418
32976
46503
41949
40563
12375
8889
5085
54373
9350
47309
22447
32334
58175
35616
23459
52891
11570
46420
25533
31995
37768
39750
58788
25996
40601
35405
58737
37474
25709
22062
13923
44458
10406
31355
39844
45908
21259
28119
26592
31580
5101
34306
29264
52386
48065
43451
20455
44876
54964
41748
56788
53263
42557
45553
22141
43473
12669
47979
15439
27515
13048
43157
52812
43890
18825
22598
46869
13658
45646
27272
31996
28094
46383
43705
35546
17446
36109
21310
8900
26942
47724
14656
55862
12909
58272
37603
30269
14071
34238
37104
16780
21397
32769
38798
35578
56730
7979
34055
22170
23408
33975
18406
46673
45875
21157
43075
24249
16420
55945
11384
56764
48737
27427
26589
13102
54171
19986
47724
42501
4463
37957
28636
31233
31461
48913
42109
28040
49155
15910
34262
31484
42441
7989
10593
50704
38554
16987
22447
59424
34149
45553
23234
6450
9660
49648
48057
12820
38120
51467
28044
5958
20956
50577
20900
45140
27779
39563
10228
4784
19592
43547
10716
37510
19978
36122
40220
7897
48498
23458
37128
31013
11200
28306
54655
30100
22553
18387
58067
26181
11045
53023
8288
5458
27432
36203
53192
40784
13820
27384
8503
28681
15925
11639
55693
10430
21425
35518
