2161
22007
8025
19502
33937
31630
5217
49415
21910
41490
34348
32493
31362
28437
42198
35939
29991
39957
14921
26978
29609
56404
11382
22079
47705
30180
48713
52783
4799
6891
15505
54643
30897
9850
13479
57015
17574
56239
14395
46788
26776
31915
48564
11018
36574
31113
57160
51210
13052
45273
17336
39806
56977
9838
3839
44265
23093
7649
52034
22936
54274
47183
4323
49539
28177
4257
41760
52916
9607
29604
4156
12263
11573
45642
19488
30235
29124
47787
25244
37867
41152
52823
20707
51681
56603
44710
6174
3929
28362
10165
37400
8030
18323
16749
41541
32908
43260
9192
15513
12768
54301
32029
4168
46092
28227
22303
23252
49804
24389
7061
40187
8309
34637
15757
27990
46894
3291
17114
36478
23919
33007
30687
53803
3641
32593
25215
36280
39358
33910
22654
53921
42847
59094
32841
40795
39217
44289
27210
13991
16486
13358
53537
47837
42254
10624
7724
45771
11062
52186
43843
3928
49079
50376
12821
13410
32231
46442
42456
13000
33353
52188
10890
43363
54841
28249
53356
48248
38630
34718
48361
34620
36657
16195
24535
57500
10596
25796
47353
44500
29838
21312
26509
49358
34825
11029
49506
33934
59213
30674
31920
27175
9824
21348
47929
13975
38994
48431
46445
8024
43707
19999
43932
47148
40018
57278
7413
53021
3289
57928
56943
30196
44638
44015
13928
9149
22243
47621
12692
18405
8177
43364
22568
12914
57871
13895
33388
57931
40228
50698
8772
53043
54503
48223
46217
40708
58518
24706
21102
32041
5316
45356
11526
11013
32620
17011
27807
12970
49282
43879
13274
19795
29453
30313
53685
36994
8216
48379
9766
27085
56339
45673
30591
48392
21201
16083
38953
19880
18637
30569
13188
3329
21192
9094
15108
57403
34326
14814
16659
24515
51402
21702
48163
34688
57108
29928
33829
35495
10584
29335
31868
33292
25184
15816
44529
30289
16376
3863
28532
24091
57042
14444
13405
19898
7120
44596
19129
55069
43638
18262
15903
53117
20384
39759
45079
5384
14196
40140
34609
57622
21938
54408
29419
47045
37194
25931
39468
42120
57902
25967
49430
19100
52942
26950
54185
35695
33023
15893
43193
47714
10070
11850
31285
5366
59243
3574
54661
22683
9185
3003
18873
44159
52433
28641
25059
17284
40561
48754
14763
26113
12324
28495
38263
34245
12306
30271
58533
35997
35223
39411
33446
20964
53861
57727
14513
17075
56851
14184
30917
20623
25925
20492
33159
44518
22662
19200
4938
18203
26979
24232
46670
14955
46638
15760
14621
52245
24304
52544
44379
40065
24223
15280
19034
22568
4621
26171
7781
54202
24345
48548
39253
54353
38455
6360
14033
51108
43621
56109
12077
42882
9964
6881
30158
24791
49606
22777
20916
20221
28868
48694
57717
34706
27056
8456
54480
20711
30684
43756
5135
49373
4417
13203
52843
37032
21214
50797
7916
38454
42256
12469
28309
16298
17359
37341
20801
20834
30057
45949
6032
54197
8048
38988
14684
40930
34418
44524
42323
18447
27306
28737
49446
41992
4995
17099
43218
27955
18433
55422
50341
33386
5552
37633
41778
19896
20476
49921
16490
38657
8602
45413
33533
7914
10222
45802
12657
38347
35389
37626
49905
37159
36140
6357
59163
56489
23521
3256
42646
53056
34215
23927
12043
9461
51035
3600
49244
7885
39640
56710
43586
17628
4956
9994
29935
18467
45361
26298
37061
14163
31284
42937
35214
50401
39716
50152
4456
15670
58157
29590
11189
35273
56041
38297
7296
30831
41001
20732
14971
21412
16541
54045
47637
29059
41862
51445
50519
24175
14227
32376
59385
55117
21234
54846
5581
23961
40759
40143
32674
29860
58930
33808
40314
10710
23429
41116
55613
31048
9708
32953
30924
25726
12223
42191
9777
13147
3732
38205
42048
57762
11354
11749
22624
10244
58482
11003
56810
9439
27114
54266
32220
21856
32878
28943
34680
27198
4364
51869
42526
33905
55287
40607
8499
52526
35968
58724
41803
43820
6751
15088
49398
10490
15301
26009
39477
34260
22360
39656
51981
48415
37387
43225
53358
55269
37455
9721
54905
4520
53066
12753
51475
8966
18242
37036
49913
59891
8972
39822
50917
41598
30339
23174
11473
27729
3560
51155
25055
5466
27222
52486
17628
24458
34086
29292
22330
48910
3100
21007
42044
43246
45397
18359
54034
11390
4819
53852
32274
7883
38695
30518
31165
43881
23407
41278
5629
15613
30724
12855
47481
15013
49078
13935
23561
50449
25850
9172
33013
14058
43515
5086
56959
33266
36625
51832
56351
16599
33134
3127
10888
53342
55521
19425
44713
53827
3917
52198
50605
53115
5375
36936
35029
25079
18462
36456
17183
53180
35510
35916
4136
5392
50242
30762
10279
3199
4081
13078
40869
41411
41573
54242
24647
19959
19888
21639
3018
5025
49076
40206
5727
16744
39641
11588
56747
8387
44712
12585
34209
31660
40340
41982
31094
58213
46972
50189
45767
18549
40415
5627
24459
47538
6048
14187
5829
29695
28987
29433
47210
51366
58927
9398
3189
30095
50120
54815
40392
38253
36909
57250
52046
33916
40825
11189
36701
12895
31571
47229
11261
18092
51067
48439
52171
12848
21792
13859
34498
58173
16041
32392
17267
16363
43851
39725
15895
27439
47207
43499
44476
52430
31521
12725
36157
27051
8159
11161
16565
32946
58236
33840
40728
28424
47679
36574
3740
59419
52591
42161
21081
24539
43033
58646
13006
49753
43178
21543
18612
33063
54602
12761
15296
59419
13001
19889
20657
22474
25013
21562
13575
20374
41072
48917
32570
26880
8755
29761
52942
15087
16648
36937
4688
10367
57421
47080
21502
58276
21530
5928
21798
36542
20090
48784
47062
42574
12564
29010
5062
29262
39222
36903
46200
48104
49867
48706
47348
19812
53173
17563
11704
11725
18027
36872
17922
35838
43015
40789
4510
23278
20083
18704
44975
29382
23739
56353
25327
14918
10601
36739
43403
32804
8853
3066
20228
4032
28896
5383
18086
8189
26240
53981
36708
50671
19395
30209
21034
29976
43296
26214
47199
36626
4758
53281
24502
31911
48993
25506
56733
57056
32566
14906
28933
48365
11519
16797
24448
28833
5408
9200
22545
37454
20347
17258
23472
16099
19414
3412
59297
29722
36784
35646
49348
25081
19121
16035
35792
28117
32320
50323
46520
47415
16903
39563
30667
26868
26640
42584
57490
35714
37762
41213
18177
35401
11229
7618
12329
28828
56315
37760
29522
59054
30075
5836
38395
22603
57620
49573
51102
33302
37643
9833
27873
3975
32094
57569
21257
24965
33473
44573
35516
20571
36799
31463
15358
5510
59360
11468
5817
43306
7373
16240
41599
25623
26704
36652
28297
27363
51602
13002
23548
26602
20151
11059
17527
48325
29899
50490
19347
11842
58005
40996
32923
49108
58241
27858
53166
22935
8476
40115
52476
50225
3924
49455
6200
6970
21160
12175
10478
47878
7831
27361
32085
36083
48708
51314
25284
50132
40050
22152
16553
34931
58526
15305
18600
18065
56413
5880
21913
21293
8008
45591
56398
46032
23788
9423
47894
20870
29928
44041
24234
16315
31656
32407
22057
19956
17132
58429
26552
37218
9333
39737
30715
37038
55325
57093
16752
38149
53632
55398
16636
43711
50365
53874
17866
57558
5066
51308
12536
3993
42483
25044
42739
44906
29876
10757
28321
18321
9707
51938
18884
58131
58418
39085
58191
59248
26890
29979
55209
34273
55854
5874
21986
38365
12365
45786
16630
36217
44008
43041
59870
24766
7850
5816
49732
33985
33691
24393
53680
15954
5419
15357
6918
47042
26354
3880
36656
18357
34600
43124
40051
52996
11946
17805
18271
37108
32319
32534
24332
51980
39472
59527
25758
9514
46977
40919
20566
41832
39108
54222
36646
20038
20455
35289
50017
58986
20160
36812
25884
5359
50076
24022
57577
35825
32928
54735
19987
34587
14097
38296
54814
26966
11617
47145
54515
56588
11323
8834
38255
32219
56383
38659
16542
39319
40159
4719
18963
31088
9709
38890
28645
17795
48628
29994
25575
34028
30280
41239
52576
53514
55926
21506
57018
8811
10047
44137
58054
5414
51037
11883
29790
19738
36535
43502
23434
47426
16177
21880
23237
25608
16092
27433
14350
5961
13712
5385
9584
34691
27316
14489
19851
9699
43020
52731
9599
38924
46461
7495
35660
53457
10811
57212
44111
17236
15025
32772
23372
43249
49346
50563
44288
31028
52886
21058
34629
59537
38910
24287
34477
4373
52620
37114
54191
52083
55920
14541
20968
8041
20943
48247
14187
55735
50552
58575
27280
59417
38465
17485
57587
41273
58027
6342
7263
17603
20165
14388
7904
39919
41251
40722
36421
44144
30860
36582
45152
24464
21739
55302
58366
57916
24142
41531
6410
43134
21177
50944
14895
22147
6103
40964
5561
47307
35341
27516
51969
10682
3523
24669
3646
7064
22388
23464
32717
10264
24029
42993
50666
34456
21013
5363
42852
20190
12173
45712
40947
51581
56313
10433
21613
38928
26521
55638
6136
31681
35522
19442
3349
38502
31888
33925
58100
45699
50877
18347
39831
12343
42624
22069
59910
5892
3639
29362
7510
12115
16705
40977
31430
20420
44358
42323
59166
46194
33863
42686
20022
36971
32456
20154
42972
56927
44434
59947
14866
21656
12726
22548
18878
40225
8886
39252
13385
9110
35196
18525
36728
49892
12037
18281
20374
58212
24376
4806
32672
21098
41732
45223
44738
4673
19100
29172
50771
19146
34040
10196
12008
52870
4960
39867
42602
16051
29241
39712
30390
43150
58034
3211
55727
3557
56356
47395
36198
10766
28159
15850
14972
37911
55718
4265
56405
57478
50923
25970
56386
20454
20967
11986
51497
8619
19634
49873
8167
28810
42792
4525
35350
32843
45498
9717
55055
9690
36697
6526
18812
20061
8825
19272
43512
8972
19279
46232
52951
55477
45177
13297
19083
18949
26214
8814
51787
41154
58927
11174
23046
18125
52938
46907
39168
27827
55708
19950
46771
8097
39457
40337
49196
9261
22237
12015
22395
27491
53161
25522
4965
5809
15339
34590
12864
56225
29930
3881
27921
22952
15320
17766
48311
58224
10974
52909
58646
33355
10503
20618
16260
42628
17189
13218
31331
22548
38375
46744
10517
4648
32303
25168
24388
20543
37447
56399
40077
22357
44274
16705
36263
20359
27985
28999
40882
54901
51690
30394
57351
59264
20883
5355
30149
21914
3093
24968
35635
59252
42432
35504
38448
48396
45462
59578
59307
46113
41954
24177
7214
39020
7090
49581
32849
50839
17335
48065
14700
35393
43862
8169
21538
10355
36667
44322
13609
58473
46245
47701
35611
10663
36658
17456
11929
27674
5862
56199
20771
11719
3032
45798
31701
18231
4351
4706
30567
36649
18496
20895
19097
12335
31032
22723
39294
18854
41733
31130
3099
46337
37310
31609
41207
30027
52204
12450
41203
30726
58842
36772
49642
24651
17537
5806
48200
22594
30203
54201
9125
13907
14126
26919
31711
56281
32998
59053
12426
15390
45048
28373
42787
9209
29692
46349
7709
29291
43496
34562
41855
51697
42196
57006
37424
40887
47313
33162
42440
57876
47491
46090
25142
30991
9650
37070
3482
35416
51960
47684
10041
30714
25058
27194
10870
55881
32016
48639
42767
7627
59376
53273
24369
39565
4923
54767
14178
47238
16933
31623
28316
59379
55705
31897
16074
24296
12255
38138
4874
53359
18541
56690
25596
51868
44210
10802
23942
9944
20515
22033
59976
45659
35561
32707
22565
56678
7127
18297
18823
58969
51079
51650
42018
6185
51176
10438
12957
23649
49633
54485
12626
25099
17977
5717
51966
49390
44251
52251
39710
4892
20140
23778
3084
29852
4407
55268
23979
53986
8123
55802
41151
48061
30318
8093
3182
23956
33881
10666
38747
19472
41120
47603
46057
34959
8891
10109
20159
50352
39865
35885
41644
41658
47819
39951
32236
35842
44639
34225
38664
44853
31304
54133
55742
40846
53718
45691
55947
49697
59943
23723
54949
12400
7239
10915
56645
55367
23611
19084
59257
53108
52611
3179
38762
17589
46535
48179
26083
30377
20371
28241
56812
8576
10274
7069
16993
38937
36736
50287
9035
45339
31641
6697
4029
55957
8010
48451
39057
30025
58192
48271
58393
33839
32546
51411
38230
3945
3118
29949
28058
7510
24019
39007
46605
12115
28782
48660
18635
6501
10444
27654
29363
17809
51967
19326
59268
45431
19487
45015
51036
45789
58693
34219
53679
55794
32965
52255
19722
15704
14825
20930
17393
49079
54505
8568
46176
4470
45272
3233
32158
15065
25586
39886
52919
24804
16851
38936
44308
9264
31085
35137
37515
58142
38816
39104
9305
20298
38732
48496
40057
45964
41082
38421
12704
40435
4589
16811
34055
23232
57421
10077
47880
54331
8665
51258
8793
3272
39517
27014
46067
36995
49204
46712
34941
18543
30191
51291
42588
26838
53337
35136
57622
17891
7059
3154
41289
32462
20023
42402
10941
20585
59905
30535
23422
10412
45870
41557
25489
17076
17579
49652
55022
23332
31382
34320
10388
33852
42320
58667
37603
13394
10921
16061
40268
48676
22686
55778
56315
11835
45893
27111
42388
14320
38599
49259
34480
29397
18314
56436
55463
12044
15680
18724
34471
33235
44050
28914
7251
11943
47870
33289
4128
27042
4824
30744
7456
50902
28691
22018
30216
24725
32306
26247
28409
38397
16518
32032
45702
32073
41425
41266
30193
34159
5773
50097
46574
8489
8980
17317
10061
37226
45988
28113
3868
17876
57001
25729
29565
35146
44208
36066
50256
8806
52862
17614
12519
10641
39540
30418
28412
35510
35670
39016
7518
51625
11627
39719
22543
42147
44319
32003
29523
7607
44463
23199
16293
15060
46442
59177
14051
3898
27924
17689
34091
9197
36145
22516
11157
8558
24343
19578
31079
8641
28467
7118
36866
50852
5333
33521
34416
42008
28469
50479
43955
8583
6388
35177
26277
31280
23835
35236
39078
24555
40006
54962
28572
45611
7544
37047
39860
46811
32274
38418
51423
48275
33861
54252
59310
19489
28112
49722
58370
