832
21233
9366
22468
39848
20857
11041
8633
6838
24849
32128
58682
30044
39943
54058
42115
4557
56373
10572
11499
32683
30829
11415
20733
28926
18985
44672
45855
46377
39184
3582
41701
17986
37203
10200
54007
52718
51872
51220
4358
19243
34984
19668
59245
25702
41493
38680
58811
39873
47259
3386
31193
21646
51759
17487
55708
12905
21408
55904
21532
39803
57005
47238
12512
39091
16146
56843
55562
16774
36874
55016
13116
28976
56001
5039
26599
16242
28438
6030
55026
11944
52508
13062
40790
50750
45201
39408
14866
22647
41385
15074
8424
42059
32755
15072
15669
46184
9136
56861
18025
28480
13339
25075
9470
17081
54000
40578
8852
56712
24904
30163
59770
24785
32364
24522
31096
20687
55205
37616
8590
55148
54035
13671
47071
18137
39957
30874
12693
53121
4670
8214
43960
39799
45378
54822
19993
53800
27613
15767
15940
15031
50711
30917
25682
28543
11373
50324
33645
58522
31136
47388
59865
21862
13149
31297
5062
33974
54195
8549
31782
20302
37968
9183
46150
37574
35992
22616
50470
35540
52081
21866
28072
29455
39503
5644
43550
54150
38711
40796
36532
36721
42927
55391
49591
35523
37140
43624
33305
13934
19522
51081
17845
19914
35081
25461
12234
16945
34574
9683
45623
47143
28645
44609
55311
5998
18494
39927
37679
24577
33441
20031
54911
43325
4553
53431
34202
26610
6325
13123
48497
48362
25486
34647
15358
29018
4053
31955
25840
3509
37875
4350
49046
17204
43863
38627
43040
10885
39024
7819
43833
59407
39062
30883
10121
22772
42863
45840
51088
57950
13139
59412
8024
8866
11924
49723
6478
57735
25351
39976
41712
5460
25930
14466
17843
7902
31762
24493
46015
41078
17469
30897
32603
54071
18835
56347
18762
26575
22264
53802
15705
55832
37042
40874
5724
25558
35287
33373
22199
31365
34805
20857
46255
38024
11347
3188
27946
17664
48451
4955
5979
29101
57812
55102
31674
9258
48873
38541
26066
47974
26235
44068
21105
11003
58901
5661
38148
50331
28331
45086
8606
16907
26408
37894
8670
14252
43205
55206
25528
48004
29749
35066
49643
31850
37093
54055
54815
57145
14168
32015
15305
47862
15032
45502
41610
36020
26474
19433
57433
14520
30477
12967
31893
35784
37075
29757
21421
6329
43051
59099
17335
3851
44631
35542
50839
43336
56315
13340
25363
9540
49109
13368
18105
33998
4092
36005
35780
48936
11346
46036
44479
47229
13489
9921
59216
15006
51856
17359
40481
11666
14023
11112
54294
16137
16463
27328
57274
40753
28961
25746
54325
40265
25835
49694
15486
57867
14054
40028
27987
59614
30655
53330
21222
51835
18933
9107
19075
34007
40736
26337
36820
58448
15069
50197
52335
56814
9603
25957
23683
37439
35631
39038
38990
41973
13148
19528
16671
25907
52095
35795
55433
42968
28117
29163
43451
13334
43128
16424
40980
4622
14705
9880
25217
27057
6785
50559
57695
30946
30778
25542
33532
19835
9836
50148
27206
7729
47051
45957
20355
58539
24336
18431
11020
9921
10132
20611
42503
13900
31753
14631
10868
39594
28020
37614
4081
13720
19178
12664
19794
14501
27655
4527
6165
37593
42758
15488
33291
53885
27940
53964
45494
42849
57353
38046
32800
51357
34303
24595
56582
18309
35750
8981
7842
3199
47984
52318
46122
59820
49057
9477
12154
25500
24795
5960
17044
17484
16754
31154
23226
8933
19884
5867
57385
49053
43764
49450
53706
43283
15006
46926
12688
49669
39489
28024
43460
4089
55201
8664
11436
42714
14949
12828
19230
42881
21493
54540
31281
38280
25417
29359
25197
20236
42306
10599
26773
50520
27141
42352
57028
46665
22349
45336
23213
43678
32021
27100
35217
44986
53943
49860
52327
30146
53634
45932
50255
46040
7210
48081
15024
54691
8163
40586
24916
24858
48819
20508
52300
5098
17984
7276
34832
26495
46960
21919
49288
11605
33983
22348
48318
36719
50205
20041
39210
45545
25563
23075
19952
35423
50663
39083
51880
38416
33145
36610
37478
39173
7467
26509
51454
17564
38264
24323
36512
41201
59791
10791
45540
53871
3150
13947
32220
51207
48454
50022
10602
27089
22075
3831
38818
11065
55800
12586
45231
9413
47617
42563
30275
17449
32011
3927
40539
55420
42173
6542
22660
10614
42247
57060
7768
20055
46793
19294
33870
7452
41764
15874
57153
17395
49773
37149
23485
20090
53014
55660
43576
18224
58082
22611
31433
34907
40813
31659
48877
13378
13416
32544
51778
57664
47960
55419
11612
58723
29272
4181
21918
6897
9603
14426
14842
37512
11038
55051
56030
18750
36158
42237
25714
59708
42086
8680
41897
6232
52911
52484
47689
8706
25869
53027
15250
51980
33681
22106
20054
38872
39058
10418
10528
43853
21483
35949
35495
24710
38886
26102
57699
30425
37477
14597
55506
32724
30754
23297
50053
22271
25366
42421
43491
12435
40730
4825
23031
59349
38203
3482
47240
32596
5048
36943
45126
19566
35702
59978
34879
43318
11042
37946
14873
30431
33138
12093
40515
8936
35343
14608
17673
20328
53273
14857
4157
26077
14324
36650
46408
55721
34978
38090
41269
46298
19792
22314
13211
23625
15021
3950
40893
7907
49790
47121
21699
40644
54295
14963
12327
25289
43955
5983
33075
34297
4879
54347
28494
36230
28404
41230
24541
3008
28422
42089
40388
37893
22864
25820
33117
34904
