2196
3645
11592
38437
47507
37786
43945
52089
38047
9560
6884
27003
23643
59931
35705
4999
15070
52022
22749
24484
5520
30820
20195
46506
51213
53316
10303
57890
14358
13554
9730
19907
21180
44329
16591
19586
35113
41284
5315
31653
7414
47750
11958
45138
40880
7572
56283
57681
41682
29056
20107
58898
25391
31584
16099
18539
40308
32379
10796
52099
37587
6164
49624
25475
42352
52871
5274
41932
25731
49121
58806
49728
23097
32414
31389
4916
31775
52506
43387
13923
24737
30788
52718
58119
47485
24212
39926
29923
4087
19235
51641
33351
57386
35411
6797
16915
53657
53915
16848
11443
15286
50495
26471
23557
4144
15273
4514
19075
5289
45489
6338
57479
16635
47661
6767
50276
3328
37418
25158
56345
38038
36464
24538
46757
39465
52884
41561
10857
26609
43860
23994
23978
54984
36090
6644
26686
5746
50879
12354
58099
50444
49015
34570
8728
14264
40579
54451
37909
57184
47411
24078
59454
25496
45065
7048
18033
37062
29539
13211
14349
31666
26468
11468
10357
17827
41513
29397
7222
14313
47948
19542
56904
45398
12633
51027
52398
8684
49493
30839
11410
59702
6545
25018
53179
26964
46128
26178
51412
41478
25117
30244
3396
56629
24674
20032
6345
6810
45030
47712
32305
4594
23508
22612
27363
37806
16218
42636
18724
28756
46212
45356
58396
50667
6643
37190
29329
56075
59881
16745
27098
13667
24363
10687
15860
12869
45143
48916
9632
45158
8675
8864
28533
45031
58709
54712
12800
43390
56173
16238
12877
32795
24287
42920
47505
14749
17337
25054
35120
31648
9469
46676
43771
24224
26406
26006
45428
39719
3034
58937
55577
8150
12478
31628
21951
5776
31758
45187
32670
54081
42633
31627
21399
49150
23760
29924
35178
47452
21560
20667
17413
58835
11216
8109
50701
43806
37563
37559
28505
27021
49003
33645
28871
53483
48263
49222
58762
54259
33154
51048
48057
15555
23052
18649
45633
38575
13788
37536
52010
53888
18152
7509
38817
3682
48060
11681
17323
15940
48499
26229
33533
31613
52264
12300
42266
45084
24390
27220
31406
7506
13959
15978
34156
17778
7017
40169
16747
57543
50387
24805
15280
26429
26699
53017
22388
20025
36419
35088
11957
43890
27869
40277
57433
56835
22901
58932
12243
4837
17880
55249
39066
40337
16406
13893
9555
36615
26997
33362
51951
44465
33918
26183
20994
44742
40919
49685
34335
29166
12405
47635
5068
54156
52813
52188
3702
5916
34890
51887
25004
41422
57217
15211
8329
14886
27963
17651
33833
20773
53759
30457
3592
41556
52568
18003
31133
24950
3568
15091
57363
13025
25618
57736
35296
3698
58251
6158
38132
22050
52234
17335
41905
36276
32263
34786
43204
42370
37343
22041
24337
41330
18185
8627
57281
19395
12596
5559
59305
23032
47054
22858
56748
6583
23435
58884
12595
59923
28839
24858
23624
22003
35982
47900
47814
44224
41706
39425
44712
7105
21462
6256
15088
49852
47215
34833
19665
26882
13975
26079
36301
36508
24063
33574
19477
16205
24958
24933
48417
44827
3949
31611
3764
14340
47167
11948
22409
55844
3108
11345
4688
22424
53760
25278
29667
6937
21479
37678
5515
15670
39887
41499
22506
26094
43722
27844
41026
3997
10318
20158
25886
22490
48572
46078
16767
59488
49821
22130
50267
55170
18295
6904
45899
3487
56151
39119
47528
24045
46117
21729
28533
43838
28399
55675
24734
51933
24681
56030
12067
27208
44720
49035
48741
17138
35749
36918
41672
15123
7824
14239
10371
56949
42337
50564
54893
52273
14245
48272
22703
35357
57445
47101
15907
37268
59762
17024
27129
28398
45163
46237
57095
40666
52148
29589
26253
32770
32037
20012
33191
14674
55405
13261
6720
52456
43379
8836
46674
44661
10327
46603
50372
36027
8522
15299
59251
48597
49193
25957
38836
45142
23657
10370
44800
12717
23360
35393
22868
30864
7332
51120
14482
57662
49580
18019
32179
21336
10123
46414
9671
46350
35450
55457
22488
36455
32364
34118
59849
42360
18162
38366
50448
31460
9317
8761
7817
43555
49159
44671
18797
57222
34285
35538
14767
12915
35007
19111
7396
4361
36127
6555
3263
47116
47436
44172
23291
18197
8721
30489
12860
8154
51608
3813
38684
8499
44219
52040
59948
59691
21846
44564
57134
9554
39279
35411
29723
55933
3918
10070
38816
12289
8058
51231
58255
58520
8823
14999
34741
50594
36534
36621
58674
49794
10782
48878
8788
39417
45596
43546
3060
6470
12944
42593
5865
37890
45310
34754
16618
40868
57437
15629
39875
37618
31333
9757
51363
13306
47485
52749
16802
7030
9095
16299
31329
51247
29110
41117
18358
46278
34141
43037
17436
9967
42006
48587
57568
18040
49418
47672
20294
28481
3379
30694
54151
47329
12062
5196
25846
14765
58396
46831
4368
19912
43796
39153
52585
39244
48221
4421
46938
36374
49551
54285
44641
44809
5631
50790
36621
41093
41740
46801
6863
9601
8656
56074
15353
50847
28363
51814
49086
41311
36913
58732
23062
23740
23875
25780
44253
8404
32009
39980
16788
31364
39040
35589
55282
51555
25232
30318
55114
31308
7373
12480
54334
56476
13866
9751
39412
12011
53540
29285
53796
43701
21066
33206
13170
35639
39295
58722
21005
33861
22773
25965
16912
48844
8626
41087
34862
44617
51575
52272
56552
19508
14118
23424
39380
52223
45985
24061
8580
52369
42865
31078
19231
50637
15935
46595
16854
29421
58856
41320
42616
12755
13104
34072
3208
7204
34492
17470
32187
12128
9960
50526
37367
29053
14389
28761
42209
4033
43457
51191
56759
46581
36385
55457
14209
23969
52574
6441
32480
18397
40367
12524
55460
59086
41644
13170
17773
44797
50657
55185
31184
6368
52633
40710
25508
36485
6514
54427
12400
21244
24975
10773
41552
19457
33643
23876
34816
56687
7842
27993
44565
22645
54834
47153
37198
20553
33998
28022
55924
12378
22176
41608
50526
57804
31504
26072
6033
40134
20581
31103
34481
25283
47922
12589
13449
13608
55407
59198
18110
34627
48266
35012
48121
48944
22342
9522
3533
56689
45825
57099
21364
38327
5772
21091
25537
53411
34923
21633
7083
58158
15975
54479
59444
38157
6460
32198
31242
26290
37795
5844
6544
5944
39927
40263
54591
57980
15499
44522
47758
25235
19213
54897
37150
25218
13863
19576
17425
6770
27045
3231
25258
12994
12307
34126
31851
54416
38176
50622
26309
20812
53423
17995
24145
22860
45478
8246
39203
58128
18660
45361
52104
13993
10093
19801
47673
39190
10092
24198
53299
22247
32987
15214
16781
57514
46594
29754
45047
8907
19325
53889
15578
21447
14123
28840
26771
5793
25781
57671
52380
8508
4041
32397
46818
16226
29671
45187
19689
55687
39651
26324
24563
18597
39087
59400
9452
32673
15806
25700
41856
28430
4199
34722
54761
22313
4178
32846
21898
16466
9606
59824
31913
7246
19051
39228
59272
29933
55709
37132
12163
47391
47041
5827
55324
32563
28144
20449
57049
6873
56764
27776
27450
49850
41338
46426
5989
13022
16701
58469
27975
37560
34874
55814
32299
16601
56850
39069
42155
12567
17169
28320
46243
52624
52059
23073
13129
15662
54602
49065
47050
30651
56479
46291
20758
13606
55906
52505
55220
38551
50867
56543
9555
58746
57613
56089
32654
26251
19761
35631
58565
56397
37142
29923
30957
55364
42713
41469
47302
59785
37920
54630
25149
26884
48515
44131
14100
58407
15346
33088
55530
4230
56971
42864
9865
15909
26442
49059
35228
17967
10781
35233
59336
3836
42982
45257
37649
23590
38920
15117
20195
59672
8780
57326
22377
42348
41041
39994
8197
48830
31930
22522
28497
22411
51891
59548
18116
33265
6149
5398
47594
15176
32431
19480
55970
49732
12131
25580
47646
34528
34307
10755
35006
48869
40816
3841
10834
50986
23339
17034
44487
50963
10166
23881
44953
47165
47149
4178
59116
54427
27313
54516
49055
54134
19098
3142
26150
45852
54279
48128
26002
11537
20293
14486
21617
24323
19109
12876
55595
55943
20404
27194
3992
7890
59094
53874
50175
8529
26169
21767
30668
48998
5006
16779
21203
56349
59788
5107
53001
41248
27192
42541
18140
5792
30867
43346
17372
37343
18551
16042
59549
44573
58317
14162
30633
6475
17404
55617
10027
5006
52108
15446
25443
53064
32020
18503
22171
34224
46445
36303
41416
12454
13243
35058
14496
57506
58551
11862
15553
25910
14009
32076
21510
39480
29009
47903
25313
20854
4045
35208
53155
33464
46146
38050
25645
37812
30121
58914
48947
49595
21310
37332
59149
33157
17171
8313
13639
30426
26260
55016
34889
26716
11307
45428
21504
15024
38135
31105
9678
27168
47938
51362
27214
9043
49167
34313
31360
58459
28585
30559
16580
28157
38459
18506
52304
21185
45478
19785
35341
57851
39083
5659
18846
37983
58978
25795
47275
12126
21444
53822
44886
3477
12368
22249
26470
8785
18879
29311
30823
52822
23591
5992
19165
40682
26063
51708
10939
5157
8513
12174
29500
3454
31134
41849
40071
6358
15054
3671
20183
25288
55495
31063
21615
5973
28362
20581
44761
7159
25035
11856
55742
46646
24679
35509
37423
50677
35657
15000
24375
42480
51224
58668
50717
26903
40257
8903
3786
27580
44899
27463
7304
23279
43565
30527
8547
17916
17916
45811
48654
27601
11055
53259
25434
12821
58659
18928
39806
11164
21074
52833
45522
15979
9498
19971
20368
48168
50722
48275
16020
23980
5923
37647
41903
47354
26713
12248
8504
42697
27742
53375
14799
49942
7856
36094
6236
49968
34288
44147
51279
52289
29821
17507
24162
49310
48810
48702
46957
23014
35165
40842
25675
19356
17056
14131
43039
8780
8643
22722
16407
44166
15088
35736
26714
43712
48655
15576
18519
18137
9223
55718
23586
18931
57713
14947
27076
35603
12021
43103
7949
19984
53922
42313
54557
15222
17581
22515
15069
26655
24121
36981
58547
18256
59152
47936
27337
11095
27254
15803
18291
6836
42401
56951
7725
40404
37307
13628
57909
17927
37697
53012
27175
48621
29528
36536
6517
56663
30666
51212
34610
40455
58152
8015
4864
29234
40732
19933
45339
43253
12778
14875
58013
6082
51515
57952
27715
5767
24469
42179
18019
44274
25064
20468
24892
51390
22479
18888
23542
16251
38918
36705
54332
8861
32257
28196
8701
16121
37598
8691
50499
33689
43249
34398
25734
17523
58149
53427
59201
59263
23966
48506
48713
14163
43710
20824
6030
36896
51519
55316
53043
13257
58799
7300
22271
39020
20561
11757
10152
12192
59871
51208
57303
7380
8348
37379
38963
28292
9487
45318
20950
33756
13135
16240
24933
20598
10765
5142
33359
22072
40607
46526
39293
24742
15845
4409
10992
13353
47104
28381
35923
53790
32274
31653
26376
38498
33850
32660
31800
52971
18970
49248
45733
50925
28967
44418
10671
34358
43616
53666
19732
49735
58650
41310
52531
7553
41687
24082
20154
35645
41542
19113
58175
52329
53346
10133
37090
24294
41749
56391
4195
35116
27482
13559
58682
41173
30329
9990
55690
24531
56153
9953
32807
30972
21762
6549
25894
3363
37462
51257
33991
6921
7960
41210
20667
44517
7333
29932
39857
50622
37204
22704
7898
30070
56135
20102
23212
21713
4600
44899
45620
13838
45607
41477
28829
43095
59475
30003
35983
55970
37580
54851
28394
28460
14695
29367
11188
50493
57233
35169
57864
19641
33544
24023
19892
9910
51077
12779
11338
13006
22511
58314
55229
27918
31932
18548
27163
11594
40792
41783
59008
15507
53307
15791
7080
59519
32313
52111
39768
4890
37135
35930
26383
7110
53424
56509
15944
10028
43268
51154
24310
55210
4911
29037
13874
33263
48735
50539
13456
19988
56517
49555
41519
41204
4470
20731
39370
17247
29499
5933
25504
26623
51198
11928
31960
10732
48686
37638
39110
40016
55378
33418
37451
25271
55634
50318
19495
31340
25770
48241
42114
26138
40756
7216
51352
41384
41826
17895
34072
42250
53518
22550
48298
40055
14320
21407
13660
49884
18883
49375
53779
41548
34957
32439
12774
32097
4495
37057
49978
35265
46438
55708
9076
38302
25893
5256
42485
3784
29516
34887
19440
53916
50581
51997
24651
13119
4080
15741
55422
53096
16375
55425
46813
34342
57752
59450
22026
4779
51884
57691
59739
37633
8435
17570
5729
53530
19126
33282
37372
21655
57752
33120
34247
22127
5470
57184
50351
18872
54210
29957
53710
10964
45759
48645
19878
35171
28551
22531
58719
41315
31089
55407
48639
48541
8200
45638
14726
57575
14136
19693
23762
37316
24968
13809
17689
24805
34321
13295
23189
7336
38272
11824
4425
23061
6820
57163
47006
33840
4173
52292
6501
59437
52761
8754
22825
38206
38919
19895
47461
43233
39727
18882
8165
7826
41343
33661
51830
14934
48567
18518
11547
33172
41673
12723
39943
44969
55500
10755
40052
3459
37729
52861
53148
30050
13000
38911
24829
32281
9416
5588
5563
7915
17090
22058
16965
42464
37895
19047
34093
16967
9502
33665
42179
3695
44017
11474
36699
41568
25529
25283
31692
48428
3233
38481
9302
24087
51998
27387
45047
34440
58711
29048
27572
23549
56233
50148
19082
4032
27550
50064
57334
43529
5956
13026
46883
54030
44637
52063
27542
26738
56574
6415
53205
19018
21403
23076
54433
48020
17314
34035
11528
43330
20661
24763
8993
17649
10728
40310
20427
50538
27278
17771
12045
40940
47506
54431
45011
51844
34918
43500
4642
40488
38242
34716
8054
55380
44629
55872
26631
29286
42811
50534
51097
53782
43495
22008
20326
30594
10279
55276
13661
49804
41899
22493
10574
21616
12941
49811
52476
49594
59092
36832
56842
43548
44686
26599
34931
4407
42394
19448
32700
14002
47069
21638
19251
33889
49152
37044
30855
46243
18080
24424
40382
32244
44095
32224
15535
44096
55535
38097
7366
49638
49663
27084
28822
36798
15816
43898
37452
19835
23436
52765
36099
30289
34891
35154
9499
7582
17931
39973
4880
18439
58635
55826
16018
51718
30934
24398
47607
34377
13034
51648
53578
15029
58891
29272
25099
50353
30350
35623
22978
15222
22694
39677
42862
52060
15847
36879
39804
18808
59981
50702
21848
11829
