1313
5616
27699
23293
39273
15380
26554
33571
20811
19221
17481
3894
4691
44269
50644
54571
31340
27073
31381
50085
37280
9199
30094
55641
43401
16974
17543
4296
3921
17106
22107
42217
26670
42018
32148
43427
27200
46039
48593
54204
48128
42281
10932
36173
5582
51329
54341
16661
51588
18233
18682
11749
35157
43821
50919
10808
30202
37500
33509
3976
38358
39358
16439
33689
8642
33072
13799
57959
10038
46381
42524
12525
43063
32098
49161
14565
55654
10576
32902
38480
21928
27728
30816
43063
25623
19393
48282
34452
21973
36659
33572
21912
34524
19471
33285
36385
20614
36228
42936
24414
20883
53814
19387
49132
32030
8834
23966
18553
6415
4002
35080
42299
26490
32160
39398
57281
48877
10567
49659
3510
16685
39639
8081
43740
12937
21865
40288
43695
4813
51188
27148
3260
43916
11863
5397
49765
51560
59264
21891
39000
49074
3594
42295
7589
34976
11260
5629
31018
7679
33856
25465
49960
28580
31474
22886
53327
54439
58655
38467
51023
33374
50629
22118
17591
9287
51226
50634
20838
21610
33209
45811
53690
11727
8607
29988
31498
28144
6811
22823
47843
4164
31510
23123
4394
3080
11603
43620
26318
47903
33426
24545
50939
24480
34880
41413
16939
19723
3435
8095
22887
18985
47018
8475
23110
22630
19556
6881
31829
50407
33186
23397
23874
38431
21856
16523
22057
52607
21543
5235
50678
27277
11839
56192
58638
15362
29930
54869
20717
7848
51641
26007
12036
44729
43697
18438
30273
25264
35767
52002
5827
51235
28703
43436
45711
59666
38861
18346
22957
30301
32899
39030
43832
53949
9265
52228
41096
57659
6515
41506
4503
44331
57459
39010
37458
40837
7328
36586
45919
58698
27664
30172
44871
34884
53706
10614
42783
53293
56071
43707
47348
8918
45541
58896
50232
6863
21000
56929
46787
26764
16682
14799
27123
50237
8651
18446
27140
16010
3015
53000
7259
42257
41929
17062
11067
31011
49904
59387
41270
51720
51411
35331
54863
17431
22284
47720
7760
54861
26322
19467
49560
26742
29351
57026
22055
31472
45869
45923
33822
55916
54365
34623
56568
33015
42817
49878
50898
36463
3363
3050
27440
33672
11924
53043
8244
44460
41579
37086
27036
13566
58707
38460
42337
58107
43602
30342
43326
34317
18047
20035
53106
57812
16081
12999
27420
33685
22998
14750
10148
19798
13408
37033
47783
37235
35661
44624
34750
25119
32870
9718
34957
10162
28439
26950
35682
17520
45364
21161
58846
39698
45843
16978
43121
22194
29047
59038
28348
22223
4432
59269
7019
4946
46350
10369
28480
43214
6077
29172
14338
32449
33650
39997
22355
16866
30565
17090
20372
59417
37297
16120
55257
42732
52654
40410
48723
8590
34312
15609
41994
10795
19753
37960
24145
44700
49941
52942
30714
35571
34539
50306
48815
23952
57117
23194
14884
16667
50740
13607
26966
56934
23895
49292
51953
19271
8238
54990
46074
43982
34491
57952
15794
25456
37573
30908
7420
59623
20044
43499
24210
51534
3237
14151
38050
8701
53505
48158
48957
51803
16335
6729
48644
3948
50063
3618
14813
58825
41653
23820
18600
44382
54202
26705
52429
29630
57276
10839
32841
39456
31996
38789
50961
37128
57512
54788
7233
31136
9935
36912
8978
17704
15627
42903
57569
15153
54791
55236
11759
33954
43519
53321
23075
50996
57856
41937
52274
52793
56468
52685
15153
39014
15172
33837
10512
41127
54039
52617
56348
13095
43319
17541
56919
19031
26507
47680
46692
46501
59380
32117
50533
6057
46489
50476
31953
22621
7955
27121
34364
15944
46966
22983
24962
33180
27545
5665
55120
46532
37618
54194
54720
16811
8733
9655
30549
32792
56477
10814
30542
20110
34988
9088
17511
25028
42376
49069
19795
33434
38442
19682
50680
37881
39646
31720
51615
32933
10642
36725
32952
10611
50062
33930
43907
52819
8325
49006
18985
36264
10505
12764
8745
17832
53227
5433
20039
50079
43631
16826
12116
51746
16734
29899
50694
48129
37984
5124
18133
10013
11285
48378
29950
54871
42853
58509
12591
9805
28674
14352
5047
29506
13409
57981
7303
5934
3938
43437
45123
24580
12510
48641
37734
26155
14973
6240
9602
30778
8803
20006
28987
5384
31266
23018
13362
41487
17337
3056
46963
22843
14442
13437
41014
14652
42909
8097
17085
54548
19243
9948
57862
53120
5951
47441
19757
12623
25054
22504
49859
17714
29072
55458
32446
13106
11766
13743
37193
16916
43822
21378
58072
53947
51107
10042
38866
6244
40495
7176
49552
6064
13165
16510
47205
13312
44724
44442
21578
54347
17790
19098
49488
47109
45759
19408
24961
27617
27395
22775
7594
21309
5526
4345
45572
44406
12782
49447
38281
48029
9541
47570
4377
32598
31225
38709
28744
17435
15398
38046
39671
24308
56524
33954
37338
42255
45304
58378
5580
49836
46919
15262
52447
5150
12624
16858
53282
18266
38133
22774
23531
9049
50351
52110
5947
23724
18060
5801
36827
31130
55253
22607
4971
47303
55089
27172
42519
21764
15522
38268
3064
11025
40864
6375
25393
5450
16763
31233
18236
9882
6540
36311
44800
6291
11996
14982
46547
27713
27874
9091
33857
14441
53357
28611
46963
20814
43340
16636
27334
7493
29281
48882
18063
7061
53551
25150
23260
48447
39168
42074
26694
34521
48686
53011
10757
3070
4234
51282
27198
41865
56627
7067
58471
47999
48010
51405
23507
20168
52978
46152
26116
28398
11635
34906
40226
26189
44440
29732
43850
40165
52948
13472
5022
17523
20541
14497
32672
34275
48910
57948
32278
12290
42361
53133
57995
32126
46682
37054
32040
21820
56723
14416
40460
29588
49433
36239
39427
27550
11843
37062
30076
23456
42386
4590
21261
58291
39217
49873
25325
50605
49141
52620
28632
49862
18928
49507
25253
55499
59438
48358
23431
57976
16703
57016
3529
15466
47819
36786
51775
38683
28505
31141
16954
36021
39860
7761
30935
56721
31501
20644
59907
17562
51703
27464
44544
31485
27069
19793
35154
41667
55700
19222
44458
13988
8903
42958
8965
15343
9817
16171
32868
27601
34756
40721
32115
51910
31085
48661
5056
51028
3735
48218
31537
49044
3764
25029
7047
48815
48877
56609
50673
22971
14665
23660
42246
53834
35178
54315
30768
49268
20674
28070
38084
36768
9311
27031
8531
35159
51382
45500
42121
34437
40498
6654
36235
19473
51378
9440
6356
43366
10599
28429
34587
6175
52591
59934
50834
18564
3975
10276
54400
38368
29872
15721
34433
19095
21458
17081
27423
37289
52444
28363
15217
38269
28030
35895
39467
6713
53374
48238
54725
44982
10957
21657
44552
52609
3475
5762
36483
33929
23567
3261
58564
24552
34073
29915
54877
27261
55174
43368
33598
32238
27991
55655
43210
31202
37070
36705
12223
52100
16769
23136
28124
44690
34695
36510
53553
22298
26815
56188
51681
46251
24987
29777
57052
23180
21837
28649
53483
49198
34867
55792
34549
7738
32910
53103
41849
56143
59399
58790
27256
48028
56489
56347
14479
31976
29102
57312
9037
37362
16111
8239
49829
57455
33154
14538
32494
47621
44306
39223
5355
33519
39001
29146
57281
4917
42721
15635
42206
17490
57544
4112
50727
20443
41204
24473
40328
23825
45936
36360
32135
4687
35481
53024
42945
28370
28873
13113
15889
21654
10874
17441
9901
46964
14065
47032
55937
33488
53306
13379
59886
55449
44795
31402
19260
41221
35391
15677
3029
18132
27033
20605
57235
38101
37636
46147
8318
38256
37781
21665
13202
23196
38326
34373
37776
25021
35269
35750
14666
53908
46690
19688
12332
28895
41947
45768
48657
41035
35546
58359
51257
36719
23277
8528
17575
32840
34226
32045
27498
37017
31876
32641
54914
5909
45491
35016
52410
5569
18286
16602
46745
36091
18005
10005
8009
19143
9563
8542
4214
38360
38467
5239
9558
23275
19378
58839
36232
34565
50703
3373
5279
24450
28514
50104
37966
5816
37260
52154
31210
30226
53251
38893
13962
48532
26554
53445
20426
50343
32854
50667
53849
56414
4947
3222
29919
42806
54406
42311
36341
57386
37934
39641
58233
18639
4745
18702
56853
43497
20288
28600
19298
47161
55461
35610
4728
48937
52216
34072
39433
51084
33687
31357
58625
44667
13522
40651
8312
26515
7563
19193
39692
26878
26941
50393
7298
33880
41515
30970
21490
52348
56512
36754
26713
36139
54876
34842
44175
22911
24907
23816
42455
7715
41509
40963
58668
55964
41528
23306
41973
50799
6067
