237
9572
50583
26221
20956
14245
5945
30532
33415
10762
10652
32246
34491
25470
44081
22150
57468
24428
32443
33062
4908
56809
31705
47601
14702
47632
23362
26219
5972
19499
28359
21575
3853
4113
47526
58615
48269
37471
48348
20779
50146
45116
37283
46111
23731
8725
33313
29482
3587
33476
55688
24265
12322
35073
14042
9052
18449
56380
27188
40252
57197
23824
18339
6815
13515
58293
50362
16412
21357
39410
15459
23303
10879
58819
29659
24208
35303
16495
4202
8928
34695
47125
59428
5132
36690
55665
15410
9719
30963
28197
41338
55555
56617
12420
15119
31489
25476
3301
45953
49174
28298
27824
44027
24336
33327
21127
43744
24159
29939
40624
53166
35535
57348
51100
7088
30944
21716
30550
32947
19551
30860
5888
18203
47365
50610
44867
30295
6204
4008
58779
48139
17224
34394
6345
11407
47323
18654
54188
35616
41832
10315
15807
55268
57546
29418
21525
31524
58383
19991
40739
43398
47270
32563
9967
33363
31520
49007
32886
10875
6902
58394
50164
34167
57609
18399
48297
37252
33873
32743
4554
27951
22812
12121
46820
56725
29889
31164
8171
50103
57398
27490
15360
3712
5180
45110
37151
59854
58113
25691
46040
19357
7222
21646
42849
13469
6416
21750
4361
13293
40417
32999
44821
49849
28230
25128
57529
41629
57810
56614
8232
21375
10996
41425
17060
9264
45636
3687
25131
12541
43716
18746
39274
49294
42987
47126
31257
49166
7126
53067
38592
59530
24953
43914
3225
31167
23280
50057
57619
