274
56343
52640
51444
21067
59470
37986
9032
33466
34021
20704
8865
41806
10544
43461
42273
19980
22541
35195
7466
52360
56667
14070
59867
59179
59205
36586
45217
11336
46979
53272
11849
44991
43329
31692
27128
23216
41584
47541
8161
44319
33138
46286
35229
49268
28314
51105
58762
5658
34166
41806
45374
14244
42866
47163
4995
53893
18649
16071
21525
31283
17801
23452
33448
6254
32159
40694
9417
51120
7870
19003
56477
29160
31668
8235
37957
19551
6507
10738
39787
15060
30413
45519
15673
23678
58442
3905
31122
21438
31883
15728
51544
4716
42688
27899
28151
55654
34757
20911
4601
7589
57904
6593
54568
21907
29171
20222
43593
8908
10463
33981
41614
30454
21512
19502
20594
4896
53341
51439
15512
59820
11685
32266
48171
20360
19465
3849
25109
18870
11064
51833
4324
28371
22483
20436
46597
51981
58354
42289
47910
51264
10255
16984
53079
55599
50331
6811
49415
59947
42642
17978
8778
9540
7577
40877
58487
51639
58169
12360
19373
21504
48752
25329
8816
40828
43305
10860
43827
11104
22005
47029
18577
56053
24803
50488
39590
53439
7732
36800
33287
53211
13321
57779
42199
54903
4467
23887
59812
6761
28701
40602
39678
5244
11161
40002
12807
35455
27316
42562
10776
51436
12397
14013
23423
15486
3433
45594
27379
54449
31956
39759
31227
38898
41610
18425
7524
12799
42931
34839
16285
13225
51372
42206
34451
23836
5638
38041
16391
28424
15046
39808
45769
31296
50453
39693
33208
13304
32370
17406
6545
51757
24143
43715
22144
5874
54534
36046
21769
24817
17972
52658
37540
10554
37130
57506
36498
39162
28125
16590
22802
36132
34540
8209
16923
11554
59026
5686
54761
54916
38506
45370
49852
40784
33643
58760
