1908
4006
48189
38335
14372
11412
10765
27433
33636
43726
26340
28797
6219
13489
58318
16098
6693
35327
37778
21956
12642
36040
7235
25994
24355
39779
12446
16145
13673
40832
10198
20372
22988
40793
21741
35315
14211
46356
28179
4880
4477
32699
10417
11663
6422
50666
12327
28039
53016
22978
25799
8992
35950
20036
11238
30601
29639
6686
59939
37422
37278
22572
28134
22335
5500
30959
40289
28356
46706
29492
4980
45019
47912
23069
47837
19023
55888
16826
26632
57142
51467
23276
5919
19689
6227
15266
32618
51810
36806
51042
7891
26235
39474
59872
6988
4355
37302
3148
10535
42707
13494
15740
29479
38847
7564
6977
42748
54906
59589
16602
29694
43829
10141
46231
22311
55346
33131
34207
58415
52370
52366
43940
24347
53976
47350
35507
7531
23888
17368
55812
43468
11514
53720
44738
57349
22275
8791
3580
4113
54796
11783
44287
33803
49227
37334
59806
50475
24709
24074
13373
48321
31465
54152
23214
37936
33918
20339
4498
41284
47849
58138
3059
8482
26430
6355
49011
5941
24536
19728
24858
46415
7331
40863
48302
19870
25740
40567
48545
33713
29639
6421
32929
14758
6756
29176
33749
59163
58491
4894
22431
48840
37555
38749
55326
22911
48919
56005
46489
32153
24235
46393
9695
35109
25316
16840
55785
24078
36135
52271
9869
40051
27520
35804
38175
41791
5645
27672
52679
47029
7479
57666
20912
59138
52546
49099
51787
38165
49593
7965
26617
23657
22841
38876
41033
46952
29828
51220
19493
52749
51395
22938
12410
29845
31892
10333
4903
27844
9036
52328
41524
54036
9703
51498
33102
51734
14812
28926
3929
54089
38649
22145
42892
34080
32442
5323
39830
7470
14803
12734
28511
55506
12732
24220
6153
48646
28523
12601
32320
24056
23547
35849
44977
49692
18032
3987
15155
31466
54318
8130
14678
28481
22035
28892
37666
48101
25948
27569
24767
30241
13938
39773
32644
5487
28884
37435
41772
56374
32440
26104
23118
40219
16535
37702
16995
29349
24537
31340
26938
26018
37240
31835
18408
53732
30474
46379
43554
57620
52706
19130
16532
14070
6475
9355
36670
21737
54239
5377
56406
32267
53912
30037
53050
9445
9091
7866
59238
18370
38843
45490
48778
21678
8609
53508
15182
51018
24669
31807
58786
35115
56841
56220
8845
48938
39124
38523
57376
39786
8464
40939
45317
58983
47909
44310
22373
5546
29338
25879
45303
17923
11972
17359
13962
29251
19878
39674
34239
39671
34166
57435
48166
16085
8941
58510
5500
40010
55930
23698
48470
50584
47716
25630
47841
53980
15446
47218
16997
23651
30172
7881
21000
13061
41337
35060
45117
24860
38765
49642
43012
20710
13634
54107
4224
43817
41452
14434
29696
29099
33314
29940
57208
11372
26190
15318
53342
59530
11870
30052
6538
23631
47413
22061
25252
6967
4160
40714
55877
33789
7034
20709
3994
19172
45438
10850
51537
26878
14244
54105
23723
37809
25929
53045
50141
28635
52331
34041
8131
13986
48524
33348
10213
25134
53818
11756
38631
15462
30769
4115
38582
22126
12622
16499
38344
9029
21987
53910
54873
14606
29460
52948
20227
21516
30939
24487
8057
9486
16661
15598
45161
15517
15875
33213
20533
20023
10259
43143
48874
49393
13072
32439
51077
11482
54361
17607
32406
23677
21280
46600
30377
31154
53348
57173
45962
39311
42419
39682
51961
23666
55196
25627
28930
57922
14415
44187
14439
41965
24261
46462
40569
3927
37535
39493
7503
46686
10410
46702
52838
55519
24750
25158
10207
32893
3914
25299
41382
25195
34438
59546
5298
41832
48602
4720
53568
21015
46522
42321
46190
4169
42426
21667
18706
42881
45704
25225
41009
29889
28790
56314
58030
54523
40785
26833
29704
12159
24765
11937
14571
7214
30925
25794
27186
17126
41804
56964
45398
53720
37595
42885
5399
41384
31042
3207
22883
3242
35403
13578
49149
10062
9279
44635
46860
32913
37699
42059
45492
15495
3478
36378
52392
56898
25763
44949
38614
30609
9958
55853
59400
15886
15540
30007
47236
11504
19865
8252
16694
32796
25123
41802
26054
57071
14214
43767
35643
35050
55003
39578
13604
37839
43756
9147
32882
8223
9104
35882
39808
24208
40657
25199
38272
24321
57278
45271
11407
21298
39627
12725
38841
34378
6511
53080
47701
21219
40260
17039
53947
30594
55817
56830
16417
25646
15178
14412
27071
45189
19944
25029
29518
4578
15226
22806
42820
30024
48096
42061
36328
8233
48982
26815
34989
17244
33324
35285
31279
4601
9858
29756
32969
14082
48480
45713
58514
37961
41937
36120
22560
33258
56148
49498
37223
6866
42365
53591
28325
42163
9867
36693
34731
52751
5011
54938
16234
32748
42709
8646
31735
32384
56043
42881
20046
44938
8138
36580
25736
40139
28480
39930
15041
24270
30224
29381
47030
46057
19164
32138
57221
27508
7733
55273
19176
24213
29963
56824
26179
33071
12990
18937
50125
7847
59750
27120
44874
32684
26492
46757
6762
37031
31128
53872
42135
14765
47195
32599
55258
21577
50465
49068
30836
48870
32130
46208
13954
10159
43486
51766
27232
8896
58536
34644
18775
40522
16298
6412
16781
37995
24052
27587
30659
20622
29912
41859
27619
31983
16902
27864
37843
35615
23792
55892
38286
18174
29803
8534
24023
42695
5305
53902
3182
12631
11445
27172
19319
48187
15453
6644
40918
53760
32245
5396
24242
5887
14449
44041
40060
34757
56320
46160
33131
52636
22293
48499
15452
46097
44503
20192
17318
32974
14959
3359
25630
15246
22409
25730
44993
29588
38732
28573
44769
30332
31669
14038
48828
37422
11337
15336
33826
14487
17703
50439
4066
23930
12195
57759
53591
35685
48876
22580
49320
57257
50781
14350
55223
56135
45321
4020
10432
22394
14195
50778
37856
55700
42534
19183
14323
21597
4554
6268
19597
53045
45233
39376
15447
47998
13893
29244
49136
10358
18934
15093
49740
12042
56487
19100
4729
41583
37219
39697
8223
46684
59432
51905
4317
9614
48652
13586
47089
7001
42183
35743
46972
41145
9597
23805
37217
51561
27801
39517
25577
36836
22593
46107
22727
41151
53328
28884
13983
30612
22280
27100
46082
49681
31153
13680
39413
29272
24382
31906
58569
37701
59769
18256
56388
45751
46500
42237
58731
15376
25087
55164
31773
32097
12137
11558
50127
25973
34202
13942
37814
26952
38438
45491
56290
4867
26184
23695
13376
42890
51710
39144
46651
30702
9666
28301
38287
59837
38492
4158
45122
41731
5361
40565
54009
23256
34230
24466
4111
28563
18331
5788
12005
33756
54925
18840
42845
21695
42741
26670
54121
33738
26294
31282
55730
8302
40856
57550
3199
9928
50178
20660
43204
22373
54363
45263
18409
36463
27718
53389
47578
15193
14671
22546
19384
59431
47115
6367
32889
45931
16796
51854
16120
49439
31209
4826
32754
6945
29921
29826
58442
25535
36901
19474
48540
18369
8953
31919
51493
7152
7672
6377
45837
10237
11774
14187
38337
46462
4656
38403
19039
20859
48227
53241
24717
34675
41073
32769
46585
23569
57253
49563
12704
17012
14923
14221
23236
43845
12357
13475
47687
23412
55771
34943
22006
13364
54044
43964
7433
32658
17340
50129
16947
17748
36993
22490
56752
28182
21236
19953
41102
25536
21025
45984
39859
45485
16628
35855
45346
55623
40791
51751
20931
16204
12224
38338
9725
53171
51257
23827
26990
8679
3017
30998
32251
8084
12571
31984
3523
59220
32935
17975
43733
31219
3058
22541
11798
52533
26006
13404
37158
58279
40429
40277
15892
17927
16703
3442
50819
3224
16802
20442
13763
36234
46019
55253
46448
44696
13673
5903
36366
54452
38165
19486
39306
14438
46894
31861
15495
20903
27588
33248
55785
48574
27506
56519
22089
21970
59762
32160
51561
52459
31231
53636
27265
7762
40927
5031
22821
20537
35586
35662
49234
49862
26570
51896
14235
22425
8712
31865
25255
46579
43707
32206
37299
52041
13695
27489
15901
24186
38197
4872
53361
33832
44250
44970
19893
41183
50991
36827
20230
55337
30926
57609
3154
25703
57219
45724
12194
6285
4957
9355
19344
18898
32561
50732
42147
4817
17227
21637
32968
34524
43694
3336
32542
49080
24522
13400
25138
16564
3440
36590
57578
42082
11248
22083
13310
32674
24577
13018
55475
7776
42055
20012
6361
57664
59365
33669
24580
19260
37756
18563
16284
56166
14885
22719
20143
18017
12392
18138
4896
14978
22711
33953
52319
51095
11427
58860
38998
23338
17469
10528
31925
39284
25694
10506
39044
29503
6908
5136
5280
44683
36094
35613
50520
8314
10241
38929
23865
12122
55436
54019
55974
58165
42045
30823
8303
39706
13924
25456
58568
31386
42307
8358
54970
34239
46134
40294
6835
55489
28979
7423
28326
24521
29856
3771
33531
12942
51174
19114
21873
48021
14154
51801
16173
8626
3727
21548
25488
51794
16781
24596
51012
23716
7760
32768
15133
40170
52120
37218
10288
23691
51192
36846
53444
29757
34636
9200
36261
56185
42882
13780
10760
19288
42143
51146
10111
27244
10785
29649
45769
39026
29075
49279
9492
52390
29121
24567
31336
33991
53599
17505
25626
52966
52360
27059
7660
24286
42249
20267
46756
27260
28612
5215
9140
4238
47776
27636
37616
34480
23804
45770
43468
42434
36614
10955
3346
22978
54865
49814
7091
29773
16411
38825
42327
40848
11014
33068
42201
30367
48009
59089
14850
3262
7007
36362
40160
46656
58810
17625
32865
25616
52320
11940
56374
23529
35552
11561
54757
34484
49176
25123
34276
27631
19608
22177
50985
47979
37258
17003
20457
49170
29573
16252
18211
31115
20933
28573
29758
12401
23102
11050
8863
22630
26699
11595
10677
54378
8759
36494
28607
58778
10569
4890
46874
29326
3290
54564
3641
51789
4131
35531
26548
10615
6348
7808
5888
53460
34107
44709
43254
9995
22929
31185
11508
31644
12825
5380
43765
47382
49256
53472
41922
20926
7070
57793
3284
13826
54627
23856
6113
35749
24371
29060
9969
44955
46278
17875
52190
43780
4946
23931
3955
8839
35248
55885
29283
28901
37565
23674
50199
8738
33852
44661
52045
34701
38703
39846
37457
38419
11369
21068
23877
27237
8680
33722
26946
24335
20740
21273
39070
17078
18485
35659
21886
39545
59813
37618
47830
51141
19765
56337
21323
29142
30691
53572
41723
49356
48186
36356
41285
31386
23384
48820
14705
38904
7521
57568
32027
54334
26709
23236
25286
41161
55853
27472
10544
53785
31021
45333
14716
48543
8441
43329
39876
3948
20861
3132
51039
28978
51166
40606
18391
44620
4518
14326
33242
49479
51619
5715
6940
58450
6390
5379
43304
49279
27861
52612
31107
46101
23833
45118
41984
54034
52186
37031
13483
42820
8466
35125
57197
18559
43762
19497
29845
36154
53298
34779
14281
43155
12149
51502
23879
30322
43153
26896
37865
28995
16638
39005
20530
3941
43521
39664
43003
7856
17090
29710
50020
28189
48710
42188
40560
51321
45954
56461
21965
7434
47659
29242
45561
41279
9160
51871
21655
22487
23474
39933
54279
15801
14399
31802
6641
30986
17608
34245
58954
10092
4679
38858
7763
55753
49250
11679
45428
58826
53787
17243
36571
31006
26801
21725
45049
38847
3462
24704
20414
14248
37709
24933
34295
40033
9785
11809
56714
42591
54817
27292
4079
16893
49981
41881
16084
38716
48848
18116
28037
43996
12233
58496
24745
57110
27692
45293
26977
6528
47158
52896
18021
43936
49889
21153
12080
38659
27903
33833
37993
52859
53652
7483
11951
27858
35321
48774
22309
12381
28477
49583
51903
36234
19631
16237
34400
47057
45899
30557
29006
38444
35278
21574
43138
54961
42002
49130
6070
20151
36286
33812
43394
25386
27076
49736
35539
19737
29215
36726
20689
18141
55901
44446
43207
55033
24388
54782
43250
43642
59022
24163
9472
3910
43627
38053
55332
57663
38461
5501
26661
13869
25596
6107
45298
56428
23936
58419
44850
51223
55719
39636
59346
51361
23531
42302
37691
38921
23532
41541
57565
31455
55934
31343
20144
54967
16689
7769
24696
56028
10684
49280
41122
36305
35096
21312
24396
17034
55650
19556
16222
29138
13906
34496
51028
32585
37103
50905
48723
19301
14704
53800
22663
11638
51774
34016
35787
21548
38006
53908
13018
17396
38312
45922
4419
37594
41583
55052
