319
37157
19489
10782
4548
5658
7020
14501
29643
28433
56690
37526
32632
55938
40798
31557
50686
11748
42905
13921
52349
54756
23870
17890
16420
47390
46450
53160
56781
20912
17923
17087
31981
23488
42695
28244
12497
26507
23035
41051
40657
58435
53653
5508
48440
3214
46985
57745
44850
52934
33035
31143
21337
29370
26727
14293
55532
31865
49083
17221
56576
22262
3650
23766
30742
26199
45103
12734
49194
3356
13689
22381
23239
44668
9293
8351
39945
9479
8895
44860
28108
10321
39198
43517
3595
5660
42921
54906
24946
19717
26893
56723
55857
59636
22052
9889
26773
7293
19263
44012
48199
15237
54741
16676
54217
57171
44202
47816
23051
8493
52349
12322
53184
32560
59234
53734
41270
54853
28808
8308
18977
5235
8106
4816
45295
7628
18349
28015
5264
21466
48430
47247
25436
42592
33130
19780
48197
39043
53489
16698
37172
31260
36088
49439
16876
41633
24427
21943
55402
24318
57785
10881
53685
58704
16026
25921
12155
13106
26715
41241
50565
3829
17587
46028
50343
42025
50423
27772
40777
36455
20848
4830
33806
56643
7772
53805
48947
32894
59544
29993
32281
34602
47928
45578
13532
10012
55138
44765
15527
38998
39891
3991
17555
27024
9713
22835
48898
26586
23012
25096
50010
43780
46155
4630
49216
46542
18579
25212
44989
29602
26640
39895
26107
20173
26116
5020
46650
15446
55910
56875
49585
37251
33992
48060
48883
17996
7390
22931
49931
50979
30712
26274
36992
45960
56472
4812
25801
38520
29749
54940
5209
40035
40641
53016
30881
10440
17583
46923
35579
14005
25494
31195
13299
45607
47387
4647
28358
3561
23434
43096
7783
25490
54798
25874
34406
31537
7271
4832
12109
17306
34712
49050
56166
29261
5026
15802
8746
59825
18338
45288
40199
19451
14638
21049
19108
35187
19437
17779
14776
17388
28073
30721
45801
44889
47004
10135
6360
19221
24037
32966
51485
42680
28302
18753
36949
54580
7908
17820
34645
20342
51139
7623
30082
14281
35996
4468
20514
21191
8781
10255
