2042
45779
6250
46044
44166
42728
22371
40355
54823
59382
33822
31482
51704
34579
5075
50897
54384
10207
16845
5395
27345
25223
33151
43082
30045
58838
26137
25410
5655
39884
59162
46807
42930
52707
58175
27393
17287
29237
52075
40195
8577
54736
12854
4045
44040
12441
30623
26649
37613
7896
26634
5471
43523
19220
29013
44545
12460
3524
12402
50717
44656
3077
16549
3087
55796
18474
51998
8909
49766
25329
41702
10314
5554
37366
14905
21390
42373
52754
59990
42916
20207
43562
18041
7035
20306
49952
54196
29666
18665
39119
46112
48490
12204
7259
4317
18829
54946
28030
55706
31527
50301
15424
45264
43393
39032
41691
18136
18828
48828
54407
56397
18233
35765
11111
21782
28076
29662
22782
31783
29153
17332
17490
12384
36801
34440
58090
19166
47207
33872
3904
27336
29541
27280
28789
25378
11796
55772
33680
40340
42924
19092
56357
9495
29933
30300
26228
10377
30431
26148
29415
38907
44896
27787
35160
47324
7504
49986
37996
5417
17676
34397
5177
7155
3430
45323
30205
15691
49237
13347
7542
5612
59376
37876
13140
20727
44440
41912
5367
16677
37343
45922
53390
14108
4584
50536
24117
42119
23622
30935
12195
38478
25987
53415
42460
59769
14862
37740
3363
58295
41883
23521
35824
59611
35767
10983
3345
41478
25614
57658
11530
28627
49698
44627
21994
6466
53451
28908
9332
32114
26236
47531
23076
56092
43346
42594
44507
22267
35319
47092
34357
13020
8160
19515
59233
14420
21269
50756
13717
52394
16542
36653
17059
18426
34172
15835
8217
30162
41156
55239
46796
27245
30752
4598
15894
5565
20096
8815
29442
15189
19275
39231
12712
20155
48778
59514
14785
17620
34246
12521
5653
43724
29353
54587
40760
38314
40284
37088
47248
56457
27758
13744
19538
30485
48139
16109
24442
40362
3283
34525
14110
16607
6942
40300
43835
47019
4218
7512
15609
29404
12908
42612
37289
25242
12997
29138
49034
16960
8675
48258
45781
24114
52537
22698
9266
41942
16074
11803
27503
33831
10627
39217
6585
8741
32712
52263
10641
53095
55041
40798
51672
50220
18249
36262
8401
3707
29717
38197
20083
13208
34394
25961
13786
46151
40440
51873
11171
7540
52973
7461
8177
27074
9367
37123
8873
49487
39697
53226
38152
59959
41285
48918
34452
53739
23523
37218
36894
52320
7327
54440
15449
32843
27695
19912
44891
4005
50664
48961
5605
37898
31415
50944
18363
43351
15417
46370
32138
5299
31088
7126
14014
3091
28952
4202
54384
59736
25317
16455
11989
46076
44858
22154
49274
38202
58587
55960
52236
52061
51155
33548
23156
59253
17235
14750
40355
15516
27147
37778
20495
54370
26199
20216
39127
32901
6716
51401
16141
11790
52068
24405
48377
42554
31987
46415
57490
13785
53477
9681
9137
26844
26992
35978
23627
10657
40843
55265
30237
47662
16064
47146
58042
47709
51466
10537
39600
21645
32390
17342
41721
4424
13458
50497
10341
13693
27062
22818
22159
23415
34598
35942
11972
45849
24760
39138
19497
33005
53176
5233
57930
17813
44775
56541
27696
18683
25593
57682
56231
32673
51222
8240
25640
26830
4567
40258
24041
58096
26906
28339
58306
10421
44940
52459
19918
45352
50387
24218
47086
39178
55285
28019
19326
26505
29614
7797
21293
36474
21030
54931
29344
34104
7346
22331
49992
21465
12694
10889
28790
20310
40674
30597
17940
28428
26662
5656
16388
30659
24136
31357
22849
50143
20789
9511
13746
51818
49226
58087
28080
45548
52877
33412
23211
53763
53405
13015
54739
23865
55283
51022
5163
28317
50916
7520
50276
36844
13306
52849
6877
56209
11382
4686
55533
12869
24466
4798
20676
9212
52180
42992
37468
6646
30873
4193
22434
9538
33632
30963
26233
41700
14918
14777
47631
41029
7532
51988
17520
23438
34217
33022
22054
32011
45872
19209
43788
45830
5672
27321
24106
3453
58306
27998
50130
9016
6663
55144
29873
23108
31432
18078
5771
54109
40342
18131
45558
23320
26289
3052
36442
24857
58949
3749
16968
52664
35473
25378
22858
14350
5508
14185
55858
4955
40434
16920
21915
20643
31518
10603
42848
26750
17239
9097
48825
12009
18973
15509
9964
35389
31220
46722
43525
17728
25696
33000
3978
15242
58767
34821
49960
40890
51444
31508
5239
19002
34688
27438
19578
35495
17019
54112
41628
18946
27567
17242
53724
52363
31349
43271
35933
38181
19842
42121
37555
10096
26263
24260
25158
32103
31419
40792
5016
39229
41891
25120
29153
46459
44896
3478
37012
20101
56867
36676
24780
34439
36254
28118
30473
21973
37160
36466
25316
4486
20753
24579
55227
28436
23283
36264
31911
4232
37392
31942
31179
6116
5125
35133
47894
50529
32112
58207
4791
43892
26385
31185
10443
44131
28293
30453
58210
52642
46171
48581
23110
57615
36170
12821
57583
53027
16112
40153
34644
59314
52917
12802
53065
50119
41749
11571
12595
18814
26104
35389
53860
13289
49290
22742
58912
10456
37258
26438
42501
52801
16223
21211
34192
52326
29389
37907
57557
16388
7512
9701
56615
39831
27143
21784
23096
5493
54288
36363
58430
40033
29962
9897
16544
56694
19446
44044
32258
7228
23384
28082
52544
5956
4886
32057
53903
30738
35705
31658
53930
27576
43655
8668
40429
22739
43743
42686
44360
23156
14198
46241
32213
14536
16417
51361
45297
6879
9658
44882
29327
31793
40881
29402
3278
27507
49257
57113
52494
38138
42729
24358
4883
12890
29388
53057
49517
8404
54587
5047
19936
37536
38766
25983
46917
24437
28709
59237
12600
50782
35801
3774
21405
25794
26638
9754
48499
26648
46295
58936
17547
25087
58502
13197
39606
12468
15026
15351
39522
51209
19627
20732
25512
34199
32665
45285
22178
6072
36461
20311
30528
39427
7292
3326
3190
19392
49276
58224
25105
22875
16169
7039
41001
35499
4204
14845
30816
26060
34025
24046
40641
48279
8958
33650
14585
57205
15279
16524
7278
28396
19087
45324
40991
59615
38308
7142
36197
10175
56815
47669
36612
44029
59804
30474
28538
19264
12415
37607
54128
28152
30849
47089
25014
58258
51233
34961
36443
21231
15917
34706
45908
24700
27193
26507
35572
15172
36476
7941
8015
55476
56110
3865
36971
8155
59809
6341
7344
55364
25550
34503
36823
55040
20163
57786
5629
7708
53856
47423
21280
22244
32440
33308
48929
6139
22917
42756
37368
55596
26540
49772
15892
57510
15112
3057
34145
9864
42938
8139
7338
44843
17022
36392
58823
46016
58645
5690
8569
30469
14872
17860
8144
46179
35269
31997
56051
18249
13994
25275
8761
55631
17570
13507
57016
6632
12719
36708
9200
45680
37965
56514
54141
12951
17262
32161
35791
32234
25704
38406
26391
57197
5544
52510
9808
3049
29486
24842
21876
47934
44443
30525
51048
32588
46679
6396
34158
26737
34148
17067
44224
54508
53721
42519
19060
23249
53252
33138
34420
25122
45746
47646
15104
22957
22822
3526
39858
22084
56101
51275
14658
5323
18510
16617
43312
6366
38757
41318
14125
47446
12567
40752
41448
48639
34069
11264
43796
51483
20777
39757
16749
4418
16668
44297
31904
49610
49559
9610
33293
8070
28416
28666
49914
30364
50928
17433
37746
28723
20385
16606
47100
39394
52739
25778
14622
46134
8492
5985
10696
47842
14390
41782
53766
49125
7059
54137
7330
57885
48666
9561
49942
34758
22211
7029
20102
37707
44704
28361
53286
39214
18253
32835
11458
54973
55596
34355
30099
3467
22119
10403
54632
13023
51374
18939
15405
28442
6821
19827
19935
10622
16079
34906
50991
37427
43594
12787
51444
4508
50063
21166
19409
32445
36675
24974
41926
48308
50656
49058
22499
16674
33540
36717
16607
10417
9579
44662
23228
19414
50205
31836
14415
24747
52348
31172
23239
49127
46410
52240
46734
14746
28953
30836
36456
33675
54663
8820
34729
58551
38425
10759
30700
56190
4908
48760
47559
24365
34470
26895
17590
38783
41493
52539
46635
15323
29116
30265
21630
46328
54912
45463
9624
6063
54378
12123
25371
50253
20448
42012
57570
7832
36782
36976
40116
18014
23560
55039
50723
48252
22555
7519
30704
51731
8187
16707
12039
45536
31313
35038
41555
41686
4526
43067
4214
17117
18725
18791
12112
43507
26138
15614
27985
35588
27020
17922
30748
3750
39762
10465
5953
39177
23022
45417
23170
41004
33368
19241
18217
4614
21916
19967
26122
47406
3874
54951
49383
34557
11700
16695
34182
41112
19759
46048
26730
33027
32992
15517
48576
15672
17472
20213
4232
22047
27360
50955
35667
56730
17593
39113
42555
6747
17087
50444
24885
4356
33052
4709
17745
39793
9204
20815
40478
8045
3942
3265
31895
41610
18692
19213
30838
30005
13169
50392
25509
48520
57799
39670
54759
21172
11334
48241
58492
14354
39895
4381
41723
19583
45273
53495
57638
55027
19372
59794
17509
30816
24513
53233
26247
54890
18189
52804
36687
17079
24619
52936
34614
3720
50961
23167
33003
58251
14828
32584
35973
49140
56862
58251
12530
10584
52155
24030
34887
25760
16204
17794
52130
23799
57637
45319
56626
57279
6988
43763
44769
45584
23034
39288
49910
51827
45405
55310
58134
29019
7462
18112
15449
10601
52248
49183
49165
49722
15894
38428
21921
41253
48703
59211
24648
20804
44475
44292
51929
54988
55358
31699
14656
53228
40445
39976
32902
25522
23365
57867
54145
38427
33882
21188
39684
20103
30988
24622
57009
59100
26176
6116
6825
56426
23165
42283
12598
52076
37965
43326
24862
51314
21098
13793
44116
10269
18275
28018
57815
58862
14491
33884
22447
20328
19032
45841
30570
42701
29919
4755
51065
26522
58101
49497
16921
52512
12445
22062
49716
30707
24356
15243
29426
29823
54401
55495
51776
15843
13397
47463
42788
38387
9658
13826
10694
50048
52437
10929
43582
48863
17650
57042
59284
30037
33305
39872
5947
35021
26112
4764
30822
44330
12758
54066
54186
23116
53272
18280
45351
50061
49214
34652
33600
48528
20385
33060
38693
51731
46166
37231
49683
30327
41958
56809
36924
39303
17988
55813
7278
9070
37084
29215
42875
54081
21087
14636
35964
42382
6396
24607
48714
29601
11302
41284
24605
11890
29220
31787
26324
59863
19896
30151
7234
35122
58844
53818
53965
15797
36638
57695
15397
31994
55325
54179
44284
12979
10100
9322
7147
37887
21839
9208
46757
18519
23125
23424
7199
55181
41225
12103
27249
21327
33520
53262
29257
49568
53178
55001
28365
8119
33679
49710
15020
39493
26984
3985
42220
31556
6167
57119
37620
10573
14406
49313
40852
3586
34085
46190
11334
47089
25179
50712
28715
48505
34278
51748
34908
4626
24228
43867
19210
28763
12865
10783
42340
57386
12644
43849
55251
33170
25323
27125
3688
42509
40511
5762
24122
55967
43410
4958
25667
59183
40076
32357
42686
49109
51610
45579
17462
19974
6224
28228
15862
27809
31563
53654
45135
33412
13429
40962
23580
24915
57452
41967
27484
23097
40315
26398
21856
42449
57616
59657
58460
44333
22864
24484
37315
19628
10087
17246
46002
50500
15183
34951
32002
4286
55512
34811
42338
13657
21657
55701
36908
33470
17976
14241
41122
32970
4234
22822
41267
38918
25621
3990
29151
53283
7507
29501
37649
51568
55403
44875
17312
19280
56350
17634
15243
54979
31850
29293
30825
11890
30352
58202
7825
21726
50905
28382
23147
59874
53393
10576
20846
18968
9855
21676
52891
45595
28181
33846
29449
34610
19167
58234
9172
28490
30901
49354
26339
32732
17196
11324
22028
50708
22417
55598
33573
58732
12744
40940
15920
40495
7437
41736
37108
59167
13584
8292
20976
56792
35651
34449
14931
46538
8699
21565
30969
34553
21013
26889
54436
31212
5024
17803
51279
36681
13123
4408
25647
11107
35816
11982
20023
32851
9145
32383
20794
36938
27184
53278
21225
46835
40689
34168
25353
42276
19915
15060
8523
14448
24137
10119
51453
50923
20065
46351
19582
10579
34094
6008
13112
10933
49046
28224
8721
34583
57625
56900
34426
7430
55009
29868
31679
24312
49114
33598
47331
11421
45242
7907
21770
58883
20772
36696
56524
50017
42689
32466
7023
58636
44393
37371
28552
10858
37489
4038
19522
13913
21001
12439
54032
18358
26841
22964
9429
48313
47005
6453
12810
17594
10696
12291
27642
27413
32972
35527
24284
12037
46335
8258
39515
4010
36390
6477
43420
42872
48405
33591
30301
5548
4408
6562
27961
8530
3162
35481
48220
52489
51507
5390
58207
37483
10540
6769
46900
54923
48281
32790
45544
48981
42957
40914
21073
5329
6261
56621
4034
25744
59432
9097
30871
18812
16107
9849
3959
32499
10572
3269
41795
31823
49342
47640
36184
23549
52075
42710
34599
38227
12035
49220
52593
52272
31519
33660
17396
58517
28427
23831
57830
45229
50074
32275
55868
4400
52721
8123
33942
54159
47969
58896
45963
57284
35318
4296
41294
19378
9159
53784
25909
18409
4682
47225
34699
17770
28455
34046
54207
46557
54744
39509
11396
3906
44979
45960
48652
5225
48825
41438
51664
18430
51392
38386
47757
11122
21904
48687
33905
15509
7159
37258
9836
15972
20900
33401
27211
35476
