328
30397
27129
6488
14437
21798
34067
37303
37596
23557
14953
46284
8838
30523
51960
40515
28567
29270
23366
42417
40026
7536
58048
6350
29031
51841
57313
41411
18579
32259
43520
33975
42078
19591
39094
37251
30352
13589
47991
57958
43887
21320
19446
26541
57303
47072
44186
18443
29092
26450
20872
48009
3293
10754
14816
13315
34884
5083
31085
40756
43935
54958
19944
54577
47426
14364
40343
25259
20337
43620
49805
16275
19646
3018
30235
47801
22923
57573
11191
51028
55126
46150
47631
20312
51561
4338
7199
59223
34392
36352
11194
27945
54525
27140
14803
59009
52765
50597
47552
45909
45223
24221
52661
30792
23350
34359
10063
25754
6736
5487
44761
12635
47991
16473
37805
49066
22707
14045
35508
57316
36451
35449
56623
35312
18741
18390
32514
7210
56902
41149
44903
34876
54503
55973
57231
44500
33784
51260
38400
46689
13922
44073
15599
23240
3131
46448
53271
46167
56895
29537
53307
42768
14516
44751
26247
51420
8475
5329
48493
29549
41937
49324
19470
47804
32297
19011
19166
11932
51067
19430
42351
9139
11021
12273
14238
59722
37243
29509
6789
15106
24280
35605
4041
4831
12337
39799
34391
35246
12386
53153
46710
16447
36161
59495
56461
16265
34141
24240
13308
25542
26116
16312
35453
34051
23375
35990
27994
28807
20829
39866
47628
48358
18513
52755
47107
38044
29499
8136
52557
50986
12517
4992
58773
32775
39487
3550
16657
38913
42731
58765
48352
39899
52078
30986
4668
53384
49298
34895
23341
8747
11753
18804
57394
53030
41149
53815
56684
29352
24106
7534
22733
16543
13923
47483
49870
37828
25420
51584
24885
33752
27458
37173
48054
59326
37919
54552
12837
24321
25036
47785
40632
23765
38755
44875
12692
17477
25006
32795
48233
33169
31239
3579
11133
18733
50948
20003
43025
37284
28588
57129
45499
32140
38519
57721
12126
11652
43819
32036
52813
22260
28949
26484
18173
21454
14528
20599
44119
50535
15982
57578
36873
28848
12838
3970
30592
30107
32365
24409
59870
52624
10996
39143
24306
54936
22694
30574
13546
4501
4789
