193
17262
35770
44825
45088
55276
19574
4104
36925
27396
17034
12819
55135
46796
36358
6953
35318
27612
46282
43927
17576
13714
36051
22557
9025
27527
36453
4166
56099
9864
34787
53790
23803
43067
22911
5058
37750
58462
34389
39516
13531
13850
59329
49293
48563
26165
19942
18461
29698
32626
10015
30624
43946
16224
21508
32724
12360
36937
44255
39789
25190
26282
47087
58289
21378
46423
45589
24351
55705
19311
43027
44993
41847
19709
47456
6410
52081
59063
8724
43349
32129
41817
42959
36062
6209
59587
59075
44094
24399
46342
56820
59693
59192
27145
12003
22157
52146
38490
19284
25806
19394
17881
14419
53705
44487
22142
3358
33648
10094
49695
9619
41171
6702
13196
59290
15851
20621
40191
7903
26275
24306
10342
13810
20402
14793
11031
11352
8505
22643
56240
21647
11606
19857
17542
45339
14886
22105
59272
30761
23158
32100
32949
53028
10944
56767
16672
12002
44588
36083
22380
5103
17015
27922
52361
16926
34648
52459
51896
31128
29987
24904
47490
22067
15641
12143
54743
21369
26821
26643
57443
34141
55183
47951
12598
6273
45641
27885
25420
39774
58096
12892
4515
21036
53592
7877
16223
23488
49864
48932
12258
30412
19229
55659
56613
