1060
23205
47141
28462
51748
28363
25865
49800
39778
55521
56152
13080
44171
37308
27912
6461
50329
9847
40826
30320
14368
42940
41649
57005
44859
17338
14205
55498
17876
23412
51141
41317
59492
28684
38125
54086
23221
45225
39838
21153
52300
12683
14422
46533
10360
15180
52166
17866
35162
41348
58654
54672
7554
23265
21634
17340
32346
41942
51647
32622
11111
3325
27720
31114
51102
8069
40002
39451
48740
17354
41686
29386
6365
55650
58244
56789
4717
24554
15278
58855
35078
31407
5782
19858
47884
41767
47592
46935
22184
53128
42574
30994
12843
24434
27352
32011
41102
22471
45884
36854
16576
9583
15337
58143
51710
8086
31286
22387
33577
17081
48076
39481
3233
9562
19542
12462
53766
20744
26911
33788
13097
6699
49178
17443
49819
15663
50497
15660
20760
35990
24840
13728
46556
4507
14603
46101
27842
17702
13790
32137
32992
45080
53504
39346
51199
43157
24867
59985
39160
43974
46086
16707
3477
31484
22713
15980
16728
21153
54369
25219
48468
44002
39904
41706
21709
44833
36193
25029
41101
38422
36769
15603
50534
7253
27478
35768
11886
56023
24247
27885
19959
17111
32785
5852
6079
31258
33490
53076
24966
50296
55440
28253
17119
6141
33277
13463
28121
21535
6163
25556
43609
3925
50091
4173
25525
12498
58237
24981
20196
59027
3243
31769
46953
20831
22415
45032
3856
7694
55447
12872
51419
22643
36765
35674
44404
23740
19921
44856
8351
39621
11009
30707
56899
35093
32949
39703
50056
56102
7462
11321
17824
25453
40447
3648
50096
47055
32558
39631
55952
5769
45841
56447
31844
58121
49656
28331
52224
13829
38483
36216
42030
52568
5227
56803
29262
18694
6752
48737
28680
49851
58813
10057
49336
30658
17713
20580
33448
41100
23855
45810
46888
13121
35737
55250
21470
9874
8957
42011
37304
17606
34750
39502
9283
54812
11474
9926
39102
55120
11593
47168
43936
43947
11795
31359
58416
31388
10134
30010
45658
54984
53159
15066
5561
33332
19916
47583
22248
19822
10366
38226
12953
34181
21043
44383
4681
42776
34725
33939
57952
25531
18358
40928
38748
52747
30006
52922
51791
26287
17059
44979
15739
54682
34180
46161
49499
49848
4174
56405
46991
26951
58196
46753
30330
9037
18583
8647
52228
22645
19226
4037
42355
24161
42075
6583
21509
18400
13794
24948
36701
39573
10108
15377
54745
47134
50300
55974
35203
30396
30817
44894
30218
59820
55683
58510
10055
42869
4101
36235
5957
14409
11786
5408
38495
52441
26882
46899
28095
11950
28528
24175
17936
42091
44732
6524
20763
36914
31737
24806
48896
28117
25845
59645
57042
31747
21624
33364
57890
38366
50089
54824
28456
54396
57922
39931
10870
59003
46354
31361
51747
23174
26230
19864
3536
30816
43055
40231
55368
25750
36616
33565
33211
59122
34408
18003
12634
46686
34056
27682
52318
59971
24153
3779
27756
17640
31481
24582
38639
34893
13706
28029
39878
29500
45618
26565
50841
13918
17971
4798
29413
48128
33595
20645
48642
36634
25653
4429
37682
26170
16397
32153
40118
21632
12151
55635
37213
10257
10051
28808
36308
26575
9437
23376
55133
33428
36253
31984
18435
31486
42160
56078
34831
7517
59401
52246
40616
10737
7155
40024
6754
32255
26918
41354
17393
39706
20168
44227
5337
25747
35790
54253
3119
52257
14355
43289
37382
17058
9845
9305
40183
45649
14517
59702
30808
19120
37060
56862
34894
48526
12262
28205
19738
25058
28771
31771
4907
13500
4145
22445
3424
13209
22283
21659
29924
40654
4754
23114
38120
51100
42411
37496
19211
52231
16466
9500
16951
36552
51217
9431
47677
52363
13328
27128
25818
54690
21669
37162
38296
50159
57890
15037
48810
42588
8997
46399
10104
40161
36052
27395
37568
21680
20057
29769
19946
42984
23473
22253
58036
50022
44261
35077
18962
12126
6499
4541
9974
36916
25576
49224
43967
57593
49114
48349
19301
8081
4685
13177
41312
13621
28498
40616
39614
56055
48149
5009
18952
48155
36047
30787
20442
58991
10209
52849
28456
35369
8577
54703
40090
42608
43143
15778
57461
4530
25366
22334
7037
25833
41694
4260
10906
9126
23996
31031
15378
23921
9686
53506
54665
27253
26689
37746
43893
17183
50733
54604
42281
37859
43537
43933
45157
49856
24763
37685
49724
33606
12464
49667
52035
36779
5245
40340
41561
26813
12237
15717
47551
35599
5516
44323
43714
36961
6356
50825
38843
30711
16239
51598
45893
11636
31546
16667
54261
46302
45692
7718
19717
19489
50502
9737
19941
22021
51072
14617
4981
49965
11639
20244
55205
19586
27910
46431
20300
25609
44004
20175
49247
47181
48788
4303
22993
17235
46200
12300
23843
22772
39484
46662
27085
19412
8038
38239
50875
17838
57304
36040
28259
20917
11153
42555
22951
53891
23760
47391
10589
49882
56946
7076
34313
48931
41405
28783
28792
32512
6528
47876
7342
31612
28350
19889
17438
28317
49046
35795
43625
44372
14468
23184
7474
10470
36992
8768
26202
40180
26462
12157
25135
42097
58041
38237
3949
6255
32900
59669
7631
30712
28538
40165
24553
39620
33433
23367
53357
15942
42359
4446
54911
26311
16705
17427
24790
21909
23323
59830
6228
43418
52145
16515
5728
36335
39037
44356
42066
43620
44915
58499
58013
25987
48950
40191
27975
6317
28889
32174
23006
48242
49779
42930
21540
13662
46566
17534
34441
38103
41449
26654
6446
27846
5848
47666
7209
43067
9332
18306
7072
58581
15243
5457
4449
38019
58271
20143
44383
54268
58802
8996
20507
41123
47184
27499
59427
11895
47528
15746
53688
9405
9222
56139
22581
4611
53728
57068
20951
38902
14330
26819
40234
49350
58521
12916
21046
59762
19829
38463
32260
59679
27378
5967
35913
25077
27837
14247
57135
35028
19781
52608
27341
23246
43223
58244
53426
21573
4281
30864
55475
34021
4853
10417
43024
3111
46115
19205
19857
44924
45584
57988
14534
45357
16488
6367
59760
3044
48088
57660
28483
4521
51004
4841
55130
9732
58354
51520
8433
57441
27896
23934
7722
5234
30341
42475
42478
48723
26347
27299
35850
21353
21098
22755
43475
56015
16060
46226
3233
59260
47237
10639
18234
13861
53286
26859
51668
50250
59260
29612
57119
9557
23595
16443
34348
41646
59946
21245
26074
14629
16121
52504
10956
17691
52292
25286
14070
17390
8468
9453
6424
44834
55858
49843
3450
55564
44536
45232
43945
47305
50867
6288
40100
33092
33368
7260
54981
31001
45455
25588
14840
26912
49781
34689
56246
41614
27994
12446
16581
51560
30193
21243
24223
8744
9690
55545
28167
28687
24592
41424
17489
52812
3533
52826
12387
41956
35027
9066
39531
56204
21002
7500
47410
17125
32802
10375
59076
16693
15462
32767
3368
35793
13984
41784
59184
4655
6812
53860
15864
