1370
12009
15133
52205
55431
22291
59069
22750
19269
14693
40589
43478
58691
44582
31511
15179
38233
8446
57426
52613
40423
55161
54532
5412
23462
26926
6947
36981
19691
32845
44897
57583
41576
26115
38388
41748
31927
40795
51895
51990
45245
54097
43202
20088
10767
14601
56880
41349
58505
16386
19947
25745
17612
44130
49655
32197
14284
42278
30015
33374
29582
43166
51041
59298
15774
25308
13182
36605
6020
30487
26404
49562
14271
29213
40292
17202
45674
16933
34866
44113
6521
55309
28162
4516
48241
34149
56744
42684
12075
19249
5346
31487
32671
42458
27168
18966
52044
21589
5461
27209
14990
11119
34611
15392
10345
43415
43459
42249
46632
14700
42649
17174
28073
5996
34571
34748
57295
11612
57477
19519
13305
39444
56766
57311
40410
26727
5185
15966
10968
25531
9727
46286
38769
39287
45617
52221
26814
46857
58983
50546
39455
19398
42634
49171
16167
20602
23335
18562
53853
32535
43396
33577
5229
43811
47608
41398
29268
50567
53054
50800
58829
59486
3760
19674
38080
29533
41127
41701
19845
37638
59236
33979
37953
42169
14323
6817
19727
45174
39804
9366
18996
44751
12910
32045
31418
42326
7118
14134
11208
55398
31366
57194
29724
10211
13926
48751
11934
24821
34627
51061
4876
17269
31006
16669
35150
26458
24527
59517
29489
18373
4087
20392
4273
25264
25405
38203
13415
19820
8469
11419
16770
53654
22449
40460
37461
36238
45699
51547
37898
12846
20473
12932
45999
52707
24938
30722
48633
24741
36523
57504
24128
15661
8350
29597
3413
40106
24128
41366
39674
46505
32177
10926
28633
49982
46079
38222
14949
47883
45142
36919
52958
35897
36039
3014
20177
57934
49598
26274
50515
27578
58633
23042
17206
11273
55925
28177
36331
55794
33511
4039
13191
49224
50351
15724
38396
27332
37831
40872
40640
34249
7835
14266
34990
39136
17150
9990
28470
17735
55798
6399
9690
28543
11495
20998
38796
40840
31471
38781
15542
55005
58592
38610
29307
44897
49746
47061
44579
14701
30673
20681
44983
20528
12002
54005
25726
7778
11343
34099
37408
59519
4863
20118
49501
42543
59298
10309
46935
53778
45732
30749
58328
37580
34227
22099
4554
54718
50041
4551
14029
24848
44358
48138
39297
44989
27539
29437
3211
19117
28442
35968
25247
4642
12249
43306
30324
51045
54065
55829
45525
49625
57672
13909
40341
47529
44239
13214
7083
24164
54348
51834
3169
59308
37679
32390
9487
50851
52110
30180
24122
51277
4104
44993
16338
13427
43415
37759
58846
42483
22795
23543
33341
53925
6539
9624
28870
6670
39433
53299
7084
49074
31519
41701
52730
32719
38346
38174
22084
44132
33234
41116
51680
23059
36760
38388
31174
42609
19538
27442
36945
3913
38308
8131
53986
47359
14463
36271
30582
54600
21749
27291
49708
39990
5250
7167
51051
24906
19142
39407
48362
25815
23278
14742
55565
27408
39089
26535
28288
29885
9480
13380
54649
18619
11614
12867
25335
23406
11477
56289
4055
42860
3818
51441
49191
47399
59327
28529
47587
30110
39371
33390
36414
28861
48555
21707
24308
27849
59834
23436
32293
39825
3687
54588
8987
18655
23245
58626
3060
18024
32759
8900
51991
13929
57813
48930
19891
19377
44282
28089
29449
19766
29642
14710
32150
35675
51931
30392
13448
52309
52889
20834
47475
16396
56672
29003
54585
15230
27909
23075
29584
41246
21784
53567
32203
53756
33661
33862
49412
58107
59503
50926
14632
54503
39721
20408
35036
34272
57979
40145
49299
44437
58329
13115
9053
5962
36145
41035
25985
11676
21651
42894
50910
6619
14435
59451
20851
4042
47353
57522
42905
17134
40873
53067
54527
8672
34672
57301
58928
9038
56857
13371
32173
15572
9386
48470
48963
49686
31044
6023
19637
40285
41245
21528
8500
48656
18259
42547
25600
28688
30156
26423
47956
18345
28985
10175
3896
42186
22411
6379
21994
6660
14256
50031
35538
55914
19086
20514
50001
8377
24703
17798
48557
23124
52545
16852
49329
8751
40437
40648
46355
21019
47216
40117
31687
53863
36338
7178
37172
27791
58714
40281
33912
26341
44194
35071
24084
28761
34443
55276
48010
58469
46420
48624
31879
52059
49708
38232
57415
51960
47129
52571
39788
28780
52467
50569
41527
39195
57992
54127
46771
43684
50184
44868
13365
56884
45653
12427
12263
47481
33526
47790
12723
40576
21325
4945
42568
47005
19705
53946
25094
44704
53391
30099
51948
8355
59872
31461
5745
8626
28068
38969
36210
25484
34159
14426
38529
39364
21532
27789
14448
33981
14680
18286
41247
29721
34092
26942
46647
32782
39535
41437
52005
15903
48062
9813
54619
4895
54629
48160
42592
30285
42128
43746
14527
48211
54407
25904
44654
37255
39628
53359
30763
28734
37959
38462
25594
34113
29881
58137
9456
9514
9724
15055
22555
15846
17603
43879
24155
51906
17590
15256
24451
44669
53478
32158
20749
50146
29701
54759
21412
5161
32214
9943
14000
10009
30120
22118
49146
21705
34368
54997
12890
8622
15264
51238
11086
17495
41355
46851
31936
32833
57806
16014
26981
14741
45359
11090
34021
54753
42132
20240
55206
15465
41668
27955
35095
41253
18256
29314
53767
22322
55297
18154
22446
28229
36077
17283
4333
9870
54130
59653
39680
31601
9476
43282
16643
43655
32700
29151
29763
3539
21164
47970
41766
38955
30687
5733
22032
53877
40637
45996
11511
9825
23507
40934
13280
15787
39829
8893
11861
9463
44095
37602
16289
58390
46095
27161
54029
39084
17637
5861
22909
8346
47459
55158
55649
58928
40630
8947
15293
20342
14891
54102
37021
20166
54205
57824
44518
39388
25975
6968
58722
39606
52594
12057
56815
31689
23359
13675
4603
56662
21637
26302
30037
31278
42645
22620
29639
54690
21808
48854
54352
16067
48452
10199
44087
26622
23031
51516
55623
13724
42270
51803
12535
26282
58963
6718
53841
40862
42311
25334
40669
27234
35781
56180
42367
41948
5323
27139
45103
55975
42825
17455
47567
35122
31761
26683
39360
53931
45928
54604
13848
14356
51210
11602
14739
59052
10495
14981
30090
49416
45667
28431
9825
50585
8813
13046
43668
59436
5054
9120
22710
34997
57012
59432
16006
19154
6946
14048
31685
24244
30191
30489
8425
18869
16372
43782
51136
32523
11542
20046
11680
7917
37764
18053
56569
50410
22633
27803
44750
52548
36976
58294
50711
17615
27136
35496
54254
23373
36386
10818
49310
32643
59002
48792
43419
50632
23921
37936
52160
7853
54336
47362
27959
8402
43781
56769
23854
53743
15712
25313
3366
4250
22040
4619
28704
58405
57938
47647
35178
12327
24752
49696
44727
28165
29552
32811
12301
30296
37488
55359
33712
33196
46156
57923
39068
13615
15249
16804
54204
47593
48805
47309
50698
36303
37131
39227
58038
26162
25457
40072
38023
6141
45569
6133
16555
37907
26862
19832
13157
59466
14976
17557
9467
9482
37441
22553
48160
29995
47255
45714
58899
18096
12386
36423
26968
16794
8459
48750
38862
20417
51598
52805
28045
34187
47429
30999
55661
45774
40682
46633
58755
51175
52270
35311
24155
29391
25305
33609
12902
44553
9178
21874
28313
22577
43562
20560
12353
34320
20709
33760
3738
25770
20759
29680
35845
59145
38247
15110
45661
49724
26537
47954
9546
43650
30148
45275
18065
3717
23833
38437
12580
39061
43155
47708
6991
8238
22540
9906
29426
43832
29969
4124
32681
31233
53285
22967
9458
27946
44074
16269
3935
17020
33455
10732
18663
41087
52232
9136
8493
16876
53829
11736
47205
43372
57666
13157
50901
10857
57978
7499
42954
33806
52904
39725
18438
49935
14179
27722
28464
25548
52848
54613
55605
25704
48027
45792
24683
15084
26714
38619
17653
20336
31699
57615
59126
11189
33878
10930
32665
46033
3461
39539
18904
9799
38645
14846
44024
30839
47800
14708
34982
59088
28397
26535
54458
47594
9943
40331
5218
37556
25678
49797
24024
7942
48045
45494
52847
3255
22813
27400
29280
40216
53796
30330
35264
57950
11518
53973
10543
57083
38929
42393
8474
54709
17387
22530
53313
42621
38812
43427
32687
26663
53867
18631
34520
35729
52145
47308
58121
49899
50661
12326
23710
20312
40352
46944
43905
9169
8181
10831
46593
55581
7876
33611
21288
57782
37673
49221
12939
33155
23793
3942
53919
7559
21558
34377
50644
43164
17238
50181
24923
6832
5864
56846
34824
42178
58157
26287
10245
25874
23894
24361
57869
39678
54983
7243
29627
4559
34491
8507
48382
31019
24632
28104
24098
24992
18788
30062
47776
41931
24807
33215
26220
6162
7823
45370
18287
16141
34394
6735
14889
19168
21273
15716
15292
32489
20335
25000
49009
35685
23488
5165
4104
35171
14381
31362
50199
16304
27418
16613
24346
43345
18947
46004
35191
23185
6131
45873
12741
46190
6019
