704
5477
14974
5961
19130
26543
8588
28623
16364
59929
53020
36708
55720
55395
58310
57537
24564
8132
28849
53363
25188
45709
51443
15137
36220
29698
19176
32421
45046
14022
32790
9683
24704
32337
19751
24914
18242
54775
41804
59916
13301
10705
28602
5263
24978
32979
35528
35368
54737
47835
51726
17051
9685
19159
21707
10254
57177
33283
19113
6447
26606
23902
36435
54819
58837
55726
14066
46739
58641
46053
29635
30745
30422
29473
38059
34084
9757
56907
10683
31651
41662
37465
14198
43587
15621
58795
57001
43473
7201
48608
57277
32895
21973
31892
31224
49749
51323
58576
10920
59786
19735
18121
45017
54112
55306
28471
21331
19191
30865
52432
6274
25089
39841
34495
21253
46647
28715
11269
58589
25815
51121
48056
50669
50586
55436
25400
46512
14943
12918
46486
15042
46364
15109
29636
16253
33670
52539
33144
57900
39703
30159
14644
13879
25696
34731
42261
26445
52220
33480
59592
50891
24239
49258
45522
42689
49039
9165
56574
32306
22904
23916
10680
38752
53932
15299
12766
11263
27035
50067
42519
16623
13701
40037
8748
27760
55334
37070
13283
5489
30538
5704
34814
45598
44218
30945
34183
44461
34272
13883
55745
7039
36738
57640
35626
22524
49574
13101
15329
5864
35787
23355
58686
14452
51866
57107
20746
50275
17344
11239
4600
53554
51608
10123
40559
21415
50517
50260
41338
40275
29777
8857
24349
45903
49685
30533
17302
5722
43084
36675
27183
8028
56110
4284
23568
51128
32903
6300
45038
9212
56821
28374
30959
19068
9401
45705
20837
54608
13843
40243
47191
44028
39739
57579
40549
24835
28073
59810
53110
50860
55140
43264
21999
27083
58189
54841
29457
19123
54918
17563
45115
37800
11439
30073
7959
36000
26510
32157
39077
17846
53576
35197
47419
10860
15081
16348
59129
47831
48828
14237
26898
3279
42878
9186
34422
44995
7412
36502
26968
37021
6382
8238
44569
45508
48802
48252
54525
25500
25328
54771
27377
48235
14282
9263
56145
9800
56687
58210
18329
22460
22482
45540
16910
39350
7762
28732
16035
39041
36476
47160
59236
20708
28595
59023
18818
53276
28182
19676
13823
58484
39744
22465
54670
36583
30089
57736
28393
34046
25468
18386
6110
13081
8446
36854
21807
38958
48533
5205
54026
50722
40963
38429
9392
47764
16458
54919
5281
6716
36752
45551
41116
20907
58378
17546
9313
11976
38227
48688
50682
17289
9472
58450
38740
21377
21568
3497
36408
41524
8908
57865
9652
7831
36380
16866
48749
50780
6012
44008
53550
58638
22860
30175
19950
18393
39700
15507
17569
35018
46081
58707
52770
21405
57633
54441
6937
11780
21937
49951
14264
51077
3739
11712
9186
20741
12344
35686
21742
29227
35083
20391
29939
53088
57396
11736
11765
4132
51531
52340
44775
22092
6386
32532
6804
6455
16809
31463
54178
42600
13101
24985
9862
25411
30621
51709
48598
7457
7146
30176
9192
17702
24381
41117
18028
7339
8721
33674
45123
3830
48115
11699
14613
20238
12194
59124
11899
41713
56129
10771
27661
23932
4114
27902
21101
33673
23892
55077
35227
46293
47786
8686
27345
45850
25885
3023
45822
45111
33685
6000
29507
38720
58683
34470
24490
54818
21109
24363
5174
17999
45988
52651
48208
14217
23431
10723
19425
12121
34298
48317
13528
45398
12785
8614
40323
13625
45050
57842
31419
58130
37674
56438
47679
10098
36213
49840
52293
50008
10207
22772
3823
14555
8881
24950
31846
19134
36326
53863
17227
56407
33299
45101
52828
59872
43810
29490
11033
20788
40751
12469
20447
23038
45586
3454
11350
27837
34749
56235
16410
4482
47346
14454
10948
4523
39158
46610
16561
14045
53170
19032
51598
38988
32984
11596
49820
50924
35985
47125
54010
35317
47074
57167
44944
47109
53557
33937
56384
47927
4291
20172
33692
54616
37927
21081
51782
8464
36280
44369
14183
9498
59172
6377
3466
44236
25628
40973
41287
30547
44117
40600
28300
17466
25162
31148
34480
18761
29842
51348
18736
48331
24445
54921
29439
28369
39837
53866
34128
28128
19552
3435
50584
36711
27736
10299
30298
48697
45215
5609
35129
38680
13640
38818
34049
13574
21453
25528
32829
52691
49280
34470
3574
39540
13960
21919
21505
51371
17736
55545
33567
26089
19698
43582
37554
57452
9506
5313
49410
35842
47942
46610
21244
25082
56480
31616
59712
54676
34634
47926
18783
59645
44445
36605
3293
17930
52917
24205
26698
52353
28720
12898
49537
44447
37610
15359
24407
38113
31930
36269
