1924
30810
18413
50213
35190
6721
26791
13648
49182
16453
4038
13584
51806
58740
34069
37720
50224
29627
51392
26561
6426
29073
16799
46991
46227
53120
9076
22271
41887
52373
27626
57348
58400
48477
29284
4203
42557
55587
48342
44014
33609
54980
43626
4526
50860
4986
6661
53628
20256
13738
55618
21651
49918
45412
32566
40498
3798
3711
29435
17892
9470
15999
48355
53083
50383
35448
6436
51778
14438
4212
57729
47999
47097
23623
42187
52112
57374
56673
49182
4465
25740
50884
34300
5812
30370
9492
35753
55408
5140
34321
3709
47221
15818
48597
21538
4615
39526
9557
49862
37657
57395
41178
35154
20533
11549
49180
44241
50383
6248
22690
46166
54350
36532
51896
13186
36680
15520
52427
43231
25823
47643
14711
50055
30034
55267
51039
35940
52429
46619
28967
6469
32815
52615
53951
40589
43131
25247
58951
17023
45862
17225
54214
8489
45009
15917
10343
21141
38353
46746
35801
59510
8068
42330
48359
12874
39396
17501
50095
22170
42827
48234
34909
41390
43443
58219
13026
29757
4322
36611
37904
51036
10696
45952
29335
26701
58192
36753
24608
4549
8671
23873
17066
41146
41668
6585
18829
24306
17800
45647
35801
38002
15372
19842
35275
30727
21942
6073
33698
55554
52782
30817
14207
21496
52434
5430
42484
27308
39399
56084
18120
25588
29865
49858
27214
32643
53567
55442
53539
38213
7091
11959
17674
8081
17214
9172
14004
23290
21438
36671
23201
50657
41682
53946
36209
23894
19780
40801
9869
38631
56133
29198
48721
4276
31761
54709
4006
3457
3911
5033
39458
13753
57477
43096
45790
5024
31490
17484
8048
52084
57877
25027
57303
40221
48574
39345
23274
54302
41038
33623
6454
23759
9500
23281
3163
31259
42709
38952
47589
15915
11498
44994
14560
14085
7169
3874
34169
37523
56555
34351
53419
23576
53390
44102
11459
29781
56869
22402
47667
47906
11207
44398
45467
46744
8441
44494
17017
54777
50292
42522
58765
7081
30606
49235
17132
56239
35791
3834
55597
15938
53218
58106
13239
28966
47244
48404
3906
46981
15991
32836
13405
37217
35733
14860
19866
36158
39047
15744
42468
6423
14214
15756
46999
52496
44197
12451
15954
55780
7453
12271
27808
14514
22434
33871
48071
41927
17566
44003
25081
50817
15084
32696
53952
50733
45197
12408
20472
48838
30074
40221
4785
6096
37501
31316
27857
30255
8100
44724
39517
26467
53036
50140
53377
19358
28713
23598
10544
3362
40237
43600
12713
31839
44384
55352
36154
53741
13328
52478
57673
3925
49504
57474
57454
25675
46281
53959
46907
33876
17250
25306
59340
44499
28393
49213
17177
8721
7096
55127
38943
47184
45341
31755
37518
18953
3372
21960
15496
52730
11117
39624
54835
3744
20504
46075
40507
17771
50226
20770
29040
8598
25987
43255
18944
7976
5731
59123
55773
58798
10524
33871
18415
9582
7967
26347
21498
25178
27539
20635
4292
31528
47198
46012
55003
20275
5100
44106
43954
10811
38860
34602
55732
41428
26969
30882
53027
3101
4026
44202
26319
18146
4868
9029
47970
49033
40946
28959
41508
36425
33058
47988
57923
58002
48546
12911
53171
45214
58958
41654
31289
59330
51908
48947
48319
51057
52751
29513
40736
3469
14416
48620
37780
23025
53213
8877
28854
33011
4427
31579
9178
51258
4513
7670
40620
29302
30963
12579
57397
32227
29615
34762
28932
7340
9874
21379
24223
40694
14520
26352
17393
46459
49039
37966
49263
29789
25016
48797
38850
50134
14635
32350
11773
9491
38631
44629
6657
5496
52222
22982
57060
22169
17347
39239
35056
35751
29776
44284
26616
18353
38606
15326
52722
32916
4367
40838
33567
35213
6595
40481
30659
13861
36600
50713
47927
41871
53081
42122
36216
54030
14580
29514
34834
27651
55477
20641
43778
40477
39029
39407
57792
29232
20284
31793
25378
44564
26500
51246
18389
58860
40634
50722
20852
31918
15360
11572
14839
37736
19365
5506
30602
44637
54298
38925
8833
58844
59854
15033
20250
40301
25728
38786
51705
44878
43705
22756
40171
38593
5644
58060
17588
23790
29250
10285
56763
55026
57572
32737
17038
11964
52123
7270
6882
13717
38642
12223
40455
44939
24690
38683
39335
4393
15032
40010
23284
18087
35500
17238
45197
12002
54383
51520
54009
58680
20022
18615
48932
15258
7754
15004
36627
29283
20299
34820
28453
33010
33655
40521
30782
6151
8178
28024
35528
27641
56055
22065
21955
46415
5667
7818
5754
10400
47822
41312
51457
14088
38729
46476
42284
51411
45880
46353
49441
36380
48618
27979
57163
16991
6933
12124
53223
7451
10322
4485
50848
20676
23276
53486
24275
44317
30402
29447
44207
4078
47312
40597
27351
38940
48711
52988
31335
33347
12490
52462
55579
24095
52520
51214
24678
49601
27919
18857
38731
55550
53830
43786
9250
12117
13828
13883
21966
59600
14957
4580
24950
38984
18343
46520
17800
32461
50733
7736
55127
51963
20257
57308
11091
13475
12457
54287
4385
59026
27914
13186
42400
16830
25379
18727
35837
58578
37160
40290
48607
4982
43879
39100
40097
45135
50613
26160
44961
22726
40052
32299
3113
34120
34289
32087
59893
42824
47022
38234
6646
21694
46482
36948
12975
49762
28779
18396
29553
42899
33101
31286
48646
19039
57506
4227
35848
17889
20615
16858
11868
44431
16886
56831
28243
6376
42152
28672
7270
28688
43540
12157
41648
29974
27927
53684
50333
32593
8697
30309
26396
56766
54826
19591
36945
55121
15502
4211
25960
26671
9039
19452
9973
46570
58090
45680
41315
8032
12795
53349
21728
53731
44274
57114
40080
46270
53602
7234
36601
14338
50130
43802
11387
21696
50012
39819
5069
5689
25854
27288
35426
5482
31631
55971
50763
37027
5706
19527
51347
39019
11819
24904
56763
49907
40342
55307
21106
22696
3989
32020
47263
22070
36852
59655
3397
20547
55073
8495
17569
3942
13014
33990
40735
27795
38407
49336
21932
55090
9857
30195
57701
17819
37634
17709
18808
6560
3136
16226
45680
37264
59775
27987
18136
45019
45379
30780
34256
13356
52818
51102
9014
26956
24559
38966
19939
11634
13652
29158
16444
42509
30388
21773
7055
43451
54159
10832
38584
13288
26160
40886
6663
44765
3194
7284
53247
51454
54091
25863
13178
25783
45630
20162
28643
52196
36201
38626
4339
48554
31887
13732
38704
40928
23316
53763
45136
24456
24444
8298
5078
49045
5956
58153
55345
56225
36309
8775
36930
50680
45010
56454
49578
50599
58883
17142
17873
5748
51625
55468
57991
25827
31164
45605
27214
44189
36257
28820
58518
32586
56238
57448
25920
57193
38280
45251
58836
30315
49605
32472
44099
49238
52445
36881
29363
50145
35267
45106
37385
58118
26406
32530
6594
8363
46489
35838
55028
51876
34504
35543
41013
43985
27193
31417
9668
26537
8122
46809
6771
20635
44616
46854
42508
15356
42531
51520
33526
47863
9687
50132
34666
11025
50413
22425
13900
9209
21308
3068
26551
46964
21667
17014
36255
36871
8403
39593
15312
22745
50612
22831
48930
17568
57576
32431
35769
13606
35999
47672
20264
19518
20599
22534
29363
26000
58571
30675
38448
13763
49660
47581
22567
24218
7346
17758
55053
18987
46531
11293
39693
22061
37880
15569
51769
22884
29451
38310
25380
28462
46792
58184
27192
3615
52800
58724
40260
42011
39700
40942
31978
25301
47798
37559
35414
14066
7867
13301
23695
33691
45690
59244
26566
40979
13015
39168
21332
21917
8862
54007
33842
29876
29817
33486
6779
39963
35574
47066
24406
16441
11273
57925
4328
51005
35469
15329
47998
29583
26286
25333
7274
19666
55445
34205
9817
52283
19565
8503
29018
42873
19175
16002
16370
26137
7346
38607
49113
36828
55242
52973
39078
28667
52890
34591
58855
43587
58955
56385
9309
35908
9427
20657
45305
11233
53120
33552
52091
50322
30179
39007
39885
22319
39452
25329
22499
26477
59440
58751
41899
48876
47306
31234
36994
37602
12216
57919
40023
51399
36648
47470
32062
19223
48382
20544
30100
30266
30423
11810
45750
13318
7146
45129
3978
32909
18325
3834
24788
36323
18034
41413
7252
31134
20994
35587
18255
33371
30509
41212
44011
17469
48696
20487
30263
3863
13659
51147
10920
34266
55169
40876
15050
45134
54725
30372
28048
19421
8305
54608
15036
56433
16059
41573
15425
43114
56895
32885
50113
30022
24861
9872
6094
43670
23292
13196
30106
40432
55109
16995
19544
6147
50587
9506
34060
23995
42940
30900
12471
20419
26763
25764
46809
45746
38831
3211
41969
52510
59110
24610
34603
51641
48853
16434
23471
10222
28146
11063
34139
4606
6608
48602
5935
11500
39117
42227
45820
27618
30161
8493
27772
47910
29263
36483
14716
9229
54509
58514
27676
52662
8619
11633
53358
5157
43639
25533
27490
37341
35657
51561
26535
4722
47015
51612
25976
22968
53290
42360
22528
34990
20534
5515
49412
49866
55113
52881
42178
9181
24252
11261
25317
4893
14900
32897
22603
10110
8093
34220
59481
45458
46520
28120
11193
11322
21461
42682
24888
29856
41553
43153
18945
44926
39062
35879
59902
24050
3107
50471
49517
35905
50871
40777
32242
32346
44317
46802
12382
32036
47468
7358
33078
43021
34485
32458
5578
43812
8792
26106
29282
38662
40310
44795
43033
17745
24750
29913
54287
57725
24945
45651
35639
52282
51226
33305
9617
46734
21872
50432
29485
23188
38183
38930
36145
25889
51363
38463
20786
56595
21292
39262
41589
24017
36425
47823
11266
27861
55625
54617
43584
35456
15540
55948
4078
41270
51200
52269
40765
15231
6611
59038
45822
27710
58772
41926
57954
25117
35682
17910
39836
48433
14126
52274
17688
16677
38343
22513
52203
56545
3483
6835
54184
33106
33982
10166
51545
43472
13109
16018
45796
59844
6365
21179
51322
45318
26369
6713
50306
40542
46696
47932
8556
42919
35995
23951
38467
56615
6370
9607
13810
20915
28181
50484
46737
57927
46996
8502
8286
22657
55878
57743
36719
41183
9331
36340
53370
58214
13200
40297
38190
34933
46917
27262
49960
19953
53403
40728
48402
27573
29430
49076
40633
48115
38028
39441
12438
41780
34746
21326
18607
15247
27671
34906
14932
20562
53581
6734
26623
54485
39246
15326
35761
33721
18974
20539
44290
37270
47288
45747
18785
18997
56460
27551
37273
9517
38365
33932
57119
41711
29805
42834
54470
13512
26831
4933
5253
47299
41902
11222
11734
27738
55353
57730
13236
19046
17695
38744
4750
47836
35155
7425
41257
13688
8219
44324
18860
31192
52352
16701
14588
16050
54917
13473
50166
56786
10937
38007
9326
26850
51717
6468
41712
44698
25521
52608
12678
45453
39396
48622
24328
28020
44820
57189
14198
28592
58707
35832
48148
39666
7707
57259
22056
36940
52862
50102
47701
31040
15683
58609
34582
41863
8424
25172
16702
38544
20891
5631
35506
17413
34621
4821
10872
3892
39736
28171
37823
8363
3938
53733
32723
3710
5033
50952
52002
15509
50789
33743
39526
37838
6336
58455
4227
32371
50078
47119
28260
30275
5766
55257
53865
44254
8169
7467
42331
30109
43695
22476
53073
33736
31484
37293
16351
24036
49603
29227
30919
41635
39591
54455
39802
36103
45592
55025
58900
41720
43662
12735
5759
40579
57185
18464
26611
54520
18242
32353
51358
20966
23437
30992
30400
45926
56526
48093
41043
34684
39075
38816
3567
23271
22674
37384
21473
25861
11076
10510
13003
42742
50179
9189
17897
15704
48563
25681
47693
17064
37878
30922
49501
53855
25729
8308
28901
34390
43889
17037
44793
46237
18150
26588
10325
5625
12129
55644
53969
15137
34051
22868
28648
4974
6118
51461
11668
47355
34264
46235
52863
39318
6221
44523
31311
21270
49582
37008
22843
28938
19436
16112
26410
17920
3679
44704
5317
43204
22774
57027
20011
54709
29542
15232
47356
34149
33229
54472
21228
35350
52346
57221
19490
7244
48806
34835
4419
44594
15226
11825
43404
42403
58381
38621
26031
25058
4258
40689
34816
58613
28666
14882
31222
20212
18888
16890
36473
44662
24046
54814
59392
32583
35661
33393
49697
46411
17257
49435
3017
47396
34743
27868
49888
48903
39245
31162
36869
6515
34396
18210
48257
21200
41109
24786
22011
12720
54228
9359
18092
33277
25283
33016
12852
11772
10373
50374
26986
15672
19477
41723
44815
35457
26658
14932
17163
45581
14461
42640
