424
8076
18691
47932
37476
15583
25860
57630
52586
23730
29060
16295
39744
14678
45078
58300
33837
19904
39894
55209
22754
29826
28696
59311
48577
47974
9475
37990
4405
59984
8261
3887
14113
53604
30681
43751
34183
44595
58982
6298
52776
20821
15478
8678
28868
35979
32243
55290
12532
28524
27072
37835
22392
15673
58123
59282
47775
15134
39112
30573
5052
41703
3045
5226
9628
21051
20573
25765
52201
52031
57660
27663
32683
9800
6244
56701
29683
46737
36387
7654
58181
37081
48369
40190
22060
16050
55994
4731
39789
58834
14539
5080
48536
43663
14929
19323
3454
32689
55197
43896
23001
23304
33336
38012
42660
23805
34802
55610
58245
24495
39593
20234
57245
52601
22402
23866
41029
6078
47561
5032
3348
20784
25133
49097
12298
35200
36174
25019
29817
11986
50560
31111
48006
59957
36861
4929
53336
53570
12477
38631
41060
33939
50410
14682
14913
30938
4575
47965
55431
13909
7047
41012
31793
4511
51775
7519
40118
38244
3486
51821
50653
28091
7664
23532
33382
6102
43124
40962
36901
19365
50363
24676
58471
31429
47354
37856
38281
24552
52639
23869
37302
25317
40835
13307
28502
37776
14142
30369
9589
8990
34673
45439
54296
12051
34673
43331
31322
4539
20173
53985
41111
56605
50397
48755
19481
32753
18793
18299
20896
23516
7548
7743
57894
10789
23690
54290
11380
57760
5381
30295
36774
51995
30467
42218
39625
40938
51478
51336
44425
56742
22918
7900
39481
37804
13373
19026
21202
51106
57560
50183
25599
7388
43787
51868
47793
8054
10090
25206
15594
15705
22279
28995
44993
20485
28440
29443
16009
12829
19751
30271
45297
56564
47681
47985
33033
43731
35218
37362
20751
37806
16145
59822
46429
38481
4478
22956
21199
17792
47460
35049
22423
50227
48403
48928
25962
49044
33495
3501
8884
30093
10276
8917
48326
27944
7389
28567
28641
20174
30065
58849
24426
19377
10120
29303
20119
23259
46156
31884
9523
14829
58496
40485
11919
21791
11156
3863
13678
26101
47667
34810
55353
44721
12112
33678
20668
54503
26731
17542
57923
53587
51732
29916
9866
8513
6182
35490
3778
19980
4521
55748
59568
48392
32592
12424
22287
52223
57136
35557
18793
33692
44102
38964
15463
38751
54521
59074
43115
53843
46523
8144
24554
14688
54705
34773
53002
40057
21447
8812
10583
49542
54100
37181
44139
38370
47189
51564
4073
15015
12882
33780
45967
24894
12875
50074
38246
18444
14236
31449
3578
44659
50559
30520
41478
55030
50354
6529
17146
28739
23387
19761
28267
57308
38938
48041
17145
46151
52295
35265
43448
5446
53328
5144
15310
48950
41682
46554
33042
20049
4967
19325
42443
39172
7969
24175
36343
