1268
34223
39339
38604
11076
54382
24293
59412
30513
15841
5668
19487
51771
53003
20901
46702
54622
3003
34431
28775
12188
29342
33206
25840
58799
36825
41098
33654
7102
59444
47449
26132
46904
34360
43363
47080
41711
11255
10763
31817
52679
7641
44734
15050
34783
32265
19656
52291
4994
40548
49516
37485
50111
22732
53286
37008
55604
13345
8638
54160
32867
28604
19921
31788
36770
52822
5226
49755
51706
43405
9863
33890
4905
17723
25549
47101
53851
36836
5947
17309
23981
55204
56334
7133
54720
34503
34268
48837
5578
35400
25829
29126
33284
22271
20579
31197
3365
11372
44099
10956
18064
4996
30108
29153
4965
54039
31907
29818
35221
43722
46874
7904
47555
42788
36021
56291
16434
5503
37472
24789
5335
14401
7741
16258
24318
35734
23991
33873
52198
8653
27595
39598
46377
48389
49115
57433
17083
45260
19530
10570
50686
23243
16973
4576
20701
3002
11244
45096
28059
21677
26847
19888
27234
6640
14514
41601
50404
23134
31977
7201
6428
23296
38245
21245
19818
20385
39221
58150
21424
17757
45002
30717
6485
20947
49439
35459
39678
32156
30873
30062
50074
20800
33218
37942
37762
36290
41401
12287
57356
26230
39279
27670
32926
20198
33904
32813
20361
36579
37911
12840
46463
25920
43087
3635
45469
51305
25817
17512
59883
41744
45841
30672
39773
5617
7877
32037
37063
10914
24188
15201
53292
47008
11692
10505
27370
28335
59132
47965
31934
33476
27399
14121
8386
6332
46384
35598
13010
13170
26602
14893
53087
56198
29071
5015
33072
23659
42575
24770
10493
22391
49857
30749
19869
39765
18656
18580
35335
43123
23281
31597
7068
31577
48795
51920
28808
41372
34311
17365
43938
6624
58586
10728
51566
15166
21618
26180
22934
55044
48411
59823
37367
25416
49340
59312
38430
35028
41208
41414
56203
28324
28234
43076
30440
59599
40156
8323
57494
20326
55881
56915
57215
13859
44623
13585
29042
29547
49395
39952
52088
7741
12242
40145
55087
27209
24567
7464
54653
8267
16686
6228
33242
28527
39758
59771
10046
16984
45553
12610
49003
43988
19896
47387
17557
47582
10789
25442
24261
28329
39117
3223
40208
4703
31844
46985
56270
14148
21903
46969
32768
30529
40113
3663
24636
46327
12194
11258
47649
42643
11621
4632
54041
17912
21106
46328
39949
28029
47270
41396
8111
26064
44334
45530
44361
11550
19638
34895
21397
48898
13023
11364
29976
13864
53129
51328
27565
37689
47643
10249
55279
46953
52297
53142
47030
51101
32697
30238
23892
11537
59920
24292
24241
43539
27939
36518
34310
10399
56881
21250
35443
51945
30696
20963
11306
57442
23361
8398
9939
20893
32988
5057
7612
32805
54749
10672
13460
41853
32857
12817
42774
17292
7982
12046
47764
36070
39514
18027
26077
6126
14267
31645
51525
35004
53733
4393
41812
36234
52273
18568
36114
32657
10424
46917
4829
43391
22890
51633
42997
59770
29391
30903
30340
52438
21059
19815
19956
16227
6148
56778
34837
8997
35591
28714
55174
41378
28468
58824
12002
49459
26922
29410
32310
10995
50054
59039
18861
4700
39141
33645
33747
58436
27332
13640
40468
23560
26127
50136
9258
5453
58849
57068
31324
34669
45472
19914
34563
24949
46031
57997
56613
22374
49074
39944
10561
16347
9788
46949
29470
20221
17620
54703
43565
22214
24315
34224
4347
30469
25735
35079
31815
28848
26344
18345
8818
7903
31680
18986
16596
33458
53802
25899
58587
3451
48654
41400
11054
4248
51135
26832
43546
47932
28342
42927
34566
8951
56664
40850
54494
39222
49628
25411
52707
36844
6131
6981
54315
53872
26408
14666
11211
33753
49834
25635
24418
7750
15940
49138
41881
48118
32950
40629
21493
38824
4506
41156
55793
37945
39361
26300
25303
4254
48010
27427
26181
3079
34680
23929
56292
32839
46301
32136
29444
30861
10697
21439
54013
15583
34562
13219
49016
22361
23741
54782
16762
8188
20768
52878
14683
37753
22789
7101
39800
13679
48704
10050
35158
58137
48104
14261
31654
50375
38396
14407
25985
31793
33725
55441
45468
40045
8749
41261
54168
3217
7845
17134
25848
29299
51578
45826
23398
22838
46239
19604
5824
9296
45963
17763
37383
38252
32847
20915
16691
44605
5422
47500
57598
9228
27111
24564
26892
21835
25608
55140
26268
4964
34577
37979
41305
10837
37075
3470
7235
40150
44195
46388
40342
39246
21113
39185
25886
54862
54036
52241
5758
3765
36153
12152
56985
57019
39456
32942
35166
43095
24618
13088
27235
6192
21545
22442
53467
52851
33837
22465
43321
58011
16118
22045
50893
54962
54084
6676
37753
16513
21422
49126
16115
19816
48875
9505
23226
8263
58791
53903
34064
49522
55295
12602
46395
40239
57882
41138
20265
43696
30099
12950
19462
6307
24957
10371
54234
16432
58299
18906
41843
11083
33724
43676
33557
23379
16213
56480
59815
56548
8885
38674
37979
23654
44884
17407
57714
8326
13707
44946
43481
21362
16343
8660
34340
19346
57730
17916
59947
53112
38628
9842
57052
21721
37629
11129
31536
54750
49842
38666
52903
59738
16881
33441
46640
41122
16666
24771
26058
34879
10913
55838
49932
32483
24646
46949
30788
19395
4518
49730
10510
31156
39983
44754
45742
54090
33333
30567
37633
20281
13600
41332
55331
43127
8368
52392
29813
59276
3692
6020
28946
59389
3594
50000
22486
6465
30901
11913
22308
38689
4375
9614
5982
52262
24255
11383
50544
31112
20657
22195
58324
3910
47509
15619
44467
25422
9581
59174
6895
58768
55403
15059
11416
22418
28008
49546
31761
27243
56373
34967
34535
3198
24129
9557
32814
32716
42691
52543
47242
31295
13636
20924
19006
30292
55306
4457
15641
53246
50305
58226
53663
35744
19569
45171
33187
59345
59040
22139
16175
11158
44830
35479
5294
54041
52096
46732
16003
53372
41723
48213
46012
36140
51573
23488
46213
7466
57307
18021
50050
41260
31777
48568
8743
14167
8973
40690
10034
12950
15812
10496
59126
9347
44004
45036
32083
41940
42137
30496
50230
23936
47272
16753
57311
37909
13392
29585
36906
43957
28305
55924
9105
28174
4734
17619
7960
21450
56271
43318
7798
13686
8803
51962
10243
8313
33618
45700
28307
19490
17544
27087
51619
47135
21878
28437
19941
59845
16300
37120
50314
40264
13978
28483
11554
28299
55792
15726
16462
42299
24729
14853
29551
57698
55434
8485
15439
11539
23544
50521
33318
57709
40044
21866
35207
19494
46529
38920
16238
58218
45259
4670
47784
50151
53058
28469
18902
52805
42396
11398
36773
55245
32373
44309
57011
46210
8846
15383
51781
43573
49398
35109
57915
36035
30825
11776
5980
5387
26346
33687
39117
15248
14559
19655
23313
59075
50574
55882
11336
15240
55801
28480
26032
24783
53616
49957
52895
42680
59850
57817
17903
9669
57655
41060
25552
34990
43139
20770
54683
35475
47762
25517
31051
16164
41746
46639
42363
33674
17845
23520
37411
46239
21958
23651
47349
54226
7001
20330
6182
21553
55023
4932
13705
54552
49094
42786
19680
57845
59874
15484
17426
40628
58647
46735
10311
24761
6832
51231
52954
22010
32851
19223
44585
25929
27123
15761
46328
29917
25962
53089
23117
37567
44689
27764
51123
10409
33783
58765
22309
58276
47583
51043
25220
48583
27704
6429
37941
41298
39611
26022
26066
12635
36149
35985
20623
35920
31301
5703
58313
31527
28083
57757
56545
41293
36912
32274
7215
51608
4974
50161
44389
23637
51426
57090
27281
52506
44993
37674
37496
17141
11503
8274
50317
41171
57718
43079
56579
40889
22180
45886
22372
20578
43506
26422
4374
31675
56089
21109
14022
4485
18779
39700
24861
37944
56880
32699
43785
55518
51188
58385
38547
14934
59046
25453
56983
36656
7547
49424
38620
5181
55466
33291
51742
47816
57696
37906
21035
41590
48461
12125
44299
10586
23903
37020
24526
4919
46257
11946
51799
40347
55138
54648
53404
22776
43337
22135
44679
55518
11143
16574
15647
3935
35940
3563
59880
27138
32908
29468
21308
45049
11839
9713
50481
57093
31011
19421
26903
12660
32289
36717
51168
11509
12750
39382
20949
13912
27366
20021
56982
