1136
46654
14640
28203
24150
35349
45632
59230
41670
57901
4669
29935
7928
33270
4672
4964
21830
11867
27560
6999
12080
18500
56412
20856
58792
53204
48634
28790
46329
43743
17601
12892
57002
36413
27700
28164
48338
23508
28646
17494
14237
48275
13207
46137
12951
7456
59599
25045
42164
33468
29753
48071
15107
8213
29656
34857
44008
43942
51969
26303
45095
38565
48533
45258
57835
43505
57362
37668
3851
57044
12358
54916
23107
44303
33196
33013
48402
33752
6603
34098
19210
45568
13467
34096
28364
49931
40705
45718
58281
33960
46841
36332
13466
35032
44606
19104
13500
53433
10957
52605
10959
48347
29162
54846
47214
11649
11457
41633
10616
7073
42471
42390
59165
32633
23082
47288
6476
25908
44397
42745
50212
9215
12424
19920
44928
29269
38613
49972
36919
7674
46545
38538
40578
35447
43978
16192
47802
59857
27989
28668
47909
19014
5366
46017
38278
5407
11905
44783
59504
45935
20072
6271
38283
12362
59710
45089
28730
35172
43966
32006
15748
5176
10327
20218
20069
36537
14278
50564
12513
15288
42926
27967
8183
43011
8696
48103
5790
51420
41270
40787
58536
28695
40143
13692
12009
6837
33932
12185
54974
15351
56472
54928
7230
35391
14160
12055
41547
42451
40079
29519
5282
50983
27120
20004
17121
9496
4707
26487
3548
52428
46774
30626
46169
44727
8934
56439
5778
32962
58471
17940
57873
31256
36464
31820
34377
57257
58414
8437
26981
5924
23580
11566
53141
31686
26453
11952
10563
3339
33776
24696
39114
43494
48353
11237
39228
14049
53031
6416
26287
38417
46066
16281
22822
42110
18732
24832
23883
51239
12315
58823
54435
8049
3644
23440
3296
36316
35806
7597
14150
8219
21024
13104
17914
27805
40464
50054
21807
10028
44834
44422
24781
40991
57233
24878
12713
16234
10122
30459
19370
37357
37010
20491
50599
15557
43875
41108
59640
21142
29282
48369
38496
50817
41159
23874
20292
46957
34216
20208
3263
45578
11730
31399
37188
30311
8611
53789
8142
58245
21791
21273
24779
56478
42796
34310
58221
42791
8907
47800
6323
30977
41106
12185
55508
37641
27737
59323
8547
36656
42485
27310
37395
45595
42402
36963
14497
48612
52078
25784
9516
29031
45850
3170
8321
54512
56166
28923
12005
31169
36720
57981
32983
44554
17646
49088
59922
3744
10479
38655
53316
19839
58406
5120
39957
40563
13501
51378
23950
52767
58416
29787
11074
53416
58102
48880
35338
39081
40250
53700
58954
14938
27808
19867
11821
4101
10355
38461
23132
27240
51404
42554
47654
46901
47758
9870
41415
52191
13805
14172
59265
24139
27073
7583
9970
24579
54011
31165
42990
26342
47339
11686
59545
41140
35081
46874
19341
7011
7965
43962
51473
48452
45756
54468
43384
40577
13502
43055
20216
52483
50276
23364
58419
48088
32902
14763
33717
30172
59057
45813
27394
17376
4757
44262
46305
10662
42537
49971
47206
18317
25698
41537
9597
30612
4635
59288
53040
23891
11759
24660
46558
3445
17251
47431
37662
52383
36260
32254
42272
25999
19143
15267
23954
36474
7694
19294
32426
18954
5868
54277
58078
24147
26646
35115
49685
44255
22416
14306
27951
14758
19368
47290
22367
36708
37653
57912
16697
19071
54841
6474
55785
33190
15175
9253
34259
36738
23676
32343
27253
10772
17397
16258
28923
32456
24545
4499
32784
40846
43356
6361
6246
17813
12826
47828
53145
7353
53630
50428
39043
3057
50338
27074
36629
54453
54601
29192
21597
14304
56265
30002
3614
24289
32003
49799
38873
24748
27859
31900
7945
7446
4506
35751
3584
46595
20253
32859
26042
46968
50797
38434
55154
36188
53024
25135
25951
27109
28870
25287
53570
39878
31719
34926
28339
57977
33051
28505
36025
3604
34454
49387
49250
14799
10964
25334
21271
13786
7671
42946
58226
30750
40773
5888
42585
45297
50706
49327
17416
44654
45090
11256
26906
19825
54415
22119
36077
52581
59238
31617
39067
21900
19607
28418
41712
38236
51709
59380
22852
42959
51793
56237
5573
47690
33062
3702
37566
48985
58761
5494
57308
29422
51980
15262
11144
14121
29364
56904
54855
48116
25798
17009
58665
19690
45144
21358
56724
44925
21092
58210
19168
25944
16355
45862
29122
14685
43957
26776
3594
46737
57119
34582
28323
59992
34714
3150
3126
30761
59826
34111
10629
18397
24842
38450
24053
27617
45345
39892
32149
12087
45985
57673
23583
34047
15792
6160
11792
7953
18327
30194
37742
46517
32153
57012
52801
11451
10009
35355
48908
19946
33624
28250
26273
19102
44628
11216
55790
20833
42386
20066
44572
26589
34726
56799
37986
47258
48974
41246
19071
42965
26414
39242
59533
48041
15169
53636
13592
5760
47402
34703
59593
3612
46118
7605
41008
3364
21448
32501
8636
56961
50013
11007
7753
5868
3433
51908
22286
5591
32944
4274
8916
56355
49846
9311
21433
21157
22683
40061
19416
59080
39451
35666
10561
9081
27910
52162
15820
53155
22790
12471
43112
31576
20907
47347
47747
5984
41203
20383
24212
18350
55443
39519
56455
55739
36006
56896
51176
56558
26061
47823
53405
52345
46743
3270
16775
39420
8104
10897
8675
40976
13024
17223
29362
14724
33104
30964
20257
38118
47499
4569
59704
57128
49976
23173
18324
14424
28887
21764
14622
50982
6199
53746
20156
59427
7200
36384
10200
18748
4608
59664
6196
19943
24910
34395
26450
4141
11591
7856
24219
41836
45335
18499
31283
43164
37997
16603
26217
28314
38427
29864
10475
34841
37120
40504
43078
20797
34590
35209
52738
15032
51349
16396
38492
56706
13861
43235
37087
31685
47795
9764
3857
39969
51650
18140
29618
24422
27492
10468
25654
41237
54558
49052
17820
45030
11243
49668
23438
25393
49220
43119
9710
33888
56897
25851
4459
17197
35705
26290
22735
24224
31923
14447
47928
24701
34913
15793
45480
26626
29937
49751
29385
37908
7634
56023
6752
36598
57926
32047
10542
50237
14606
42620
42985
55754
42683
50517
3093
56522
52463
35798
3586
28798
33984
23638
54040
26510
41056
48998
14987
18203
26245
22574
25397
38225
51137
40875
44155
25736
37475
36008
28621
59791
8410
47065
59622
34072
47240
3306
11416
19546
55320
15465
32042
40650
26825
57618
41185
52590
24855
7617
49467
29002
9081
49644
59204
16982
32663
42167
22515
19740
15763
3918
57239
19440
59238
58564
12391
22725
45142
28998
41700
3210
33229
51132
57036
13810
26228
15355
8402
16692
47141
55485
18105
25693
24582
57974
22924
35475
55796
25716
11188
40599
15926
29425
4655
48471
4599
24854
5280
54997
27334
40531
33677
53624
52732
26284
15199
49593
50438
41294
57239
48398
38182
4141
28394
28210
6593
55917
3733
21805
14864
49204
50992
43857
9346
18259
58339
36998
52821
16334
12942
44092
15413
13971
3909
38940
39248
41142
43846
35744
35820
27697
30319
7570
38390
47785
17377
52689
3421
45247
53744
10678
7503
11460
57157
16744
53177
24653
11197
43301
20766
23444
53576
20498
4044
24923
16815
8996
38961
52442
9161
53115
13016
10712
52093
17523
12794
56389
29350
17500
10660
27185
19863
6880
58500
52649
58959
8432
57971
26962
9090
19075
31055
40469
39820
45567
38931
45305
30029
43199
9621
6945
10624
19731
59505
51762
31259
41596
54458
48945
30831
