1353
29597
26639
41777
30603
11785
38967
25160
58138
6078
48441
37265
3825
20902
11812
54302
9466
3601
40549
25278
14570
32200
29410
27988
20292
30756
21520
54909
36662
47723
10492
26522
28470
56018
53957
33027
8031
20459
55441
46014
47164
6907
22608
21904
13020
15411
48206
7092
26502
37525
41778
34494
15146
26285
6762
52088
11914
9447
8105
23132
45719
34298
9601
21936
7000
50266
58830
19755
3925
50571
31481
36678
55940
21877
40897
28502
51414
31825
37809
11011
58643
9305
27703
58474
51535
54816
12953
17033
9279
44046
24551
56399
8680
53887
18351
27241
14792
47553
42595
11592
41298
31457
59683
28952
54630
18416
22454
8101
45534
12392
6915
9351
35251
46165
35334
27216
7035
21990
59709
46082
46994
46486
42698
13326
29846
52473
23147
31874
37190
39997
48444
15803
6639
52363
12374
17488
29815
34390
28878
30046
6108
22712
28371
44148
40223
14057
36174
16807
30313
50927
17486
38855
59204
38363
24386
42607
36381
43226
34901
46307
56017
22345
52722
23609
15009
15144
5621
56150
11815
53429
24771
30428
24857
21246
28255
3210
15507
48795
20705
8665
5726
55751
25933
6990
52313
33958
49470
30851
30077
43425
3873
22472
41323
38476
59386
39091
42517
44376
26981
28106
35417
49945
56871
56964
27578
51493
24098
32294
15780
9552
10163
16471
48602
57409
45146
31218
18098
13535
21517
9357
46646
17471
48241
7006
21714
24120
33402
9138
39766
54555
44990
46819
44651
55463
40932
11362
10878
34288
7200
18727
15126
47479
14268
51512
28749
41356
4588
37702
37003
7793
23961
18537
48035
47885
53531
7151
57804
7500
50506
45100
28179
40842
52107
25138
31163
58602
36371
23650
28470
58360
31992
18091
35550
33951
44530
3492
24438
31605
35053
43857
9100
8174
17152
27881
57747
51761
48623
37153
39537
16392
7646
47367
17824
42831
42188
46202
11527
4978
25731
16924
14700
17621
13741
52797
25403
33472
46082
26470
48391
14234
44920
56574
41971
50057
44869
8979
10456
32363
40940
5658
52887
30943
22924
38011
54274
34041
30800
30910
54780
31702
24616
8595
47483
40974
51732
7494
54113
32774
13686
44602
23679
43834
22709
32452
30441
11541
28769
54236
13224
24034
7800
51571
58506
29040
50854
10494
26008
47169
3709
16153
13993
54811
4087
23083
18520
44631
5225
24120
38777
55888
9581
45564
55424
5354
54379
56303
51473
19492
28399
15966
41638
25361
32380
14457
30945
18871
32544
32948
18780
16498
26241
19213
33663
20584
32999
25961
34430
5138
50049
9428
29947
20316
18808
8445
3125
38011
6696
54196
5963
36993
28335
39350
41218
45670
53900
38598
24835
13523
38890
30468
42456
37741
21283
20289
30904
34900
14138
58459
27287
33959
29483
8593
26781
32797
44835
48069
42473
12097
33008
55598
48110
49391
7513
20823
9289
38052
39082
25485
42843
45650
28820
40968
7601
23099
44484
32061
47646
46015
12185
26470
5693
29212
29886
13613
43888
48114
29703
16523
54915
16710
45549
9581
58241
52679
26232
55261
32516
32057
44252
40893
15601
56828
30168
22832
38636
36025
25756
13366
39300
19069
31325
17041
59235
44279
56455
42475
28211
24201
52059
39620
4067
58554
58751
33426
19958
36163
4569
35355
12317
9378
22344
38542
18653
13206
49377
6066
5734
40449
31346
28763
26746
44303
20394
44736
4687
49999
22045
7070
27546
12566
47583
25349
58271
55014
25230
31906
5254
48457
42101
48073
48397
13722
6681
9764
8041
41037
47104
24202
37226
28584
32661
52070
48125
30710
30397
26572
46392
49626
34078
55607
34430
14373
45622
41681
17611
19117
29442
22820
31098
11315
35929
23376
21084
51195
8238
23534
54339
59105
17136
48875
47980
15147
25905
50548
24392
54986
6571
40014
31047
57123
44319
37711
22390
33820
16046
17848
49005
49707
12521
59184
17166
9345
17563
13287
22244
38896
27759
18906
43404
20666
37977
52079
11311
19353
39719
36141
26653
22797
10220
45117
53920
10202
45031
46684
56414
12203
24972
9041
56059
15358
13569
18048
29416
47210
37218
41579
36190
35758
31882
11015
13699
28453
51639
49553
30647
20655
58217
11844
54439
59965
15818
24136
4555
47673
36479
55737
42225
36584
22260
3664
11967
56586
43926
22564
39647
33014
53901
37717
54669
19762
25138
48751
24404
11953
5313
50155
29626
25431
39221
7627
59933
57443
16721
44189
21568
15735
6648
58081
10365
40394
31891
41351
57595
31433
7679
7329
57444
59071
40021
44192
52330
22754
45706
49718
19762
12720
43462
7943
15318
29698
43528
48429
10463
23735
9440
4173
10192
33548
37002
44742
5324
57576
54527
35637
36569
40223
37477
54666
10759
48733
9175
23986
22384
4483
17620
28971
25856
43385
52528
45608
19951
28222
6471
6826
41772
41284
35361
9695
58279
56293
39246
5577
47295
19169
5981
11192
4859
4659
54674
12533
44333
46456
45158
40215
14295
40925
49595
41048
44170
9012
35543
20700
45554
28033
47701
5876
33637
14646
21551
59434
39983
17884
31267
57038
56058
5098
38093
9664
42131
43726
57781
24377
39165
27095
30982
53235
14094
57381
33906
46852
3837
18990
41912
9676
5510
51417
44041
36694
59512
11923
37600
30695
26738
5794
34018
52604
28349
21579
58575
28231
47774
36738
49718
45615
15457
17024
50473
34470
49904
58990
16480
39667
22062
24009
37105
30530
44489
5310
12033
57734
19583
44465
33675
28568
47084
48763
20272
30276
14538
8365
16334
20795
16347
39865
6355
16929
56472
58378
3871
54466
21186
7698
16412
3974
13486
50160
27920
36316
45850
7484
50935
25098
34842
11219
9503
25697
9075
6053
33695
58555
30398
51298
45068
12909
48479
39396
6378
8128
33844
39777
42603
36144
17510
39737
9481
46135
47253
58970
23422
44055
4006
30092
55370
34986
51618
23253
22629
42498
50528
14247
52749
12323
45276
39388
21375
56781
38742
46778
35384
58035
16046
57869
4727
18507
40827
55205
23489
45708
7830
27330
35397
11668
13480
36056
16387
17590
6814
15647
9378
22815
37762
5782
42658
14369
48792
10948
18226
40784
46098
22050
58848
35534
11044
8981
32131
27276
25578
11478
40983
26692
57308
54839
55116
9950
24522
27268
14695
52619
41755
9635
48983
11208
32523
43471
26798
36728
24777
20890
9956
15067
54785
13655
13359
24085
56262
12347
11964
48829
20542
8554
19047
56071
36159
3119
23699
51808
45340
8841
22134
26629
57376
46208
5471
23252
20803
50700
17751
29960
24778
51066
30894
17545
9316
48041
31297
29903
20609
38809
55639
26535
37145
47071
46885
37611
58525
59861
37376
50340
13015
37558
49032
30769
4343
10451
49199
18415
24083
17067
55320
11650
40916
18040
45023
58362
4607
22908
41220
54074
19894
5123
49370
23049
23861
26926
55143
58228
10855
32106
47192
17808
53752
9751
26231
41138
30161
14617
36164
7263
12136
17056
7447
37211
47010
31064
21191
46093
44122
15123
12217
8984
33498
42288
33663
46732
41820
51766
10680
23122
23802
59129
12924
57117
43797
38940
27195
54885
49214
18185
23777
7615
55649
18254
28643
42006
53583
30307
35215
16127
22590
39522
17347
36022
49237
32160
56989
13267
46241
47149
49691
27429
32500
6558
49370
8161
16433
43695
21915
22244
8452
19753
5644
50569
28402
20713
56671
38291
16605
52467
55525
10198
48073
38201
58775
44714
39587
54039
54456
41087
30289
49278
49317
16303
20119
52710
56543
38832
24165
3491
55138
3646
48576
37756
29727
26652
48014
52412
10975
4500
57280
16617
35522
19150
30264
5380
48649
16606
52270
25542
22305
43940
36328
14430
31870
55879
36073
20036
15276
24297
19685
7407
55587
33164
25329
45078
9925
35260
57190
43066
28064
43632
46398
5998
50906
6992
53532
26177
12422
33942
49587
10799
56461
51703
3964
16954
51851
20785
13369
40211
44307
26869
49505
56866
35320
8265
14874
45805
48880
55586
41883
33821
20253
58817
42617
47799
46871
23251
56481
52125
22215
17966
55453
23939
11294
13396
28115
25967
29662
53344
41882
20571
9138
24461
33213
17182
4460
48524
44545
14836
16260
11260
36837
51791
20150
32519
23830
28993
34760
49851
58726
34104
16963
5081
29256
19904
33755
27477
42283
54717
7289
30169
55373
26387
39233
7545
47247
33981
33124
17578
5285
26351
11017
8337
45948
34007
25612
11025
4920
47706
25243
35927
39907
59437
33580
57364
10390
12233
17354
53202
57899
14858
7401
48607
4339
24993
27629
9560
58754
48055
46029
16779
49886
35570
13542
10068
28939
41931
34984
7856
38262
17155
44606
45648
40316
35692
10153
19420
41693
47630
29678
21716
16305
5026
41659
19567
51935
24433
46299
19819
24537
52644
47092
18711
54173
6346
