408
58978
6188
27978
13171
57129
48840
56409
4205
51616
11384
16540
44519
59702
32078
29319
54759
5197
53953
6348
34487
33884
6940
9545
20222
21057
28521
20687
21543
32064
54811
16093
33363
54414
21135
5612
11468
8379
46452
40963
50234
4573
28145
42666
35401
43933
43555
46898
57155
39177
17516
12801
51295
37131
46352
25999
31560
53074
12661
4966
57234
50734
21297
10037
25419
8855
30101
6635
5913
6837
44057
31217
59928
43232
41882
27125
53244
35698
16920
52939
22099
53744
29210
36964
43739
24016
4189
21827
30863
18245
24690
34755
36286
32360
17318
33222
49872
45913
48791
41159
29954
26623
10193
10776
13809
34986
51071
3632
33442
21837
17285
26593
8856
33953
10315
56381
42019
41621
30374
4986
57164
13134
14471
35703
30082
32014
49411
22429
57911
23640
54402
13711
45455
4603
23493
52023
6008
15328
59382
29702
50999
33819
33527
57032
56399
11373
45721
15527
28233
51140
53536
16740
18569
58504
31354
51116
12273
54116
30843
53417
54645
10212
31986
43270
8914
54112
3313
35093
43590
5336
6867
46754
3752
15280
24621
48624
22706
51514
15912
35941
13936
43063
49769
6130
7037
32133
22421
46838
7849
29723
54521
58096
21158
15382
6063
11723
29101
36109
28405
42167
10131
20860
17219
13089
51200
24221
11797
29947
28425
25477
19226
49540
31984
41499
55360
6602
32103
12535
58252
15794
16520
17794
8364
47718
16441
47056
24376
55699
48223
25820
47816
27985
31461
34476
33601
29268
21938
5564
54106
21171
46584
48810
45500
34932
3715
31982
43991
48184
46468
20669
33375
36447
55569
54459
31933
20098
20590
55771
14374
9683
22892
3479
6881
28030
28483
43813
11033
9009
41641
11381
41739
7267
53557
51252
7239
22780
43453
57140
56467
27333
39652
55117
58065
54046
17705
34662
45352
46668
35973
52197
21353
49461
6837
23440
35449
30630
15821
26062
18929
52096
41883
50142
57042
25791
12775
50060
20965
55065
43769
30770
9998
17419
21871
13539
33719
7970
25897
25771
28174
52672
6794
48924
44293
38825
8133
20218
41923
40854
47462
13851
15612
59339
23970
44588
25841
39536
8924
46811
51721
4295
27288
34888
11653
8186
38515
59578
59169
9523
37004
6137
46046
11003
51041
51817
12952
8947
53754
35681
48375
35815
51526
4238
46685
35796
16218
8475
25786
19889
13127
38812
36164
36949
35790
43732
13081
3911
3628
13971
23838
48285
8146
35832
43466
6742
56495
24806
19793
52498
30238
23253
36311
32381
14370
21728
22012
36563
35044
56699
57148
20676
27500
4155
54092
13336
22864
53779
11144
47784
54411
