1821
13575
14544
54465
44085
3471
36957
16176
10985
20317
27419
17425
14776
4935
9526
18304
17804
15873
17411
46482
23830
16385
56032
49100
51861
7077
24051
57880
43983
20443
4769
30058
45561
58232
55557
54612
45147
17906
35938
12388
59786
14292
22213
53893
24767
38513
52037
29353
37117
48532
9814
27217
25488
48382
31790
50319
18380
54391
25665
47001
59426
25988
24996
18474
27205
9360
18359
39552
55706
56036
39847
29608
31746
58208
18026
22096
24123
20784
47732
24547
57271
16721
58949
36285
59979
9958
26340
3362
7158
24605
3044
49968
9120
11935
18193
15362
28850
23333
31410
56868
53958
6033
56307
8380
7631
59074
41193
4192
23916
46788
30368
4250
35543
57658
29611
21663
5031
23108
43070
22083
39577
12819
29383
9983
14561
13254
3247
22099
11127
26903
24023
13116
8297
25082
32243
31270
41508
48603
42767
5843
38649
20552
22576
23204
38634
27482
7449
10166
36093
12963
13868
49240
29361
4650
44867
5789
57135
5075
20471
50789
19812
24660
48267
34558
49918
24882
58745
29337
10334
37237
5150
55287
59288
52115
30014
29973
15685
37340
50197
49649
45573
43260
3278
25232
42926
35087
16615
20089
47241
35241
52676
56684
16231
56492
21160
21288
17919
24517
24637
53511
21051
20259
10713
51938
31363
19518
20805
19876
32125
43349
43496
20233
12352
21893
34143
24914
5960
22768
44640
41163
49458
39059
50466
13995
40102
21753
35043
42929
23076
20142
43118
23627
42461
11085
36316
38114
23091
27528
56853
38516
39945
18536
41719
11930
35184
46519
6790
19559
25004
52819
4482
8022
52686
37705
3380
34972
38390
38437
24679
30044
24374
56406
8759
40848
43893
32180
20123
43532
54890
33609
22852
53735
32145
19574
41527
50816
31998
24880
31541
29058
56447
7402
50454
56622
17782
3150
35353
38622
5045
7319
16411
4325
11641
10811
45975
37531
4374
9087
44264
47996
9726
40219
24182
38236
48710
25345
3709
11855
29133
10518
48982
24191
52068
16994
53795
31599
34520
38068
33870
26986
56935
15577
37887
4158
52655
59726
50210
29854
27641
58176
30843
18737
41285
40854
7279
5407
31942
19294
50047
39070
47033
27241
19395
46000
59865
42752
8801
24459
50138
28434
21437
18549
23190
52342
37752
36721
55782
45847
39162
14768
4083
11850
46409
26604
7897
41515
26569
38363
35858
37675
5757
7601
29395
24435
55626
32447
37918
12215
8108
10800
52598
27110
27459
41332
55812
57456
8618
25168
6453
16429
40142
51629
49368
16458
58687
24574
45982
27714
40290
24008
34759
57282
43678
42354
22083
23481
53883
11010
26998
5814
53306
41748
4798
51632
51608
19060
34119
19638
57450
12290
54981
46174
38742
34872
26048
7085
30776
57355
27362
20606
34332
12238
6114
44673
32202
16802
30081
7467
46474
6559
37770
46253
21087
45511
18358
31982
58349
14814
3374
39446
19266
57800
21042
59494
31471
10020
34177
48120
17548
36418
54433
32276
13650
48655
47791
46339
16915
40356
52252
33436
25713
7811
16357
56486
33271
55711
14495
10264
7300
33246
32222
49796
45522
57670
39204
25724
29557
13361
3220
52450
13995
10486
52090
56880
10979
39821
54164
7149
18550
17733
26325
11908
30100
13794
22068
8455
52995
20706
56062
12749
24280
24403
50706
58840
35541
5575
46681
56231
48121
16105
55754
24847
57949
3214
6942
15418
35060
40047
8947
14977
7003
37080
36471
18820
23093
17620
52654
10187
30915
14677
31922
53644
25353
43977
22349
55289
42186
45399
42591
47631
40877
41856
25269
15435
44289
50313
29325
25008
43519
23673
48359
33125
20330
46947
6753
57678
33864
4540
26800
17379
41753
41746
8614
41007
54736
4599
35801
26181
49663
49937
4208
17596
34111
5512
58732
23941
25319
3543
54222
49485
41573
5467
13001
23022
59749
6535
35471
30509
55792
12803
35603
7892
31377
37959
51069
58944
14655
36565
38500
38126
18194
57737
13589
28974
55608
17383
49506
37031
50539
41482
59020
31958
41290
23868
42700
8718
27408
22212
52435
4005
52540
18282
53668
51906
32295
57102
6882
26750
18554
3333
54352
50574
25094
15526
16462
42815
19886
55030
44887
54185
38272
25063
19683
47406
13415
58710
20886
43857
14765
38429
42438
26255
48400
21748
24908
45179
58642
31820
31653
34656
25692
30506
55952
27581
22556
39248
25977
59855
6161
29700
21117
37920
22719
11109
38981
7757
59097
21990
58574
41426
47796
37436
49673
9932
13613
37850
5463
46435
30517
34602
43117
59754
46857
11959
48456
46687
20782
46328
5061
43565
32959
57718
37185
14957
10230
40522
59916
34494
8793
34814
39036
44013
57435
29666
12957
21874
18561
6329
25433
14512
55709
20088
28672
13088
54511
43053
45073
43288
46769
44534
14085
34824
39898
50005
22024
18752
37174
51392
11121
18832
39777
5508
58370
37867
53529
28330
48991
54477
29659
7776
20822
18228
29831
13591
51263
36658
48682
21871
19510
37439
31301
19466
33809
6163
39758
22401
47141
5561
22862
48365
30726
24470
13606
6989
45663
23862
40837
8783
45331
4107
6523
13815
41023
36789
11942
33204
39810
55261
18625
21876
47376
31316
50199
6261
32301
4055
20256
58597
59207
19894
25504
22483
30436
20545
31098
20688
40467
41402
30277
13369
4723
18113
40270
6668
14982
20292
17913
55586
54900
46617
27716
10466
16039
31277
50393
16043
53909
9672
14125
44689
56469
20686
33677
41942
10433
3259
17127
34318
55711
52597
11482
30253
56563
38472
19008
34432
42416
49683
11068
7428
27625
14004
54035
43697
16042
33744
40378
47116
16612
58456
16076
45202
33194
44294
15871
19053
3000
40240
51242
8192
23870
34770
36037
46863
29168
17752
30002
5279
18755
53646
5770
22657
23803
8609
54223
4427
15693
14699
36027
52325
28566
26643
23641
39422
52343
36684
17330
17364
54162
5752
8790
55431
27088
24441
6660
53769
24405
50377
58370
22825
57865
6711
43909
22847
34756
36009
44142
51956
24034
38105
56495
59151
43876
37984
39118
44743
49673
57914
4002
47270
40227
50068
51520
33536
12435
54897
13737
18134
37846
45214
56216
14693
48217
6253
4138
16492
39700
53004
27172
14259
33361
38249
41977
32055
4563
25333
32571
44291
31619
16619
40554
29989
42282
37134
43549
14428
27150
42422
30922
4250
11542
56356
5484
43060
6258
27387
32905
12134
31796
31969
55491
51874
59710
32149
23954
56680
12308
48620
23526
25278
55414
46564
20341
31214
32390
56841
4038
44735
49850
4036
46679
45774
19428
31126
9425
17956
47279
24776
17618
4378
50209
30874
35619
10665
34636
45552
33539
13568
52949
50404
15051
6172
49558
15719
9879
38439
59292
28386
31975
56444
19067
43271
4128
29740
55952
43446
52118
54241
39810
21660
55548
57221
44170
38268
30149
49713
7570
46163
18912
37434
3295
49617
17899
52801
37820
44726
57651
22973
46181
16577
5396
43471
55870
27038
25671
18544
3320
59041
19333
6698
4091
17617
12601
20470
59898
5257
25013
45242
27164
26363
42706
15271
15309
47663
36511
23508
42893
23085
36073
32479
27786
13036
24845
26777
27229
58594
29321
43347
42958
43794
54638
23000
49939
51063
44047
45126
53228
34180
31013
25720
43423
23204
34689
19852
33177
55307
5219
15317
45987
11226
8343
27019
58649
52360
12649
9945
35821
57913
58760
52446
33951
44767
55720
7284
11264
55687
27909
56291
34438
46967
22643
13144
56391
46541
18779
51781
51723
33846
55238
39273
11306
21114
39044
16924
16933
56778
20155
51153
39645
49350
55595
14522
48571
51943
33019
11004
4439
45410
3108
26603
44427
14153
5585
12031
17807
24129
42229
39389
16143
26856
13075
43941
16624
14337
38714
14905
29960
5990
39920
54023
40062
44292
34846
11995
36449
25606
19308
34784
26438
31154
27305
51900
28623
38905
52417
34690
12781
26513
53888
16230
44869
21596
10092
44087
39631
11315
41469
46195
54432
21213
5795
15828
52432
18877
29740
35787
42273
19458
16193
27424
47536
37183
5085
57778
52985
16261
58807
26827
36906
11852
34305
32245
40229
47555
18835
49504
55818
46776
32308
22892
47881
58371
29956
40641
23457
41418
46165
58923
7334
36969
55202
21513
27572
56698
48326
9479
35434
18197
54313
9366
53926
15256
6736
21446
7095
50079
41796
16912
15953
13112
59155
19567
24663
3859
13572
41909
29169
31216
26213
50441
36233
44825
25518
59181
34458
34045
37027
27918
49852
41921
45630
42769
8253
59483
19945
11760
22424
7022
43998
58609
6638
25471
55168
28571
40822
24210
44419
19007
51412
21014
31457
13054
17631
17244
28907
25474
57036
43844
4851
30842
4702
14258
51225
13389
18039
36276
43850
40073
42828
27127
29397
36077
58200
9828
9420
15938
52689
42443
38229
4067
7786
4140
18903
32626
52674
16736
59308
24007
53062
7345
6830
4082
26571
4214
37018
58891
29790
17232
36874
43008
42543
10872
11063
16833
26124
8278
3866
52761
13710
41338
25574
9169
12650
52689
19063
57360
9049
56970
55310
54970
30788
31051
26130
44012
4793
8687
5703
48726
9934
31233
3325
14726
54665
38668
37639
45572
10525
5648
37151
7515
6424
10467
42776
24719
9147
24506
34056
8542
39967
51822
34107
56828
3914
22448
39498
25808
33193
54101
39256
56111
51454
49512
41445
19727
51301
15992
6159
18379
40523
55509
3731
4741
53572
23399
8524
38845
49710
20477
58964
12153
25026
5270
44835
23764
35105
54670
29291
6799
51056
20242
27072
21955
12563
20624
57455
8828
20382
11023
4327
35943
25664
30996
26529
36772
51566
42634
16384
47973
29792
55481
33416
24534
17377
3153
33642
54378
41573
28348
15071
36388
22047
13653
47719
10519
42638
48630
31099
13192
12192
17281
3769
29738
8163
9568
42481
9762
30674
9095
37372
57735
20047
32901
34454
43766
20730
44035
54588
18470
11290
37385
26885
55604
27979
10988
12254
38886
51511
42082
13386
52385
44939
37285
22024
43474
7931
6829
49255
5398
3132
11742
24959
31225
31328
40459
33775
32214
58812
59359
22126
12923
10748
10954
48716
25658
45589
7565
30465
47365
40943
20969
21266
19634
28325
21127
13257
30800
58679
38181
55709
45779
30547
54816
18696
13574
34998
36552
57900
12698
47137
8142
49230
48686
43003
12287
13568
39928
8817
18031
3136
54684
16532
25790
23839
24089
27200
38545
51939
24148
12900
20954
41635
57253
15472
22940
9540
5665
24088
28556
46901
36324
54858
11947
24032
33258
3498
50473
24063
6039
4573
21498
50199
38881
6195
57505
27347
36261
48623
9538
35652
54356
45850
27342
4811
55477
49128
5728
41420
13040
3971
44035
37704
30343
46286
9763
40876
34385
15240
50033
31336
33540
28854
15687
41982
48537
5147
36254
14749
27535
13888
51300
39820
56716
46192
42905
40956
50353
39859
17040
24093
59387
55918
13071
19583
19829
31536
35176
50958
23193
56030
44897
22273
39369
32497
55390
45999
13456
25704
31087
24631
39299
6824
36806
5257
44310
33090
4733
9865
53856
38091
59408
39815
24461
10905
11750
54100
55870
33299
29363
30675
33969
35806
24652
19417
12907
49733
44989
4769
52685
4810
26211
39922
22026
14668
9879
45140
6606
54073
14933
35979
3409
56649
6999
10629
11610
40190
25947
34756
46693
23597
44178
19290
35146
52388
10118
7218
3067
8841
25183
45147
35631
26004
6436
44974
35327
10937
9937
54810
48880
28659
39182
32279
27585
16461
58323
28782
58344
6435
23060
14573
35068
17697
10901
46773
34563
13428
16323
9459
46002
16879
22601
49568
34812
57221
21978
29426
53816
21379
31341
15499
19637
13950
47265
36680
53128
33275
16785
11125
23280
10898
45161
12916
41473
52410
21132
18834
4315
56867
24140
43306
31074
34838
30012
