695
7329
53693
49781
34892
23649
42837
6396
32447
13224
50769
56510
32767
9495
6985
43256
11193
28487
50970
38660
34499
4678
5177
25786
12394
52255
45270
9400
32415
55000
51901
20091
28570
36463
28246
19395
37441
52963
32843
38855
16698
16792
24116
9858
38089
27622
16250
45996
44916
47338
46030
23871
40822
46757
13594
40038
9519
20405
33751
26366
36681
13313
8400
43488
20459
52727
51597
19888
55405
58169
30490
40324
28024
14200
15908
31591
21986
19930
29572
38536
6955
39582
16505
39740
43608
11790
30380
10161
51518
22641
39765
44379
43094
18827
56375
52756
14060
47137
42222
39987
24853
10179
59957
34909
56739
32650
33906
24363
48796
21717
21345
21298
23520
28619
23126
9470
43562
40813
7896
18974
27202
14297
31006
6249
16455
53716
17958
5284
54344
46431
11957
45471
42214
52595
48991
11601
42143
8676
29263
42960
25497
46975
38560
5389
29360
5434
12262
37492
10290
36432
24107
4708
6804
38334
9188
20599
59317
55832
14117
47339
24124
31987
16700
58608
18173
43587
50391
39300
7224
12298
36385
9073
22757
57658
23955
12929
23849
48126
47485
39058
27653
26576
18044
9735
8379
25277
59587
18270
54315
26826
14881
14481
20575
36997
6050
13617
51789
4687
36051
41653
52916
5797
10325
32586
49707
51739
22552
28008
43735
43573
41836
51646
9928
16075
16802
24284
30760
23187
45307
19823
31842
24118
39312
10188
12816
50482
34378
36349
53013
32345
12971
6535
18804
28569
43064
29484
37441
9451
6499
8111
51866
56072
21793
6786
15590
40886
42456
34543
26542
23549
5750
17929
10127
34701
9486
45985
6520
4605
22942
14245
12164
12433
58753
24794
25068
54342
24497
21294
10071
26084
24084
43361
52693
24167
58307
56189
47530
3078
22015
9266
6492
38243
54845
25207
35903
15403
30643
51860
58643
44063
54288
53358
13744
36806
24606
32199
59540
38324
44246
15741
52409
54480
20032
53290
30459
21513
44996
32371
25267
7136
37867
20879
46042
27249
56262
8872
34949
30455
9439
56712
55567
27373
20157
11750
14647
58617
59090
54408
19094
30603
47203
19032
41845
27262
10212
17723
18943
18594
8423
39109
43185
33385
33097
7424
34082
28896
59920
41827
13460
49628
19983
57810
46650
26489
38467
5785
8792
12815
40952
14923
12183
41963
52547
19038
13717
10984
56885
17244
14189
13415
57258
7382
12772
22049
52808
45114
11495
10726
49430
15071
37627
35849
19207
33621
21132
50816
19345
55562
11642
38853
25927
7190
41761
47411
13683
51923
13636
43246
37376
32428
19690
31658
41383
39331
15181
4415
15741
43977
8354
9605
5649
52424
20955
25828
7893
38211
34981
15095
32475
46811
19987
57625
20765
4096
5840
29478
5818
14944
50851
17843
20010
22309
44814
21409
27353
37716
28345
27510
34385
39339
28405
33102
14954
31526
13588
50862
39365
47798
29738
21219
28107
26577
25515
29132
13791
31103
41383
27810
46504
24948
46935
41834
16754
39924
34028
42661
26000
9385
17141
50450
24316
50152
8532
17769
38177
13309
32922
3842
54038
4216
37683
33971
22153
25324
23962
36651
23029
35402
24358
47200
55409
8964
17329
6559
42632
18144
47321
57523
14242
7843
34989
18690
30270
48779
5710
48530
4775
55027
49569
4866
45688
18551
35500
28850
34808
21770
41056
3159
42830
18588
30058
41466
58603
17817
7198
54443
4365
43038
31130
12943
27262
28830
14484
3222
43975
32124
12789
22503
47499
32136
34475
59275
55693
4942
34006
47236
43173
56787
51675
24265
54533
5021
26357
31998
37141
35510
46115
23494
14665
59588
50362
39990
55676
5313
17458
5296
43631
18540
35526
12506
45717
40579
50253
58167
21800
3811
21887
10713
36547
30057
18301
9789
24103
23617
37904
30485
35778
30347
11463
19896
21880
7870
47769
23397
6248
40764
37407
25314
6239
19609
40943
12677
9728
22448
8704
32394
43643
4149
47865
41845
18218
44775
7054
49511
57136
33164
49645
59900
58762
57201
20174
7102
37443
19414
25130
56586
6553
31827
4908
29042
11301
39429
18500
11152
49389
53752
9333
50660
34668
14813
26826
37495
55880
31204
4849
40734
49202
53177
57988
56375
39116
51710
5346
4359
24466
50487
43904
3856
52878
53159
28976
48926
29616
47244
10113
38336
25528
23332
36057
53016
27524
42219
48803
49424
10135
22475
14909
19009
15877
24904
43260
57148
26998
41948
54550
34148
20375
58843
12296
57716
14778
52218
35075
51595
8418
57716
