1378
58780
48438
46047
29647
38367
18066
38874
14920
28156
6972
40380
31762
16070
15601
11375
4492
26127
32310
35243
36482
29348
45947
59720
15939
8499
18697
38411
25097
56524
3401
29965
8706
53768
27205
6273
4780
35191
31225
33194
59577
40489
9591
42071
33021
34826
23431
3136
15275
15978
12873
36399
51871
3781
18792
15898
59632
29121
47338
15542
14893
3289
36684
55982
54156
15644
43697
27738
7703
22426
50734
16953
49209
51128
9534
20562
33191
52540
45989
14037
3253
33719
46991
33102
11192
47958
14404
27836
31450
27417
28676
19106
12774
30474
25342
17387
43525
54277
9371
26094
34894
11136
47229
56935
18460
38754
23716
5761
15223
43324
38358
56379
6398
19625
52490
43397
49438
19193
15195
12441
31498
59403
49350
33854
14732
9722
37505
53317
36731
7363
31830
33977
29015
8229
57712
19415
50386
32840
5423
16045
27917
44430
36479
10230
47922
50399
41544
31326
25324
43448
16801
43394
45805
5081
17645
52396
42687
42023
59958
31593
55794
49012
18165
49403
22586
52314
15295
30993
4755
58430
35682
46583
34861
8406
7999
54591
6752
38360
51640
15389
50163
38870
41727
25838
32896
10307
18973
12012
41457
24865
41194
42005
25847
20515
28121
29747
38877
35661
58276
59492
20163
23085
33737
39322
53325
55202
6992
42534
19976
5307
54701
55167
23998
31521
22871
17608
45654
28958
29272
12081
41417
14851
11229
26691
18487
6622
13501
3212
58960
4715
38906
19755
58146
3233
39717
50037
45003
55939
44519
40093
3975
9645
55082
25534
15529
12581
18199
53499
57921
34278
42107
59352
58847
14563
55809
25472
18919
37596
15155
23555
45389
32558
55069
6065
29246
54611
6469
16034
44833
16078
9326
41369
18503
44756
46286
52364
39080
14398
53344
28120
29706
57647
6476
35492
4572
46446
4192
27918
39234
55908
6684
4358
51864
24438
54059
55445
32070
42582
41813
27298
38671
18928
59803
11475
57367
47728
44894
6661
37234
35652
7491
6485
4496
30392
35844
9746
25120
54283
46406
6995
52384
24626
32621
5545
43819
18180
39738
18243
34990
56575
28561
43388
9487
9154
47810
27879
18721
32133
8206
7341
53479
40022
55725
22718
47848
25275
13869
38676
24684
20535
56248
34037
3870
56591
52117
13490
47835
53763
22422
15124
35296
12789
48549
12197
54514
51849
13548
49755
45383
25021
52175
47233
11328
22341
12315
17568
30246
30385
9005
26795
19388
23597
28300
17802
52008
22390
27884
20720
45546
50338
20443
5114
10353
11972
5031
36814
59886
19951
49942
54974
44006
43064
40735
9885
54068
11619
28099
24458
31572
8445
50744
11705
57532
5443
31350
33496
12371
5457
28041
29108
50013
24504
8456
58763
51073
47393
31771
50817
51817
54801
31668
10103
46307
30380
20458
31892
30842
43999
36576
11862
14975
14159
56848
19947
47567
8082
25061
52324
54248
26053
16117
12924
8147
38493
6845
34792
17588
26442
16019
3701
45914
30022
36395
26852
16519
49722
23662
57884
6891
20318
50086
6375
22297
23674
8371
7273
45147
56136
15416
45544
50726
27243
6338
58092
53204
46282
51999
41002
24916
7407
44102
58935
54193
27328
41054
42892
17517
11493
26771
29957
51600
57400
46451
11301
20019
53309
34637
7871
3185
52754
40961
3190
8157
8683
3551
22718
34267
34248
50743
8868
51444
14165
18101
48956
34876
17168
36268
38790
6148
9844
35587
31086
48311
47908
9665
9554
28385
47746
59814
19521
5264
38962
53740
19758
14288
36567
17361
8479
51082
15193
53416
22453
43906
45233
41762
25849
45558
53334
8087
30246
32433
49343
59479
6683
44929
6512
35076
58429
9499
17830
11892
36742
57981
18687
28276
7379
59071
14790
24126
12806
30476
29163
40166
8143
35521
13542
40037
10738
46119
35469
37845
21452
16906
24409
13992
37473
45715
49275
46389
48520
52419
21418
16519
17744
26190
49632
52068
57404
24131
48257
13572
55752
18281
57338
51448
47255
16854
3974
39822
42101
45770
24725
57913
31101
41517
49428
3581
47461
55307
18780
41781
33465
30717
31999
49141
16181
19635
32666
9456
51011
3433
8878
21508
30934
48788
32603
43796
24905
5740
39812
29713
49200
39663
56857
13385
39708
18831
19479
3002
11162
43375
12714
4908
35123
33718
58637
15274
48471
41262
22208
49448
7854
27642
25785
9444
42678
17290
57337
25754
32888
39502
23722
8390
28290
59131
39939
54810
56725
31908
24329
31211
37483
9873
56332
31349
43719
48538
8122
29287
33344
56522
9181
41115
19746
39531
18704
52247
39972
41232
52661
48007
58316
25968
5317
41113
43163
12206
31596
5544
46542
8976
30418
38298
54529
43483
28502
23937
51213
49314
48601
35561
13262
35153
49375
6556
46962
12119
52560
29998
23549
27851
59051
49613
6861
11303
17801
17411
16978
47758
43619
14463
55242
51690
54928
34849
40400
8997
33901
58483
27467
23222
11724
37989
25451
32404
5074
15119
27444
53619
4613
53330
39949
28451
12549
36145
22899
45576
10712
4234
40647
22507
26548
48383
28630
14511
59966
18792
37414
15874
40068
54104
9425
15730
40809
39058
58942
3663
29462
33976
10192
16888
4445
44884
18469
58717
18196
39488
58895
52752
36181
45189
35142
34516
10849
7191
39516
28801
28996
22012
13729
7850
50964
10840
50028
49759
12391
9596
31240
18788
10134
54617
17512
53751
38457
31393
3501
54851
16203
47866
51653
38896
38792
50439
7025
33097
5919
12741
25489
17744
34301
3636
57291
17238
6674
17616
50529
45287
7327
31756
59122
15143
47980
22521
23458
44649
36073
53569
51429
56888
29866
58162
29648
29476
54115
24869
56792
58243
22792
10026
35248
33331
4263
46499
24347
58821
51381
7127
30071
50424
58772
18009
14406
40218
39025
38671
5676
38611
51394
59975
38698
34976
18467
43046
53870
53775
49311
32635
32846
34580
59877
44481
21031
12808
14386
53883
42580
39156
24709
5427
34934
18922
54978
9896
45677
24800
22888
26837
20902
21684
12849
54678
36332
15886
14178
39755
57545
53500
46063
25692
31256
57732
20607
36322
4458
17042
19289
56895
37515
48279
51535
56505
46945
51786
4648
14732
16530
4571
30491
28067
3094
21540
52428
28671
30714
12605
32396
18515
20951
31557
36312
53900
35093
52155
16283
44131
46153
13845
34454
17151
6834
30176
16046
8383
24630
13276
33154
44901
35018
16564
41201
51140
20202
47403
14466
31550
57284
32076
27300
30257
13562
28557
52648
42933
59901
8190
45504
24725
7499
59718
52707
41882
30005
34413
10247
5738
13512
6872
34464
32081
9926
21537
14387
22251
15916
19160
32195
14102
4308
34935
8395
54288
49603
33467
7274
35086
3978
25860
18082
50525
55654
6115
27090
34677
6491
7857
56815
45476
58847
16386
7911
21238
21902
3854
52164
23374
20169
12943
23112
14243
4977
32782
12898
58863
57435
11637
51934
24882
30803
51550
23387
58141
18600
35471
55298
6744
30336
19110
22148
35227
15631
53817
38736
56863
11236
3229
9534
27888
56549
49350
12956
20195
47702
14819
58328
33115
4373
4071
13336
48539
11085
43127
59505
57165
21522
29560
26059
4250
29259
39651
48158
18385
42917
22400
9751
53011
16610
17718
59958
5192
12064
37790
25800
45150
46109
20352
52634
11121
56187
35835
5101
38683
11064
45887
59482
20028
9418
26412
8494
44312
10686
6627
21100
14165
49439
20699
53341
47394
30404
52187
57896
23848
43341
31515
17773
3932
29665
21948
27470
10876
21247
7137
36733
8771
55024
55776
9422
14975
29708
11940
46560
18190
49740
58866
40286
35627
45058
15165
47712
15481
25739
44580
32772
25218
39877
55889
49822
48568
34713
54685
46234
36831
26748
31681
40192
44437
3776
28955
23405
21569
35815
34821
34022
54905
3593
19317
4698
25261
17596
43591
13283
9298
5385
27508
23375
40292
20093
34997
3694
22194
57390
57876
20430
17545
56698
41276
21237
8056
6723
9759
42450
13381
45281
10077
59294
50327
41378
47688
55690
25426
41526
31286
30787
17086
20313
44611
52087
40755
8600
43093
33954
18202
49881
13272
3787
53705
57405
26224
33333
41844
18076
49092
46325
47623
54168
18519
59360
41315
12589
37786
46319
43393
30967
54607
5618
20698
46101
53483
57057
50622
48289
56517
53569
51886
8886
13722
36452
51314
3723
46330
13715
57844
34117
12510
11119
25626
5065
16615
35730
22658
49347
8255
18290
39402
53688
35197
4976
47405
14628
4428
45527
7481
22854
52838
42304
6805
56009
42676
17381
37849
10728
43095
25211
13960
57183
19037
53362
43495
12670
3583
25104
47415
39223
20216
45442
52066
26146
12841
16090
43477
30534
53554
41714
16269
4572
11861
54777
40468
49076
5654
28980
41038
25171
52422
32593
49343
32309
44951
55579
15760
41308
34638
11498
46817
17582
49367
42769
38594
41483
3002
18160
50156
39499
40624
39256
54390
20226
33189
53667
46262
