1854
32798
56816
22267
54943
50455
57170
33545
19360
5847
23690
38528
7664
18211
10438
33955
28416
41345
48962
57601
18170
8464
36719
58085
37002
26404
53823
36608
22778
51943
12760
36877
51606
42932
18614
36521
54174
35640
16945
22232
58547
36827
36196
42792
50327
58739
5500
48479
17627
42604
57235
11698
24109
50919
54487
37103
45668
42060
8685
8577
54498
57341
3851
8947
28940
41746
30869
33860
51737
38177
22900
5223
57307
56243
49359
4439
45324
57714
46940
18900
48249
54082
34220
4968
36235
5792
25197
9317
49710
24184
6177
29855
21143
42341
37854
52140
49114
54730
51838
5522
6285
24929
56811
24646
8020
27245
12452
55430
32502
32569
35082
39198
48259
21673
17963
59582
49520
36413
7403
25314
57701
28814
38295
29382
55209
43024
37987
45874
34875
56596
5510
58473
33578
57499
59679
25561
54388
50224
9421
30443
11437
3670
4368
13313
54807
8124
51718
12672
48197
7075
9389
35123
12768
50852
43575
21736
58549
40701
46219
59501
28435
57060
42676
27718
7407
8444
16394
12199
51745
37777
28673
57993
54841
4099
7983
21112
47460
7649
50895
15569
24490
45123
19874
52433
32151
17913
36319
33331
48633
18088
44500
29173
9626
24626
44578
4842
46543
29334
49685
5779
3143
47914
15600
47762
8602
47987
22001
48874
22231
14579
31837
34519
30177
15697
20790
10920
15989
31388
23726
54851
29066
3860
10259
5097
14852
39953
16897
33651
33617
43851
33751
55863
59621
28138
55433
29171
37075
34009
5153
11482
47053
52294
38721
59941
53354
29038
41791
6772
24988
26077
28304
21622
18751
14070
15479
8041
33482
44517
4547
21211
57573
29581
28747
19034
3993
34564
21771
59808
9023
17835
47520
48480
30839
31838
47165
19143
11234
56482
13063
4146
46406
16608
38356
52814
21825
6249
57280
55629
10963
29618
36206
29745
52126
18170
8443
15910
38115
58025
57795
14338
5475
57125
26207
28520
17542
28960
49052
32928
40839
59008
59583
46842
55244
48294
38610
37876
56331
4053
5558
14031
24304
45046
26321
54984
11590
25005
37612
6104
19338
39556
20173
22446
28009
58801
45710
17625
17333
11207
4291
45855
11460
54482
48872
42388
18551
31858
35365
30134
49473
27720
17166
49473
14524
22598
37719
55624
29802
4034
52474
5019
11473
50346
49458
56703
45034
26361
4586
15603
12944
39087
7347
34666
31502
16692
49257
20563
58891
22067
48468
17594
14090
47301
28453
7790
15343
55957
42045
25145
47287
20998
6755
9933
25306
12024
25056
33407
33019
44909
15199
12393
13815
8033
46469
35346
12290
35315
58529
21352
24592
18169
13544
23803
33470
41921
53625
58586
37382
40730
19111
21662
51466
55042
51492
50644
35477
29341
23480
28181
33174
57776
49242
57806
12069
20093
43201
32931
7234
14190
58737
43947
26078
18639
3929
58544
4897
5802
43715
5883
45296
23787
54957
28618
24363
8049
19127
23921
17834
16780
32367
8556
39429
21410
25163
31694
20998
45696
26527
17315
58286
29587
21104
12908
20773
30843
28110
25854
58714
15709
24818
31652
52522
47914
16237
52033
24597
40143
18547
7151
17567
13646
26823
53523
58046
44656
50215
26925
26064
29955
59665
11132
17256
11288
30040
13634
30100
26516
8090
51942
57885
31393
5383
22137
9580
48527
39744
37666
32768
39310
17275
5434
22957
37672
43857
57359
57248
26370
3845
19950
36338
17669
16571
45578
59075
11182
29661
43199
23426
4612
3293
28820
40141
22296
21749
41463
55236
10032
42097
19673
56996
23949
42665
36212
4913
22223
24152
50014
30072
3175
20221
7710
25076
9061
18591
4566
48702
36052
4352
45830
43563
13338
54939
23052
3954
18321
42706
21909
6978
12943
47398
55608
40838
43719
50572
59768
28706
4930
15267
36858
15840
27893
10142
37101
35293
52686
44050
49398
26900
26603
12874
14623
14270
48363
33524
20479
50583
27468
4085
28919
21879
32041
58273
30268
5413
32879
9681
31953
15633
48161
56099
44384
58915
46905
28863
27576
27952
53415
44074
23268
21128
28551
48177
17186
29610
19991
30294
49913
21488
5926
59336
59570
25096
19827
6801
19723
6862
15304
34112
12476
27611
17500
7687
38210
38678
59801
55405
7339
47505
26735
52022
59438
36939
23380
29613
18352
48841
11737
10416
15421
40396
31961
12073
14249
19144
8921
19273
4897
10213
38997
31903
46481
16115
5249
38127
15497
23127
3311
44610
8899
20216
53201
43663
21735
41029
50237
27089
52576
34201
10724
9837
51045
42579
19317
57224
3748
35639
6429
29082
23788
9637
19680
28961
34965
56833
59138
44849
38559
17743
25103
35222
56281
15920
46617
53521
53183
3396
45524
42075
27419
42531
56033
13459
59306
36264
12977
32713
53749
43927
52093
44213
52466
40054
56826
20850
56114
42244
34863
23424
36255
13986
31267
50557
30450
32422
11370
46728
6022
56789
6890
24016
32521
46877
27572
55266
50629
27957
21055
40700
12900
43390
14862
21774
30481
20254
26544
59202
55918
16694
25184
55124
38408
59418
47168
41941
17983
14035
13103
56528
23604
17935
56727
47166
50021
31376
45369
9972
20473
6728
27569
12599
51153
16862
55707
52841
48033
35296
59004
54144
16862
6997
13038
36923
31682
17967
12421
45508
52487
16564
55926
12052
3976
58674
50032
8224
22073
25062
5019
20722
34954
37497
39414
55829
32596
38824
43485
22806
8623
6867
45596
59777
41693
30205
29665
12030
22752
48598
42972
25869
14545
13465
14176
33596
59364
31885
5343
42671
18548
9768
36834
21239
52128
15403
27844
27213
36142
28689
9566
38864
10016
3725
36282
55780
6027
46933
56410
16428
21905
45015
24319
14077
41001
4133
44576
55659
28400
33819
27814
51735
40680
17544
38759
48695
31931
39148
28030
23199
7278
32181
35987
7392
57427
41395
53442
12071
59659
48136
6333
37770
20667
39477
34252
42768
30244
41704
30859
28399
27736
17019
47821
33653
44927
15146
13491
31452
17140
50373
41063
5370
48714
42593
54984
54626
47722
12846
59863
52175
4223
9984
24282
3370
36103
47130
54672
45535
15342
3851
40109
24477
51795
32287
27492
35511
20973
33706
53419
27953
21146
17311
25937
28388
37685
54517
22101
22372
11340
7184
26377
34039
33832
58640
16656
6801
53250
34783
37709
34707
49019
28958
4223
50816
41397
42516
43161
50678
16515
5741
27488
23591
15764
29317
30726
54104
10655
35529
56026
25228
55203
51173
24875
16056
50789
13258
41974
46365
55769
36695
31403
6955
44917
17392
32381
55384
30817
4610
54675
51933
49839
23456
35395
44462
33646
41855
7820
13608
28652
15214
51986
44485
52132
46293
51234
28917
52119
7352
21854
20793
6629
43277
7830
36677
50944
30613
30134
34863
30386
48102
12437
16974
37079
32451
34334
10041
58130
11292
41568
41559
54289
32372
43086
19572
56793
21395
6585
52128
58317
5243
47609
56071
51339
30675
12311
33540
7547
42231
44288
45842
38885
59784
55302
40134
25939
44376
18284
7069
56224
5899
26717
53491
20723
5727
17854
11333
22394
4885
12948
5794
3984
14838
48984
21411
52591
11731
18788
43900
58033
48777
43906
58308
35634
52443
21015
20194
16414
59431
38861
54857
56920
14565
26647
31188
50123
56679
43111
8353
58876
40193
23228
15073
29765
21364
19605
21820
36966
32035
3943
49335
26709
24554
23937
54847
47712
40580
28953
5137
42787
11077
50506
19136
36336
44336
57618
39032
59884
58708
46378
18014
55002
36989
45085
15511
15189
25914
46465
34316
57072
43541
23684
32647
51688
39491
48694
30735
48944
54448
4332
23350
50949
17809
8634
7796
42652
31771
22418
31073
50612
38135
4356
52261
39620
38889
15735
16647
33458
45911
34739
11892
14984
14052
30374
42294
3602
24452
36700
26693
21825
40669
36893
50653
51699
30360
35644
4590
31066
22589
55017
13400
40779
35478
43684
49862
49526
27921
52570
51657
33152
48566
50859
47724
26913
16880
25179
45144
59838
51432
12104
6206
9208
36497
51248
45065
31910
13315
40314
28090
42731
28307
27207
20815
57710
57999
54406
16074
45001
9651
19275
42969
53248
20832
36352
6613
34681
14033
28628
23659
55174
19749
33161
40295
11519
37257
36609
42557
9930
35423
51363
31506
6756
8212
58745
17989
21926
29155
41115
33248
41748
8432
36639
44059
54377
49650
20379
12894
3423
5517
8137
13754
54391
27205
19140
48572
36204
44725
18842
36700
14345
44293
51354
47231
20099
15014
38019
18001
28663
31330
17282
53906
35313
14491
34193
32990
17661
46451
37336
52483
47045
9508
54166
34728
37159
9164
8239
49566
23074
30762
20931
47441
29543
28411
23927
28974
38452
58458
19893
6247
26725
56048
50058
32407
11980
55896
18854
29155
54312
8861
43946
33571
6349
40210
33454
5824
20865
10862
4196
36172
13880
9087
20600
4711
50557
41492
9033
50817
11367
56466
45303
37162
31031
34006
58676
45892
6781
25352
42230
43621
23299
55816
4044
52648
13747
56484
18816
31347
9447
6776
25980
34708
3182
19158
29898
56501
58225
48608
53933
18259
46526
54351
30151
32222
42903
28092
56270
11674
11581
35690
33127
3362
31938
42251
9674
41312
10171
24390
7004
45456
31516
40637
57970
5312
6350
21417
51275
16762
15927
22619
29375
43926
16925
12942
16355
55980
33177
48315
20445
7193
31959
57742
30136
30513
54254
53418
42500
20463
8718
59168
55914
49398
19383
56457
52606
48012
8898
15376
4950
52001
42438
56568
50461
3787
23947
13225
17667
47201
57105
59555
58366
55600
26028
34227
38326
3582
21753
58786
21294
13790
22829
33170
28059
40204
43491
59670
50172
19158
4512
47443
11464
6277
8585
58067
15715
48578
30219
13915
16852
37692
24919
24986
21935
53612
55614
31591
50964
32577
57772
51600
19033
15433
17763
6057
22182
19119
50573
19618
27095
42139
33151
57911
3168
25994
34055
45154
20119
58332
59271
39205
3189
54996
16486
55315
33917
53697
28815
35124
25970
25556
28858
31016
57196
6414
5827
40651
5462
17607
35285
56497
51072
11768
31573
11454
43297
52716
19439
18839
49366
58175
54262
7288
7444
38860
55780
8002
37204
41431
52567
8627
7828
12519
21886
4412
47740
37930
26388
47227
18158
14021
38155
24439
56270
34879
11184
33422
39435
27194
29689
57959
23612
10723
23308
40336
10271
19952
35073
52838
39794
47868
29135
12080
35715
39417
40026
44911
22928
5448
21454
22993
59137
41153
30660
35687
25791
43338
25272
26068
43704
16857
13690
44215
14439
34384
56920
38518
23951
35461
4436
21315
46980
23942
13717
51344
3970
55761
43826
56282
35100
16748
21860
46590
29207
36509
41439
20691
37222
16682
46999
17489
12576
31771
29734
58952
21707
40291
36322
57383
21587
47443
41581
46199
28667
34804
28898
12568
7550
57586
14024
34475
4585
22409
58077
10147
7353
20368
59286
20643
21066
57908
26001
29088
47848
20436
34526
5006
34018
12335
8657
23087
21430
27133
48081
52436
19988
35997
58214
20883
27261
7036
47400
34109
22449
38740
15162
53495
42402
40012
24199
51276
36117
14060
47332
33277
50027
57873
21171
56370
32615
7320
43788
37845
5639
27603
22171
30344
12969
31574
6288
20464
28773
16622
21744
23355
38288
36754
47609
28718
6854
49403
59669
30875
12338
42894
46640
45330
25620
10237
49932
46296
41220
32564
20963
50684
4832
57815
6821
44782
51126
55971
44819
57456
32615
5439
53993
32633
58999
39224
45348
58365
57793
51838
34344
34572
11864
26214
30076
9745
45596
45285
47817
31453
40279
37110
5107
20163
32853
19489
17164
23644
52197
8251
19092
49751
6587
15050
4316
58412
26337
31804
38653
55503
21008
34106
44587
33698
33287
47768
50217
37444
12194
34718
54117
3344
44318
6233
39674
28486
21459
37093
42110
28969
14063
26442
39359
57575
19539
59722
52407
50888
37931
18024
52832
21185
28416
24433
54842
32524
22176
57228
49884
6859
50726
15391
10757
5781
57545
10797
54720
33819
22351
45518
