887
3861
8791
44464
46336
51834
31794
52059
3323
26905
55085
20432
4751
47690
56308
45800
35956
58550
57178
41014
26852
23022
30440
11021
8143
41152
17351
33307
28977
32593
6887
3986
50748
52659
31755
57002
27046
10984
49853
49803
29235
29504
49853
5247
52625
39847
15250
15278
37524
16095
20944
49248
26456
41220
30302
10908
16747
25646
4715
46247
35488
9865
18621
18089
52980
42546
24476
43690
59425
48599
29353
52875
3700
21122
13400
55386
43914
23463
20656
53241
11687
6377
47954
14212
23130
15180
3671
58613
20359
15153
21984
8997
34757
6621
44995
9161
20817
19176
46899
4556
14296
47090
31091
18043
20270
54146
37829
12636
18893
59718
48498
8640
34362
28303
50253
49964
39052
47583
32854
15952
16611
38864
53007
40184
53124
53120
28109
7007
20403
57257
3657
23214
53492
28366
6187
40278
29298
33769
12249
38330
51699
52775
29134
48008
56361
30892
44589
37481
18218
40733
19989
34362
32604
8877
56072
48727
31093
51639
35418
34608
55916
45680
28667
27200
58911
36205
26483
59617
33879
57877
50373
46669
12093
21711
17202
24290
12361
46404
44781
13632
18472
18188
52881
44391
54753
34203
15741
32259
10998
59688
32275
3567
31513
59624
54523
52223
44727
46862
5896
58766
59616
12870
14812
37801
58125
53919
18172
38554
44071
9034
54821
24652
23729
9516
10765
6146
10194
19932
34414
23238
31989
49250
46165
10337
54392
12781
29789
31159
19354
33306
22323
4816
43971
27342
53938
24541
17932
46054
9498
58719
59020
34745
28167
31907
57206
34185
13864
5207
50020
51542
18807
51431
50796
14757
5735
34994
23306
45152
15137
18449
42151
8553
49960
38416
23677
44795
51095
43414
45297
38211
55299
17375
38329
26977
54126
13712
39316
52950
15846
32890
23309
18736
42375
52626
7790
45802
11239
35278
38988
22003
52237
8614
45635
17603
34265
21220
50835
31862
20424
17210
42603
35237
50753
48772
51862
43318
38954
8228
43191
20528
13497
47455
42028
58858
31766
48803
21628
32606
55752
12840
58907
57774
24737
17868
55023
43889
16750
38686
14263
3550
22721
31755
18269
42058
50541
41488
29329
45017
28672
26460
50918
42269
5507
44925
4384
25797
29280
39770
38017
33347
8837
55877
54265
37973
16973
55823
56094
40807
43523
7038
5511
53958
55370
25027
45687
25360
4514
31411
45363
56718
48089
28927
17007
7782
43309
46255
41414
5165
6184
17939
41295
57799
27144
24136
18586
57411
19518
45635
7131
7280
6701
59693
6174
58442
34786
17111
38424
57639
50408
58570
55174
22806
13960
30633
51160
39757
43147
27098
12218
18477
39445
50923
28898
57156
58694
18730
3789
20131
22454
13637
53372
39667
54341
19860
39207
53699
26432
28688
21573
14176
25036
14308
54648
31872
32490
23191
24613
17441
55246
59236
43005
59003
43090
56575
30282
29518
15219
15362
10924
36817
6434
53970
43456
5455
19871
58905
31421
21696
50803
31012
21053
7168
13241
47394
30066
28302
5887
11528
30069
47632
40763
53121
33656
54167
42227
33023
35863
51447
9866
16219
30922
37086
55575
6557
21467
45741
15193
43809
13314
16289
56725
43290
10857
12778
7509
57281
48112
28891
39966
53546
13536
16824
40873
33634
6367
47106
16075
5336
50360
57863
20628
34703
11702
28276
18096
50642
21923
5304
10150
27592
24294
32197
20691
41098
38936
25299
36694
13811
48371
58217
25262
20483
24251
24199
11858
31662
14415
12819
35722
45710
8743
12218
57177
43063
57313
51305
33895
7058
57944
20697
49848
51561
26652
39387
11161
19052
16772
15354
11535
39335
26967
58720
26919
57405
29339
54627
47752
40357
33288
49283
13815
36617
33012
48001
50591
27014
40075
8389
40945
8026
20999
56639
37136
19765
36462
46822
38311
32325
42375
35907
27659
14687
6646
21390
46681
56766
15847
19245
19816
22196
49670
45002
58229
43345
11866
58714
22287
45177
56943
26386
38444
58078
30835
4530
28254
15869
48893
46895
32899
58271
30126
16011
56743
42048
58590
37151
51312
21215
46610
3911
22143
32217
19660
20393
39585
28247
31839
54477
36384
59237
24777
48412
20448
12481
57606
22513
26277
14218
48578
55488
52866
49491
3801
44258
32618
8103
20202
24392
17377
32286
49489
10624
57514
25067
40420
48182
4011
39019
5998
31480
57279
50423
3519
8949
56805
23491
37495
52189
49534
38665
21334
57152
17188
22443
13465
29919
24895
48632
46751
13196
51410
6945
15535
37282
47178
45871
33556
50648
49759
4556
30074
15906
4990
29184
26346
31795
47076
34442
32555
8075
22346
43366
29511
47687
36589
59032
34833
18493
20812
8398
18574
10437
32109
55186
57354
55720
27222
56643
21411
48151
11415
22688
43521
28340
42534
47705
26363
35191
38546
40444
15619
50039
57827
15498
53512
57714
17172
45223
37237
25481
48520
53481
5849
36038
27671
16246
7561
18403
38890
14204
48815
54675
6228
33471
16227
6570
13098
59398
13243
43278
41363
16706
23269
5715
13978
53087
53001
42473
54893
4322
3111
19776
4133
57710
44525
36861
16100
6266
4661
44882
52253
52630
7913
16118
26481
54157
37214
22735
59191
22755
29810
47506
59061
51530
34597
48355
48174
30762
40318
35042
3662
59133
21685
40675
9167
57457
29238
8677
10737
44994
15078
11328
49075
26581
59563
49527
53420
52085
3413
3993
22527
37364
57705
52623
56136
10392
33569
48514
52574
33678
53035
36819
12050
45164
50206
22059
31210
25502
10893
17405
32444
49972
17444
23086
37579
4131
42357
56396
42025
10852
58884
40125
7129
9092
52534
18347
52081
29379
45984
24854
5312
14774
57051
9378
17520
15460
35098
43529
9032
16999
19061
38966
8831
51642
20774
56498
35592
13475
