1812
17498
59906
4067
33627
30492
32710
56253
48946
20512
27676
41592
33403
3327
33329
39292
41023
3926
49474
31227
26740
25881
8406
59551
14937
23386
5496
26395
54722
39779
37307
38653
37312
14795
58196
37256
59408
57495
17468
56989
9313
47528
32531
30510
33285
48730
27368
47299
16581
41502
24580
7347
39925
54538
29352
24006
38645
20224
4696
21823
47938
53099
7829
22851
7558
11764
11691
51008
30257
58217
19565
55769
45209
53066
56067
12595
4305
59359
10964
12208
20704
48576
35465
44540
42814
33197
54108
37240
15610
51116
43051
53485
13065
15444
10045
8817
48170
22907
18079
41194
59327
42247
38663
54827
41986
7106
11930
55552
19978
56314
58928
11136
49055
27261
43690
53793
24705
27798
6389
59867
5729
37772
14077
18142
44984
18777
52064
34244
9552
43771
33287
12212
24059
17266
35697
38128
56671
52178
26018
49593
5278
41459
6004
4121
47672
26519
11186
12025
34626
35124
50791
42181
21450
41989
16095
35123
46006
52272
50808
15325
56093
59215
32958
3950
47255
20040
8508
14821
14446
57063
31505
53214
17201
31759
31086
29871
9947
19003
52304
56321
17170
58682
57375
33657
22042
19011
52891
26741
25994
46057
34368
32747
51393
30052
48883
5345
59296
17954
47264
52867
5024
39100
30336
29607
38923
17787
59339
31076
5084
55166
52091
31291
52634
19761
34125
58009
43855
40330
34859
57714
28463
22966
46143
20794
28092
32874
6533
45947
29656
14353
24667
25897
37150
57698
21070
3753
38540
40985
42751
33458
43411
59373
12340
39407
40659
11415
41722
25044
37989
15825
40872
14649
53722
10382
10966
50150
18224
33877
50253
39165
11102
49509
26335
25002
26160
30520
4648
25613
55120
8880
28155
38287
33661
22175
51623
22048
34642
42352
32937
5916
18719
47136
7600
8393
51146
16977
48187
31436
46638
49128
12632
56893
36159
55001
36831
29876
17535
13723
20916
56500
20950
22005
33251
47522
42800
34168
38862
40739
14102
41675
39438
22046
32878
30479
47255
39036
51930
18770
14065
54453
19138
36952
13115
47531
44589
59792
39714
19587
46946
47291
11258
28490
38577
21587
53589
40512
33477
37910
8969
51102
48783
17263
48997
13303
43957
8238
39627
43047
27323
50042
59783
43235
18210
54619
37036
30283
53236
31545
30854
42764
46554
12490
37496
42497
9640
7771
17152
18600
25091
28400
5482
18335
7564
46355
36990
33224
45515
14205
26302
20615
47375
58747
50647
9237
46481
5392
52561
17240
56272
21674
35906
16937
22419
34221
46823
16357
30525
6992
33101
52465
50738
53917
36153
42101
24313
55779
12511
55651
48603
56289
59700
30053
54329
50568
10037
24630
28387
22551
24570
41333
19907
31025
51202
55549
59226
10201
23084
21341
13208
3140
27932
47680
24620
35922
37919
34938
30686
11838
33154
40030
17311
49784
35778
56955
19526
10378
52142
31806
38455
20688
15801
25446
6454
21378
36964
52916
48677
49866
12553
51969
4819
17151
37690
22765
44070
28690
32341
49678
28774
42486
30608
16483
31091
36498
21050
45334
3855
50729
13087
16249
16285
39579
9297
52685
26537
57732
45425
12333
31594
34062
22046
6683
31308
12673
16608
49662
18926
27508
49536
48523
4605
47650
15246
4359
36363
20079
14966
21029
47132
18824
57320
32419
25448
39323
4753
9573
20160
25042
7856
53543
21876
40842
29698
55737
28527
59627
10175
30782
21913
31405
10202
31866
33714
16974
51574
27330
4400
50381
54410
23855
22960
12249
7031
32323
4238
43069
45942
7678
15166
39519
33242
47582
8327
25685
38742
50790
18859
16490
53976
55848
11258
44619
51180
13631
18213
46388
45668
43776
14873
45244
56717
40797
26891
43752
55299
31504
5005
7463
42637
42612
50466
32247
46627
33307
39798
58816
54605
55383
14738
47747
45395
22753
28113
46388
54940
47455
46373
57440
12524
48603
20763
53845
14983
30577
53180
28633
18114
3416
46452
15211
36500
5370
38820
33412
43601
45506
8500
32873
34249
28278
27801
52669
53684
51987
7351
3217
16100
28811
53139
26221
53044
31940
5691
10040
51588
26536
19413
12273
57059
14298
9598
57039
49532
56034
21107
9247
38849
49183
52819
28196
44949
41264
10524
34499
14798
57475
55592
34468
9345
34988
35781
24550
58621
24336
34928
22746
25626
59026
7785
15569
3140
36853
31808
47893
57022
7242
8949
46454
43104
33711
4711
23103
59399
55675
24075
15742
14767
28358
56060
18105
22950
19269
47116
48774
54918
40636
15269
19994
59689
6131
26578
55784
49982
37234
19093
37941
5532
27238
14815
17950
59692
13292
4281
47450
42742
39537
13706
45220
13071
42865
41009
24051
3814
23655
30707
8531
6008
17283
27451
16788
3176
3722
34511
48035
37779
17097
24419
46959
36347
17247
15023
11376
6228
32916
48634
38107
22059
20559
6479
38629
20152
24575
4968
36722
29627
28522
49189
46539
54979
47348
15544
25251
22523
16904
32513
33330
56717
13512
33679
47695
8918
35078
16882
16308
6167
54905
3059
24678
56027
24556
30512
48279
32124
12965
21970
7056
11095
53080
17387
27282
10984
29148
24804
34410
59666
13800
3331
36160
29548
23345
44853
8722
12328
4804
24827
36678
18606
17583
11691
53383
17634
46082
5385
37271
53675
6300
12478
5302
50800
35037
28118
27390
31217
13054
15088
23736
3873
51616
13662
3201
33411
25507
38858
42014
15686
24631
32463
13698
9718
45109
24128
16055
13754
47506
5044
49407
13602
41296
31087
41631
9989
59615
24777
37513
8710
49778
5478
32385
32904
59811
4662
44268
21684
20599
35581
53584
50630
27241
7319
26117
52825
57947
16744
23440
14163
17606
31278
40692
13600
8458
24939
10929
55817
16544
26857
59895
54341
28482
31330
3033
12418
30455
25954
40277
8831
17226
23566
14070
19759
52871
31482
41511
46694
35135
17950
32886
15335
6552
6441
13441
28110
55192
21530
49485
8171
11158
18088
4365
42585
34360
56175
45070
6606
9915
46670
29568
5344
38912
23992
54016
59150
13876
28761
5715
29465
21662
30190
46704
5145
12282
31529
43959
19750
48917
31054
35850
57515
13776
11771
59975
24506
40850
13397
5335
30911
21830
8505
15809
23997
37711
3420
15942
17956
57112
38016
58691
45543
28685
49109
24702
31958
33369
42384
46652
14170
59192
35752
5493
30151
5376
9646
24272
13292
42410
30522
45925
37823
45095
32875
19694
43470
18617
21838
49708
33080
7311
21680
33134
29890
11657
56314
47261
30163
58377
15599
50393
18089
55577
20522
34132
58058
54563
23378
10470
46681
49949
41543
22773
28931
51554
4043
51242
28625
6834
48609
49422
32698
55867
54482
51761
37185
30894
26861
24642
4325
55078
45888
41117
27013
8118
48861
3653
24657
14987
3929
49841
28798
52245
34206
32832
51612
47231
31614
53122
42941
56842
8655
58164
29014
35764
7435
9571
38589
48013
55253
4821
47802
35104
20203
32338
37200
5390
27060
21876
19542
5235
57866
32257
45986
59088
4640
25195
52880
37206
26960
46061
21275
25380
30904
40309
8713
46968
40549
43930
7099
36205
52683
22941
4136
40172
13510
44704
32368
15002
37325
8777
14239
45348
11684
14747
51216
10122
39520
34631
10080
35628
9022
42309
56539
58234
42631
32962
4968
40165
16090
9526
19958
3870
49023
59229
36594
47414
33119
54131
51139
40390
28066
44225
28914
22857
23152
19598
37688
5879
27921
39377
33957
38915
5802
15035
39039
39324
28807
45376
14992
52870
50971
32278
47620
47106
17730
47993
38479
40508
5042
25577
46276
20422
12617
57675
4869
34643
16326
18290
52864
23664
36501
48571
12097
44302
48263
29328
12837
50026
12926
46306
56479
4450
49803
19870
22026
31412
37024
10146
31104
29979
18812
7093
16357
35588
10639
21244
47601
9678
48214
39542
45210
36962
34468
5647
43023
29463
30352
17797
44724
19454
36453
37991
14065
21056
45338
11700
42959
15371
25664
26898
46805
18052
52147
33279
55299
56619
34995
41224
37726
5084
3344
18885
3006
4770
8937
56197
25210
43657
21245
21674
55679
53757
36169
15003
49961
27829
52345
46548
50167
38945
3065
55393
50561
58646
34228
26034
24357
47674
59296
31515
24893
23067
13009
56655
19025
19346
27237
48546
54575
22630
13981
55164
21448
59313
19250
3684
55387
34757
35791
9383
33352
59328
7177
40323
8560
39037
35556
52817
48526
4468
50552
46390
40377
32701
57129
39347
14846
20878
8830
41197
9092
38989
28624
5711
16032
51508
19793
40124
33825
20333
26434
48898
8715
7774
52143
24403
22369
48507
58186
51398
25253
38825
12538
58770
48549
22641
28771
25947
6072
56615
23973
6226
46175
10764
54631
43568
45781
21474
31109
38993
24773
8124
34486
9252
33791
8812
30281
44421
50420
31615
6470
45667
8194
46025
55938
21466
59272
19744
39060
11376
15921
31228
25076
42309
8827
31705
22087
33922
58696
34875
38597
58966
28393
12631
15680
33997
38815
38331
57637
30619
7029
47546
39699
12721
30765
42432
31268
32721
4864
36176
24938
22758
55708
40240
35152
57373
8365
21093
29905
24487
46154
23448
47442
38202
32148
44751
47115
36457
39899
59746
43383
54009
45780
9593
6001
18421
30530
9191
54290
49207
26407
8740
33806
43704
49956
29616
22711
40392
23383
37773
4727
46544
48672
14643
57043
34440
30332
48335
8882
24478
49776
4889
48721
20030
22886
18240
27858
33317
58285
53344
9607
7560
34514
39477
14290
14669
56898
40923
46882
6641
35651
59883
16724
15427
23146
3117
43649
8053
29936
36096
5307
12267
53112
35623
33306
57193
39584
53953
50295
5111
16006
10830
20624
24157
40948
48939
46574
56039
18012
4523
22849
53957
48066
52951
4115
38744
50091
17356
42279
23705
19522
20581
27741
6382
15134
39405
47535
28560
39673
5576
11135
58530
42313
59286
19030
23641
30131
16698
24113
14126
33288
50432
18197
12801
32741
21625
23879
19619
23293
52105
31840
36548
18148
43213
12028
19653
43499
19493
53085
55366
22915
34523
24217
49456
54173
24797
16791
34070
49910
9295
3833
42506
51434
56376
37845
43314
22501
37118
36314
29466
55130
37915
47623
55616
48463
17930
16751
21093
33288
8188
52065
39300
35941
9940
43132
7951
41151
20886
14111
9645
27747
17606
17313
34346
27726
38692
10582
52828
19088
14015
28858
10858
47963
39953
15220
18762
57461
58903
7981
38458
51615
16700
11027
32789
36410
22432
33641
23415
28151
6655
10664
17390
43611
59493
10621
33830
16825
41604
3177
6986
21120
33149
20106
21555
32073
51320
36131
56142
22605
31778
26805
44253
28747
16188
54914
47956
38238
56057
35446
5977
15313
40604
56430
17692
43077
19661
50684
40058
41121
33325
48534
40436
8945
59155
46941
23388
9219
24957
41503
34017
36743
31968
43473
22608
53004
56559
25181
50522
33825
10726
31535
40602
36613
8992
6936
39733
9265
24786
17494
21236
41493
21273
30461
33222
21741
28456
6722
21180
48839
57520
11911
30850
17165
12820
23667
22409
8917
11395
41698
9188
14046
46132
48331
48563
56841
40862
34076
22786
32314
18639
4549
13152
21958
48168
55884
3538
49414
38501
29427
10026
47898
50487
40056
54349
21525
47454
39499
19671
22689
23676
47424
51037
36800
29192
10198
12435
31371
20205
9574
22372
30166
50019
47189
23460
27769
17405
45990
9003
24103
43616
43559
35715
21703
5756
8913
14976
26904
16682
16764
57987
22137
40897
39646
37575
22400
34565
38326
27806
21315
43787
28600
33169
54500
33861
26510
50153
34469
48600
33850
43100
19769
32297
29923
51336
52261
36043
50314
12962
17411
10258
36614
6263
7261
54485
10553
28108
19790
17408
46105
26564
31976
12709
11396
29247
11482
37318
47080
