855
16182
34544
18004
17317
18418
32709
42536
47147
54186
45888
49610
43386
38277
58132
51603
8517
24109
54015
47205
28828
11876
57831
28970
11867
55665
55221
52260
28467
51885
5761
5897
46606
55066
51530
52620
4561
31482
5477
13137
36513
5711
58711
21800
26582
11951
22643
6131
17468
51210
43125
14149
24018
5949
18119
22956
19980
54611
57115
23343
55485
32100
35577
10725
58284
11760
56968
55633
31140
55016
19510
59887
40072
29848
55234
43006
53888
31824
11528
22380
16304
14697
39826
6766
42150
7613
34825
16686
41255
23195
30318
4211
28780
55958
21948
12130
46089
30144
27537
57594
17218
18948
22022
57476
38180
46235
30690
20951
52429
13716
32495
51951
29659
32191
21215
40291
37155
52708
29003
15501
20134
6626
32976
52147
23083
33343
25930
49257
12490
35059
5182
17802
31390
40442
17682
9982
13923
55951
42659
17580
47635
17244
38887
6609
44805
10297
3892
42919
46651
22460
14180
58808
59532
55278
13547
17823
28906
47521
52515
13446
15726
42581
26496
18040
52831
28134
55241
51267
39335
10718
40037
35548
50672
16738
6167
55589
18845
4465
50530
26580
13946
12976
36757
15657
4034
56457
24654
16046
4581
39661
20898
28361
14904
24324
12398
37874
9797
32987
13387
5362
31816
45833
40225
44650
7952
49305
58922
32182
4238
4055
53595
33342
23389
12683
31254
12374
49944
15118
44616
37622
55354
59105
27434
17917
51562
36207
3043
37921
24394
7000
14572
40840
3685
57127
7143
38617
27822
42157
34924
52817
10001
37731
9445
55852
26321
55445
7438
39207
20653
45223
7209
29675
58561
5674
29489
13467
10267
13798
21807
38161
9382
11338
55993
41238
14184
47307
16753
19846
38262
25916
31154
38410
32501
9128
24491
11413
37852
56626
37207
32301
10658
33600
3545
34219
37918
51087
15468
24819
5575
28506
5516
11625
17511
31345
36113
27280
29702
26048
31654
11132
29179
58721
4954
32437
42263
56259
13893
55359
20578
41935
40618
5188
11660
8700
30844
3776
53091
48236
35678
11813
16279
9113
11833
38942
31026
55108
41310
46572
49317
17845
4071
3228
35929
56104
17070
38502
59466
37230
16590
6451
28902
13202
3904
13909
33751
29696
12297
19454
3352
34142
18915
15654
27326
46336
15754
46495
31905
46561
57254
39937
40348
46178
48054
29273
8563
55145
58399
22752
31516
46042
9325
53451
6325
50310
20194
21655
8796
54366
42216
44812
9959
53801
10600
36592
25065
39046
18409
54372
48580
6738
47191
9006
54739
22471
10125
44924
32056
57713
12095
34338
51800
51614
9779
21843
17348
12083
58554
24759
49662
32754
7373
26946
26286
3018
57967
40533
26106
15117
33649
5600
45093
24054
44210
35208
46342
17002
58498
39213
30195
51403
3678
36180
10728
49559
28128
33066
48914
46965
26448
17848
44667
30645
51553
39466
24801
27795
16022
30745
36078
6245
47105
16544
35773
49160
41635
7593
31760
24288
18584
58554
11555
30021
15253
11418
24079
29998
25359
24902
56936
46353
17281
37692
49070
3582
48195
15487
46641
6883
28577
26420
54719
4487
45501
40365
46406
18539
20747
58613
19452
7441
22236
5769
40949
41325
38491
38072
49606
44888
24097
26695
24704
55767
51832
47782
55593
41130
59563
24645
13350
59325
15800
50863
38576
42460
9031
18328
23712
46812
14983
50536
5072
47147
40504
45839
56517
3275
31121
52152
11079
3806
19271
5480
52861
38199
48574
24563
14700
34713
18947
46014
59043
57308
6019
7628
25292
39245
55407
52402
56730
39072
46112
51106
37918
28234
27713
57194
21381
7962
23557
7149
56344
27213
26437
37490
54085
52850
33577
30833
43403
16911
27074
8306
23952
42829
11409
33703
47177
16295
14854
37258
51235
14825
15873
50839
42868
5292
25888
46820
51279
48475
34741
13728
38799
4137
55045
49112
4790
32048
15930
16502
23428
39550
37332
48154
50131
40288
59786
23760
56250
42669
47776
21516
53882
35806
29300
5996
41642
39266
45133
28257
13813
7082
6305
4429
25100
58770
19695
32317
34188
44761
24875
19189
28512
14421
22111
40401
37831
9774
25163
40441
7766
14953
35500
44745
3615
46600
34599
9783
53160
40340
21727
18459
55142
20560
23726
50788
29959
16182
42066
23434
29859
45157
48053
48661
15606
18222
24641
54153
49373
49443
53622
19400
49000
24201
27496
51834
35863
10334
23838
29392
17903
26024
10170
55360
56214
9237
36027
43127
18669
10977
36146
4309
6844
34234
36340
27113
32297
6738
41977
57454
31970
17858
45984
41186
55724
30005
57439
59262
43011
52952
22787
43929
21170
54242
40406
54381
28133
23290
31787
50616
35192
28965
36474
25941
25692
50056
23112
21970
34500
5082
8774
55239
12323
47960
22195
21058
20887
40278
15317
37530
55463
14237
13643
56870
56172
19910
46222
40805
4893
36144
3359
15957
35721
25994
32943
10357
46069
10569
39434
36819
46892
57681
6477
47015
36910
56683
57338
26264
47172
25280
15980
34148
35392
35517
4068
53115
26555
29641
39085
24944
50707
35353
22368
34913
3534
9315
56261
40259
36094
13605
19574
16465
6378
46001
41063
15290
10285
5172
5816
43270
48733
9862
35367
13522
21901
14226
41417
20672
59380
35535
54739
52133
8917
19386
25154
19684
41040
5596
17268
59769
38550
42205
56755
37348
55241
8295
27762
22550
51605
26362
39846
52310
55040
9846
47447
18935
29445
28224
43035
10525
25403
54850
30324
4892
24654
33985
18739
40299
27739
38200
37051
59438
59016
27837
13469
4347
