1470
57288
19561
18882
4517
55788
19248
5217
53609
8963
26236
24501
18431
7038
12736
59395
44607
23982
41101
48766
12526
33325
43320
54769
32855
21658
59488
6242
33265
54226
19322
52300
35446
22340
48908
7113
51168
14669
44097
57097
47406
43216
38967
7248
24294
50276
39748
47435
30969
31558
56379
55650
26346
35263
10508
44858
24965
21302
31694
14236
22158
41800
19791
58833
20932
49415
56942
28269
7352
50401
41939
28470
50975
47739
6352
40667
20689
30390
48634
44541
43153
20488
43991
53402
11607
24158
38427
3896
17778
40024
43740
9430
40823
57754
16030
7874
57957
3852
19230
50712
54504
14366
41609
14698
45144
58975
16498
15319
4489
27302
11187
36258
8241
56574
11693
34890
37298
14714
4650
6741
51831
15120
42820
36648
43167
24716
15972
35177
32339
18185
37190
57811
23273
46210
13409
4343
52705
42964
12288
37458
29356
19257
22876
36901
3023
4560
6032
23175
47818
5861
41421
19204
47604
53932
9756
35169
59853
57719
35348
15286
33515
55427
8312
11402
41735
16098
43821
24103
11291
54072
39428
41675
43471
58876
50640
41285
38667
47473
49486
52062
22503
38907
33084
49380
14742
48679
4919
24846
44782
49532
19803
44614
6151
4917
29460
52229
31464
59935
40402
26287
5797
27014
56092
48335
49397
57764
50332
58838
19722
7829
18715
3431
26112
19017
40905
16477
15526
48649
11344
48961
25867
45774
20496
40965
48586
22933
28278
25614
4074
59582
4743
59804
34641
43469
54613
58011
58260
8147
21458
19417
59151
43733
8808
40734
47818
13937
32796
4696
16572
36988
51375
9268
15368
42301
32125
11438
32731
31433
10190
52284
48970
20813
43097
46345
5847
28270
44494
31726
41527
49906
49415
33757
7587
41736
28775
10640
3648
50007
55601
5613
58691
37079
54106
20372
15201
46677
54270
11695
23620
19002
42879
23684
13321
9542
11125
38911
57460
47610
36023
50317
40196
58786
12354
59513
9043
36418
46940
49112
40901
48553
37662
31619
3942
47265
28641
50137
26330
14798
22319
39840
47177
41566
32896
25311
26567
53271
15119
35867
26419
16766
38749
29063
52891
36927
6982
45377
30547
22675
28643
14756
5663
48615
29831
31491
59158
28124
33930
57739
44744
10985
45131
25131
29965
28443
12903
59430
18650
15893
54127
42985
16152
12654
15520
44587
7794
18857
28816
17236
58598
5094
52755
50937
41017
15702
46445
52299
39157
33918
13052
22216
27760
54356
44339
54029
23110
52244
19174
38554
20812
50645
9466
13045
8286
40271
7645
32592
43987
42687
15071
52586
31396
35585
54811
49953
16240
45293
8800
21572
15165
6444
30545
3455
52488
23182
58335
38141
42234
46950
12731
9872
49295
51845
47930
39053
23507
20605
18207
5317
47575
24339
10072
31970
12009
39782
16244
3518
10742
19599
29666
28231
26062
41552
40590
22062
24575
45893
53863
26841
26551
28976
16844
50060
39726
10593
27451
43926
49625
54989
19069
51895
17471
44442
57937
9696
22886
31326
33068
10514
40867
17321
25012
49501
24893
46405
46768
6121
53665
14950
44101
4225
20940
44993
35258
37807
14181
5644
19099
5560
13812
56025
24205
7660
46320
3179
25993
30670
39901
3977
13777
27671
28892
9107
59216
13907
5748
24044
3719
3061
59958
34035
49241
21767
4127
50345
25299
23136
53254
26166
19821
8733
57522
52389
15951
8311
30118
58645
12094
30924
39762
38978
12551
15494
46305
21329
39880
51319
35581
36322
45497
51009
35133
28964
18409
31526
23566
19948
16199
8834
24655
5312
47747
30064
28353
41179
8439
26192
27413
23687
5474
40011
5963
47544
12330
59082
57196
27414
42820
49061
59308
47416
12972
28549
13934
28517
21961
20293
34217
32625
58799
42479
38171
54630
35770
32501
8442
47495
48084
9412
33092
38354
59521
32473
17019
18688
38995
8461
57836
9265
49585
29818
9539
26434
16093
19754
8775
35150
17938
55294
54487
26508
25301
28264
56092
9335
39604
11899
30276
41008
36570
39642
34801
21096
54876
18064
8140
43001
41980
5718
4821
44412
59209
20973
5622
9701
37432
30462
43879
46925
14109
17856
53898
59289
49804
31572
17569
8629
30391
37006
44338
40874
27741
8565
11050
14332
53271
31733
6343
53442
12719
53401
44450
42799
9329
30385
18736
23898
39207
54192
19401
44388
25887
44469
18751
32231
8854
59734
19536
17483
25448
44599
10891
44077
4456
6017
10541
15794
12622
39257
47537
57232
55242
37002
47103
10197
52280
36747
32150
40851
44525
42239
59474
41956
3386
18505
26733
19447
10705
5190
53339
37097
53526
23595
9701
25611
47659
6567
11575
58206
23784
58335
14970
7998
46349
38447
41744
56903
37892
34234
25236
21194
11121
5267
12385
32847
46123
35075
46049
16908
6081
33482
49224
50425
22897
41372
17061
9056
26443
14838
33073
48227
30631
51562
14736
38747
6016
58434
41231
34665
38529
23476
17852
30359
16753
14890
10080
5250
49537
42318
26708
57138
7423
22424
47248
59835
56430
18595
42174
24701
58734
55598
8606
14908
45436
32645
24181
27861
3753
24411
33469
28952
27034
53228
23467
40888
51303
43115
30338
41109
14956
25482
55837
34290
20928
5751
4582
51384
34276
10541
10719
50791
25167
24432
53968
55525
13074
24063
54878
30966
30801
35867
33788
25040
36556
52175
22291
33735
38600
4729
16644
21348
25656
42783
55490
26719
49084
43207
30790
20385
36812
34647
43941
39236
42968
39810
24661
59122
37626
3600
8519
47011
54146
12174
55549
35496
25216
58533
9701
20437
41815
4100
29169
38812
11104
32586
21464
58535
51908
26144
57032
40396
15551
44796
41135
26642
5405
9430
52463
49454
52266
49518
24493
15889
52878
19701
48920
21803
14724
21734
10092
7989
20691
22006
56863
22925
26898
43773
49252
52879
47778
3866
9101
13262
23724
15505
41890
21338
15546
22237
56176
39302
3407
21867
16617
56260
37396
19753
59365
35792
45071
18156
45703
4667
10278
45010
7396
45863
33545
55208
32988
52379
18580
13994
32942
32547
7761
55098
44121
24397
10487
42581
30660
53701
23321
36207
24822
28021
7566
20058
5701
55714
12322
15415
29738
57509
13686
16069
42207
55819
45615
18687
27276
42811
25161
38498
22683
56533
32866
39018
40368
44203
54643
52266
21078
58486
48243
6466
45379
43716
37278
37384
7765
57106
18332
39352
33649
41211
10935
25768
9893
42762
32344
49088
13392
53616
43309
53340
55867
42716
12703
9227
5557
50346
20011
32601
34737
58359
25222
5783
55888
14706
56444
21316
19496
43767
13547
8999
8716
35414
24659
34037
35432
22392
25555
39342
37391
16298
49809
40143
9846
47364
38500
31640
31104
49278
40695
15754
49365
6736
37238
17696
7141
10270
47114
42764
3922
56443
41094
21580
20009
28547
26441
11827
44176
10349
13230
59543
50938
34947
13590
45201
15181
27558
25305
11670
20501
36346
33785
7711
46265
23924
30311
50252
16000
22085
45848
37597
18752
48188
37524
35416
56192
38998
17642
7602
32807
37888
10169
5178
36281
28167
49596
53807
29999
12527
29028
15412
27645
43582
47666
3572
31623
14973
32391
18040
9029
14720
15179
17754
29897
54363
11551
30088
48309
5986
21989
24450
51828
4920
52508
40068
13400
16598
8563
42755
56936
44740
48210
58356
13861
32009
42990
27355
49458
42020
24059
55423
23466
32927
34689
7839
55453
33928
10165
14885
31800
34476
33752
37042
33604
33110
17239
34601
44156
52004
54684
49495
39196
39597
39633
32233
56887
33064
24157
29174
48897
38513
41627
57047
9972
38199
16273
13769
6892
34930
56374
17056
7949
42219
11225
8108
58692
6274
50186
49980
43422
17156
33975
52846
9508
31734
47491
55268
48848
30340
6968
40697
44850
6358
55505
9664
10481
49459
59536
6167
13045
24400
7655
20653
4063
19795
40100
16516
14089
39749
6383
39450
41238
6494
15983
34307
57153
10026
35989
38208
30144
30124
56089
31030
32044
58415
41541
31845
50101
26475
48931
14932
56404
11422
26623
3047
37236
51970
37256
45485
24093
27979
9116
38021
58326
7578
14064
43959
35290
36019
5818
49194
47223
32443
39626
22150
39074
20950
16203
11603
44477
7987
42872
37018
6364
16405
13236
39041
24195
51968
17557
40812
43755
28695
35630
5327
44012
39005
54830
12600
25125
54925
7439
36061
50538
18358
54189
52110
12017
51127
16251
24523
41165
49827
32964
24031
49867
34433
22817
23639
46767
52630
47594
11699
54430
45611
38183
36312
12860
52859
15850
20529
37392
24071
5994
11097
52781
8398
21069
12932
42528
18102
42679
33252
35376
38133
20001
18261
22077
36992
59348
22665
16556
33846
57526
18612
51671
17937
41909
14318
7143
44218
58415
54514
20134
15997
5033
11551
34884
47553
3220
46179
41940
50855
6535
31179
55713
4533
12419
25151
38128
47114
53490
20161
10582
48315
11570
25093
24889
43206
31883
23175
29779
13339
17122
25207
39155
37782
44838
20309
52672
46469
58372
24632
12951
23412
58869
51121
47223
52380
58519
24017
40470
37374
5987
56851
46661
9110
47219
56715
24316
17094
38294
45211
38414
42392
7609
12575
46832
13916
59898
48401
27193
45734
31502
24566
57433
50760
14126
16954
58809
52741
55593
49940
6592
16706
28539
26436
13177
15446
35379
45225
55511
18260
27497
42072
50539
16645
10319
59642
17197
50165
59371
4457
44708
44109
52252
3668
29168
6730
6458
32804
56161
13892
10505
22059
17219
37359
9664
47656
56325
15295
23055
20353
34029
14407
46950
