1489
33572
23956
19385
33953
4871
23281
59185
36531
57470
26966
25595
32807
44147
56217
47776
11951
40318
14882
18132
39103
22070
19628
50146
48117
52765
41119
37504
57176
18844
39777
6083
3602
5150
41831
32720
29289
40478
31946
6933
20664
9137
9320
9766
38021
43655
32719
56370
56791
40742
15554
23584
37826
37039
34453
53866
49841
16274
44394
36342
48129
36894
42654
49489
55212
37921
56532
11169
6950
58690
38141
36476
49506
38403
58333
24953
40421
26376
28327
6963
57082
27596
9642
3648
7462
46204
56807
58362
22806
41688
16435
37266
45393
38847
41415
51489
41164
6389
15316
19430
18317
9888
39208
54448
36412
19395
38762
35721
9117
58726
39958
43950
30112
15510
23693
23914
52255
29550
41645
50659
15056
14585
16612
41938
7828
54983
11828
33323
53749
24901
4345
36540
8943
8202
35212
31516
10307
31759
38639
17801
19061
10183
20030
43886
20891
54043
59002
20831
57837
9142
36894
19601
6260
4882
54422
48604
8792
34827
9802
37316
59817
57262
40730
50755
32909
57536
6597
7652
9952
23543
24184
41947
34204
42637
10193
6580
54610
46297
11686
57135
53059
36145
38998
9767
41107
35845
7323
23038
26799
19468
40517
32921
25083
54797
19402
48899
55734
4423
38979
7264
21497
53066
35956
11385
40625
13927
55195
20476
8425
10420
5311
13075
32340
35159
30342
19946
41451
29665
13297
30345
23073
34053
27289
22724
18448
25462
13020
8915
39013
53896
28878
14685
4772
36153
54092
11351
43541
9318
37387
48958
26308
31558
44446
45195
29422
37860
43276
44465
34272
14798
48726
24299
50760
30601
39524
25525
35661
22730
36065
32516
50566
40501
11462
36354
17849
43247
27843
48530
10522
53983
21958
59160
37088
46499
30864
51875
17530
4899
28493
15593
20429
40875
46451
28811
39506
21888
50817
4278
43843
51486
30990
18490
28014
49831
41928
53502
6342
11517
24983
56360
53438
8674
50920
9437
26623
52219
37370
7441
25873
43196
23048
46037
51140
45172
32107
34031
8915
33708
40955
49500
27017
30319
19949
42174
8145
29043
24000
31908
40615
6033
52131
45228
55562
5361
44001
9370
30324
15875
59903
27720
42474
54532
52112
14805
55881
58681
58439
14421
10991
15160
32018
19697
11237
20846
15398
46545
23303
15446
29537
6457
28711
13270
32549
59102
14856
57889
31575
31180
39186
34880
38479
15148
26346
25956
42386
57150
33430
19019
5075
20573
21062
41886
57257
30666
33884
51734
58945
11974
31619
11827
39751
26205
45207
17817
55393
35364
16435
36473
8750
58878
30085
50117
31905
52922
4717
18467
24541
54523
42282
22487
49284
26455
32820
37625
21579
5425
21305
17873
38235
46951
21721
12642
31299
44458
28550
15813
19352
42914
38355
53659
26986
21628
24990
31517
56770
29088
49080
56733
31630
45370
28889
56185
9805
36494
38759
58007
38745
3494
20036
48978
31107
36970
3799
56100
28754
22201
38531
29230
36843
13838
27522
26516
45397
3811
31833
20940
55042
53877
21682
57336
3790
10158
4009
49497
29579
33365
7123
3607
30207
23721
36694
32057
30981
59518
44882
25290
43525
32906
29565
25564
17438
42505
11463
45368
10681
36080
3558
15348
41397
18330
18959
31329
50554
55601
7638
26240
31668
10204
34912
27952
19770
46900
8607
24226
33122
52900
18227
29515
33199
59018
58352
12368
7949
15195
44180
41105
15820
29779
24536
5113
44899
16597
3318
51925
5779
17980
29875
51895
28965
8519
38737
8081
26086
15795
29439
48763
4636
45899
20973
57615
15641
45879
19794
49265
16874
50435
22581
28306
44456
19661
29856
10645
25718
24896
47612
25528
34496
14724
53386
13826
7811
36818
34887
3236
55386
37315
4975
14596
7601
19234
4226
55190
16829
30944
18045
9463
50085
52675
9961
43804
39337
52026
36788
51497
5258
13026
10993
46457
15724
30555
45379
9413
25300
25626
59543
55790
58012
39398
23200
23753
20721
47031
46004
52674
24881
46478
15252
32471
51960
16828
21834
37506
29345
3963
10931
28727
59735
53969
24304
6565
14320
44008
10424
58347
12527
10552
55559
51058
55725
28219
31034
14266
47396
27798
31403
45209
28421
35411
57855
6692
49821
50147
39086
20549
12989
3222
39958
52464
18928
31153
47607
24488
49739
9440
24967
15841
41304
26356
54886
39563
30645
5859
39393
13855
55546
35718
59120
45875
5613
42593
20096
43990
6390
21307
54102
54104
51646
25576
56268
58755
14950
28741
57681
49778
23813
4236
52889
54605
34938
7689
34597
57273
17069
18227
27400
11145
52268
29485
3983
53846
25383
12203
38360
40363
10445
4671
25403
33763
45921
29156
27122
14954
19273
30467
37829
48125
45909
22996
35926
16185
12820
21704
31880
3301
44071
14970
8688
19655
12040
42590
23046
20264
27466
21055
22212
19087
53773
14814
4916
59311
31080
23298
21902
11410
7334
14578
42887
23030
55638
53758
13666
22755
7708
16851
28037
29594
34099
22308
21812
32817
54997
53068
29036
17258
38489
6906
4058
11203
39499
30565
43969
44776
25201
12288
44632
50547
20335
25967
5634
21198
36844
36652
10217
12179
19807
21671
4605
56689
25868
40594
44263
10873
43399
13679
59559
52061
48952
18870
5739
33559
36374
35479
38637
28292
49465
12950
9428
13806
26306
45359
54083
37217
4350
52288
22720
53330
44701
19493
19834
16950
56074
5292
36675
41625
49747
31140
6336
42364
43926
30249
40696
40689
31279
6772
51761
4884
27269
31480
7128
25190
25223
46825
5023
19954
12571
18036
58102
46420
37960
7296
45868
16657
12911
32737
50332
45360
49583
3893
42460
22512
50244
13122
44972
9972
42885
34351
32545
32314
4855
7204
17345
49154
37602
58113
26850
55753
11042
5194
28409
12685
7868
42015
36891
18837
57825
14290
10030
3498
54758
57418
48678
24597
56978
45188
25172
9972
41275
29587
6960
41804
43965
30999
43467
27889
43018
12478
31400
30463
19234
14442
13635
30608
6520
17018
21307
40977
59027
58089
36995
53734
20829
13300
19530
39005
13031
45667
26660
16105
21220
4130
18827
57585
8709
36605
58714
25692
23551
54981
23079
6475
16294
58256
57470
51348
13288
25815
18647
20154
14335
31958
32852
55167
49068
59684
37631
35677
22223
22069
4750
14755
10271
59716
15007
53024
58654
56521
29942
37093
21445
6382
52134
47344
46575
27367
20994
13795
41667
38959
44474
55802
49551
24629
43264
14114
56852
17007
30890
54810
51180
43320
8746
29407
44179
21648
50632
48182
3383
34270
33308
54884
18657
18370
28411
47550
7913
54620
32125
13201
26266
52222
5285
48554
39020
32490
18970
51843
38178
25862
55457
9371
54515
14466
34220
44503
7412
17069
37450
56751
16105
26688
34194
12190
53011
46505
3189
17500
4917
53075
3388
5997
15640
40911
51946
58262
11667
50765
30532
9406
37934
52250
9118
56262
47582
12777
27285
38169
9787
16857
14463
38988
30301
14214
46149
13755
22556
51877
6607
59755
9166
46039
48280
32221
23091
32852
44157
44558
13704
46755
13514
58784
17268
18261
5839
15081
28407
37411
12982
50693
24573
43568
26909
49364
45410
40710
46299
16179
18627
26235
53365
55929
41027
8531
16521
25164
13398
39485
54550
37957
24865
8820
20930
43029
5239
16662
50853
41889
8475
21711
48648
31240
36593
24352
31466
24299
58191
55995
24441
28050
40881
11737
27631
50084
32922
58974
10981
18939
45966
9509
57275
32857
51206
26177
26160
45386
48777
28104
53406
59237
57500
5950
32309
15326
34789
10104
41372
18206
3959
12266
37499
50922
58244
15930
52366
20880
33485
23135
53810
56800
56282
11022
40029
47784
17715
22649
57904
45873
4329
41950
22136
20236
53199
46175
7921
16140
12123
30497
21508
23536
21252
37627
14547
19444
45209
38327
8584
29646
40771
54217
18117
40644
59907
51507
33363
59071
32874
9052
37117
49794
41163
28949
8399
55835
20973
34938
31606
58055
46892
23066
22931
40898
28714
59869
14919
47712
6325
17310
53356
28064
41341
11501
51407
56424
49590
10011
17156
46016
53842
57860
40030
59213
31725
4687
10661
5954
21866
32281
43838
50461
53295
6437
49003
33685
37734
40187
59280
7126
3937
8608
46787
39219
40179
6302
52698
51359
17054
44147
40636
45246
52953
5150
27272
55420
31928
57647
9208
13787
5583
24307
55520
41673
14033
29093
25599
13317
48647
31485
14472
31613
27821
26351
58499
45088
32007
19979
46983
44151
32849
46928
29406
50358
20021
25263
37507
3815
39183
44256
59182
36215
34783
16545
23749
38677
59842
24165
44779
59486
52568
49596
58517
13485
11033
16840
32020
47951
17965
31047
32495
11950
32027
16417
40802
33527
54515
50826
37784
3537
48499
12232
35796
45327
21359
12739
52842
53004
14089
25124
35285
29790
41082
36189
3697
29342
20648
23048
25446
16157
33210
40803
3683
23513
51404
46201
28451
36409
16927
44113
37133
44029
42390
6801
44824
47033
13263
36568
44691
59453
16019
7025
5791
11998
53506
31542
40926
36013
18187
14822
56279
51593
24646
13335
45671
16555
9035
9038
44239
55877
54567
12668
49933
16078
34441
16695
37114
20088
32615
10346
5419
34977
53038
3336
19421
48519
32774
37983
33927
46234
15517
24327
56505
47102
23052
22334
43374
6772
28307
47177
28257
33607
47494
16336
35487
19157
17786
34232
23269
38592
15567
59006
15402
47768
11791
45618
39411
47295
37080
39913
59593
39219
26354
42340
42134
59816
9874
52185
51538
58913
37275
13969
25501
31609
23517
21313
52913
48534
50121
15788
55174
14516
26283
27207
46194
13540
35869
34030
15273
7194
16983
35735
40577
39548
