2113
19477
18015
42348
54455
39885
12704
52734
46668
45471
37822
44850
44869
7125
49299
51485
4478
38439
13184
8606
50320
27365
38310
25468
23446
39890
13605
47444
45227
24968
32898
7998
32746
20475
59727
57655
5625
40689
56014
41735
49569
48261
39041
27481
44063
50444
56431
49441
15652
4742
24784
42344
36068
6565
39319
7794
12904
33905
10428
13785
34487
27928
31042
22299
50039
13766
5620
27908
23517
8518
15822
29980
54311
11948
22696
16581
40318
26471
55544
13324
46207
7042
15247
30295
21644
24821
57696
22955
23668
4999
22105
10109
28180
17132
44693
36906
28246
52887
6877
21351
33971
50723
11401
59005
42643
5023
31496
37057
54709
18860
4961
41706
30091
35780
24219
37289
28600
59316
32725
29231
5862
36911
3972
26261
3257
20636
18058
21817
3229
57046
6937
26246
31677
59634
55826
29242
25641
33808
40957
25902
26828
49123
47726
21085
8781
6725
57322
27262
19754
26783
45552
24788
57451
19689
33168
35179
39156
55864
36478
53093
31669
7793
37248
40810
48018
29487
6910
44911
18521
44825
59315
13439
31281
54044
4607
15081
54963
30501
12836
39810
7798
10488
33130
38250
47968
43978
4674
17306
29789
53043
40322
51233
21332
28805
8698
15853
46341
49715
10642
10448
5943
35324
9574
38927
28258
55434
33824
49280
22117
48366
4298
51479
9764
8860
8054
58551
46456
11282
31688
5956
26588
24383
11978
12472
11304
50175
49226
10910
57752
48035
40437
47003
9960
12916
10970
28581
46424
18368
44181
29527
5365
44957
15130
5882
33398
43366
50483
22537
53314
42312
44390
12938
37450
42665
12471
7564
24708
28319
55544
39125
38837
52571
25093
23044
3498
47610
32906
18057
24971
23322
29797
35571
32938
19537
4288
36190
39530
13308
32106
41019
5690
32226
15283
49483
22246
41667
53069
19806
36855
20775
25018
33142
20574
54376
21760
56585
16631
41880
41335
41769
26911
47060
57292
45554
13333
45571
44839
36765
43948
21391
14407
55961
39113
24056
31579
46402
40743
15607
50306
58183
43529
25231
22968
9944
36891
50702
46544
55694
9901
46514
5121
21165
11625
34458
56329
32990
44807
57880
6136
5497
49831
49726
53611
3503
4836
25221
29879
13646
47958
32659
9805
40291
57015
51702
34249
46241
39157
4780
47045
23817
43757
46454
43505
42745
30126
14604
28730
28027
41702
49197
37117
52606
42625
43474
39475
59700
16872
19788
24868
7242
55997
59832
26652
56171
51372
6320
46908
13930
57176
46893
9791
46631
45957
16199
18106
52793
42359
37476
28333
22046
32609
34826
26808
49643
40999
56640
38541
49907
49692
13695
28460
5931
6902
22531
32671
8715
4806
4009
9999
33525
18947
33151
53619
17977
53416
33603
36815
8565
27487
11693
17137
37940
32550
25823
9756
11602
33652
23827
56183
17900
16166
23553
38771
57713
9107
27691
5516
35590
43045
3516
36512
32767
11124
6470
22047
40792
59380
4108
22625
20116
58489
45615
11704
52652
36111
50777
24284
10240
37197
6597
20419
41396
9935
6316
25988
15160
11695
47995
36372
10287
15531
9546
49700
27105
38343
54973
44490
11965
13496
57550
25613
34167
32896
35850
37196
28734
16501
19013
44655
37530
39583
49027
56428
16041
58638
27598
22757
58051
4798
40552
19648
17588
3967
9783
20990
51094
7905
31303
11248
33491
44705
25516
59866
41283
6015
6953
3300
49979
32868
36555
41958
43673
57740
22725
50029
39982
12578
57716
28232
29823
33278
59717
30349
11814
49101
51491
6671
15213
16663
52794
34553
17726
33088
13063
9836
6428
45795
38441
32407
58715
9614
39806
25841
35396
20815
46849
51100
30837
26775
17454
9809
50689
55191
44829
57104
22618
40073
46401
45961
57377
32929
13798
24667
57965
9379
30986
32994
45372
46619
11470
17201
36803
57701
22801
27171
5954
22940
53436
6686
58082
41299
5760
19591
52693
57300
38537
44396
54679
38191
12441
21810
52221
27678
50740
18580
45549
21781
45868
47316
44938
9394
28609
37784
49055
25882
42571
42675
36709
33724
41430
56231
57206
41308
27182
25180
11408
8136
42148
48238
15223
46966
26022
19199
54367
52970
22795
54673
20064
55391
7973
56437
25119
8435
10177
26966
3387
6327
38880
56152
51223
49790
12090
54565
36274
10203
15060
22417
21709
26426
49678
17615
18260
21818
12838
13063
54984
50468
34702
52956
24629
43902
28138
57336
56184
52641
13682
40407
41195
4644
3878
31524
46457
50564
48973
14127
41176
7824
22899
14965
54902
28197
42289
34944
24203
8714
31423
22907
29731
40862
24217
24624
39696
58997
14512
5069
48954
21861
24079
49954
56442
36313
43523
21660
55972
19740
47100
35510
16178
29638
8115
50678
13669
31372
17623
53322
3968
19306
32753
44700
12361
4835
33262
50874
13656
14089
14703
27340
41633
13902
30073
9144
41997
36802
38152
43977
59961
57282
34684
24179
5750
19629
25828
30049
48107
29703
19212
13989
34323
11498
59321
47477
25560
35430
11084
50016
34215
6409
10185
37797
15510
15037
13295
32328
30640
30818
43115
11304
32460
50502
57241
32710
16225
9423
59414
55922
41189
26714
13191
39595
9346
8682
21072
4887
29748
7137
25208
37371
27945
36705
20791
57144
44819
15289
27838
4216
40080
53778
36718
40739
44124
3567
17950
36878
25433
39180
52064
10570
56480
40050
33835
11500
9118
22872
22756
26129
9306
50967
18164
30518
21766
29679
13294
20804
14420
6378
43193
52645
34597
48461
53930
41127
9758
37008
13950
21753
35565
24976
19289
41170
36364
18191
34847
10537
24814
25122
17386
42930
52186
18848
19235
40260
42894
25166
33800
21591
26947
43241
30265
57924
32888
35024
59345
55982
31452
48930
4956
31968
42301
49531
56724
31860
53214
13780
18119
54303
44453
3159
30736
17428
54503
17929
59079
33547
6813
31064
12458
57486
19540
32354
41243
36671
49988
53921
35426
11844
31557
36939
53026
54687
25639
36997
31576
30352
25509
33178
15064
49989
14105
36740
27722
18879
19066
51177
23023
11951
51055
11488
20268
38786
26602
39978
33971
15319
40300
9748
3862
45886
35168
5048
54590
20927
25029
30951
47945
30492
4385
48163
33685
45599
49043
43987
49823
21577
59402
11698
46379
47209
16915
3622
43380
50014
57159
32017
48309
28844
59951
56919
3845
12425
9834
13025
18059
26768
6285
4668
12748
45145
35095
50480
14173
58011
17863
15638
12218
45523
12576
7363
26416
6506
30735
12572
7885
18666
16998
50754
30634
53831
31014
36675
33654
11393
14870
42260
12827
38432
20054
44065
45688
35970
7593
11393
44296
27144
18092
49538
36334
32240
37165
15218
7049
43649
47723
41310
36677
45997
37504
51514
21966
26977
9463
46361
15033
23808
13061
27148
52332
10440
56724
5862
31383
14372
58184
58127
31168
43556
10207
25509
59193
31699
19106
47722
49676
43556
21148
3219
7047
47774
36495
4588
16381
37948
27274
7793
40511
52819
32330
12335
5130
58770
42763
46114
35061
37905
52535
54231
39874
21860
42217
55659
32857
13311
52476
37512
47443
50779
4250
34954
25432
9608
41925
17061
22235
43571
58205
46152
17144
30148
22257
47961
22557
53933
29975
13821
8985
57885
42225
15836
5559
23385
32669
49546
8837
52246
34106
10298
51056
33656
14304
45525
28863
59538
53559
23559
37637
43166
42744
17950
44640
51344
13523
15129
3041
19748
39154
7534
21971
54741
31119
40456
8441
24135
11188
36991
20510
20227
41089
40203
41892
27107
42635
15401
11713
43101
24434
26550
16810
3273
44081
46519
41985
17465
42938
29674
52606
17591
52010
3978
55149
56708
14202
36023
56694
56396
24206
27404
27115
9954
44388
32203
17048
39465
22730
4787
32466
4358
13416
55470
55944
32945
59246
22960
56124
16566
28618
21784
42277
57607
50827
51558
36762
56777
8049
48327
45637
6043
11619
16253
21659
21437
36664
6223
38723
6494
10111
53515
57936
22921
24145
10033
32146
33475
52304
24166
45393
39205
7079
20461
26693
55843
17089
53387
14410
51934
13786
23950
57159
22697
4760
13123
3110
40960
45100
11261
25337
57000
14288
36797
39028
9405
50638
20373
16019
20509
35387
6601
3619
48735
49562
19120
24340
49337
9887
34254
35845
19136
23824
9944
8976
22863
24614
10938
30100
9434
10344
7666
42700
34640
5299
7817
42646
47371
28659
51015
33536
40777
10487
43954
17715
37224
41370
28137
19466
25768
53237
17400
22537
43705
50620
47863
22864
50205
21434
11271
38859
51997
26444
19229
29895
25176
44841
41046
36575
58574
38293
34111
34222
8948
31336
44521
43535
11222
44602
3739
24206
18360
10887
27145
43935
37732
50047
42307
14962
33335
56115
42758
32035
59657
59937
55944
19464
46287
57049
29336
9717
27360
45467
20398
40647
52438
58778
4102
30611
32731
29397
33653
29131
36383
40078
36677
30909
47123
32683
32944
13980
17441
8155
48005
22537
48200
8138
52037
33047
24507
54578
43121
51969
20300
35260
9764
52660
54680
34256
11128
44682
53513
33620
46951
5913
47044
24746
44002
37191
32476
20367
58182
53540
55611
17805
49813
19062
5961
18020
44342
4158
30262
16627
50188
7465
17913
15149
44326
18312
25973
35164
38994
52986
32709
14977
52883
30284
47656
6813
23905
52838
50736
30972
44811
32014
45458
30833
34580
42377
53875
6495
13917
26860
31014
37318
44383
42132
28690
37085
28175
12420
21266
50267
3996
12202
18648
32478
29627
7597
48198
55317
57615
12525
19948
52415
39262
3327
19679
22046
28175
5093
10221
16439
3901
16687
54472
20266
6365
44823
59839
15005
9996
38937
12000
27598
17679
24740
52717
42904
59651
44372
8616
22846
42625
30216
50708
18089
20096
48005
29975
51168
28453
26829
59347
10957
34887
41407
53223
47887
20877
35993
48001
37962
42678
52758
23745
47124
6330
33861
15380
19999
35051
30447
8440
56204
55739
36469
30868
58220
11519
21418
42426
17154
9111
45903
6351
12596
34642
50486
28563
46476
7453
14850
7432
54075
18671
5910
42186
50144
53934
44549
19600
3343
33614
22634
19879
28410
4190
23723
46735
41989
49035
44366
55088
24628
45370
49748
38526
50441
29142
53833
37868
4957
19220
16866
5003
23627
31576
53911
53640
58013
14531
21796
5600
31760
53100
54612
10394
57051
54320
12616
10957
47577
5480
7438
35780
55407
35338
59120
41945
56535
51417
35244
36245
59722
11038
11701
4300
22205
30860
12655
45169
26160
42065
31543
24570
16156
12209
23612
15836
44843
41515
40431
42946
16232
30488
13078
5818
4606
16587
36187
28212
58082
57256
15670
33439
23202
51430
49740
54315
58883
26463
43884
54844
58046
53085
41858
51622
31532
26724
5447
32846
11139
37042
3730
46484
52137
17640
6479
21241
16313
43204
3595
49692
28485
59343
16759
39875
27212
29199
27313
44959
51122
30207
36145
17702
4154
3836
15387
29297
23647
25183
6490
41212
59158
22473
44878
20326
9527
32647
35226
43600
12309
22432
47957
25657
10280
48125
44362
39373
45830
38899
28392
30323
19755
20736
13441
35026
20543
39290
40873
17609
45900
36022
51906
31861
22603
13222
27583
26199
32251
43540
8151
52716
58934
37644
53088
43332
19140
22655
28051
44290
48790
39180
34228
44382
21670
27397
30110
14100
45524
57789
50196
35688
28262
57819
43660
12675
41072
53599
8445
3099
39072
18984
46092
27010
51883
7302
9310
15063
41575
6153
41706
54857
14782
5090
44902
36153
9284
44242
45272
50695
35694
26934
14920
12685
57724
48778
20990
57613
29352
16763
52806
7014
37229
56133
32945
38684
54935
41611
39182
28340
42585
21116
28174
35028
3968
57040
34787
16653
33449
47260
21787
36866
22723
7945
14506
3051
48889
52656
10851
11630
29388
4136
57014
9698
32394
29335
50677
32206
14463
8750
35237
37513
41219
40256
19582
27142
50695
27093
27999
45098
53778
24885
33600
11535
7767
12194
9085
7998
5564
3692
3916
56445
45460
51261
19712
38945
39353
35459
49604
17952
11653
30890
40088
21027
58495
20736
33591
30087
9999
18622
27236
13241
29098
6490
6355
27045
48651
53096
13940
8074
22318
30674
4475
28856
47104
39932
53408
47538
13047
48555
42027
31709
52936
42438
39037
48306
21381
19871
35700
3173
14055
52256
42956
58752
54721
14830
48082
46178
23686
29386
36933
6780
26465
33365
5599
3608
3610
19382
55059
56343
28550
21727
44913
18366
48354
38088
27062
40789
11966
25547
27675
5983
22711
15762
40603
25064
54283
26129
31092
44528
43605
32756
41813
6798
26061
12931
12323
10274
18013
47867
8972
22235
56710
24104
45489
4343
58755
54232
6686
32796
48715
42561
56027
42846
21733
52814
46362
35335
16210
13488
29541
55540
17721
30913
38082
27885
47812
53887
10354
10612
7535
36760
47906
14770
41962
44387
47394
19406
22429
33983
51546
40730
59051
52821
29030
5775
57788
16885
50584
15629
59988
59566
8448
48137
47741
39935
30469
45482
13194
58687
21544
33721
39624
53563
49671
35564
55003
33944
7861
25832
58377
4238
7458
40058
11666
22439
9824
20210
27608
14396
34510
10897
23643
22224
23789
39941
20653
31713
49267
20212
17203
12302
44658
4495
6283
28149
36820
29221
49043
5066
23175
59823
28436
53981
15342
36529
57156
25227
48491
46293
53761
3441
35955
13345
45416
28762
50103
55199
24611
51324
55014
43559
55728
6020
57557
57758
48989
57041
37072
18895
43785
15978
37189
7361
43812
57934
41120
46927
42483
39962
26985
42816
57191
54673
9191
19380
11997
21006
31156
14518
20816
50867
20045
32955
45142
54538
43104
42912
15650
28202
30620
40456
34407
51216
5066
26647
10124
48394
42464
