2240
9877
36527
32104
32228
7581
29150
25552
9512
42825
12518
51543
6755
19762
3947
14528
25164
24661
29347
43309
23523
56780
56737
52224
11720
5084
6042
18575
33736
46052
56641
42274
52480
19612
52937
48430
18169
3350
19267
6594
18542
34947
38560
12969
26478
5172
53581
20915
54867
55311
53829
15446
29866
31512
8766
15588
17992
27236
47749
46583
7214
5872
4356
36019
18818
6629
5080
25273
8578
52321
28046
3576
38693
5268
42504
29069
45942
22540
29688
12244
24174
11126
11483
44438
10271
34990
19484
31568
54287
22243
49208
20715
55747
50214
14363
49129
41729
5210
42208
33198
4551
57950
5087
11688
27781
32460
44896
52605
54020
7450
28565
10830
52279
58947
57307
43589
51325
23098
59614
42320
59229
59590
27508
41429
45265
58097
40755
14532
17163
52829
15021
27700
34601
40417
53527
32990
3417
25734
49611
13169
49154
19390
14690
56919
33023
13785
26325
5810
39302
25892
47623
25793
20413
24100
39336
49444
43674
3782
28421
28104
16578
17131
15133
8682
33531
29035
13358
28255
48891
44542
30694
37726
26090
24129
53309
36288
16884
58607
48461
18823
6000
8582
35700
15635
4551
32903
44163
25423
3961
43772
25554
38511
47411
25141
16730
30452
22613
41744
7891
45844
53276
41788
24276
40073
24515
41358
56545
59571
44410
14131
55989
8780
15076
26265
17114
10121
5156
51706
41614
53523
23624
39273
5386
15582
44297
34910
10181
26281
28609
17245
29564
41023
14595
54211
9678
16059
24180
19887
34038
7862
58047
5123
45972
30446
49156
37485
41162
59903
59665
35063
47540
4904
45473
24032
7667
47187
58822
46501
59286
15781
42624
4060
29254
15733
25946
43542
53864
46365
4726
55989
6974
48248
35796
38723
17540
40162
49970
27966
58334
10957
57442
54297
44166
7964
36201
50270
44529
57401
54672
59821
55246
7908
50962
56278
38971
48691
26751
45665
16798
52142
54762
31132
36999
13343
16630
34451
27231
23445
30686
38928
40228
35501
18073
31593
14640
23588
5535
28740
32119
24365
49686
24518
38545
34550
35645
26133
20651
58028
33219
27372
49225
23005
43412
4479
12008
38425
53468
7922
22266
32798
49600
15241
23907
30365
20965
31764
12064
23687
47589
19671
26334
40729
6307
11670
29709
13010
7591
49408
58128
6449
15162
53084
46073
52722
15318
51922
34888
18072
21776
51519
25396
23635
8394
10150
53237
34938
48066
57274
27209
24014
52145
51820
23024
46831
58709
52292
22663
35343
15837
26067
11145
59976
41346
30524
10180
23121
58792
11884
54239
19850
59535
32209
15878
7433
46599
12851
46533
46395
39036
13026
20562
8328
14725
28029
49879
53273
36690
8331
34379
49538
54129
11497
7556
45186
30631
42666
40209
26061
22737
22127
26957
3177
18995
32414
8776
27102
6949
29405
3509
36756
23594
18032
53215
11214
50275
6210
43814
36477
7436
8889
32449
33690
13830
35939
11620
21251
9843
17463
57218
7041
55806
48575
31970
53835
10694
20336
5167
3161
36620
24331
55045
14592
48797
21682
57822
22935
11189
49550
40027
34614
25287
19805
32717
11339
52270
41061
18717
45618
36389
57113
17968
36956
42034
11808
23258
25552
58947
47436
38178
40081
40252
8480
3496
36896
48602
17002
24123
25466
35215
38550
50154
53402
54158
32066
36349
31247
50227
42978
15115
28223
34168
9706
23744
24702
56026
55536
41706
59198
17095
56834
31261
35009
27146
40016
58270
31818
6385
4336
5563
37197
21663
22108
25548
42993
3833
28434
43514
51144
8747
31798
56889
25962
32747
58544
9521
46303
13001
13157
43149
35290
23302
37698
56835
3229
45360
22143
39877
25650
24553
47656
41072
42147
26970
33414
50930
17689
22046
20945
23938
23054
44638
31132
26335
38574
45992
17297
55474
29057
44002
6245
16965
51883
32426
48837
31421
36642
16333
29298
42944
17050
35373
19014
38236
59162
36832
7958
53470
42710
25611
36902
51315
4544
54214
13727
37161
27078
46213
44124
30189
35989
35502
30999
18655
37930
43314
32342
50724
33775
13021
20849
44034
14611
12888
53725
34418
51673
35968
53247
11155
46683
54841
14205
10157
43197
31679
35528
48835
41987
24344
11336
49337
44117
26571
7839
7669
59983
38417
28482
17776
42500
51041
6402
23515
20107
41245
32989
8688
59693
12693
39805
54160
46537
3707
28672
7051
32948
6321
25736
59963
31514
3329
55728
56105
38218
20390
38905
30163
43904
28660
29940
41011
24452
3375
40474
7958
49555
18884
27754
31082
39085
56761
12184
24122
52031
31632
49976
56046
13628
39506
50712
54268
48949
5257
54853
28046
29036
59047
20298
57153
41090
57193
9714
56430
55019
4879
14662
11453
18117
43187
24924
17743
29743
28614
50011
43576
26306
53551
46740
41133
20155
41299
21042
26479
19286
19703
3826
41148
5480
33881
25935
50632
27042
19506
27096
56909
46677
16386
37108
24446
27449
21205
3202
16991
4808
39132
8783
5383
6380
28401
49564
29130
5606
38037
20737
53194
57234
31521
28829
24290
12244
22472
31608
26095
12580
54102
29335
21333
57975
5921
15830
30644
57760
19532
20541
54830
9338
21464
55692
5893
57360
28529
14735
40076
42090
20740
8618
25355
7754
14424
23072
49248
23091
41532
52778
29619
8395
47463
37578
35378
8320
40941
49038
20772
19031
16295
30528
53580
3596
10030
19124
14828
40875
32787
3897
39287
29467
58901
46256
50483
59360
21204
34658
29161
33665
24396
46293
32925
39297
5260
14646
44599
10443
20435
34477
32003
48770
34664
30505
6966
46497
23600
15458
45815
36592
23541
50335
23930
16384
59474
21885
22014
4631
40388
9703
47808
37622
23387
6329
42414
55157
11569
14085
41346
27746
4885
59750
36986
27643
13175
33424
55306
51957
21932
39898
47253
27063
58610
22831
15690
50895
16298
25776
47861
8382
10772
29730
44281
24228
15747
5866
10444
15451
6178
55819
24569
23126
11421
36266
45566
41138
44710
57095
31153
21827
7905
38470
46148
49805
9451
8309
49145
27384
57029
8287
45021
17660
52466
58307
57876
15204
10118
36312
30386
35806
55173
43554
20099
32070
59743
18246
24338
52101
40063
36480
53795
19217
21870
8730
10707
10871
28555
26680
13710
15706
32008
25178
11903
59171
39341
57280
5506
26920
11689
19819
42932
16359
46830
58719
33100
18181
37049
5505
52057
26376
5525
44470
52314
53235
11291
27932
46168
36701
27323
58474
27398
24446
46989
24894
15265
40434
35210
26517
40761
6057
19940
54574
54562
25505
39263
7836
28103
51356
8609
26766
49135
21242
36585
21475
29537
56693
40228
16969
46984
22419
28989
53905
33358
54570
48239
36292
26982
42351
45817
44565
12071
31153
41354
27740
20857
46598
18471
23985
19783
29632
20793
48201
12537
25010
46532
38100
57074
3900
35748
22690
41587
8549
23987
25913
28943
24374
3453
5846
47478
17924
39942
19784
35205
51892
57894
40027
50860
43612
49508
39426
45176
6510
9170
32919
36277
8695
30241
41514
33096
37917
30349
27830
20107
28438
10432
3513
33043
46770
11866
4143
24733
54420
23417
31882
4528
29720
32049
17945
29545
25382
26572
20361
34300
54458
15235
25169
4763
3374
18552
10603
50653
18972
6437
29841
39279
57730
46978
58344
53084
4165
55022
15099
55878
55476
6036
8879
14908
9843
3269
46354
37668
45651
34735
50770
43976
7040
49741
55846
53532
48226
19627
37309
54690
22378
29701
41913
23467
19737
5181
9629
37460
29840
31718
36558
44171
18547
58750
44935
12543
57210
3763
32255
13383
30180
30358
52170
57227
53477
23736
29368
50183
58515
55394
23411
24583
12415
12492
45379
8176
19282
45925
57576
13560
50131
51265
54190
18326
37262
34858
21629
51720
40638
57869
27981
13676
48818
40672
10651
25312
12312
38509
53079
41630
9571
19883
12232
28523
10974
42822
7115
24304
57135
49170
48619
18053
13186
29432
43955
46042
57401
39372
6510
4201
27132
20444
24443
35331
8807
49027
22221
48774
25670
36887
19706
50822
26618
39973
10428
10233
6153
53419
24300
11823
48577
47089
33234
33140
35276
14466
6666
23661
7161
45081
52582
51696
42459
6871
18001
44801
55155
39680
18880
16494
3908
53430
40942
35911
13537
4153
18751
47560
16490
44332
42661
36492
28610
32917
29991
30970
45342
42583
59422
58768
22455
5374
55816
45576
51425
15460
48783
46466
39273
31033
41092
50185
59855
44793
31443
36684
7433
17393
26521
48976
31733
23294
59759
29727
19947
13046
20282
58403
25515
15273
41178
19121
35993
5807
9401
25357
37015
45827
28390
53218
22456
46386
12239
8959
20634
24093
28714
51935
8026
50365
43600
9111
20224
44760
38150
24789
8425
18315
22535
40038
34058
51429
36560
30027
31591
39961
31018
21051
20570
45206
27370
43695
22687
33885
46714
36337
43263
56739
49621
6198
17005
4957
26314
20949
15864
31940
46187
46717
32810
57258
25121
45325
6867
57021
21720
56075
38889
12707
3968
16934
38057
49996
36765
52063
28419
46681
27830
57190
8830
54333
22399
48145
19203
42593
24139
43832
22075
26251
9171
53013
44450
39360
24218
31424
10515
37047
29958
20821
11706
19259
25009
34993
35579
10666
4789
18628
46654
26434
25670
35729
27568
48739
53232
35052
34148
30380
54763
59233
14661
56392
13049
57326
15385
50226
8251
57880
13876
22976
46542
5102
37956
57804
58108
26955
8796
52813
13388
58137
54111
53630
16328
56710
18689
49676
4795
36654
9673
25351
54991
18391
11820
47956
52959
59675
50160
49036
37014
30959
49705
53911
38349
48559
15186
5809
36464
11139
23731
54217
47772
57850
13442
41347
19058
44253
34981
6727
28116
40341
16295
38101
58713
3496
6256
50054
45020
50979
43223
49575
53625
19358
52469
13557
7399
4057
16876
15186
34511
33731
47294
58875
47527
32718
31582
56853
11207
10672
33216
29073
38825
57569
53152
8669
6465
51487
32058
19507
3730
29871
9079
44800
8661
53742
52065
16259
12543
19152
37408
4729
50967
41832
30105
29943
51494
48718
26971
38814
24366
13253
16324
13622
11695
54627
24975
41733
54650
33516
9748
9840
47676
36482
55846
13800
50680
24631
27249
53662
13794
46874
34015
34351
59637
25302
34358
12031
15300
33053
18485
45065
43952
5158
34240
32137
37885
40313
15341
28225
6200
31124
33242
19179
33905
57585
22989
18276
17131
52387
20329
40384
30403
18661
41031
42347
39435
25495
48950
4718
24229
8224
24507
24904
49115
54347
13510
10905
50188
53446
51158
29294
5312
14189
43593
43559
54572
11898
9051
57613
49371
32164
4051
59238
16636
25125
25981
40208
24382
27714
50940
31548
22405
30819
46778
4811
10472
31779
42739
11948
25279
31072
15245
17443
4213
28738
29937
16442
54897
15281
34345
42192
44690
7887
26668
24892
23990
26917
30280
48280
47988
26459
57848
7734
28353
4275
28367
54855
39094
9682
28823
49124
8838
50275
35988
28428
16471
11044
38081
54911
13102
10238
22939
40354
38748
39656
32230
12857
59869
28111
14161
42363
39686
50600
47659
47782
53207
5126
4336
35290
59622
51934
32723
8821
50885
23977
22196
29348
58717
53940
56132
7761
22777
11929
15563
6201
8784
24969
41500
38531
10746
49092
8014
20133
8990
36799
23085
40059
52465
10975
55530
54385
43802
47243
26873
53412
3283
58373
20775
38838
22999
40301
45874
58424
19880
18412
19718
3839
37184
56948
38581
17761
55297
37394
22852
13017
15600
17128
15966
7101
55721
3902
22059
42068
10155
3353
35358
25979
27561
39919
24153
49277
38450
33799
13745
17030
22623
15925
36781
54017
20936
44378
11562
32124
20736
59518
48533
51461
48005
26421
33934
54733
7931
38783
24501
58551
16810
37932
10124
18423
44528
24758
3366
41695
12108
20093
56414
17465
51622
59596
44707
9462
44933
16740
19667
11948
6068
23066
15238
17480
52703
15892
42915
43049
52578
8592
50799
31925
31919
48262
24696
4258
9538
11960
5663
18593
57531
8797
5261
18184
6527
16486
11182
3905
52555
41427
41480
53659
57582
42547
10839
32288
43824
49666
43237
4184
48414
52316
25528
40735
23692
21977
13173
32774
40413
28153
9225
25654
27366
48282
28597
27150
51899
29540
15108
58764
27383
52051
7728
29758
58810
14800
8520
18682
40236
9800
38768
51643
33451
17300
32625
22441
49299
3929
23615
22725
7859
55876
30535
44503
49241
18124
30311
58593
16740
27566
16572
54752
29538
23910
58772
31452
30715
4417
11240
12943
16584
30197
49314
54749
25010
31251
43903
25420
26972
44074
19321
48961
55492
34620
45394
36790
57599
15257
51451
4937
18993
52674
38778
10330
11852
24444
12216
40896
18886
11283
10408
34879
43392
20777
41801
19592
3044
22835
49157
35639
5676
50615
19601
51046
56844
52697
19783
36271
54579
57158
43221
15223
21458
56218
6297
6794
5550
31829
15737
4071
40767
34893
6289
56403
44357
38880
58367
58643
57774
40619
8965
44908
10495
50166
49255
50666
37375
5743
31824
13363
36474
19652
29934
34078
42288
36319
53925
59321
59404
38505
22170
14780
40420
56772
39034
44664
16340
54758
31904
3502
50941
36585
27943
6880
38375
14671
43580
14760
25013
4958
53769
8870
42737
52000
8681
21650
21345
37715
39063
49382
12489
11187
4348
5521
9661
40875
32116
14293
36460
41936
27045
59400
30163
41838
28187
23248
42492
42418
52743
15041
21825
39353
41303
56391
12228
27286
58777
16551
13789
16004
53321
55794
23511
44482
33162
46533
40442
42949
29384
44343
33258
47395
23393
46622
45554
31098
10811
32270
13220
59639
38911
41834
12677
22809
58944
34321
30121
31615
27210
3592
9508
57930
20809
51927
30629
48389
42162
15447
44193
16063
25960
38640
21975
8865
37217
47783
42557
22769
12169
18050
28260
13532
31237
14465
59137
6345
18961
3578
31777
46165
49521
48831
29491
14538
32832
7732
54513
32771
5693
51300
20023
45069
8282
23222
53777
8669
47147
9628
29766
40359
4404
35294
40067
21537
10106
48580
37015
51507
23536
41569
30711
58922
34636
30647
56268
4278
59938
44048
19591
33467
43386
26493
29182
31386
49414
41816
53625
45761
46197
53811
5836
16639
25286
29669
10496
8350
50445
34062
41467
31811
42652
20346
13648
10308
48955
48540
16545
13960
28718
25505
57313
14324
54075
8371
42521
24671
16483
18603
12799
36791
4141
40244
54526
38233
19341
34763
35051
5748
22440
9873
26322
28971
3881
36480
55415
18582
44288
33162
27616
53926
29455
45952
