445
20702
47942
51017
20056
40522
17113
25495
43084
26801
15956
46383
15797
33746
40795
53873
49326
28723
51834
39740
21831
27482
9773
26051
23404
16429
18930
30593
35585
8133
59604
22112
29961
37589
19139
11041
45436
47224
28462
36963
40223
8890
39776
16646
18811
55225
15920
4769
15282
13756
57427
35661
32933
48309
29613
48581
47818
15348
10772
31290
42618
49846
34074
5150
58608
28639
40709
10058
21774
27805
27535
37853
34860
8022
7870
40591
42633
21031
50662
31401
30048
36732
52415
3847
12311
54317
4748
19623
3076
21551
9563
56193
59433
6107
18280
20966
19983
44168
34397
43083
50402
17153
4773
55762
13822
15737
35975
35457
37788
30498
54842
52970
44151
3106
6062
23931
4516
39978
37256
57955
47990
20984
44903
28264
19397
6665
53221
52131
8693
23591
36248
4389
31083
46884
37805
55277
51614
19682
56385
29685
40634
44485
31321
4715
49567
36064
17642
58107
13838
51031
37496
37636
37351
55271
43273
31902
41438
50872
9937
9594
40347
10573
37151
43918
11252
47307
44303
53511
22007
16884
39092
26288
51315
54008
36516
31218
35451
45211
4117
52567
59159
57942
22735
25015
50284
14949
10651
3091
14679
44347
3942
41280
40806
8479
57924
3447
53624
12411
45769
41936
58589
47160
19299
47080
30452
20642
8593
21989
56436
45399
10931
31171
44733
9650
50967
58094
3907
9656
29292
31111
39450
33168
46104
20033
20083
48179
43450
52395
19909
26967
36756
50235
51183
55661
36379
48216
58302
13435
56087
18097
58848
26018
47595
11399
39975
3759
15026
28720
9355
15606
4109
44286
48778
22202
39851
41429
25656
20286
24687
44747
20147
47701
49254
5277
55787
9207
19698
34527
43629
24819
6058
9171
49255
45729
6105
48561
51714
3532
38147
53385
29571
29887
55732
27880
43163
16969
57334
3080
36755
46013
45440
59928
37246
21411
43998
29829
31278
33041
9776
57173
26425
59664
8133
47303
33893
14623
41794
51070
11430
39006
34986
39630
21976
32629
11775
5042
39234
7295
4126
27792
49188
31180
28891
39339
25013
59029
18072
35220
49067
21573
14121
30726
6171
29486
27115
21479
52422
52733
4246
15191
38466
31263
3708
45934
41640
48315
47971
12582
47870
42506
47761
59138
47167
7565
7361
53259
34310
39952
27104
52108
30684
17551
22640
25082
3362
22779
43380
10719
33628
34167
57027
20121
20857
37764
40185
47240
28574
12217
39672
22707
5697
32038
36685
8830
23489
43886
20312
35140
6155
45584
34845
4234
12643
57269
58522
4639
39202
25422
46199
31808
9393
50741
50030
43497
4748
10210
10043
34039
59504
4963
10339
39000
57857
31829
56807
11548
50345
53578
43111
29026
9715
9616
51861
26523
59225
44516
48407
29549
6111
41252
51483
44303
32238
52024
29061
39779
21944
19825
9532
35295
18233
46125
37212
35371
54208
48319
