1773
31795
37633
45876
16214
33949
19258
59366
34835
13830
3777
39543
11815
3269
23570
43449
49566
13322
3720
22226
15897
27094
16193
59907
31718
10381
57001
22656
7750
8132
53985
43819
19292
31982
24740
30876
40185
28377
40780
20540
43023
30976
27673
10309
30748
37674
38392
11344
26408
47975
4815
19196
32885
28825
32751
51523
22736
26173
53504
54721
16165
25595
48500
26930
13239
39015
10662
28330
57376
25878
12846
43029
32467
10469
15961
53861
17396
38317
22776
15010
44136
19759
29021
43706
43726
22133
32802
42476
36597
18778
6741
23214
17113
21618
27584
51162
44537
55050
53222
26333
34104
45360
28459
39148
36957
50343
11536
53494
59101
12378
35325
49384
51131
48130
54387
3365
45375
21312
28336
55104
3533
22453
22178
40144
35391
3264
30961
57883
12290
26794
34268
48495
12454
5429
50449
55793
18743
54866
9119
56873
28187
15910
7558
28809
16764
26932
12080
12172
39388
29607
5218
17364
6247
20964
35937
24150
45885
4575
36249
35336
37837
22284
8259
26089
37761
22305
38344
17732
5257
30073
20495
52821
48480
46274
37354
13085
18192
26403
29397
59447
17272
38580
29603
28406
53253
12988
29533
50677
55758
22165
30064
58924
15411
18516
52511
41131
52450
26117
34165
16507
57818
39546
30228
12788
59110
24237
34749
49850
55682
45859
25754
47013
46223
40184
33318
29708
24263
41744
34562
12008
39140
26392
42926
25358
3375
3366
59191
21500
4623
15072
12308
52053
59317
5973
18337
37113
43502
27081
3380
44247
45533
13325
31725
25397
56123
55166
24060
8859
38699
56521
17139
13029
17496
45750
21071
29099
52793
58025
14585
32509
20331
14904
35249
22530
50306
44143
36787
59589
27674
18080
5212
12961
20007
42373
26182
40851
59954
10458
56386
24760
13764
58880
15032
19414
57703
22097
57090
57721
9589
58246
41327
15070
4390
31212
19470
41413
32221
52183
16280
55735
31264
26047
20130
36600
23981
46685
5554
11728
50490
25109
47553
40658
53665
38289
48631
19972
41545
11053
42294
14641
4483
42676
59542
21341
31160
35964
12907
11095
20837
8982
22666
12887
13874
57185
43281
4980
16074
58534
37290
37729
33490
18690
28469
45174
46992
42922
45341
30214
33992
24136
40937
50144
40817
3959
23328
23877
52060
41205
49237
15394
56520
18723
39676
33109
54129
33310
53092
58934
33164
31231
39066
22557
42821
14283
41639
56337
24260
16138
12497
43888
43985
25059
27613
28592
36095
25132
25302
14943
18898
34042
22562
16382
49148
4858
45990
49994
15994
9558
42419
29301
35563
11230
3054
54737
20079
18405
21563
45972
34944
21537
30897
38432
12636
36378
32981
20181
34596
47337
33754
4255
42387
38171
44971
33965
12616
21755
45038
49400
25733
8062
30846
56622
11226
3074
19421
29331
32772
36507
7402
58801
28234
42381
46339
28915
11516
38362
30325
29180
3701
43339
21615
31101
57672
51195
28891
26263
38000
33824
59885
51559
38815
23551
59147
14763
29946
56747
6826
31749
50813
37322
27776
59015
54204
21409
12578
51366
31614
36947
10802
10321
33092
14188
19105
36740
37784
17415
57172
28027
38139
57357
33176
9429
32767
27491
19025
43805
51247
44631
31475
14317
48818
7551
46998
48042
30188
57499
58702
54345
37558
30547
32840
27855
4932
16556
6047
8837
29918
18572
51496
14855
49049
36922
3655
37549
29585
28913
51682
43903
35931
15976
40232
40109
22178
34067
10393
12819
14529
19868
5142
29530
43519
17575
50170
8361
29053
4694
43282
33921
8310
37081
32748
35188
59736
15069
32129
34613
59912
48582
14605
7302
17205
58749
38538
56381
20140
59485
58798
37871
29348
30103
16828
6212
6218
52447
25906
7013
52381
43752
21689
9959
32778
19139
29767
20918
50332
34978
19098
6824
17890
20320
53018
28561
7353
32649
48051
18933
12839
21600
45752
44930
50243
42960
51681
52091
37133
50429
46804
24992
50199
31218
57096
44458
53904
22415
22184
50393
7769
41926
21418
57113
20772
30094
24376
18443
31169
21171
39577
47783
38339
6224
20282
5911
38972
54205
4399
55197
35845
32906
43275
44848
17044
44944
4018
43174
51091
47742
54487
14630
49336
52304
57710
40218
17623
45183
6132
4093
9211
40478
4895
4960
39663
43309
53350
30740
59639
29980
27368
52682
24705
25423
49913
6948
6024
15459
33117
31154
59882
8575
25796
49508
59701
19803
14440
56255
18172
18135
21241
18515
33211
48160
24778
5394
54722
24681
19421
16190
43633
5170
4065
16655
17999
40888
40771
36244
12123
24468
44949
30985
23857
48802
9619
16246
54665
55447
38550
18327
48618
10806
45229
17253
19885
6092
52832
16693
19915
32366
43752
53342
56441
4746
35139
59095
8053
43054
32410
25721
53838
9544
9936
27918
25868
17883
23586
58347
26031
53254
11305
25318
6496
56396
10509
58212
50114
13567
35962
25604
50919
38994
47174
9201
45461
31087
25166
7734
43071
34634
16102
23964
39659
12897
32584
42533
44065
14989
7130
23407
32897
54444
39097
40320
8512
14041
25898
54114
25633
32637
48969
11059
28152
52637
18558
23507
45102
47926
5617
41287
30049
45471
17892
29838
39548
18143
29716
51227
46552
52927
45061
12453
47356
25381
58921
22446
33406
21739
24417
16207
54137
43960
41337
7976
42676
57276
14908
38432
54777
30575
36296
9574
46260
7821
19127
58315
17646
9404
50928
50808
19009
42903
4070
41452
29517
32082
32982
27048
20715
26277
32687
41151
25363
54801
43494
23872
32798
52614
52640
47659
38500
9209
46613
57605
30630
31255
59111
6452
18027
56458
47564
19792
29767
41958
43312
57826
47735
11116
4933
5549
3285
19567
51229
6213
52921
42828
9145
22104
55179
8326
54027
34576
12955
7410
11198
48544
39939
36146
18074
46227
41739
4082
7951
38346
3091
46843
15705
59094
6711
8470
7643
11453
6185
8806
26580
29387
21516
35007
36456
58619
11108
15221
10635
46192
51149
32335
6915
57859
4634
13014
27398
38836
39708
53163
48993
50230
13554
14413
23383
9692
8289
28791
45723
31591
21875
6003
25531
4937
43426
47731
43718
44393
22226
49744
26402
8633
21432
27217
25919
6066
18993
44335
29658
22806
4170
44104
19686
17985
33173
25509
38107
56805
58744
50061
43342
45942
16272
42269
18761
37928
22418
3451
25032
9774
28089
23359
42644
48319
51469
37248
24481
7436
24505
42159
52302
48193
14508
20604
56483
33307
4780
50414
4495
26508
6800
37723
7074
9887
46593
14292
16899
52096
4378
57563
34008
56806
12975
56584
24126
18558
31749
8673
26367
56096
34297
9388
50591
38540
38646
12015
26437
50505
37715
25748
11673
8336
49449
32795
11124
55636
54052
57201
49995
23603
48361
52690
53485
45591
5234
39651
35975
22621
39586
57842
35472
37423
7976
13428
41207
52907
40078
11787
43545
40927
4817
17945
47533
58488
49163
58359
9155
45340
45880
3940
15173
36869
30888
9981
38972
10838
41857
16695
12944
31232
33139
13279
58763
12035
25641
5902
35801
19658
29692
44118
24036
21726
18333
13407
36890
22327
58018
48731
26870
3683
30608
12152
42002
40049
23363
59165
8040
56668
6005
29675
8108
34725
12381
15745
4989
7941
40488
44638
52994
3352
27319
5904
55697
46311
32426
49912
24119
32442
13699
23346
44374
34156
32306
35074
3175
26211
7970
6225
49616
19300
23637
54951
3283
47042
33987
52894
9908
56020
19021
50207
41038
28537
27133
51926
31533
16490
14100
47417
48075
10499
34217
11387
3568
18837
58218
24373
10355
11156
25329
39641
52891
15525
5082
31494
45684
44275
27240
9857
31046
31754
29422
53668
42609
9889
36132
15586
41048
3042
50128
3000
14874
20269
38101
54472
35701
18452
30665
24405
14978
35581
53861
22797
35146
13962
41780
43407
36548
42199
36646
48222
57822
5830
29848
59279
44682
15468
14352
48093
42168
18877
8630
19536
27121
8875
57316
18402
4259
27944
56843
34494
58204
4795
53391
23897
59554
46712
50805
20578
17395
25353
29848
24228
27478
32744
46896
39071
3723
7743
44081
24429
3401
44165
20462
13794
3454
45321
29970
37761
54504
13339
5222
3705
44137
49751
6977
27639
24265
22630
59147
58060
9182
55497
40744
10533
31427
6265
38187
23603
53525
4132
24911
14175
43153
49193
13801
13529
33077
14486
42371
39212
36117
26910
21218
46090
30814
54172
9103
25095
36156
49877
19294
27413
58314
29138
31058
43447
12895
40073
57188
38810
21936
36892
11888
37793
33128
36665
55971
3125
14763
10988
4566
35539
15636
15142
22642
4302
20875
4537
25226
42882
17763
46366
23220
42841
9164
46427
18289
36468
42834
53228
15308
29794
21077
51815
39975
7190
17018
34269
10843
25655
17220
52967
41871
38623
31700
33288
32244
12430
36070
39127
23085
31302
17152
10627
46941
37811
46883
30643
42029
44697
43623
58473
27084
5194
24416
52511
32751
27411
16472
41258
41844
21668
29077
34426
30296
46868
30525
11960
9004
5910
30802
14352
29326
10988
25465
8848
47730
43865
45581
26459
8754
48206
41709
48221
56488
33965
6070
26761
42855
17455
12702
10036
25521
4517
4180
47906
12804
4954
20768
37020
58694
24996
37792
26166
37326
13721
7247
26860
25111
18452
5836
9419
9319
25025
13013
45872
37800
6622
47849
57733
53666
25373
55698
44374
27187
37890
36531
3598
18135
50728
36997
29631
35177
40910
54932
31446
39992
31091
3774
4259
53484
44066
13277
38911
22875
32633
7958
4608
42815
35966
7368
28675
59430
9093
38842
57644
39809
16564
54561
17153
9958
54631
42245
19441
45208
17329
41545
51341
59227
46048
3937
48570
10824
10959
16989
23344
41944
48644
32296
16932
40630
55521
38288
47947
42309
48055
34520
32917
24439
49339
9229
3599
16912
56080
30127
47884
48343
54907
28570
56717
7483
34091
12291
41112
49818
34661
26492
35972
31495
35668
32548
24681
33426
17431
5221
10531
17491
59895
34030
49479
41636
8175
54483
25408
48909
48902
48579
33370
6598
17406
41731
23262
20644
11642
32704
17079
21576
43393
36126
58448
8694
11252
9618
18093
33825
58818
27023
56273
33835
44636
47531
24803
18859
52942
3869
23030
38018
23530
28834
57276
13708
12210
23794
20321
23461
54865
31775
23951
8876
17189
56969
11574
42820
12475
34514
27203
25877
29693
9844
57188
30920
28806
31155
35223
32509
49025
45466
32541
57722
55494
27009
46588
52146
7363
24181
12596
21631
51013
11444
46643
36094
16640
30864
10257
13516
54889
45220
4494
7620
30127
53341
39779
52050
45318
25718
19940
48739
9391
4309
17351
46275
38350
9017
20780
17347
7113
29512
32147
59368
25477
6288
6474
55470
19980
40606
10046
14199
6196
31856
25388
57274
39262
15210
44103
8137
29539
34032
19050
14695
13420
16044
38575
50489
57206
26468
12300
35981
27682
45368
24938
54035
13194
11467
44835
5453
54477
57249
25662
58601
41592
46029
31722
32703
49268
24520
48852
42954
4107
17188
26884
18578
25880
16714
42400
12551
57250
38951
18887
32957
15385
5041
33924
38496
31749
9565
16900
36312
51904
6085
32985
43108
17943
29585
59733
49241
23640
56157
32843
7752
4531
26946
54449
52246
48712
57226
20647
53221
19397
52143
48082
17566
36039
11474
27808
54812
53810
50455
58534
51112
54672
13034
13800
55836
41957
33245
17041
26978
20377
15526
25641
10580
26169
28332
9050
27108
12208
53392
10303
54147
39121
13173
29141
34294
25113
