1657
56694
52267
22244
10725
39123
31275
7314
52885
55753
45968
8150
5887
23787
35454
17281
36903
45482
37763
17166
14463
54472
5719
56750
46345
33152
58540
11718
9547
51752
14331
13790
38889
14388
49928
46916
35370
34950
10593
51315
42952
5202
44941
16760
37743
48182
23417
19948
38998
51143
15021
3262
43263
33597
36463
41189
15761
34901
11471
30116
19166
4123
35744
50410
18838
31010
27654
35078
10059
58073
25844
32628
34410
4625
57517
47628
35715
43203
26529
28527
55951
8196
17065
26958
29061
29189
25826
4480
5235
44954
22748
28008
15977
28706
12550
47182
32028
6264
55416
9535
49441
45917
29625
37612
57560
9420
51867
50668
26188
24688
38513
45880
50104
54969
10765
31435
28770
47390
34969
31261
43764
3810
22726
59681
44297
35557
15630
51717
57215
34037
13953
5115
55403
18983
30992
44066
24785
17042
34689
22618
57545
17264
54564
17012
50424
45458
55747
22354
27800
34348
56375
50757
4232
11358
28570
54433
54955
19009
35354
6714
32456
26709
39052
41446
56223
40114
45806
26527
44451
20199
28191
35658
40018
55627
40192
5463
10041
49968
51357
26572
44976
22333
16960
11679
49250
36216
14187
42309
3779
29146
20504
30521
40777
41102
32301
55204
32232
17515
36171
53249
53409
50756
25109
10151
22284
4037
40388
4401
20497
55886
35377
32460
31489
48982
26214
13454
58900
40045
46811
40781
56244
45820
4979
52812
58429
10267
21267
37612
5901
53842
11791
50507
23274
32642
19615
53788
58483
26098
20696
44389
52508
21153
37415
31086
21782
30405
21548
19905
56798
58062
7024
10137
23490
38283
28058
8284
22473
21096
51385
3694
24150
9097
5549
31069
25803
20222
4435
40989
56593
57338
53655
23622
6452
40464
13465
38998
11301
55290
21237
32159
23546
55071
48263
37683
57933
40080
20523
32280
21187
9120
3667
13928
38729
24468
11821
29682
38967
47185
27501
28478
17720
19805
27533
14672
39442
34316
44814
3549
24251
11431
15547
14065
58219
38426
15757
22455
5596
38975
41986
37739
26814
35306
4826
12269
52657
17404
13533
12388
32756
7927
11370
51156
12278
57339
35168
11774
36335
9240
42288
5685
36902
21449
59902
25417
24383
56993
11440
11959
57583
42568
9226
35530
5666
50693
14539
18849
27480
16179
56066
51881
48518
30914
15043
17738
55955
31936
17158
36192
30706
14502
29667
50100
57827
44883
30271
9547
32029
22941
43825
44684
41967
7425
50312
33430
34258
36172
5581
23993
52643
18251
27898
51670
44305
19895
43977
46944
12592
8400
40043
32614
48648
53308
11876
58831
16951
42409
31910
24453
26323
10811
48299
16074
8958
20980
47535
12100
37339
25833
38898
33845
34235
44750
10361
52097
5296
13425
57835
39465
57785
15479
9155
11235
46853
25463
22176
57976
18672
4479
6742
53206
10836
35715
28204
36948
56236
36655
44799
21671
35837
8578
58481
43019
59544
12382
18927
3448
37841
38345
31485
41010
10642
16286
5996
9773
17485
19438
58254
11406
14375
55085
58004
46845
47306
5262
34014
25877
56073
55100
26507
26723
5824
17640
38765
25257
21386
34763
32812
8925
56149
37031
14146
19531
47319
55307
40828
18325
47268
50265
35211
51012
12390
47081
58079
47523
44881
38029
50487
30420
40550
4182
45680
42777
8239
9520
31548
14725
49437
21367
26825
33611
7347
45449
38260
15875
48038
4607
5620
43608
32021
56622
49406
36601
38513
36494
46979
57008
34126
52797
16451
5240
25663
44823
36271
53876
57882
19442
7608
18697
10080
9334
10277
36639
4640
3508
7143
28435
47110
51792
22144
43696
39638
11484
42149
42142
14591
56857
28498
40680
6384
56581
44618
40034
24508
33164
35611
27860
29225
9333
48435
19269
58418
6923
32968
38703
40373
54638
32320
21045
40089
3026
37901
40698
35135
38909
28564
32776
8299
59219
46926
4666
55578
23292
59282
5913
38421
22149
16637
39693
35562
54075
38120
8824
59638
42075
54400
27931
48624
12135
21499
46847
15904
24049
43447
28722
13753
39661
13201
45589
46415
45475
50710
25342
9880
17996
40211
27318
38926
48894
5761
14892
18990
36529
9722
54172
5491
41778
35753
57775
8157
59024
5240
23752
22961
6116
26417
5983
33424
20319
27659
23828
32521
46140
40755
10418
19731
35436
16481
16906
45262
13100
54704
41366
6227
54942
52272
27684
32663
17602
10728
14920
54666
19970
24229
50844
33171
43155
17668
55333
58330
33232
55992
48834
31163
33727
48026
40913
36665
32220
40097
28813
18211
17977
36382
33890
22723
41078
52182
39386
37392
6512
46294
45390
6535
5041
13936
52809
27344
24611
52616
53574
20471
44434
7000
44324
46070
46676
25622
52969
15327
6054
51279
57026
46542
40598
35286
14434
50649
43027
34453
7987
40175
34375
24727
51234
33152
27426
52371
21434
5918
17498
29668
33605
57878
47289
5607
42248
32294
42895
46022
39067
58831
37283
6459
14308
12175
24906
58059
56981
51748
42989
28672
5952
47914
59712
56238
37172
22661
7484
15841
6609
41891
5019
49039
8459
18869
3657
12726
8284
23914
49980
10613
43315
36912
34221
7004
47731
43422
37233
42763
15797
11223
36849
10908
21833
41755
34905
48969
26190
4465
50504
14121
27654
9133
7860
49211
33440
47379
24534
34925
47217
35169
48600
24832
18580
12736
39291
31896
46999
30532
18284
16871
16207
4585
49304
41372
56070
9892
55942
47299
30380
46765
18127
56899
14666
17307
43849
52232
42917
59146
5053
20160
47351
32886
17282
36677
54163
27754
50859
58001
12353
28863
51967
12728
54432
50270
8592
38891
36043
39462
54894
51998
24275
46512
8453
32132
30625
21110
34001
10536
43399
47848
7006
4262
40379
56891
52683
23164
30144
24777
30556
37924
7698
29476
15913
19350
4040
44193
27415
58929
28673
20425
4327
21809
46405
58086
13909
33649
45138
20956
21211
23696
14710
12591
42400
42210
45120
40782
19374
13369
56052
59834
22857
41953
28328
11184
52302
47547
10378
28996
15699
6847
27532
9743
7884
30048
45883
51783
5700
22722
12825
42485
44922
24062
56334
30602
26544
32808
11551
48954
11559
50790
40447
8652
5643
6451
4001
15166
49445
3174
38826
45825
53694
6421
9451
57769
57605
36516
16029
43729
17758
23805
12635
5464
41719
29029
27286
21864
47637
20939
54374
47019
22030
5148
5044
30189
13464
11677
16678
40677
21303
47927
57919
32922
29279
46150
56163
54649
4869
38939
46635
51120
27331
41226
14965
49850
22863
8942
32827
41580
54387
28120
11774
23966
53532
40326
3617
53600
13004
52929
38577
59143
4642
21799
6914
3559
22043
9615
51937
3222
29858
20914
16862
44958
36155
9164
40275
11874
38675
57843
33889
35037
48970
40330
37025
47589
17425
5383
25034
4202
58944
37331
14955
44598
59798
30523
33841
31169
25829
5442
4968
31491
9536
8652
56921
16565
44706
54968
21226
57551
4224
25120
56826
55076
10630
42502
57095
8106
20631
37388
41361
16381
24365
41998
12238
28586
8266
24489
48275
44720
18677
21553
38556
45131
10148
54498
24311
58502
38767
31009
36910
43345
58935
24792
5072
23060
37632
20341
15283
46550
22426
35996
40244
45494
38542
18232
44541
32986
39950
19880
16988
17299
4951
30555
58217
12439
38950
57054
51308
51589
19752
23267
54233
27291
4959
22259
26897
12264
56587
36546
53619
7175
28656
28598
49164
20762
13932
42822
49023
39282
41641
10153
50090
10505
7241
20770
25193
31778
43321
49444
58269
18880
35265
40548
12797
16990
28135
19149
34987
37083
20138
54818
22398
24920
41104
12661
52130
58093
58369
55317
56507
16165
38894
15862
49059
56698
57852
33238
23095
41361
54415
6473
38704
3732
46906
59110
36378
8610
42841
23244
51751
8089
40653
40507
33859
14033
13989
52038
32888
18144
40590
15302
48071
7117
53981
35536
6771
37357
37313
30794
48706
19492
44321
50215
18494
26392
5232
31207
18966
30749
50447
36335
13030
55467
50912
54902
40453
14378
57454
27812
40613
51181
56088
55078
36803
32382
35516
45114
13985
30189
47158
11079
6156
47175
11983
14584
36814
49783
12092
49882
42619
51645
9836
3409
44151
21731
31390
28416
7412
10890
31942
29406
30694
44297
53418
13459
35874
6220
19580
15382
14145
52344
14852
5711
14221
39528
56022
27182
57593
27456
17999
54468
48382
30905
48410
36996
10304
35914
57306
27746
27938
43194
36435
38841
7611
16417
13245
55196
15986
8717
35383
52467
52770
24560
13201
39534
18343
10930
55660
33970
9365
56447
35316
14462
23072
42451
9756
32336
8058
30079
53458
30915
21575
55552
18178
3957
41679
41955
57576
7115
45237
28982
26751
13428
23597
31099
24003
13684
50860
12372
4842
12517
30552
59419
22765
34916
40002
51322
30222
37879
41888
4380
35644
21428
10935
56552
37167
16824
55446
57995
15714
35170
37337
56628
23605
58008
41064
46240
22407
51466
51289
48556
33741
13676
47529
35435
12867
49143
34420
37056
4292
41116
36133
6391
9065
13006
32439
38489
6918
56983
57375
17739
17555
17068
50071
14693
59208
56109
52381
38426
18388
57776
9376
12919
49689
38849
9162
4818
39126
33603
24232
56158
3216
42991
27253
10841
11814
57113
49586
55675
44735
8530
47105
24031
17833
58309
24964
16522
45825
45069
48913
42126
35323
50221
30898
42720
24070
36859
30087
27161
9202
46837
26237
21186
29685
48255
12766
34602
18857
8608
46667
9095
52915
41008
41315
6691
30380
40907
55904
38350
51485
15771
48530
45331
56561
32115
58910
43990
52726
32416
26015
15533
11492
40984
44569
56321
57558
21406
23980
27956
42959
7271
8455
22997
7829
44446
6523
22628
54840
26426
24927
22342
8031
43363
23521
18935
42590
24310
15320
31659
44539
42316
18441
42276
16398
38177
35452
18070
11259
35699
24528
23517
20426
6124
19942
8156
27809
14812
39573
8529
59210
26884
53402
30015
26496
18600
40029
45005
17715
21100
33583
57273
18010
4101
38756
46457
6097
12063
44487
58904
47534
46416
37690
56835
11958
55010
40978
14857
20406
32535
12876
32274
5004
49962
9246
37209
29104
50040
14158
57860
47134
3615
25380
36620
55066
58741
20230
6745
49897
38396
27513
53741
28958
16786
37839
18967
8672
53623
18579
21241
56658
34650
14432
32580
12265
18250
34483
36740
16679
48435
23584
49828
22415
40448
54236
3720
30891
30623
43619
53645
56339
40370
9598
38766
42819
57467
28028
56560
51538
56288
44686
21219
12603
13236
56618
40594
21594
35585
13153
51866
42839
11320
5841
48746
11715
5510
14034
59623
49140
24829
32367
10253
27417
24932
35885
4646
6492
48398
9421
5060
25361
9988
52247
41489
40793
58673
7352
28723
29191
