1428
15355
25562
22898
30234
10358
26141
42498
55651
8265
6605
45565
16827
23959
30799
29502
33700
14218
9978
9643
13069
59745
34696
26392
3115
51831
48940
56657
30556
36254
46317
54902
42590
4884
59848
32665
52277
23139
12218
37545
22026
35203
8533
56407
5291
51926
13634
33041
20490
36212
56426
19638
29975
11363
14249
55211
55165
52640
35108
4603
51430
58409
43796
27732
55529
54839
27818
45188
50607
45543
17479
11964
10293
19231
31243
12119
30580
20017
44255
36180
26126
6393
14914
35667
5193
57183
9693
56831
12351
39509
4982
58301
51020
22710
32230
25143
41221
15591
25063
59655
49766
21593
9791
14067
46902
40274
44961
48954
53774
16986
57260
18005
6803
24273
5743
25038
55030
26090
55290
27012
49873
44000
6009
59901
48699
23589
6553
37963
50645
24757
57287
13599
32492
4341
41022
52897
13818
9995
5341
49008
51137
56442
13815
15511
17309
3744
23936
53177
38792
49083
17673
17957
25794
55298
47455
27908
40575
53121
11402
18421
26508
51825
16248
29925
29026
16554
15223
51600
41557
59907
36616
16794
29014
57838
8841
25075
18089
35604
48466
40347
18100
45595
19122
21594
18130
9795
48500
54937
7976
53023
54855
26547
39157
41378
7774
56285
27313
15416
50533
15661
23667
26706
50583
13090
24035
7982
55440
3940
37421
34905
28883
52435
45111
24416
20175
19390
44708
52877
49031
31248
19683
39656
20907
47829
57304
11952
33343
8779
47897
41851
29840
15918
8143
17354
12316
19987
6578
33656
11775
11899
21960
37039
32869
5195
40779
43367
55931
21575
26851
51236
37144
44016
24448
11207
5181
56410
47546
49291
24573
34900
38654
55804
40492
49815
11568
59844
18800
38931
31012
39039
55945
41601
16928
56453
49038
27773
9849
18067
15338
13644
47335
14740
27997
3818
31877
57552
9744
57178
41481
53157
4719
56503
27783
26380
24417
48398
42852
7510
29093
39174
20491
6957
37258
52585
15943
11545
55884
22535
58585
21582
38991
17466
15652
26188
59125
12976
35469
12880
37950
41057
39237
45091
59281
18818
23043
56088
28169
57172
25656
57089
25454
58380
59027
11869
26343
19672
20189
28084
3182
5827
49103
53675
18405
32487
52823
21535
29092
47886
44804
21794
25073
59026
40120
17489
37174
51476
57740
22256
30467
35738
15716
25950
14248
44610
29332
32193
9162
57566
59103
23608
49684
8739
4536
53175
42137
4970
32566
31526
22705
34227
39248
35527
44623
35462
32970
17502
52282
47082
30842
58337
17744
36420
30677
19016
16538
15669
34036
4752
16137
3898
50331
26699
46262
46292
5511
24308
29947
25627
16978
45869
52872
39411
45419
58744
29934
4494
32564
27080
39773
57520
38681
46808
21682
32957
18735
40946
27494
52313
42429
31625
57121
7255
50954
44019
10287
31527
48865
33402
5222
59021
24889
21206
29095
35917
23848
38616
35393
7980
44984
34045
42514
10008
13222
48882
31741
8907
31961
32825
46725
15065
49918
53096
40278
26077
43137
18655
24237
21101
6168
4287
42650
17441
32584
46498
17847
6497
56097
32104
23235
4507
32118
8247
59918
5139
10417
47304
52292
33543
9350
54401
49561
43568
31318
41032
36971
7201
48893
15276
58703
55152
40096
14026
53660
9046
34922
34866
28943
16028
15376
34651
59866
5886
22992
12281
36378
37529
3502
41136
33996
26671
44668
58589
10952
58106
28474
38605
17637
54822
51203
3365
14070
40401
39398
15471
16290
36975
35358
59756
12743
18602
34486
16029
16977
39516
23751
44938
16601
51150
52177
18680
59040
26730
46425
22576
19574
8726
52561
36647
48995
47492
40722
7566
7626
55973
44388
47782
24379
24359
11951
45702
23132
50622
38526
3272
24050
49510
50061
56044
13968
12052
11028
13221
56029
5217
34330
45298
23947
29373
3681
37209
32674
37727
33881
38353
34663
8912
38999
53941
38184
35927
6561
9472
17190
59041
33328
29693
46760
3268
43641
47981
53518
35240
7523
54774
10538
20345
40699
16143
30342
54824
16626
48939
28041
50426
34303
28084
29047
50507
16636
22920
38511
33117
49003
40526
49061
52481
8369
41815
22967
8101
17346
13259
4954
37313
23289
38037
47457
31029
29173
3950
51505
58051
31959
4201
40192
31220
31870
43541
16989
32294
39107
14925
40891
17204
16306
26881
21739
45389
9602
16150
37313
54940
50902
59363
25293
35902
58468
56602
44430
57900
50684
12258
40499
35477
25930
21550
45900
6682
23796
40862
26856
58023
9413
42204
40457
25434
47144
51009
22231
59675
5937
35084
20709
43082
53116
24013
38216
15543
53443
51982
33563
13416
28257
36725
42752
57230
50936
50223
59347
13118
4327
16546
10067
55539
23714
32115
36799
50278
30462
13956
12893
15098
56333
21614
51856
21982
33290
41384
40828
25124
5215
39396
14879
40232
26946
47958
47154
18753
33902
12415
6488
45381
30994
5396
53380
47068
22930
25316
6672
40203
43746
50818
49737
30772
10775
51946
10997
16855
28955
34259
33530
37624
11964
29915
44598
8945
32184
33164
42131
19141
21595
20952
21095
7916
17032
40185
3231
16397
16389
51201
22634
48860
36350
34288
16127
32676
38225
48982
41948
40421
7264
15294
52141
12929
12457
53252
24274
35868
45486
17186
7615
4093
42860
4205
14534
17019
37893
45811
32525
46138
24784
26168
38869
15071
49997
3958
33992
16754
43902
34479
56307
55841
5063
9160
45974
13669
49067
32347
57539
49027
20544
45403
18762
55588
10788
3943
45415
57605
14108
56693
9029
38912
38482
14012
45886
40916
23994
52730
48358
18209
16057
28308
58655
48218
43777
11924
58514
31628
24737
43300
50174
48994
38953
4972
10287
18118
21269
56824
11052
19814
49320
48585
31245
21575
58594
26374
4403
23175
52359
38485
45063
10213
22183
44126
45480
16918
36520
18333
8919
44113
12875
58938
55409
52485
52799
10738
50132
35826
20842
12703
7648
40442
50385
31683
33951
42518
21270
59018
43426
30672
17884
48472
44112
11826
21180
10779
49993
47219
19258
29935
21902
26903
47064
12644
23751
57811
44263
39772
30369
30843
19686
17813
33710
28512
30476
22937
33563
16417
25501
20888
33536
53536
41345
41432
9894
19029
21025
15037
23703
14273
9936
54146
51279
29283
15403
28237
47687
51597
6231
48250
17011
6492
41454
46260
27935
54396
7896
16855
50657
49489
21263
3211
50712
15788
37722
9196
5777
51778
4236
11043
34833
56277
51529
16179
50936
37700
44954
5207
38829
4295
16030
54824
34336
11659
32120
32656
4563
59827
34595
37231
21441
28782
59067
13120
24538
17164
59643
18020
52349
32803
41849
12237
55210
56913
24134
28909
29605
29535
53730
45927
30288
17485
8228
54481
59054
37939
27534
36192
24336
48448
53993
47562
55648
37503
8269
11805
43252
14699
20966
10359
9285
22711
32813
5418
5332
34579
6979
21012
24682
43590
34071
37794
53596
14469
38253
41370
14199
7191
25200
28392
5150
31001
14949
26733
16925
3692
43141
24091
29700
20915
18740
43299
43788
35301
57573
35193
13315
37933
51023
57377
25473
53907
7354
24399
36073
23002
21284
42827
20899
57138
34325
19356
22217
23248
24212
28184
18749
50602
34692
39981
34441
38286
32822
18034
34005
35634
48597
52087
10531
42772
12229
42926
6141
43750
37537
54056
25287
20457
10152
43429
40498
13641
31293
12062
5681
29928
20975
32173
32630
56130
52764
33772
39650
42888
25138
33000
58552
9524
57731
12767
56766
18884
31115
10842
27391
10635
8785
16606
43631
31849
50957
4629
53551
50039
35701
31641
11237
21505
28061
18147
59749
18154
9117
30147
36268
52060
10641
8972
42284
46845
21905
52338
16119
22367
46432
32626
29635
5875
49189
13246
33482
49604
21332
29624
25428
9769
21507
43256
7789
33706
32006
38543
53229
49810
9472
26897
42164
11440
46703
22499
58828
20639
7123
38249
29049
39140
23416
12966
22818
53090
50703
55769
27995
21892
47696
14463
35991
12131
30549
30065
31424
51528
50956
51361
7986
5212
31854
9156
13480
38007
36829
48271
6825
33423
10375
52822
18393
55217
32221
58902
4905
10989
59757
48402
52054
40445
43744
3007
9569
28732
37744
45720
36562
56190
48298
10421
52782
31670
58734
21329
23513
13120
19957
38241
54272
22828
53521
57352
6997
41268
46760
40114
57829
40888
56746
43335
15432
12193
54468
51051
44005
29015
52383
41321
30648
52239
18921
5815
40039
12493
44150
41151
3676
43045
10484
50169
3659
34713
18807
33499
40321
53883
3523
30866
29866
48314
28114
56141
32512
59265
27122
55092
9537
38818
15404
58504
25410
36127
50605
32827
13981
16490
41410
59143
45890
19663
10683
10002
43836
53549
21491
15629
21022
59194
56503
23945
40229
31039
35290
27062
37990
4175
16991
35170
49488
13813
58325
53334
32660
59425
37396
43162
28635
52430
30213
19098
14323
23209
8852
26597
56012
42313
39916
55028
24247
30522
57876
9401
56892
6643
7536
11117
45425
20680
26255
9951
44427
32156
6624
56851
32818
8234
55240
7896
37782
36455
53320
3518
30628
58611
13377
41585
9175
12454
34935
37858
59601
51807
21032
33272
32894
47865
29022
20910
45568
32767
26551
6175
5464
23958
22488
24780
32866
30270
54642
32022
45195
9639
13330
