902
39922
46239
57710
45018
22101
21136
11240
10186
56789
3078
57345
46785
5704
27252
51180
23482
4729
15010
23485
59203
20474
56871
42026
53413
52498
28844
34288
4831
19879
33636
45086
59818
49920
21551
53015
15335
9045
20960
5023
10827
29006
36745
28417
55626
24289
33527
57738
14526
5979
28664
40524
32508
50300
14630
9728
18503
25864
23799
54422
4098
50628
50751
51555
57905
35501
3583
25104
53201
46801
33144
55440
49388
13895
28554
43716
32244
52405
14977
11585
19915
52950
22579
38719
25313
29508
4158
57877
55403
9975
58293
20814
34140
39020
59954
55779
48032
26911
47431
52319
53065
37102
20761
17915
57084
28072
14905
47708
10129
47596
36299
51184
32436
15459
24284
22024
54495
53357
33139
8704
46509
27352
27919
57289
41116
46225
21617
10696
15833
14306
37176
44899
5094
10436
12296
56342
25512
59777
34566
46724
52219
10029
27507
12312
32089
34293
7632
56863
57726
22232
12000
52655
30815
29368
50396
8479
41613
41024
40560
15656
22584
10962
31707
36154
24800
45899
8007
29706
52310
35502
29622
7924
23003
14145
14817
6933
58707
8791
46938
37827
15358
5453
36558
39636
47928
9775
59858
28230
55400
33733
51956
16007
49497
37619
31063
3816
52970
26885
45161
5284
24308
30757
13435
31143
35568
21153
34508
56427
51954
8931
36839
11101
58370
8266
45334
46411
36474
52674
31635
18044
14554
31991
12200
5154
48248
59829
20573
14936
33847
20567
44622
43868
11511
7640
19500
23946
56999
53719
49496
24416
48340
55868
26924
47893
48683
41694
49416
32390
44990
40697
39955
38026
46176
32080
46638
15024
35936
42041
43769
59724
52987
53530
16503
20961
38736
27317
44172
27643
53837
27314
39410
8951
14729
45555
33037
33970
12495
58906
21593
23243
15806
31916
16214
52496
10693
57052
33364
41198
56572
49296
33149
55459
47196
38477
38995
23999
28702
41777
47532
36977
43207
35331
7991
30723
13192
59209
29348
35043
14911
15378
24852
39843
54687
52881
21410
33162
45175
16093
53741
35929
5919
19544
24321
23304
34336
34806
26749
49542
25047
43096
8981
8254
15761
29774
26566
29075
38752
19091
3462
38723
27940
47294
5172
10397
38410
31610
13616
11217
10999
48628
13709
45539
33868
40454
20404
47395
35286
59379
39527
5112
16890
42417
43842
52137
17023
49863
9168
22050
55807
4799
12990
44305
30535
19292
22344
25047
25107
34640
18252
56643
18121
47731
10483
49437
42274
7617
9768
39069
35672
32756
12689
13296
29968
9946
51752
52486
23436
28240
49553
58740
23922
47663
17967
6131
14800
12422
41619
17966
31312
14270
31753
48441
39180
33082
49850
17189
39150
5315
55950
8149
14133
48354
39701
6945
4658
59697
34086
23835
56130
31621
22966
5183
16088
7734
12885
28366
14119
56429
27165
57896
18820
5477
22988
11437
48240
54956
30713
52547
33645
4664
29883
35824
8648
21800
35224
29227
50971
59567
47923
40991
33331
54973
11537
58440
28694
15622
11642
36402
30068
14548
35584
34884
9203
5976
45429
53995
16016
19160
43120
9975
41771
59638
17742
13205
52893
13270
41402
15870
53467
14400
43815
8635
25448
45382
24112
15574
54544
4617
15615
30841
19266
32401
51824
47109
48595
32588
20523
45409
15160
5049
28546
41691
19913
14127
51643
27159
40779
49871
7378
39353
58165
6435
24753
52738
3663
25253
49134
14139
10109
7765
3845
41315
53786
32938
51968
19197
56336
48560
5481
31469
50583
4742
13162
46390
25135
57440
25383
59177
41990
15842
42057
24259
52526
23050
53620
18240
42664
29245
16457
38831
49847
13293
15764
52440
15443
20580
39063
25943
40158
23297
10105
59126
20174
42782
19095
32028
34664
3690
12262
40517
41352
29973
30504
17889
53243
28850
22173
16829
29785
40567
12901
59477
30948
26678
32921
53310
41884
21235
12058
16455
51109
38359
49908
43967
32162
3656
22144
18929
56840
4587
6262
39121
6474
40795
45015
40264
16824
24190
31672
24589
50949
10307
14137
49523
49462
40659
24929
24376
17992
44231
43266
46417
46866
58134
27857
29904
10660
46626
29411
53007
5946
28203
52701
12519
29155
55687
22463
10514
37624
3347
55493
10248
40291
20668
5102
49890
47642
19813
21045
33736
35291
51962
58474
31955
38136
18029
19091
19922
58006
27783
13202
36809
50714
38343
42768
57799
51863
31211
31182
54439
43209
29833
5233
10540
25260
3219
9417
44545
36637
50079
17118
31253
12400
41558
38734
17684
34181
57226
38897
12152
21475
37523
24373
42246
50033
7385
54608
11731
49799
38092
20606
36913
16331
21649
53139
31035
35962
55253
33879
12136
10277
23539
6010
16014
37906
48836
43346
54393
9746
14444
3994
17037
5743
49615
8474
39917
33088
5826
29286
34335
33510
44133
52142
53491
13302
36290
32301
5216
34764
10291
26301
23629
11624
26018
19574
35875
47499
40295
16150
28342
24038
37387
34653
44054
42059
9346
3787
20288
19044
28849
50129
15068
44774
41820
34725
27016
14197
38867
51186
17776
4681
21487
10833
42701
43208
27411
45865
22667
56596
21267
38671
57204
45957
38921
49990
5670
49370
18811
37676
22486
45936
13515
40124
49807
42108
5483
41926
10856
30360
27797
18103
38141
55157
24736
52425
6486
22440
17874
4303
53739
42797
30140
5175
58496
58712
22708
25370
4058
16184
7781
10216
4586
47956
17060
41685
39969
58303
51257
52495
56240
56190
52459
27584
51299
44123
3504
7876
54406
31010
38889
11409
3933
49466
15643
43542
11954
11087
47523
30575
28003
3146
6971
47163
13358
48300
22140
47996
42797
17341
4564
25880
6764
48134
7934
54460
4810
28100
56309
14068
38617
11404
3209
39096
44919
8820
22000
55425
19779
56492
48849
54054
41448
54447
50349
18957
17315
7309
6228
7602
56886
29769
9275
51539
