1805
50653
12867
54469
18482
17075
36931
26071
7882
23365
52133
3989
12298
39419
30040
22654
25706
3461
52845
33125
30076
53486
38804
43027
53383
43875
58422
13912
36392
56148
33466
36469
38904
58110
38544
22377
3149
18680
10805
50924
40178
37071
32360
20946
51452
50160
25974
59877
27029
39277
36143
9310
18558
59130
34710
31831
27022
29794
48475
34892
5580
4682
43899
50814
27722
40658
43074
40988
29367
40464
36391
8102
47597
48851
20827
25596
14481
40175
28050
34280
17147
6735
37782
3592
18633
54697
42603
33802
36081
37665
29996
42088
25072
13973
33031
17280
29988
17045
14893
41160
4015
42945
42221
36113
36202
33392
17723
25650
53485
26484
13160
59415
16625
47247
5130
44798
31761
28931
15737
37679
51291
18909
7723
43187
20842
59193
28837
48118
55009
27335
28200
44549
23818
36222
28758
4133
15437
43805
25144
35252
58661
5293
45050
18197
56122
20108
7695
14690
25811
10606
59850
13968
14736
56634
13787
14972
46510
20399
32562
39041
33146
29081
58684
5357
48592
6587
9661
45999
14400
51938
42404
39855
12082
46108
20678
32739
21792
12145
59734
32986
4225
58305
48499
48838
4316
12342
31189
16216
46645
58855
32089
15386
21245
57304
53354
26080
55820
57853
6797
40809
44542
20267
32585
45605
22356
22810
17500
24352
14840
42390
35681
30755
29246
13333
11971
36940
46229
9451
39662
54670
36257
56169
45121
39885
30572
3547
42089
5326
49409
26378
33214
27300
41580
57474
57292
35523
55040
27461
54373
20255
20976
51013
55891
42900
39258
46885
38550
25048
19044
3870
29178
54974
42463
26227
5241
28047
30097
9538
8941
56083
37413
18261
56847
16647
38449
4447
25367
14105
5131
23411
10634
14690
41105
17981
39600
33068
48609
46218
4447
40672
48868
14592
59936
37135
30378
9727
23459
51964
9410
59263
34995
17161
17208
38162
52306
8637
19695
24279
25923
33589
6364
18941
55623
56842
39414
56872
37258
59289
25846
9857
21637
37431
46658
9206
53767
24525
58885
32547
38444
46599
59132
28888
16205
48379
57496
40832
35646
54400
38252
47650
55938
39607
9155
33603
58496
28032
31925
29963
18090
22639
57138
27465
22402
45411
44530
41690
51492
9316
35632
51326
58306
49487
42837
36128
30720
22933
23389
35434
9142
8959
19536
17100
8922
25281
33520
24336
6933
58330
25126
55651
10970
8840
50598
23415
7520
5911
38234
25962
46904
49960
50183
6811
49630
37362
7447
19976
59104
55352
13721
32576
3084
19265
15608
9486
11007
7208
36371
3078
53524
5549
37081
6741
11149
25152
21587
3927
52546
51437
19400
48346
58876
27170
12876
38463
16053
33440
6724
29484
37855
50773
30178
18931
11346
35356
24238
47553
25923
48179
5849
22320
24536
48224
36995
4569
52426
15640
44421
30221
39789
21153
6989
27557
21268
27912
3935
28532
37896
11405
41392
59501
37158
6841
19549
58757
59089
24199
4291
30685
31896
31646
41190
49032
57924
29899
38524
24516
18303
36379
24859
21340
23037
30021
50271
53859
58214
4475
42642
13899
15233
15186
55466
19836
9458
26752
3426
39068
44716
40870
23165
4676
47745
28830
43556
33422
22643
44295
29019
3212
26244
44091
29348
39610
20538
12138
8344
59416
53905
30839
54361
40632
19144
43438
40548
21407
8641
35142
21393
32760
55107
44164
56815
46507
34802
22135
43904
37544
44602
35543
17650
35220
12134
10738
32150
55791
20952
44293
57482
44045
41396
7703
48511
21875
58075
18789
51157
15958
16936
59537
55730
51147
56679
25972
45011
19857
21650
57432
56939
13670
10754
4173
32241
15215
37274
51786
3890
47294
41724
27557
23742
53089
18339
4659
46744
9196
57842
13448
22422
13501
40512
5040
28913
35408
23088
26391
56617
44370
47541
35982
9976
26196
12246
59767
5267
29614
25977
7943
22502
42571
20488
5269
45679
25853
43282
59887
10082
58849
59988
38702
34441
24046
23460
16990
42402
59742
24750
56945
39600
3590
6310
42821
32012
50942
54438
17573
24700
33135
39341
57133
16205
56017
24954
43605
44907
19208
58914
40683
11443
50999
25572
13552
27121
36071
50269
55447
44673
30618
23209
51360
41345
37273
58779
44449
52678
49048
30891
47230
51504
55977
27206
4685
37821
14567
13644
55054
48291
52655
30474
9508
7872
10049
32934
21060
20832
51420
5343
45205
16351
6173
8091
47883
26045
24629
18027
42180
41694
57548
31951
19776
19888
55129
55984
42333
47056
22132
9592
13568
33553
8751
14451
16984
31994
57602
43253
5009
24231
33584
53814
55310
17038
9197
11280
57538
20968
26406
15481
5223
7886
13720
51512
7201
39907
29338
22415
19520
33361
20470
55418
3105
9300
32958
59124
5691
35822
12134
59790
48162
28664
51883
11668
10113
35073
51638
27886
55509
36823
29044
42886
51789
59738
48956
18167
45743
9047
31977
22733
39107
12236
43388
59767
25395
50402
53251
33153
35080
39500
43951
48650
17618
51087
45035
53230
20463
44334
12938
38486
41876
21118
25984
34283
54152
14217
35497
3229
55527
24582
53778
54227
41694
51928
9316
43948
39691
59541
18773
30340
22849
5787
20282
29435
33389
24587
12752
50359
58384
56806
42805
39265
20686
5577
16175
53290
50891
19643
38967
50229
16090
6185
36071
55010
28370
45758
16100
12410
38011
23199
3403
10593
11575
53493
26409
30896
45362
42619
38351
7859
26707
35575
18281
42184
21609
54215
42739
44632
35235
57733
36668
12456
3237
52420
56942
17204
56317
20593
40105
12974
31279
43125
20198
23388
32290
42516
40564
48001
8319
38330
52137
24140
29877
43440
19191
13156
19109
59947
42620
46768
18743
47441
46180
23258
42133
23583
6202
8838
25655
37104
26448
4975
14109
47777
24674
13835
54319
23489
18018
37426
26268
54295
39974
16639
4125
55336
50428
53305
23197
15224
41057
28399
23436
58653
59954
20813
25064
28723
15496
23118
38834
23691
24295
12353
45792
6103
26505
3138
57123
44478
16936
8876
31597
31407
33657
19050
34799
18901
49316
15999
51212
34822
29665
10330
35530
39547
47566
4925
16086
21215
21175
21616
56403
42981
20358
27274
40648
13376
27621
34333
39048
44025
56590
42785
7821
32748
34889
35063
18459
30520
57118
33098
52910
27583
59938
55770
37753
20222
14404
3856
31320
20053
57175
40848
11247
40079
54481
3317
18516
15437
32024
9190
50886
28019
11326
30927
56792
43267
5659
11133
27021
28772
46278
16590
41237
43774
10725
50759
36179
30375
45910
29273
33422
40501
30667
55400
41484
26450
36029
49688
31499
19302
15954
38475
47157
39321
35487
22117
43218
31558
9845
8192
47924
30872
57260
20606
58612
48361
8763
18718
13776
16621
57740
31479
22654
8002
53000
26079
30867
32712
37101
27577
49078
59894
49162
32233
14266
48949
11407
40162
52836
23056
24430
41613
42675
28729
38057
4498
40601
18159
40640
41819
45274
25897
4714
18892
6530
38559
28574
33877
20971
51278
14553
45172
4600
44926
35284
51495
45467
44217
59046
22038
16448
54159
54178
48513
49667
14645
9142
56816
7710
6817
42537
15652
42614
4511
15493
38172
38359
9928
50031
23385
15950
25738
29314
46274
48475
4255
57061
7431
37905
6240
56832
55456
40157
37253
35763
10914
30141
9156
52404
52556
45327
31729
26106
31984
5729
14474
44518
7809
13584
38777
18974
22501
31117
24900
6021
52497
43922
32678
57530
20454
26207
42348
36273
12694
55496
52141
55398
38781
45867
55177
48428
46218
13508
19627
45170
8975
47930
49765
25199
44865
24120
57055
21132
30923
35271
45836
11002
49012
39560
23757
28894
22910
35118
21644
3274
34338
3191
19546
39624
38937
56216
40815
40201
9308
18605
18877
33086
50346
48027
49783
47268
51481
23619
42440
4728
45273
16852
12868
52826
26024
17730
26893
33855
20990
22998
28432
57600
39286
39126
54918
8773
45566
39377
38210
36748
38713
43670
46800
31200
17283
3971
33762
30629
42746
36582
48204
17760
32880
53029
43850
37825
58136
50979
18243
27370
20326
27413
59698
6148
10431
4599
29648
11220
20361
34625
51020
41932
23877
9273
23214
16726
36672
59789
18532
46338
10262
10320
36066
15455
30451
11715
25154
59230
57818
3551
34853
10796
25584
23850
23177
26551
36845
42327
9467
29330
56439
12376
53759
26264
50389
45590
6793
25319
35075
41080
47841
28636
41385
41809
53437
42762
43888
44313
9118
5127
52803
55079
47201
48114
48164
56386
41910
21771
50592
39139
49919
50529
15482
31653
12776
17029
37761
48376
12777
28736
45341
28254
29472
9683
39096
16975
41534
56572
8317
54674
52693
55682
23531
59725
18995
53983
32133
28949
9326
37229
18096
18729
19748
23366
16318
7684
52142
9274
42522
29004
55075
25621
22399
10816
49154
55949
38574
28286
51562
21625
44461
50930
24168
33434
15374
10959
44652
25386
36010
37979
13591
12319
27002
26158
21274
52755
54197
12641
7871
26867
17931
40946
40183
37725
43268
27319
18801
46172
12091
19756
23982
15881
6182
22498
29684
39492
9057
31791
54701
35773
47484
24580
33621
26813
28163
27582
17623
45488
23346
20475
25997
58885
46634
41453
38927
13686
58383
12624
12125
33962
41815
27065
9168
41528
30020
48158
59276
18567
35288
46010
13884
55665
38159
51861
30618
35173
18112
19517
9622
26175
13461
8193
58423
32907
21980
49598
34699
25472
10286
14712
32187
35478
42504
37549
39704
55529
50923
4914
37752
27821
46409
7635
58064
34248
30162
12270
18577
10592
25895
26636
15072
18307
7570
42599
58440
18795
53721
38907
48817
51666
41781
10057
35536
58878
45179
28515
46338
48151
26346
32460
48155
48306
15934
3295
48281
28960
49784
31566
32124
44643
51878
52707
15960
25542
44419
6871
34527
37274
9003
36924
48862
27379
4567
4659
5767
56600
8404
39977
23002
27766
34505
39716
37536
56367
25586
42379
38439
34155
50777
27358
57036
13579
58772
19010
8691
36627
18595
55925
51099
58750
6348
3007
21185
39140
9128
21699
35002
35040
53807
5153
22044
19769
55702
19663
24287
59015
21218
20622
58046
17262
18775
34260
39629
38359
36325
48816
10802
9419
40953
42267
12203
57122
50711
32201
31789
8921
29710
50926
49661
41617
30598
58836
26878
27052
49504
46607
20713
43511
17472
53658
18623
50871
9900
48655
33337
32977
39478
12256
10560
46797
8528
24372
43142
33719
49044
13491
30983
13359
39972
55092
26232
19162
37001
35815
43735
53864
24233
9865
46673
45200
33496
58504
41613
32586
42433
32736
41015
39757
45950
44039
58701
9662
34225
31671
26693
55260
26927
16475
51196
5542
39241
44234
37651
50348
6748
37923
21363
17255
5657
57050
37658
24944
26911
3437
4012
41366
14218
41305
31401
29742
40656
43726
40656
27176
16973
58876
42727
21374
16428
52790
20292
41618
25000
58881
15127
47294
4682
45717
29659
8162
42506
13561
10532
59272
38287
5687
51126
42632
48496
51567
43192
24488
10091
20361
57457
37781
24660
49332
12094
55191
25628
49746
55416
43092
5084
22761
14414
9304
40448
26987
39503
22831
53482
26629
49479
56582
57605
9926
8766
52243
8982
57788
44688
26658
5040
39023
29376
45722
50177
28299
55494
28988
28519
26990
29199
31850
48080
26090
36591
56127
46410
56558
45466
21906
41205
54724
29087
37849
32548
41290
58714
45506
47380
56459
18420
22151
14857
51733
22925
51363
35107
44311
56091
33946
9861
21546
51899
29241
5662
31291
32807
38387
44971
16931
55252
7247
25301
25241
8202
15069
42494
45274
38547
7989
54043
53699
35839
54572
49043
45368
33736
33518
22581
55088
20480
23181
33543
4437
25246
32751
26596
9126
16355
39791
