610
16190
22606
36696
34899
4817
18450
48101
26845
33570
47535
16546
9813
40371
15576
4587
18442
53406
47540
27174
18221
58694
55179
41598
31085
38767
3366
58022
34448
31549
44842
49888
40345
37752
38463
45931
19346
55658
35949
24846
50545
6272
16287
39865
36792
45058
3143
9128
44299
58095
40421
27935
20735
23461
36855
49991
49400
54678
6058
3444
47083
47580
50288
31026
27457
25326
55062
10101
39224
29520
51506
33041
32836
28917
23893
34537
12801
32457
21181
44084
10451
12407
41800
52712
4550
28397
13998
57015
47382
48717
53362
56277
7229
33747
59082
19933
10997
23907
56841
51248
27642
27025
27616
35284
22437
50599
20831
5246
14341
54372
28812
3848
8052
16582
21736
48309
57595
57027
47424
58604
23760
34429
52660
44360
14301
14955
10110
9459
47372
25239
15091
46212
21354
3800
49289
16539
16371
51672
8824
57210
59871
49971
52720
18863
41439
21531
18352
14277
58579
33402
52586
22441
18986
6658
33194
11466
48978
45792
59525
9412
28819
56958
28635
32954
23945
56469
56354
25003
25964
44574
3066
5804
56438
35537
38180
26600
47302
38204
35471
19010
30695
22856
59624
37855
46621
34035
34354
53938
54772
17828
4284
57995
5884
27347
34473
59614
58016
33994
51455
8021
29357
45717
45624
31865
25472
56815
21307
40642
10087
41979
32845
26743
34237
11797
42359
56023
32005
20262
45009
46682
33075
40367
44757
20079
6095
33150
20247
11181
29871
29421
26172
17964
36009
22188
30306
38629
50101
42079
18199
7992
15783
45677
31360
31106
53180
58918
43906
4673
30699
13916
12517
55233
11072
10816
6364
28173
50601
54162
13257
32591
13953
53328
50161
40262
55219
43635
57274
35532
11624
3579
19463
58019
28622
40670
25740
44376
58825
15905
3610
34606
50761
32218
14859
25067
3535
44674
58475
47061
37392
34321
9838
51677
45947
12427
57546
13628
14536
7963
58291
10584
10327
59129
7511
46362
8957
8405
34698
50247
32557
23269
56778
53416
27841
17681
55643
22047
21654
58575
39079
25324
4172
20094
13700
49728
12985
58920
44063
34211
49277
11808
47724
20978
20095
10993
16771
31085
40666
57000
28097
18945
28411
14879
29470
46884
21708
28906
7769
23176
52130
22782
44630
31303
26646
9985
40809
59070
34181
28037
40896
12107
5144
51952
45944
55664
15102
23174
58608
46621
9324
51423
44698
26259
16501
56652
40096
54564
3916
30911
53474
51778
17072
43910
13022
36558
52655
5570
42228
52575
45472
46866
14560
34855
49619
49439
35340
48710
46920
35131
44641
25181
33693
3468
35535
23318
21428
58869
17583
34652
54243
12024
8107
48174
25500
43505
34023
30404
31393
11314
52600
43698
19249
43394
42246
31915
25612
11096
15926
57132
59879
34187
51703
29154
20337
39545
29354
18774
26592
17085
49641
45362
40580
37160
28721
18834
16598
15470
5480
12677
24355
9067
43714
10000
28268
13190
18545
35638
48325
47830
27297
42135
5981
55768
17317
26337
42477
48529
14804
30152
24349
56387
21634
13242
55585
8769
11342
24983
25277
10045
22247
43973
52492
13731
35547
21672
39303
3160
54585
6565
4434
19921
12512
33119
51614
3577
12890
30911
5889
10232
31844
5626
13146
58403
53652
32615
45297
49064
51096
43952
26889
39484
41533
32235
48831
51963
26494
20349
56367
23396
58298
9828
14479
54302
47445
38626
46305
37359
57605
21374
19875
19767
44159
33639
48726
47786
35281
37517
10044
11368
55254
5962
32825
19183
58928
22374
4278
54626
25384
48229
26553
46538
19971
7652
19601
7596
18717
17578
57534
25998
32493
34084
4146
26256
16465
13447
33656
10676
34638
15863
23998
21179
41651
20285
14545
44761
18324
36153
37449
39899
27462
13329
37724
47751
31934
39463
50165
28478
36635
27726
10959
33741
3028
7007
27633
18714
17777
17249
43020
54651
13608
20343
45656
22420
16171
8243
12011
58504
51041
9276
6125
6899
18978
