255
19372
49507
28214
57580
33438
14808
20452
47579
11623
7827
20609
32419
38357
10192
5449
54999
35553
3238
35980
45736
18258
55264
38639
18766
53834
14595
11855
39543
29806
19675
19256
55363
14982
53178
52152
37891
36611
38647
28921
37265
36645
43562
13607
58850
53978
46072
22172
18860
44364
55063
51784
37149
36168
19802
23372
4724
35599
51321
23457
37627
23712
15423
24606
24871
24814
34817
51698
40585
13218
39131
45312
52756
9620
52156
5983
51515
42490
11890
10633
8378
23336
59756
12960
16372
41545
40296
35568
55852
35581
48103
28799
10784
48712
41845
37962
23492
10456
42235
14898
49656
56326
41590
41766
30540
30367
47782
15133
24791
27861
38771
53748
40596
12599
12680
38831
28294
6577
9225
55620
44852
20917
48545
8987
12746
34806
15040
35755
28632
59188
9705
3827
49924
11431
7941
43386
41395
59115
59913
17687
27788
55999
12886
10016
59648
11219
5644
6667
44621
38851
34656
25791
55620
59289
16152
15387
46577
53872
10957
32279
55545
34564
7468
31021
12458
35034
22963
4269
8382
8993
33141
46615
14149
51358
34849
20016
17232
27003
8954
6579
4433
20314
19923
15054
54613
52058
31314
29902
56434
39216
11393
9266
24728
48059
42955
3370
51948
44785
56482
19247
42949
6230
41301
40795
34972
16349
56994
21882
25349
40755
18734
7504
26313
55516
23196
18658
53507
57558
17544
48666
59528
27477
43739
56525
54299
58305
18469
13503
56309
48528
34048
19772
56873
19967
19707
10756
20858
49840
9347
15798
28742
12730
17013
34561
56454
48634
3908
59060
55560
57292
33682
19459
15807
5452
7877
20124
