335
21798
46789
6915
30184
16922
22637
37644
15385
15420
46947
17683
23237
55465
49220
53218
29045
26044
6909
24880
4744
6432
39263
37659
13940
31907
55586
54040
11778
40551
16162
4242
33209
33974
42238
37119
58725
42500
46210
22603
8633
48181
9369
55584
46834
46320
59555
58601
20287
43002
3523
5369
56401
49522
33259
46787
34538
48109
40048
39963
47739
42267
5807
41262
40354
20615
38837
29335
52392
3915
25456
30421
35534
36179
45800
37391
44439
35144
6355
29890
11186
30139
58011
26632
28943
32392
41264
17452
36203
55456
21581
5787
44328
23898
21158
7194
26996
59543
58971
25980
35828
50753
16653
44622
38109
12461
10263
48754
52516
5464
5049
32127
48063
23755
20418
56951
26633
25468
39274
14687
58638
15501
4447
9005
18555
15554
54743
11693
19198
4826
45236
39478
5129
55670
48488
56081
57367
17554
54483
20580
34859
20468
27030
11680
45502
11661
44950
29037
33125
39162
18390
41078
20534
33541
39263
48286
4512
12210
30418
56208
43073
3339
32529
4215
29182
7654
16102
20958
13928
45425
51130
15905
51877
31588
46946
16167
37366
6070
44706
9705
56599
25925
4797
8915
42827
8482
30122
37008
4499
54195
25546
13130
7469
24030
4323
16615
4185
7022
9196
38855
56433
36699
5800
25856
46539
48301
48326
41318
26392
59371
40198
55265
23721
14598
36102
25412
40121
56940
23527
15638
24477
49347
52868
21543
26888
11072
4919
36173
4056
28333
49956
38588
9228
23950
40045
40729
30190
32466
27395
23374
41771
43575
8207
10218
58283
18434
29300
6239
47057
16262
21171
3178
52386
37850
43911
14891
3229
33770
25591
26047
13290
16952
21980
36126
28954
20902
51483
28057
12547
50922
23026
35203
42431
12241
59679
7069
44789
16747
50843
34702
47387
35002
15555
22694
35689
39527
41178
40624
24774
27448
32948
14264
11273
19105
51741
22481
5618
21310
41372
48369
22805
12440
35512
59222
24005
31547
56220
26754
18524
22208
5346
28771
15417
17227
20132
22374
39078
12430
15069
51749
7497
30903
51146
15817
15000
49101
25417
19018
20175
49129
12788
37558
14316
52512
45948
24083
