1293
50116
23431
36251
33387
15343
40900
41977
29660
20938
42460
12550
43813
37498
26343
33967
59023
53972
33018
34592
8277
58543
42137
38180
48561
50869
8844
57695
57279
12225
41026
58553
49561
22816
41189
27523
40131
6000
17575
44625
25877
49958
4088
5954
54803
18164
9936
28269
26642
27702
6414
15223
15810
54055
20107
23696
40610
43795
30322
7945
31264
45404
34699
18703
47419
51651
27341
31332
47587
27157
18555
40710
55412
7852
8202
31126
15401
30798
23548
38141
12441
6390
41901
28299
15871
32018
20680
32979
29395
54837
47537
26073
14366
7451
13045
13191
50204
12447
49428
49424
49804
43414
31095
10207
57012
51909
53962
49933
53282
21494
37725
45501
48643
27433
33443
36054
17794
7347
27301
54300
49610
21761
50092
34663
15774
34828
39751
25391
48366
42110
49765
43297
21251
40786
15341
24492
16490
41901
20691
39534
57793
13283
42369
49834
45893
51465
5060
19632
54203
16630
7206
37773
47816
23223
32051
57242
46743
38870
45963
17696
58923
24784
6009
46815
58784
59885
49647
47989
14373
44636
17906
35677
52470
51980
59410
36829
59729
39844
46248
47167
13608
24402
59672
23698
10413
23515
17419
7383
11339
30629
44683
50860
16194
24932
34696
21925
14846
18463
54443
4431
55158
47335
21260
45390
15682
28379
46301
40713
31660
37906
16436
29783
48397
27961
58774
44296
12352
50825
7426
24315
47241
10333
27949
21516
17571
40733
11568
8655
54942
29039
41184
43996
55408
58270
46655
29979
36541
51096
17013
32013
12323
32099
49006
26907
44212
41679
12208
31282
7504
20010
7183
37202
28919
37053
45497
6891
32801
38088
4453
53867
6082
38858
26729
11981
19639
17533
35940
13383
8364
39320
18058
54110
15312
6081
55105
31651
30730
39914
7305
11794
37632
59871
47116
25218
12657
58539
38687
28199
14694
48915
19210
21609
53246
23771
3948
6349
45664
47793
19464
34336
4824
20266
4611
37016
14130
34160
53823
50784
43712
5497
34376
19928
11315
6936
6746
29734
45890
45085
41522
12039
16688
15184
22681
51715
47207
49941
54578
43254
19386
13308
10621
24660
16301
7031
26216
10834
43398
25195
34400
43348
28970
16148
59959
36568
37762
45787
42610
12910
7888
22882
6966
22527
36091
13604
44596
49070
7498
53703
12801
18808
33644
49202
8940
47602
26340
35366
20695
58381
51000
36028
49944
6075
12494
58920
8656
14469
33794
43741
50050
35254
17314
13296
38409
33191
30065
55616
10840
12228
52487
54206
36303
41339
17113
35229
15838
12533
45059
33034
58554
35021
34653
8713
58949
39471
34054
32554
40751
34765
12042
51644
25983
25112
38867
17529
12924
44312
37968
5528
25558
4367
49679
37240
55421
15788
41910
54525
17739
13788
43519
33215
30754
40709
13180
12431
4289
50751
32595
51630
40156
3819
25112
4857
30091
31607
14977
52564
55226
40589
16995
5133
22782
38526
38712
10483
8153
42391
48094
6213
15925
6591
21681
32799
12601
4218
8800
45026
32269
8683
34861
35795
15953
15054
59443
55485
8796
48654
43935
28390
24768
34993
11304
57333
36426
10016
41238
43418
50547
33183
36460
46391
53793
16437
50689
47106
5004
26133
59140
13762
46827
7371
54357
32465
23480
35066
11737
58273
48393
28342
28351
7065
23707
20179
40083
31618
22835
18508
33985
42391
37160
26371
41879
19213
52139
32434
16074
54737
46426
50498
18746
27964
54019
53856
57402
43084
20134
47429
18188
54761
21828
34372
3814
4777
52975
30036
18525
8033
52801
24118
58850
33941
13994
30073
32629
22016
22305
42700
5830
12568
16217
3774
33259
35222
38196
40501
11550
5650
7614
37446
58676
31661
31486
12081
19036
57262
32973
21557
53446
9414
13276
58131
39467
24113
52514
40233
9954
40911
28893
36002
26535
7369
40794
43380
59381
52159
39066
25264
21619
48045
29994
16021
47848
18910
11881
54443
7847
57984
4926
6695
11887
3023
34432
17619
30578
9413
30095
27428
55263
23472
19382
55954
45044
37500
7151
49871
35905
18674
12371
43455
31463
48450
9801
15010
47457
8596
54641
7180
6738
11779
17696
58076
17366
51641
11165
24411
59789
54028
56113
12634
17794
13791
55467
47506
44248
30564
43064
45578
54605
41093
3450
24279
40145
38065
19431
35235
39543
3910
12186
11288
18326
32546
38857
57605
27194
29886
11694
15639
34589
46743
53570
6114
27328
14350
3561
38989
34193
11084
39790
21726
24889
19261
42616
57684
45825
25795
24214
50303
3423
32795
17486
22127
34394
36970
29196
10184
34037
44262
41160
45038
25443
40721
25172
39790
47751
32034
12996
7286
13478
40824
14829
54720
20441
14757
22497
8885
54581
58382
49677
28722
52869
40905
47153
48423
7838
18149
52312
14991
51853
32417
50480
22191
5806
8497
47330
47604
38408
49143
35463
13523
24313
47539
31217
58242
40518
37170
12722
38287
43915
48389
52419
17588
39002
35573
21341
27223
14570
5909
27287
21651
48628
5601
25116
35309
45443
26847
43044
52560
4812
12976
38422
24783
51448
21607
59608
40840
35928
44196
4521
31446
33080
43154
30076
8188
42771
18219
44247
9132
4141
23245
46090
38782
59112
26755
54343
39536
25549
56472
32093
35364
53546
19208
9611
41578
39769
16831
19532
5164
34544
42362
23518
11680
37508
13248
51313
45396
50002
18286
50484
16872
8666
54701
14173
43911
51782
49240
22711
25690
51611
55786
40739
6488
24611
26381
32813
49674
47129
26220
50041
51255
7114
12172
50354
28064
37811
33689
18601
9045
57009
37462
22697
12499
4613
55481
29531
11301
54483
48197
56406
13284
51521
14901
52382
26655
18136
21934
34246
54416
36559
37699
15302
20582
36965
9302
32931
57642
30303
11713
20429
53225
12292
51189
15746
15969
43212
21899
58489
12990
52914
25551
38131
3792
15416
52577
39097
21448
48157
59348
28016
46110
54899
4882
18069
45916
30897
32796
6008
36564
11625
12788
31953
4470
13713
26457
9760
45137
40250
26610
12311
10783
49622
4299
34177
8252
56096
41299
26625
7601
53048
49025
40116
31115
42899
51217
49660
7738
50176
13524
33625
14620
58673
32592
24996
45519
11030
35061
17518
56423
47849
24252
15985
59808
50508
6588
38986
5987
58300
35835
45811
57840
19941
58703
18216
5718
33215
49936
34231
3522
17460
36923
36952
41531
24004
13579
7906
58895
14889
54295
45869
23280
49138
34393
33733
3812
25129
18399
43866
56500
7249
16270
37742
56203
17931
18231
12092
47011
54038
55507
14138
34463
44243
39914
55773
30950
55777
4788
59278
39629
47547
14565
14116
35045
12667
31725
27713
28748
54995
56005
10730
7155
45639
15871
22808
53196
55581
7072
42237
50662
16845
40084
57873
22062
3102
7219
56485
8283
27242
37075
33225
58462
16371
45412
46583
38651
48090
30468
49846
9604
21298
24025
8461
50395
38811
57107
39464
57661
59851
40108
59573
30316
55216
42895
3163
46968
6248
21107
25250
56881
14091
10918
14074
37439
23741
37686
41588
50191
5541
11616
9938
15483
34332
28748
20880
45372
6522
4027
37514
32386
32721
7694
59292
47865
17758
8617
18208
46040
39124
26969
10624
32549
23251
57272
7732
34559
20044
36101
48305
30329
40205
49566
52844
32178
36434
25402
29551
25903
46509
57899
52447
38178
21857
8366
33560
27059
59291
12604
20849
58982
15359
47157
43756
26833
55630
23017
51183
13352
24986
53539
7185
9780
43415
56236
18260
35187
32107
33556
14842
35302
31156
33554
51364
41909
46999
40460
10591
44702
32470
38828
18725
12954
16090
9292
49365
41773
25682
36273
8109
58776
47277
27616
39141
6678
21634
51155
25157
38103
19526
13375
9065
45229
10203
6893
31294
41645
8069
25980
51657
42170
35250
8845
54950
28931
9550
54343
18478
23435
23323
4861
45792
51670
51405
44890
36636
57255
46148
42449
43882
9942
43081
25248
32839
31610
37777
45792
11696
50547
44236
7606
41242
43868
29792
59928
34526
48456
27915
35717
40556
6655
26161
34933
59539
5204
36291
16313
44437
58442
20472
38997
6309
45682
15999
38367
34062
28149
54094
13209
3793
42510
28780
14818
38923
34108
26762
17431
38141
3759
56792
54723
4891
43906
59222
47470
30512
46170
10717
35752
25483
40600
20087
14454
50915
45882
37206
17381
39599
27102
33002
25714
11648
44127
18755
57261
4209
5913
27958
48521
