1676
53323
36261
48735
10066
33449
26913
17916
56769
3202
25424
32593
54637
6169
40550
48570
40797
48039
5014
38456
16608
28761
13604
4403
51620
19959
55749
9519
54693
5163
35921
47084
27072
7600
18961
26731
23396
53725
6897
26800
4251
29635
56409
38634
41650
58854
59754
5559
44814
28359
37441
22904
14409
14010
41674
46269
34231
30311
42657
34680
54380
8029
24575
38570
51796
26785
13803
4033
51601
17247
29574
47723
8145
39933
17697
41222
41351
18993
12109
33353
28947
35206
28928
36509
22073
18409
7231
50455
11874
54023
57945
39531
5939
18373
27586
28889
3480
46186
12017
18931
18029
5899
15575
33692
37812
39792
12497
3378
13605
10622
13373
14378
29006
8542
36142
43464
3232
13531
5330
35948
25734
14413
32825
27680
53753
23051
49939
58385
25284
59038
42568
31120
19093
11184
23939
37910
59411
13219
44162
55692
35879
16335
53604
8762
14423
30727
5141
58281
7631
19900
32930
47048
42317
20278
49601
34538
26844
5492
5386
57532
19878
39734
59317
24786
41478
53081
22263
9757
47601
19088
25242
13376
19787
57990
53478
15860
19254
54894
35128
33252
47691
42054
53181
43950
42517
17110
27297
40570
49057
42260
50455
40967
20600
11461
50340
21460
42470
31342
43713
36898
44368
35434
40352
51193
15254
10499
54004
43443
27442
17111
45400
41862
53590
33672
53609
28933
19967
41509
40535
35810
59178
6142
52723
44267
29856
45052
45577
21157
49548
16820
35381
42759
43456
26805
36685
42703
17634
30075
9178
3066
29958
19246
14257
4464
24722
34949
36617
14464
47670
27555
23564
35943
58616
30942
40215
25481
20339
59364
32796
29070
16285
6468
34986
48873
17707
58596
4693
10325
7813
8728
54492
20868
20236
34523
13671
52125
12040
35289
5099
32028
35497
47329
42293
59419
6528
33733
46724
55161
54442
18802
12229
19441
43494
38479
30593
52882
10002
44977
36949
57014
43917
33287
55776
19056
14325
26742
58260
58468
44549
6647
22547
32798
15291
16040
25627
58948
4456
42402
39331
32445
32379
29936
52789
54558
5029
32416
50298
47974
23786
3499
43971
57670
39803
3396
38766
47587
24643
27393
44610
31226
59083
31578
54313
10400
46908
23435
40394
9690
19247
29499
19575
43395
55383
10824
57957
11918
31784
39436
22757
32037
27289
45933
57295
16601
8908
56882
24942
48806
17839
4970
17373
18012
20091
36001
42859
56014
44576
25373
4431
54512
15343
24373
49116
39352
18725
3072
53857
17944
57260
45087
31582
31002
33929
52725
23924
32811
40624
18638
48959
21455
15815
31129
52140
4833
13070
53765
22243
7198
17933
12080
54663
58928
13913
11553
22189
35435
14609
45192
49908
47432
27714
5154
39547
10861
32779
7127
25430
15071
30459
42175
21987
59573
50465
15185
15021
35929
9556
24906
44650
10884
53858
21164
39188
27836
50768
42596
17554
41376
54023
46538
45339
10925
21392
42334
14922
5816
29121
14485
40349
7808
11271
59774
5388
21570
35155
12443
6856
53451
17769
20090
44429
41017
38122
4200
4974
52963
27911
48825
35971
20409
38175
12644
44819
33027
12924
34336
45801
46333
42666
11231
24659
51731
49201
32328
26398
33271
23491
37389
45411
21381
23325
21299
31932
34224
16382
22708
44155
6500
53548
43396
32904
42909
26394
11426
26165
58076
3836
31755
8412
17803
45908
11514
25344
12792
38402
58909
7159
56769
30985
56876
56243
33756
59781
5342
18032
34998
5496
38397
4240
33960
27466
17815
53607
21950
38996
41109
44047
7437
23081
44053
10895
18608
43971
10047
34464
48628
21163
47363
18130
30741
24807
13030
47415
13766
14615
3547
9315
41756
21703
12689
16247
43158
24320
26322
47963
10175
22555
46989
38109
44166
40666
35592
23917
52901
5595
24080
5434
17628
29236
33060
46646
3735
45291
28201
36641
6421
37783
54893
44148
56259
43409
5030
34528
40252
51347
30162
43256
9954
11803
32676
27104
15295
30584
42308
10012
35556
57733
17339
27348
10235
38403
28236
9373
49830
29696
3047
31699
18005
17389
40055
36925
39996
36497
41715
59810
29806
36350
46760
31930
59237
23368
59677
3450
32761
23019
17386
15693
42910
5646
49219
25133
5459
25972
46479
14565
19367
57414
46309
36311
57901
14748
50425
44892
32127
3038
51210
34298
12224
13615
55588
26095
7563
20021
44218
25096
42178
15289
58361
20608
14395
11308
46950
45587
24586
20095
38250
40565
59559
10652
43114
51533
12454
40829
58240
18277
37367
52838
26948
17711
3704
27741
35083
28503
45788
30857
53067
42360
6488
20108
20668
13494
31561
15520
10213
31182
33458
17967
32901
11078
17533
22352
36750
13417
32720
5535
17079
45117
29394
58603
58104
25299
43325
53963
24264
36149
10605
46825
43463
14890
22450
59664
17887
32051
27789
30893
58582
43611
29749
37341
27385
38237
43356
39417
26840
41486
7442
11472
57331
34303
32411
4278
42140
56988
44284
13440
27628
31974
40712
16606
6080
40961
43972
32263
13520
57759
41350
59186
31224
22572
35339
28338
23670
39852
44364
7604
57078
43550
16249
7671
4832
58501
52319
28686
34988
34291
51579
41734
27705
37179
3526
40333
41523
35953
55219
46697
45147
40486
53970
18288
20572
38090
24697
54911
49961
51191
5408
28582
20320
54962
48872
11766
42420
44255
26383
53549
17602
36529
7963
58202
43519
41882
12534
13934
39578
37501
54941
35999
20158
12912
31046
58177
12262
21601
46051
43442
23982
15321
16921
35671
19626
26293
33924
48791
40931
37933
16813
41236
20387
7165
51769
18027
34221
5927
23918
30326
33976
45073
4572
52921
40608
4908
58414
15850
43566
23532
37187
6528
37687
37786
56925
54360
44751
50456
21075
9832
34006
48919
16126
38056
5981
4829
8957
23263
55786
50022
39336
6625
54941
20310
51023
42994
31202
6192
10241
41841
14268
25868
30559
18929
10779
23786
3942
5159
14849
55807
30562
51501
16592
43704
17552
20557
59508
26878
43011
55261
23072
45289
23672
42478
25751
34159
26130
38090
52841
58749
57280
52091
3449
28644
10163
49440
52991
58961
57119
13102
16293
48022
50304
35021
34239
53279
35760
5598
14351
14346
14726
29552
32089
8497
51907
59822
26281
47466
59386
21979
36105
46746
9002
54770
17685
30953
33381
18573
45700
4769
18849
44159
48791
24171
28885
56897
38209
15391
54373
47007
56559
51059
59786
7299
43085
45891
59505
34315
45251
13948
3967
22468
20317
59813
8089
14025
31403
11101
48317
44942
28851
10528
34112
6164
30909
28196
18681
27424
47515
38977
46177
58993
59631
12274
30695
29017
44325
17239
53979
23407
53787
55302
40880
24447
56284
40744
6727
25710
38985
39495
14508
13490
19078
5541
25999
55443
41950
11708
3428
59229
19043
16245
35577
5974
18690
37424
33590
25394
42427
4491
32460
26782
9635
31796
24160
22106
32107
17171
55179
21160
53951
21338
46817
10964
20467
57171
10662
56549
39413
46219
48430
56224
47815
17888
14231
11060
8715
36362
19246
20084
55042
36209
4005
8203
54274
30620
25767
44156
52435
49839
6395
12655
12218
26477
42403
56137
48164
58954
42971
59622
14992
18034
19916
38360
8325
57511
39478
39652
35960
37557
6160
21014
53255
53517
3375
32362
58421
15566
30697
22258
13374
47877
16506
12031
25657
51489
54245
14183
25379
32288
37141
31923
50259
6245
15800
49022
35633
29389
51575
8186
3232
23308
17765
55386
36829
30633
21539
10866
22500
30210
59617
28350
33814
14307
29439
50493
6884
41017
8145
41982
22800
45814
12333
42074
18871
37287
38519
27387
53813
53181
10008
28327
30703
50427
27951
33553
3878
56077
45181
11898
58092
56672
27644
50638
46671
42719
32214
21881
49886
34920
41840
13487
51068
42361
6202
24333
33736
38035
52953
45728
5627
39948
15718
10901
52473
45311
18159
50806
16791
21228
56162
59725
23718
32207
48532
49133
35909
39303
14009
40602
50881
4001
33983
28880
24913
30752
27386
29844
43708
3704
53936
6085
54182
53321
22484
30250
14107
40354
46157
59937
23830
34406
38118
9850
32975
55031
52400
31793
53590
50823
34980
53803
36674
33827
29311
31279
43568
27110
48691
25073
50531
14775
33518
18311
47591
14764
24440
58079
40975
5264
36453
34529
43504
24804
21817
21494
13822
4881
6088
54025
54335
43877
55216
36385
47941
43722
16161
19331
17731
35724
44571
50001
26809
5526
34672
53132
11196
48956
22033
22789
12569
11762
57479
18298
10012
19163
58524
39755
5763
16701
41744
42611
32542
19860
50166
18537
41900
28095
31190
25768
37519
48471
55606
42002
46492
58323
13108
26330
8361
51039
49792
35208
36221
16220
34305
52162
46306
46815
39499
48018
47715
17937
52971
37197
32246
14518
18507
9504
8379
37942
59082
21846
10729
50467
35031
38611
32846
16268
28328
27701
7321
12286
26767
24090
33115
16667
17537
26298
23586
59141
35934
28810
28860
37907
31961
57180
5104
40016
48747
56189
38685
35751
8740
16069
30235
12559
55127
56643
34326
17066
53727
40062
6572
23009
35512
11325
42988
35205
45357
45847
18775
15318
36158
30839
54136
38902
50155
42849
27177
53838
45419
26908
8751
48114
22138
28110
48875
32226
46421
46350
36430
23368
51737
53638
22464
9617
27957
55804
49446
13305
38420
3161
54951
48491
3529
3256
28934
3254
3509
12652
50183
23324
35174
15747
25061
27182
29769
27533
10152
22063
55954
50053
32342
8984
59638
4547
21860
53140
9466
28927
10177
24645
6077
26227
49384
5587
36330
27254
51607
3692
37712
30810
11971
29985
41174
31677
28706
56632
47809
14127
37848
15641
14235
43621
4242
22854
10589
19308
7455
30597
51710
38381
58577
39240
36297
11510
7626
3155
39764
22082
13470
46028
47674
8411
58655
55608
49875
48169
43544
4753
31264
4640
41657
8625
51147
54936
45615
23061
32087
46282
42539
16875
25713
18239
15936
52777
47067
12572
16117
38703
39670
52938
58836
24312
13250
12588
53859
38972
25788
12851
55000
45512
39140
3678
46524
8909
3204
13600
50124
20501
10339
50888
3710
47129
36027
4343
8051
15409
29387
32328
43431
20138
47464
7447
3078
43281
20419
41120
55416
52944
6237
52480
9927
34236
43871
13621
22739
56634
42375
39833
5716
6769
5731
14338
11133
47906
22938
57846
14935
17378
14676
55913
23694
41099
48711
54004
25586
55762
33236
37647
22557
26661
42755
39493
43663
30008
46553
32852
6135
21151
45194
9639
12979
21518
14223
27499
8283
18461
58347
49653
13548
8075
53789
23451
12463
54508
33389
29795
9534
22575
45807
18921
53600
31131
26396
49000
16111
51982
34149
15033
43539
18791
42288
27287
42545
15490
52895
26758
49424
42089
26663
22819
29875
57484
16118
17261
55899
37183
46167
29100
52679
54882
7416
8261
42660
20771
36254
28580
38507
37983
29859
7312
