1253
17788
28056
30890
18021
31185
10112
19568
25858
25445
54422
17403
11806
8585
53296
56917
11830
38354
48670
20474
22434
43994
51208
58658
9976
29564
55302
40617
44409
54677
14038
49091
45379
24730
28562
5335
45171
24366
43054
47010
31344
49095
42371
30536
13781
36730
30690
38759
49061
23628
47671
38948
9478
44002
21339
35937
12541
52287
12381
22356
28610
36975
44620
4257
31832
33873
33363
55884
20866
26529
36962
17425
41827
53230
6857
59175
32176
59611
7450
26185
18506
57959
34596
37777
44127
31562
36607
50674
47703
22175
5771
42812
12000
57309
52172
24562
33185
26317
58126
46158
33153
23393
18825
42948
4925
34416
22065
29787
58756
39909
48576
4083
3467
36586
50739
51884
53702
28078
50488
11372
38007
36800
23692
49809
25442
58575
48970
24635
47062
3458
6026
24957
40022
36545
53465
15436
34190
39587
52310
57364
44955
25634
49892
33930
54426
18474
47199
36144
37472
58117
35368
21921
44215
50895
32334
13748
46072
8361
55163
34810
56609
33622
30013
43733
49993
29897
32086
27672
33402
44493
31133
44811
55213
53598
16151
37703
24316
8221
40152
56197
15290
52436
12295
24491
14765
7385
22281
39631
3720
5049
19500
11123
3682
11021
30154
40055
32937
54293
46021
25380
23508
4298
42665
6464
20129
4137
22708
22183
43309
55219
49642
39621
40763
16252
32502
33519
11063
25201
53415
23097
20668
28302
59536
13798
18007
13587
48880
44662
55192
33369
27258
55193
50880
42438
44309
16072
20584
11920
28120
49427
13207
20866
46469
48139
5101
9009
28541
3036
12280
49084
31153
19559
39850
27876
51147
59673
31465
14124
11949
30478
19751
6199
14188
12401
38599
59243
15849
49259
40393
40224
45823
16226
58578
10204
34660
36147
44904
4767
54240
12064
13546
52513
6734
52179
45959
55061
17201
46838
29069
18349
3798
5388
31292
9855
55388
33961
26618
21678
6239
4824
38899
26988
11893
8902
41719
3089
44743
49368
21702
33392
17806
4791
49486
34472
23931
55683
45742
13963
43270
4938
11190
8612
56810
28665
21334
51051
27969
58858
45355
24889
41093
26786
58480
47386
28249
11599
46545
14596
19720
4198
10106
7774
39191
6892
9601
54461
9929
5099
3079
31977
14498
33962
5546
5615
21413
25260
45333
49760
16194
34482
13523
4391
54208
59087
43920
51392
23849
23450
49548
31311
4750
6615
12023
40588
57293
5003
46021
57864
54832
6361
15700
34730
58161
4109
12629
14639
36787
4029
50306
10314
3388
22512
58364
37958
49088
48484
7883
17953
58745
9638
53285
8303
44526
10215
30536
56673
23668
35413
42542
37602
51916
57335
31425
12468
58632
19068
14636
50460
9047
3382
12994
30379
32593
6885
5134
30768
17078
26099
47816
11498
22935
45450
49010
46992
29300
25662
15671
23660
49611
28546
32426
20503
10040
38601
18119
29787
10491
50209
34621
19715
14033
56619
11972
50100
46636
16179
7834
5344
41202
29835
40294
3643
15902
59974
30297
21475
53618
24998
50795
46398
46390
4736
24606
30212
22238
30997
46139
46805
20941
4928
4241
49278
36547
56964
51149
21728
48199
14896
58019
13268
59903
13547
43047
15144
14156
45790
5429
24189
37955
4232
13016
42254
30234
47716
55048
3796
31657
35662
14620
7843
58349
39871
29595
28465
42533
22455
16231
46054
20529
56010
52298
5901
11235
51190
7740
25178
46710
17550
33653
43227
4852
23673
46618
51934
25673
39761
33120
30275
11648
20108
54528
14829
4858
13356
38501
48446
16969
51058
21087
37346
31829
15711
44790
15857
5850
7892
8530
10500
50603
36947
20105
53520
10732
35755
31956
20825
41584
12976
57547
7690
22975
24023
23626
35647
59469
57499
4983
7629
45449
5689
57645
56721
21404
12358
58100
38548
26769
53526
17378
41249
22889
33814
31735
24593
43642
15192
29691
16607
7464
56071
13452
36114
14503
12437
12499
21000
53631
43271
51422
57421
23643
43187
28119
15085
42591
17247
32098
12942
54239
31940
35738
53582
17789
55792
45327
53815
55341
20459
27521
16811
28347
59823
16554
11552
30780
14646
6130
27638
10241
9929
11469
56781
53354
14165
39440
35015
51366
46837
34873
55903
7489
24282
45185
41144
57231
14247
58654
43090
16055
9726
11991
51908
7517
29540
32860
10296
13184
28611
11826
9602
13966
23557
28818
19906
11847
32991
14143
14945
10066
52890
13749
45764
44905
21696
40039
23070
51267
47047
3888
46577
44730
10428
4678
29538
32296
59043
54810
11411
28279
17952
53948
32592
5053
55025
43457
33353
6455
42982
42556
38423
50481
14383
45668
47792
37025
17948
42278
17318
14234
19997
4244
43683
4297
33106
49117
47880
27878
38437
36353
20288
54900
25684
33833
20138
50355
27472
19083
45597
53054
3289
44575
52087
57226
3583
46478
18170
21708
10404
10047
47411
4971
10204
28330
25881
6557
17211
6774
24770
21627
16635
21074
55358
6061
38326
44259
13188
24790
4668
41438
10352
41727
9631
47202
41366
21815
46327
25620
36471
17409
47804
45804
44215
46238
23533
59437
10915
22520
37543
40438
34262
28141
7423
22824
32193
55433
57311
9072
32580
9344
8173
40804
56106
21651
34844
41328
43172
31270
7004
42030
16648
34591
44399
48897
29758
21299
51853
36243
38124
27536
55551
29840
18807
51777
36923
57047
17248
25725
9074
47062
50522
27896
9997
54076
7718
31997
44909
35722
38994
31730
18273
11428
48219
39878
25973
9848
57523
33614
39986
6401
3651
50269
35643
48378
11270
11600
28773
59302
20912
20507
54280
57088
26509
29577
5580
11200
5589
11294
56895
39683
9560
29503
55550
7432
26456
35060
51278
9080
25008
3778
30416
48256
47982
45349
26801
28881
57466
19408
57606
54839
25413
48835
15393
30004
26881
21498
50540
39593
21311
35773
11490
28026
3218
5152
3556
49422
23632
53479
32711
33939
51638
34745
13966
50109
57779
47432
23368
8588
22041
32800
49984
22529
53986
50024
6497
29226
43777
12826
33630
58085
52177
20333
55226
51022
17646
25913
16626
58981
40474
45422
13056
43631
12527
46068
17283
29140
34924
34484
9287
33241
10758
42693
36557
34375
55713
31243
25069
24877
46036
19781
35433
26921
54755
39206
39534
6433
35808
55475
13736
46243
12974
6165
23703
23629
19197
54236
20161
9415
36390
8407
4383
49553
25817
54012
59519
28283
46147
39427
3751
51955
20389
50529
32555
59805
42490
22640
10660
37628
46994
6227
17615
10510
26208
3389
4321
23272
9444
17832
5112
55132
24549
47690
12227
8684
12499
21796
10305
55320
39816
20890
32263
3539
58228
8408
34177
47488
33268
4255
36622
12735
10806
56365
52717
30490
18125
11904
39390
13529
25220
46461
33900
34072
5882
42264
45777
6152
42231
49189
36230
30467
37917
20913
14856
22530
25766
17774
21996
34715
15280
50327
42340
27872
51847
4956
41519
29571
30589
41836
20057
42981
13501
9934
42512
9921
24386
47185
15466
52063
31632
35944
7729
56937
49236
11827
38312
11091
39356
59073
32783
24066
36578
49955
12372
7520
35308
29858
37451
49317
8638
56677
42952
40933
10050
52664
15118
24139
51531
32585
19750
45308
6247
39007
36839
11390
45570
31341
14074
49967
59604
47663
45902
46054
21281
27579
44037
3630
30569
28167
21757
24345
5926
57433
53148
28957
50527
48288
39815
46624
6965
46680
22388
27756
55718
14371
16716
46733
55292
34535
8370
23374
50481
30595
53285
34269
8848
36613
7404
13894
59434
58098
57016
19778
46271
21586
17997
17090
14727
18165
30638
49103
23042
3693
55703
45686
53419
37561
51480
45810
25286
34684
14771
59108
50611
35425
34758
42219
49063
52295
31236
59053
43767
43627
42539
32128
33356
19421
24396
54778
47667
34756
49310
8110
54249
35910
21924
3232
13086
36172
32984
41926
58289
47918
45562
43915
48588
51564
31418
48228
50921
15725
50982
4603
45609
31129
22942
41079
10963
49625
32895
40190
34979
21955
31066
12193
21028
40613
39339
32589
23114
14132
56513
46697
58109
7961
50334
20165
3755
30164
51111
34115
13880
25432
26561
4100
51537
