1071
56074
22474
51431
17232
42602
29575
22362
34085
23496
40525
14001
53430
14367
12688
34591
55433
50091
20491
36984
17202
58476
30667
4329
49715
56851
48617
39678
39792
46996
38507
58234
45369
28170
43834
18334
8534
7415
8242
54626
59786
56587
24899
4229
23797
30596
54832
41129
24202
8127
42483
55206
38413
55100
11216
10784
4032
51384
53455
24355
39120
27715
29058
14428
49248
54322
6649
51515
33026
3733
42380
38635
46692
46781
59812
48248
11502
59802
21993
49470
26068
17382
5784
28955
36004
32677
57668
38251
57784
46432
42708
16839
38434
57573
35749
53091
25028
53391
43405
36881
21231
21035
42189
21227
15795
31888
41067
10532
38159
57993
49047
16766
30599
48725
23761
25556
22157
46759
41135
47455
13584
36638
25585
40212
54413
35415
31063
31456
6604
53633
13183
57980
30871
36919
54658
23610
18129
24551
6570
33459
21382
29564
33111
20936
47545
35237
21204
4445
33838
46935
42535
9711
28842
54675
19530
5909
18120
8771
24430
18455
30660
5546
27130
33664
4801
4978
48481
52725
33188
45400
58269
35952
12855
10022
4285
14557
4821
18859
23499
4601
49437
58304
23561
17159
43302
11466
11729
9631
55638
57461
44763
47767
58110
54254
41890
16021
16075
45194
49216
44042
4468
29596
30365
56553
24517
31243
48750
12344
43108
39977
51905
21657
17383
3712
24213
40205
36315
46532
47059
50764
50392
10110
28720
17984
9833
56864
45041
20533
40563
54284
5229
26899
34895
15794
50808
26460
55230
57387
16563
22535
50449
20827
24651
3154
41614
20905
25156
28761
22973
11816
56858
57731
59405
43807
27748
36452
54324
53414
36577
44405
48012
38435
17555
11215
19265
22976
59249
44385
17932
40873
50153
3957
41995
51724
18836
6271
10102
6789
39697
3504
54358
12496
4087
10754
32982
59994
22224
32557
30167
32929
10712
54961
38729
37701
41882
6902
42637
59898
39164
12195
54257
38348
21831
46300
16057
3842
53911
26376
16509
19157
11664
6770
3705
38936
59158
12440
55716
43680
14999
42427
7194
28249
48067
42078
38386
19045
53259
17633
28406
3865
12819
22667
31831
48810
52110
17867
45864
29912
4686
22698
48750
59678
28697
15057
47115
8802
59461
20995
45523
28870
21760
25264
38859
21492
52739
24212
59514
46446
52928
21735
4053
30956
54724
59964
23426
45601
57198
27628
39117
7642
46838
26162
5487
44691
11664
19733
55394
54730
21407
30521
20557
37049
8990
20622
3246
35074
33843
54231
59222
10004
9461
11710
46241
59968
17977
54608
10672
19358
59214
22097
16050
57173
21528
26693
45080
51656
10206
48881
27351
47413
26866
51879
4968
55931
6453
40759
58775
33171
10054
6958
45441
31960
53800
34857
28254
33501
29841
10174
19788
37831
6457
41213
32870
24454
16092
43571
15346
17020
40566
43502
10450
4812
51827
34078
14114
40054
12227
24096
26945
55148
48424
22085
52789
59199
58197
52408
58213
49789
23283
51203
3032
54245
57941
47433
37880
38641
11861
27775
25504
45218
46422
53029
11337
5092
21153
45284
26720
6667
5468
20672
24456
6631
8550
13270
5879
17964
55158
42837
33229
15913
31826
44870
18688
16402
50845
57182
45943
52305
16703
38535
50095
11256
14219
17082
41750
33762
29160
52354
37912
57707
53134
7620
16105
58189
49706
29600
54162
5178
18592
7625
33789
52151
35606
44505
16429
32656
49086
58103
27099
13894
36817
51210
25481
10049
58147
4369
59582
11280
32715
20854
33722
43507
12255
20433
36985
19073
31267
47922
15155
38852
58442
7684
53192
40474
45378
5908
33590
3074
39496
5178
13577
25283
16950
22639
19439
53954
7830
55836
23454
15317
13674
57301
27076
28114
11216
54347
23233
19277
43601
59492
23553
7461
58776
7648
7714
28480
53370
45531
57276
54523
39997
21860
11572
14829
34140
48455
32094
25551
26424
38061
43546
53324
41809
23377
34224
59547
57627
4804
36571
37651
56400
35082
45241
54253
6170
22883
58589
54906
32724
4910
31976
33691
57296
25670
50981
23047
19671
43295
8079
21915
51229
20093
22166
27833
6290
42379
57549
33135
7068
40170
29585
55758
17997
18970
13081
15174
32587
45292
27951
58380
11922
59971
14715
49052
4737
46390
20135
33923
11631
47660
44948
8947
14350
28960
25467
56835
42094
35599
57570
47774
28965
9289
13834
56750
37038
58118
55685
14784
36464
28114
53724
53355
34137
11892
43094
52051
6468
21347
10750
58827
51095
54467
23138
6499
4324
38926
48741
55940
9842
14618
17483
30472
21215
23247
30906
48136
25275
45250
46416
30112
33972
29312
10379
20546
38667
59239
16897
10020
17408
23856
24119
38692
58719
33607
58109
18562
9927
27810
55406
42242
12466
9418
51150
41845
22820
38121
15097
38932
56844
50288
50733
44253
15792
28186
3013
28328
29403
9246
21692
42104
58597
33520
55045
24903
32841
34089
19586
38141
28707
36641
48782
11298
15829
58851
52365
23875
24543
5578
29553
18603
4597
18796
58399
49198
13687
25361
3224
57784
49662
44495
40192
37969
50807
55825
32826
37629
7588
16043
23970
54840
42858
8335
20114
31269
41393
12282
44117
23738
5562
11329
5651
25781
11767
24981
22044
55317
35175
36302
28774
50041
23730
26227
30858
33626
37306
31687
38604
49128
36747
51693
13324
47987
7668
28238
44080
11238
34889
24083
9842
38425
52739
6311
48319
27062
59058
33350
21238
33376
21155
35323
4363
58183
6074
57695
36538
42275
49364
51129
46830
9140
26118
57993
47739
16006
48731
38061
54289
22391
24477
11512
20144
40780
24110
42493
13659
32575
8559
19169
45707
49573
14113
6854
50298
47580
10930
10442
30942
36186
13241
12565
51900
26129
35554
40107
45749
35357
23142
14422
8552
39698
16935
18287
18819
51671
8850
40390
47346
8902
36869
30886
27198
23526
38137
26793
3025
36536
39148
41017
6038
21684
34706
35038
13241
26921
16908
30154
54814
39206
37804
3677
54101
54920
48865
27939
52101
7741
55399
11965
35478
38370
39259
33501
12237
11764
45781
5990
16642
26518
24342
26194
21920
31592
56651
34620
35073
6468
57414
43884
33242
24780
43178
35886
7835
5930
6884
36987
21223
40184
27770
56487
44878
19136
42485
59854
9925
24548
23193
37144
30894
12978
26129
31134
17004
59705
45935
36577
46320
20202
33024
37993
33698
3086
36858
21265
21972
26933
34835
42257
7792
32348
12507
22032
6617
25057
4115
25147
20032
53570
21626
12357
11910
36574
53730
24405
31558
5031
52071
32213
39066
52853
55335
21424
55621
52693
44679
12280
59404
58803
18974
41469
13952
8945
19302
49924
20237
36763
19949
42726
37424
42586
18690
54886
19207
41212
33959
41794
31696
16268
37983
5236
17227
4450
43721
14914
6311
6876
37556
21803
48521
32516
44561
46708
13803
3048
42670
30581
4711
49001
25874
22090
14384
12596
47851
21639
9707
52177
58232
4882
3382
40755
39056
38236
