394
22292
38378
20681
35012
14618
56871
57006
45534
17111
24542
33609
44734
53821
32057
57656
44237
33950
30656
47860
49260
7245
9219
57239
19354
50634
15600
22169
23931
39523
48647
59798
48530
22884
39927
48293
33997
9451
37877
56827
36911
42896
36992
18251
50699
30702
8991
37527
34169
45503
42476
54510
58951
11261
58007
53842
42649
8131
53721
39849
57640
10343
22317
36276
32320
27335
23049
7119
10049
9494
27342
59974
35654
51470
13890
3227
39711
8212
13726
42586
46477
39653
34777
31721
27692
57665
45702
29079
11352
21391
53228
39032
7273
26754
29317
57249
5225
39772
56939
30376
36685
8823
20400
54997
53711
28882
40863
51855
20383
4624
59949
27049
7175
47866
52594
35188
52310
5526
29370
39082
40207
59282
18649
30511
28447
15316
48830
12588
44215
7243
33326
50354
13470
4555
10267
55968
29100
29489
36468
9097
56654
59043
9538
16289
9547
41332
57317
44492
14720
55885
48329
20581
36151
47179
32430
35888
44746
10835
12995
40378
28371
6546
54896
29918
17661
5748
17759
19344
40689
43522
55305
33575
46904
46771
38400
19654
9655
27615
31770
32720
9766
36888
49738
3250
7130
7504
10177
37346
46535
54720
36247
25126
10069
52959
59994
54212
53355
49288
24900
10308
4815
50435
53488
41023
51997
51927
42331
46615
4908
31012
11184
6622
21310
38865
14686
32767
27687
18530
24393
13876
10525
13758
41790
11094
21943
31826
32042
35882
33143
6726
38880
15402
24940
49187
48338
39698
12078
34382
8331
30963
53397
35478
27529
8406
24586
26681
58614
6606
28028
15538
41834
11973
50967
30369
23588
5053
47346
25438
14549
16916
14613
3159
59500
17874
59566
57368
58313
56652
11596
32328
46294
57798
11914
30682
10516
37467
12924
40574
21208
44328
11031
17402
37840
10198
11025
27795
50043
38416
25988
50570
5801
54251
23558
27950
36661
44289
11059
50393
49774
26086
46810
38561
48262
31392
55918
46558
9615
35974
31383
33866
58135
38326
45313
54126
28333
46328
46133
17119
13683
46844
24697
37268
52614
29961
16455
9096
50053
19430
32555
21340
52932
56633
29092
10107
16299
9104
41810
34711
7121
26609
20199
51519
36076
51443
14811
17706
39999
5482
25243
35326
56995
44688
19259
49516
47521
37801
40068
39745
53316
20343
49280
59273
21342
24672
7931
34486
46134
37398
43640
16958
37973
19275
44403
22430
53907
26446
16565
39557
54607
24379
34551
51688
51395
13141
27566
13313
31159
56634
59202
55364
38207
10426
59145
23234
49005
