1086
24225
8403
21661
57880
3041
15852
21746
3182
11311
21595
4243
26269
26502
31096
10228
12041
26145
26396
10054
47836
3486
37755
42204
29763
19526
56894
37499
42340
5719
54973
18400
57626
45932
12629
36572
40133
5360
48307
16580
39723
54531
39740
35834
7057
44520
37284
54952
4624
46002
40622
59285
25315
4877
4382
24301
45145
15035
36955
35487
42959
19684
31399
4605
58179
29338
3671
37108
17982
4741
22130
36574
17147
45885
7224
49243
29146
16506
19587
7513
45458
26464
18163
46008
24608
33755
44777
5933
3635
52499
13838
21343
51725
20893
43966
37416
53537
31491
49619
17218
48943
4094
9542
42996
6076
9894
29480
40712
54546
20768
25838
47678
46818
12115
33379
9348
17666
55016
23023
4558
45592
52547
5411
8705
5926
6450
26245
27914
31880
27253
43445
21526
42170
13202
45245
45769
46246
43900
45647
30018
31301
41191
16327
26014
9329
3049
22024
15010
41142
27545
8889
16917
29493
44001
8225
12224
14498
44850
24265
57790
20416
7785
11852
59332
29771
36915
45059
22547
20060
30265
54529
24900
35911
3072
47768
40480
38441
5608
32613
38669
31544
12635
25545
59076
54977
15407
18073
57927
25921
11776
37837
15453
59086
15950
53440
6389
3011
47017
54424
51462
39047
58638
32924
25401
51345
58437
46549
5377
35663
47166
29781
6892
13463
37909
11934
55053
56190
4979
28002
49835
23852
32201
43998
39062
26381
51042
37006
54296
16752
9534
59001
11281
24869
33953
7817
59277
5586
18171
37886
51162
23194
16438
43809
19982
53356
26118
21559
43147
10538
54671
7758
20118
17873
56015
38191
54989
26812
49239
49913
52959
58581
3037
41684
51510
26721
40946
16284
56153
34450
32526
15636
47489
22384
13259
45240
47914
22029
56605
38858
59792
8392
6623
46387
11320
45267
4463
34153
31216
54327
24014
15859
34248
16702
11439
6663
5030
45308
12743
56904
36601
29477
17327
52571
51431
56903
58602
17748
34718
26966
41993
51498
7554
31780
9436
10247
31052
28041
55142
31418
12102
36516
24363
46285
45889
17896
28084
19437
11164
59335
21190
45103
13656
22771
48823
40770
17096
5279
57601
33739
43888
16583
6021
47751
18621
44993
6619
14977
10113
34159
3128
11356
14825
25137
19956
7537
16457
17549
3391
6570
30111
11813
27588
14388
41048
28006
9951
21092
48948
18346
37718
56720
19898
15080
58481
39062
29055
35982
41604
3817
14160
39101
23166
51450
3157
20862
8169
49754
6610
34650
29225
37258
19743
21733
29043
23656
54260
48949
53384
55224
51895
38876
27394
25592
18327
29168
34461
33640
26384
30346
44581
14766
45987
45835
18008
44849
54845
5967
28235
28858
33597
24928
19236
56740
46646
13073
56307
41795
54497
56742
14352
41534
45079
54878
13915
48083
59665
50477
17062
44913
48633
28992
17698
45484
11129
17067
25755
20213
7697
7218
22701
46636
7570
16168
16617
27595
39584
3751
20431
59157
28870
20244
19667
15833
18053
24279
12020
59728
34120
15316
39090
52356
35185
40757
43182
30224
4708
16996
10584
3017
41526
35390
51886
51628
7485
12463
51638
57042
36659
5902
22398
54632
5476
5492
14429
24094
19519
5512
59799
32611
38382
12087
58530
4348
43371
25174
46375
14423
21962
17112
14257
29492
10186
12267
18814
44519
9665
24643
11788
51822
14717
17915
13323
38505
51490
31134
17007
29881
45492
20794
19541
42082
10329
38841
45340
23619
18484
4864
19425
21529
8274
17640
6612
23462
51582
14738
35620
4840
27534
19480
23177
44086
33805
45360
49005
52442
13640
50013
22675
14774
58533
26344
28379
8839
22235
48973
49560
58337
13517
26375
18088
42319
36962
24322
39607
37914
54558
38552
35291
4215
40413
19143
53596
13304
49145
30170
25155
52739
30607
8635
13699
10513
34577
33224
25631
32282
19697
49398
18485
10955
13793
29238
55698
44992
41779
38223
20068
32622
36612
58312
24473
44584
9751
32033
58918
10343
31069
8124
14358
16933
51607
22571
11401
57981
58178
56847
27055
59370
39763
9600
23959
20267
19569
18734
40577
28055
20196
8513
32462
8586
47864
27458
30419
56961
9605
37379
3203
8073
44777
25782
49012
38479
17962
42361
28025
43463
25345
56055
33782
46068
58519
15177
36193
54163
17362
7226
40922
46882
4963
27686
10318
15421
18365
15344
5748
22523
32979
17987
22972
9719
22717
53648
8196
46125
9289
16090
41808
15655
51666
25805
50098
34737
47867
16982
10557
43788
21703
6819
39495
3725
38452
25313
26162
8104
38650
4479
33215
34544
3207
9941
22048
55725
37227
23295
32831
20330
59673
19133
44231
23902
49072
45511
18805
3543
46966
11452
43247
38178
30945
37691
40629
41411
7900
24508
12929
48327
39035
6672
31353
22133
37568
19798
36238
35361
40140
55314
46422
16055
27368
23806
27410
29237
34780
51593
56757
28239
51012
57627
49629
32754
32945
39426
31882
23949
53181
50264
17432
20737
53762
49156
30207
6042
54426
34329
30073
13601
3694
24236
8670
7006
37421
19029
56570
40196
59601
57283
14426
42193
35748
50748
31585
28163
46098
53159
45131
28625
27422
45379
23911
24526
4847
12117
44146
37592
33070
41946
17235
22859
35374
56134
7885
31204
59621
21364
37445
38969
33519
37205
20141
25598
22393
46022
12262
27359
50080
36380
41434
47930
53231
9484
42854
51052
16931
13606
4322
12112
25989
8281
19211
35737
46315
47516
36454
56691
11644
56369
34630
27096
31681
18538
43260
50527
21343
54427
11198
41048
34767
8842
53016
49505
16180
6165
14246
51862
10056
7997
11994
42479
47195
16950
26274
17179
36615
39840
51006
47877
54259
12286
8975
8583
19317
54964
18174
8183
7777
49140
58583
22326
12392
14943
5822
53617
59694
48572
23670
38203
32890
13760
15385
32288
44035
57014
57345
49069
17995
7614
44101
52458
3470
36619
13200
34826
24519
31378
49353
47988
37676
24367
41290
58121
31384
30974
28876
11714
5825
50247
55032
16556
8585
42546
41193
21944
51456
14435
44938
52492
36384
10575
44775
12354
16888
49548
7431
47389
25770
15710
56550
9290
53843
54544
25269
44113
27926
31221
30734
11324
51332
29156
48158
14827
16633
44166
6509
39664
23007
25122
31406
28607
56732
19709
10003
54421
48022
32528
36190
13305
34981
11798
23938
52259
31091
36490
51277
33495
4843
36009
47957
24376
24263
4067
51029
21925
9555
32522
30511
56367
7012
18314
38926
11941
59041
6711
43824
39139
34960
40108
10372
24136
11884
46922
32710
10044
14616
40141
48670
18447
48528
54990
54278
22376
57092
21179
6683
58684
40953
16492
24019
3310
38156
42888
47999
3511
24521
51029
45708
24741
24528
33298
43711
41792
46805
10495
20315
20298
48268
47628
52960
27445
43411
55740
34991
43453
41265
25391
56684
30637
32142
34389
30937
41577
21192
27670
57745
26139
55470
4261
49342
6137
31163
34104
21266
26436
22363
8008
39200
43157
27201
38207
53910
38533
20346
13547
6614
53647
55524
48140
20559
3570
