634
35343
51963
17335
54992
7793
8656
49768
52655
17854
10333
40762
43088
28075
54758
8171
58443
44734
22544
11663
39310
9906
58808
56835
8495
11066
36109
15403
15451
44484
18920
30829
47396
48225
7033
26991
7331
46277
13781
43348
25208
13571
10717
8954
36579
36327
42022
48730
33508
34553
32703
11225
24021
44397
27927
10371
25920
35336
54301
38109
33902
35401
23590
4619
53795
45402
40571
30103
47961
58664
49296
8629
33325
31850
33303
9774
57119
6499
50420
6675
50943
42892
16245
42537
29894
8388
44843
14440
34270
40277
24434
24782
47302
6176
28059
57919
26508
17695
41671
32499
40587
19631
19152
47143
39381
37283
32569
49706
18308
3905
15233
47218
11301
10769
50553
45574
31897
50344
47803
50120
28360
37818
19009
18550
9161
6322
33345
24416
52431
9012
19992
40955
23844
6914
41971
6081
14159
35460
28246
55251
22994
50428
8244
22835
35069
4107
33194
33370
5228
5601
51477
43970
58662
43640
40156
38328
54286
57402
45738
34123
18250
58023
18225
54958
46688
15406
5753
8302
23026
5030
38657
15147
5233
41705
39022
58308
22615
17794
52181
32401
38587
5032
43446
43628
56898
56528
26169
16707
55309
50683
10970
29554
33565
12591
42304
51476
44406
10198
5956
33867
36210
32962
41766
59354
35211
19283
55120
16885
59311
20806
30694
52678
5892
47643
5236
34025
23351
25836
32930
48017
50273
36882
36188
32038
42851
6595
49575
35679
7495
48346
32117
18544
57290
48583
21235
3590
24205
47229
19706
28225
22614
41564
38750
7134
21433
39262
16831
33389
12961
25527
33571
24042
4408
59083
45477
10323
43924
55937
40889
10459
12204
52002
33613
48833
9470
30940
4917
10307
34705
3792
23211
58488
51813
30773
25396
26812
59651
43832
5377
20088
13014
48461
14101
3303
23891
24070
31210
45264
39499
29065
10779
46052
29362
20941
57487
3715
36938
50069
49055
48937
6896
30335
52417
30698
29186
27956
20559
44236
18661
46482
9077
21943
4692
23855
17546
35285
54657
40263
30833
37562
30140
38898
5414
20864
37551
6263
30852
52230
20137
34055
8966
34009
32007
36763
45175
52889
40954
21902
19594
33115
50239
41465
41091
51241
15351
33523
3567
49189
43250
40592
20833
7094
11855
20019
21343
49878
35609
57118
53244
21994
33934
24228
38196
37333
45922
46430
7223
34723
25690
12956
23267
57052
21234
53659
49913
44186
36338
19455
4635
3001
56423
20583
17176
29230
26596
38423
55982
4068
28722
8910
45272
32621
5769
47294
23590
13146
3678
35844
31625
18217
19108
55961
57558
14307
46661
40674
58629
41515
21632
33891
46799
32671
56649
3636
7547
55767
12421
39144
11332
13359
16238
44137
24847
21068
28036
29699
38110
50990
37391
8105
14236
8056
29336
17373
29341
27310
22321
58449
57191
38527
11359
15396
50998
11149
36938
3364
36390
22712
14712
26355
8126
56405
36501
49600
25658
29634
36288
25715
24563
26345
52483
29138
42242
50846
6368
18951
44789
30858
16601
55611
57467
39990
34481
21306
7681
39604
37841
52292
56923
50331
30995
11032
36260
31783
30381
58812
17292
7322
10772
49625
52927
52143
10661
30000
43463
8572
57366
25173
32709
50837
47684
45656
32661
59472
12114
51373
21794
6063
55746
19843
23954
21511
46122
37024
7770
11259
22760
20154
33980
21842
18640
57330
10726
27277
29349
10092
57857
51613
9581
43386
28559
3764
15477
59719
55328
52623
56977
59642
33588
37787
35880
24187
27541
3657
25703
27598
16958
54168
25865
33433
32272
56654
56306
17964
39845
16374
13011
3320
53777
52464
51756
6088
30751
52288
33316
12048
8898
9989
12699
10199
22870
56799
22887
11312
56966
16110
51515
52268
58400
46340
31086
50737
20834
41355
56616
53101
10475
8360
26134
47511
11841
28458
42734
50063
56897
25498
40093
8032
10589
54984
9201
16749
58461
59190
35942
20865
10232
29793
22216
43805
27398
5726
5505
27434
45744
36833
6710
3168
10101
36780
31222
3474
22403
35150
54612
26731
27555
49485
12902
51710
13102
27886
42020
6268
6708
