521
3454
26536
10978
45535
22868
44996
42383
29557
29494
6567
33374
8621
7528
9001
44677
37656
19590
3366
31388
28253
8505
20110
4090
49418
29253
41006
32414
33818
44142
44476
45920
23968
10053
41302
17847
13167
10598
7271
54222
7676
26240
15158
13309
20703
48811
42684
45923
3642
55821
11216
57517
33912
58352
34318
14076
43141
42138
47993
3446
51994
40162
11910
9042
13912
42509
34214
26093
44301
21157
30087
33893
49324
8863
14919
55440
51178
19366
26226
14753
29746
20223
11720
39352
55940
53771
58906
29184
33228
21892
41393
51655
31459
57164
41049
39695
55138
23916
57106
28180
52749
44523
11415
25791
40895
45794
38081
59702
43072
30708
3475
12970
58205
14546
23962
59349
57018
46733
6947
45947
45880
15701
6348
16447
43362
52295
59405
32973
10793
16615
21072
14541
59227
45764
18315
27961
47598
25037
12585
33812
26892
20261
21002
42575
15581
26032
52607
31061
32116
29965
44311
9372
13282
27054
56869
43126
59637
20096
5693
8242
32449
32023
18369
27465
56600
48953
47156
13083
10098
55776
15037
25026
45520
14058
38732
56491
9665
36324
57073
24454
56454
39887
38973
57937
12188
44905
26396
42005
5268
16020
19456
21192
24833
23973
54643
27600
29972
36013
37371
55991
11500
56300
53978
17276
19860
53896
5249
10684
17919
37845
32497
28403
6462
44834
51135
24981
18264
46729
20513
26535
51942
50780
31093
53237
38278
47044
16678
14445
17328
43168
42735
41250
22428
21915
36764
37128
33151
26843
4519
20855
24771
24336
19588
10914
4782
33162
47931
43676
59315
45925
32052
4277
11405
57560
40277
58701
28515
55908
22572
28026
35713
53207
13177
50402
49099
54079
26563
27552
32414
22722
48645
7244
44993
44108
46348
52103
25473
29878
10743
48777
9712
4202
50751
50514
52085
31492
44382
8950
59954
23534
56632
7651
14119
34818
41423
39883
25062
41191
52253
25831
48370
43801
15727
37436
37881
8319
3192
6421
44088
19707
18393
29518
35277
8796
53467
54431
26836
50678
6235
14655
58790
46700
18943
13902
22138
23734
8335
39211
34340
21530
31191
57817
24262
36834
51000
17555
34717
32362
25896
7880
52951
21906
33113
12157
16516
43313
49660
28729
41362
29371
40181
18036
4091
11449
43221
23880
36637
19778
45883
29909
30579
45395
34826
55292
35815
14414
34579
27576
18809
13632
54031
35876
38149
35856
9640
50883
25023
24874
55752
53404
54463
37481
54126
43647
8794
41286
58242
26367
27196
32557
20596
41952
28554
26655
31979
19530
47937
53057
12533
7744
32522
27202
51440
39740
42011
3192
27910
45512
33495
32054
54142
31657
18927
38684
25355
10458
5333
53475
17038
45060
4568
59504
59803
41508
7886
31408
42289
51252
28835
40047
33275
52545
19917
22909
13629
8429
37726
49896
26138
19597
8538
52185
22640
17498
52963
34625
48991
27268
41435
51824
29903
54651
28807
39384
13814
27955
10856
5440
27757
14457
52793
43231
13390
37159
16509
33064
58624
22921
45712
22477
54107
43299
5852
16981
27778
17024
23506
12402
27686
53645
7285
6339
41131
33514
59941
15185
3219
5938
48891
20877
42795
42677
25639
7031
5371
14715
49429
48041
58781
5191
5581
6003
31871
51475
14599
27947
37598
38470
32856
48983
51348
57210
6911
46749
23147
11266
23296
44611
9260
57112
26725
38241
