1395
40017
37259
31409
38706
46362
38213
31380
33204
12695
57246
11011
3993
45025
48602
11298
59863
15616
37330
45700
50771
26159
46930
47087
54816
10418
10429
59546
32828
29433
36439
4203
26781
39906
27108
27548
11521
14149
25674
25017
32145
14707
32054
25922
36459
56981
52358
54731
58758
27767
14086
35628
58043
47544
47622
47804
9582
3327
8109
3800
6335
53482
30771
35825
46773
54060
37049
46889
38319
15478
9677
41599
25494
11578
20108
56116
5109
27399
33275
44835
55849
50788
20889
48852
52168
53621
48531
54104
46988
9348
38517
33669
42168
36226
28486
38199
41096
22714
37229
10061
46141
39600
16284
36630
8324
54795
18596
32146
22007
52861
18492
39345
58435
35320
3910
30351
4849
37534
16318
50521
37821
27915
27185
9095
58666
7967
55070
5984
7868
9847
14482
26449
24515
26258
40409
46114
36904
59801
13222
28572
41127
3739
53720
26157
15899
25932
28304
38439
26730
36573
56139
25158
17992
27627
15643
23010
38414
57804
48437
23926
41043
3040
45466
59189
28310
21232
29425
40637
42463
23375
25457
52759
42957
39629
33390
4946
54604
55306
59296
32322
33403
3527
43423
46440
34489
40789
47911
4424
29593
52501
21386
13632
18580
50721
42521
41141
41341
4738
51044
37837
36499
49744
24212
19720
33281
48736
40281
12337
20565
52791
58314
31464
24757
50055
22602
58033
30228
16486
58032
53929
51352
47141
56571
13648
41243
8273
33098
54007
19509
32987
23861
24975
51863
15668
4657
11379
14983
56457
32232
49658
15757
50678
26600
40791
31776
18469
58819
59743
58379
54652
37084
57288
40722
17977
28762
28638
49403
29625
3167
58706
24846
30909
52435
50645
12700
48515
55318
19827
33062
50617
16399
17643
30406
29028
44668
17765
4499
17426
8124
11322
10403
31129
43341
50547
46922
48338
17541
24669
8016
43180
35686
28739
51284
50836
34487
14517
29215
6744
42263
25423
41410
31270
50114
36227
25073
11407
21099
45261
53410
8585
26437
41431
20940
17130
38496
3458
26592
45058
5299
44018
39262
10541
44349
53423
42847
40126
38960
32605
39129
44785
18022
10372
57766
37539
56078
15637
13561
58564
13816
55114
47098
41965
24743
30313
58031
48652
9111
18124
47128
11539
4426
5845
57056
47969
50059
13836
23646
10135
12501
27798
5692
36355
30622
22572
29330
3584
52054
36533
57885
22235
3720
13501
55519
38867
53532
54766
32663
31454
10618
30591
19481
58206
20163
12727
18922
53680
5057
14636
55431
40817
16726
17080
26535
47390
48530
45923
51213
58481
10514
15712
56799
33298
47544
58140
59778
14869
7277
8642
14135
11661
10645
36752
52964
8483
9900
57741
50574
14624
30808
57343
17071
56967
30153
12304
26988
29870
29872
4648
14939
12727
15137
18491
36064
24648
6481
20434
10442
25193
40957
31511
15845
42352
19604
11171
19192
32661
45149
22015
43614
10849
17108
46301
41308
52711
47446
41710
47592
15904
49343
17997
49482
52640
14720
4708
8507
20196
44460
21414
9146
32471
38371
7080
56568
55959
12754
46909
51132
9345
5317
48294
48926
50695
32000
58148
41895
50472
33504
53587
17863
53681
16200
29426
32465
39903
33880
50691
18160
28958
25400
18504
20172
27122
43106
13589
28556
27580
10480
41227
48853
26740
40923
45786
43933
18028
59360
4681
10975
23570
4202
37205
24043
21558
55902
25787
21450
44039
43264
23211
14566
26541
35443
53295
58890
33376
34316
8069
21132
57779
35445
37945
40638
17166
9383
37176
23428
44292
24917
57915
8917
56135
34094
47590
44940
5077
38028
26901
37917
59465
21241
32658
46442
24484
8827
39648
23628
15897
33716
54815
34606
51691
32975
50627
20149
10629
40357
30751
54291
19209
27771
26147
13498
40884
17888
51159
44570
45058
50619
41523
55917
49665
11920
12081
10731
48568
21880
8594
30448
42906
14926
22206
4510
56251
11646
42236
38637
18969
40833
58566
52630
17221
39001
18292
42418
37471
27664
24954
25462
30901
9913
5929
48817
52982
3941
25652
49339
3512
57586
50492
27153
12290
19887
17152
45859
17252
29034
6609
31529
14481
42056
27353
59935
12504
22971
27170
18589
13149
7783
27300
3379
50128
26993
28931
23860
28721
51205
29657
34563
42171
32490
30996
29303
47599
3559
37575
5178
37287
50495
9758
47681
49258
53242
49291
49204
12242
51863
31879
13712
12215
40629
45106
33724
11395
5103
4737
35692
18176
54906
26622
15820
47940
27036
38760
31320
4519
41257
47254
31981
21231
46499
25090
23518
44634
22624
46531
15636
31901
30477
26181
15954
25676
19986
30676
9217
8011
37449
49565
35769
13271
21394
38722
30758
4872
38863
30034
42952
39203
11363
30062
20776
30309
17619
4573
27742
54308
6572
26463
17690
33706
18086
53169
14546
10260
58369
14425
57394
28484
25129
40063
55666
50788
20466
33644
3935
30847
56415
33682
21170
25427
29903
28007
8833
51825
10835
34264
9691
53853
41593
45178
19509
45124
31799
7487
38526
38630
20917
29103
50014
47595
39104
53301
56052
43208
4474
51869
13809
58706
17105
59265
49203
37332
35834
43018
31014
53311
40768
29509
34077
40442
21697
41150
32759
54440
31493
19010
46335
17510
5854
24255
29876
31570
33577
21306
58221
42984
33690
26186
32960
14542
17016
15744
47461
47962
22779
57293
50118
6221
3519
42279
40728
35697
33988
22669
53832
36954
14803
20126
21865
13848
52600
19907
18224
22396
13139
34759
25589
49213
24069
48706
22148
18635
55345
28442
5345
25374
34791
29994
24899
23428
48890
53351
23441
30672
23666
26525
58994
46990
11736
21332
7772
20229
37174
30060
43961
22628
8851
17002
6335
58000
4820
36346
57304
47844
42490
33658
30988
51582
17231
55864
54337
23975
58207
52993
45744
29911
27688
17538
45484
48105
32457
58719
51540
53592
46163
50983
4718
13783
50500
36753
44875
17484
44665
48919
31912
45867
42888
47354
44089
37383
24667
15414
42478
48795
43609
4167
55452
15002
36713
3509
33557
18594
40739
50837
18539
25619
59353
35299
44591
32916
7006
43258
17601
25799
35936
59536
54787
9262
56154
23667
13988
16131
29377
57598
38068
39711
15910
29753
58704
39858
37158
53343
52940
22354
44924
13872
42713
41189
31446
32796
28040
37216
46515
44674
21347
21329
59853
19607
9629
8922
20702
14835
38820
28154
24354
41059
53023
28644
17868
5366
31512
37842
49819
19415
44515
27008
40064
12451
56294
13766
26212
13017
53516
4822
43933
25684
18715
48513
4511
45903
18993
52403
18795
10895
58026
35167
9579
33525
40153
25675
13822
59564
27047
44386
23852
21108
27837
11542
33863
54988
11262
58762
7790
53573
15231
58971
39789
9701
56418
22196
25521
41082
35963
17973
33387
18229
17646
46436
31547
36043
49318
43519
25269
42793
24591
4793
25144
23633
44829
56595
22186
49999
8078
51626
30937
25996
27411
45607
30720
52659
30310
47362
14788
59441
39420
56386
11984
10642
29818
6066
26034
21452
40816
28638
42204
50481
40942
15028
7092
29254
23545
4001
14307
38625
10013
39334
19870
35455
41654
20156
45719
38935
36028
31184
36477
53306
36260
18354
17230
52163
28526
7312
12353
48600
22963
31530
18035
7400
33856
22512
22804
3375
33443
8491
4544
43069
51899
32562
52675
27308
29624
40279
45320
51155
14094
45910
51440
12664
11226
59216
37496
53842
59807
39197
16477
28187
49674
11909
50515
52655
50361
7461
47066
31883
21015
46677
46954
6527
51487
20576
37851
43356
37735
24244
53256
31736
20791
57362
45979
40385
43785
23928
34415
7749
41697
6040
14198
9636
54441
40413
28657
56613
52973
47580
59489
22422
58831
34522
21336
3958
7899
19046
44115
22869
25786
28153
57038
12096
8524
57388
10593
31017
17091
59152
17046
13375
12080
22264
35279
42814
28674
32471
42077
52925
24840
18143
8272
5269
10443
19834
8338
9139
18988
52918
57607
32817
38531
6122
41299
5364
10597
22047
10446
23835
45119
56995
55382
40852
55557
6380
24306
6286
23891
31548
33138
10007
27759
5563
40652
53640
16299
49457
58810
46565
45544
14998
51012
15923
39021
35004
27652
44181
4945
34593
56169
40384
51748
58246
18678
46084
24439
15411
33272
16284
50586
30457
17392
19446
20929
4840
43151
37821
3361
3888
41405
49638
12750
5738
28788
12253
50451
45755
44247
42540
17995
22561
32731
25798
20603
28923
53669
3700
38929
59388
52805
51724
26704
9541
15049
30294
20358
35233
11116
52529
8795
43326
4234
10038
24605
25293
53834
32424
19724
25094
7460
19459
6771
29620
45905
8283
14339
46165
59824
40231
6838
9163
29081
41517
20488
41526
57889
14264
48039
39168
35961
21235
52054
11943
20804
45120
13918
10736
33536
50400
28895
57361
14557
50739
11275
24542
40188
19657
3702
21396
6315
50769
49508
52025
31471
19650
52957
32596
49121
31875
33324
10110
42003
21258
44650
54732
45374
43535
31867
10192
15962
46784
4103
36964
23800
29749
38826
28358
29643
12158
51967
6507
5152
32639
