2086
15283
32036
23437
39449
26503
28545
30824
26278
37940
27891
13892
11990
15830
55496
6010
56978
15634
12461
19597
26378
24814
42771
44654
49364
40091
44944
53500
15167
54223
51222
54100
24108
43753
20677
44452
53790
11131
54354
43444
40953
26417
35025
34993
29688
16173
33018
44051
37313
37289
34668
6937
58727
18761
5586
53879
21913
28726
23136
7090
13903
26299
18978
32274
13749
59867
8676
45102
33784
47431
12020
7092
53027
27842
59803
43391
28646
30556
27704
49710
22176
20848
21720
7425
12664
47668
28488
11271
57400
32231
32571
10176
37264
47271
37980
14953
33356
33009
36313
22971
10718
20143
54524
7015
54707
35710
28316
10524
48585
6813
53958
55771
13625
53127
14233
45401
52734
23379
33878
25680
44637
6525
36952
52308
4867
22987
6681
34630
33571
19897
4685
12378
34929
13353
21201
12857
46194
31273
19846
35457
23508
30308
19349
8703
29309
10583
34263
39000
58068
25144
14671
13973
30478
54265
48038
51107
8952
25830
22705
10175
5183
46809
3435
11565
50203
10133
56673
25729
27540
22588
55649
14245
19951
21676
52291
16286
58539
27489
57696
13767
20359
18561
25940
44126
23550
7392
14654
59508
10108
34923
53526
6138
17487
10886
57660
25244
9122
47176
36826
50004
39075
7789
38348
12864
23819
50573
4892
35993
4428
4433
33861
44659
45170
28342
46164
23585
17156
47622
46847
3998
20958
17051
50449
44136
27433
5687
18053
29070
7897
21945
50353
28393
17871
38191
47500
32229
55130
35771
41775
3122
17531
28976
47677
25558
22978
25557
7881
56171
7905
29334
56701
51601
6255
15704
28372
45366
32374
13932
49057
57382
40300
16844
27583
17184
47305
44277
4905
47556
35464
18483
12689
36823
59967
51020
33346
34809
51652
22873
23731
40626
15717
37075
49099
23662
40811
46206
47772
3764
12343
9239
27646
14343
59080
36328
34452
33152
39094
8845
12708
54267
7337
33779
7702
55885
43894
9445
24036
42289
47833
26810
29222
46116
12606
55724
23659
52074
37566
10535
3801
10176
32555
27520
46753
36681
41042
39471
40243
55134
56888
52341
9177
57339
59890
58255
5405
11748
18414
44517
58221
10836
27002
6971
58529
29404
57522
22196
13691
16510
37430
32358
42638
28576
13081
43711
3821
38562
57696
49264
47356
33351
32422
27639
46445
35106
44907
34544
47688
33106
46029
52185
42995
31805
8608
23332
19060
48869
18979
51171
18819
51388
45461
4624
43327
6213
32046
20388
34466
28247
29928
47799
38139
24707
33351
41981
55499
13329
38972
54239
5090
51950
29136
32931
6646
38568
11143
52406
26863
50134
22159
14155
36050
3168
43649
55229
35677
16628
3001
51368
13559
26639
25573
58778
57498
17733
18609
36572
28331
48949
12979
51665
32001
14308
4262
44902
56589
50412
27428
53002
39990
26034
53178
57630
18088
27634
11826
39571
27454
58233
23196
31817
20602
57799
48297
9391
39536
12176
19839
48904
25356
19070
12227
13712
29222
9523
20288
35872
40818
20458
27214
41622
12285
13984
7133
13628
7131
31366
51618
28664
25301
50100
35036
8439
55866
43910
32759
7333
6965
31183
4342
59105
45652
34452
13059
7814
15424
23009
32608
17369
42232
45470
37883
10216
51784
52941
33249
11285
23122
45487
4943
28138
47057
5259
23537
14872
42348
45724
22614
16219
28472
44186
44000
34301
58924
21580
32034
41759
40632
9920
55517
35001
33479
22849
33160
17242
48219
5543
49959
15889
51758
38368
23748
28469
39894
24781
36465
48322
21867
45266
45192
4336
39419
21967
54993
9614
51226
3452
32315
51668
18457
29361
26985
23439
47251
5962
11713
35612
26625
56493
28179
56646
45447
21043
4806
21540
54927
23253
49265
16455
56211
15935
24960
23958
54826
25623
39414
4815
26891
26015
22177
30160
54061
54436
46901
12759
55341
51848
18840
51331
5659
32707
26759
7073
37196
57066
52753
24531
22394
11080
48114
42785
54513
3609
24653
49430
18042
51419
26988
12496
57567
9393
12799
31843
5394
40538
58452
36521
4682
58251
16434
41237
32196
36961
50405
23857
54185
28170
30205
10440
59353
50331
21746
54387
32484
12695
11908
54611
10474
18775
11649
8548
45932
51346
56153
57871
54971
13857
12302
54177
11349
40307
56867
33929
51265
12322
30788
46601
27494
41676
16797
20811
3248
8646
40080
10844
23089
54165
46761
43997
4282
48411
49323
9153
57232
14169
16535
36149
9346
55258
14252
47391
37925
56996
28629
50048
8989
8686
46529
31583
18148
47568
56308
43293
37492
59960
30137
56716
8448
20868
42525
48410
6381
34533
30429
35566
27463
31477
12120
58771
41301
25355
27325
48074
26175
18549
8496
23678
46720
48876
36546
38122
13094
23980
48993
11631
19419
29640
47339
5731
18362
36879
15956
33654
6254
10065
43537
20289
40232
14535
50153
18185
45936
18960
10507
49553
48888
15710
35798
15221
29465
12463
21457
26073
13316
45455
40011
8570
9560
50670
54179
29057
14302
46689
14994
7307
24891
46244
37531
18664
24126
28269
45814
13931
42421
9516
51156
14181
3864
40662
46044
4511
20185
39569
42523
6528
7151
16094
39438
40170
58130
35699
15385
9374
24935
13607
37858
26734
9660
9232
41459
58390
48326
51153
10969
21981
45509
37949
39818
8398
48704
36040
6641
56758
49471
4056
25012
38211
39299
9590
4328
50254
50988
11218
16102
45974
12934
22448
55913
29047
43519
38455
8884
32488
50599
8569
18163
15043
42311
13888
4963
19081
25946
45504
6633
40611
57044
40648
5787
8493
54020
14580
28407
35215
58582
45092
31107
44584
21447
51913
14119
7731
26325
15818
15203
57508
27329
48186
29866
19293
37560
20787
27208
54420
7109
19525
56726
57462
23450
20754
58863
45107
7974
59147
24306
43359
30346
43048
8703
39501
10408
38849
59913
18229
22900
3828
59030
41727
13481
38610
52830
25432
4566
4692
10648
42595
39051
7437
3241
10984
23580
53618
16193
20380
53455
27608
21244
12925
43883
35945
24324
9270
51293
29966
37370
55690
29693
4244
58615
52604
59611
3081
8609
34137
11834
12229
59360
41926
30611
10411
32924
50562
50405
54801
25259
6454
34783
53099
32584
50284
29143
38308
42490
43299
56322
46995
20333
42678
18990
44313
37607
4353
10123
22529
26380
34183
38773
16039
49280
42416
23222
35824
59805
26139
34526
15873
52604
24043
31132
37014
17370
55367
31466
48808
6797
36142
8267
43325
48497
46742
31452
33139
41010
36220
26269
6936
39643
48222
3620
7802
7334
28374
3670
44112
44745
24660
28651
17280
11264
15066
23347
33101
9001
11593
42987
37305
6687
15917
54927
32408
9838
45255
29042
15608
46760
45698
28148
56354
44026
21616
49174
37087
30715
52727
17494
25756
39315
15981
53211
20394
17039
14889
46057
41059
7978
6201
3999
15031
26871
50177
39689
19861
26121
39277
22857
4999
58705
48836
22481
27273
13476
50659
36237
59637
9252
6652
3217
17096
55074
21120
35166
9825
48983
7174
55121
5795
9719
41798
32688
43154
47093
32217
59550
39229
18556
42852
43028
28469
40411
44513
57698
48940
39956
59379
13461
4541
11554
27979
47190
57348
30897
59197
29913
40574
6043
28954
25762
21615
33690
31287
8345
56510
20821
30753
45958
45222
58422
36242
8640
28896
51185
5711
23624
56558
42982
31229
18540
35285
51114
36663
20936
55421
41170
19760
13382
54206
50123
30755
22425
31771
58406
42798
26162
59480
44258
13817
42967
25810
25345
16056
24400
51208
12005
21002
58136
36986
36205
16791
10670
13515
36464
46495
36905
47256
9634
40007
48029
39248
35754
40230
56154
55536
7891
29580
31107
10313
26808
29526
23379
18073
38164
33972
46517
33454
41650
42876
14960
37877
59766
52492
14437
31625
23497
13602
22520
57382
46515
31784
59177
29818
48135
7756
45990
13192
51270
54648
14001
18439
35093
42056
26510
47036
11959
55038
49302
57340
27732
22701
33357
11506
10732
3772
29819
4987
45194
30828
22301
23596
21812
58480
5462
36144
46019
33377
13634
55725
50195
27896
19592
6262
5689
36593
34992
52992
58809
49487
10639
56155
8915
49089
4300
36644
10085
52884
24743
54407
59319
17062
5554
17837
4317
24460
56098
59733
21878
51772
9297
37596
14763
14955
21895
6220
14403
16119
20495
53264
39745
35085
36157
54939
40541
32046
43373
27126
26488
26817
55962
37332
29645
59956
25032
57645
26161
37785
35402
9300
23878
16601
32398
43531
43854
10743
22202
49710
54457
54474
10458
45454
58119
6111
9992
18374
33889
46910
33589
38920
22855
29333
40296
42405
50406
6968
40569
44633
3122
45782
48776
17692
27490
55834
3574
43329
39263
41031
25304
14768
8313
5336
33238
45045
50052
4368
14149
9061
3947
18623
58277
38344
44557
23632
11764
39446
10460
59802
51779
27663
19015
24143
24823
3871
31101
30714
18151
9681
31648
7012
29335
33151
4258
47502
55354
23239
3043
23070
22620
31716
38272
22405
12414
45294
57948
44625
4209
13908
4914
11750
38462
41212
41114
35438
39144
31851
45773
54332
28167
44647
50909
29390
44516
10429
13905
56045
14060
37107
8914
47719
25327
17831
49903
19744
25831
41033
20333
50336
8864
47974
24886
30087
9346
21782
35446
36053
21730
52454
58586
4579
13889
44981
32402
34039
12725
51189
6514
45155
56940
51447
4652
30338
47868
48098
55933
5471
29116
33865
40109
30692
8935
42410
50662
16761
30450
45147
20747
28121
31404
13585
14965
26596
35626
38484
26241
43854
22546
56360
21799
24560
35555
24341
17762
59608
28934
52187
57472
57121
45050
39917
12275
20689
17118
51527
48268
25957
5464
21338
59830
23192
21181
32806
36194
14815
18244
12558
45813
52708
47830
42318
49239
23469
21782
22503
42465
6988
13733
36592
35144
52224
24580
22523
55771
17442
42363
24388
6589
52724
59416
7912
15519
21221
58788
12780
48735
37686
38060
33161
9601
46587
34062
52098
34425
48911
34543
29330
9542
30119
18832
8136
58715
4738
51152
15462
41923
44087
26053
30998
45438
7749
29615
48982
26854
14058
48342
50643
50427
54842
40693
10238
12289
42357
53457
48801
44557
48678
42150
43878
35037
25505
17316
44626
16615
52552
13981
47514
13219
14997
26239
16064
53112
23794
44789
35430
58328
19552
45529
30635
12362
37488
23254
45305
58222
22532
54357
18107
22033
23550
59217
22052
12750
31026
35151
32564
46608
22986
14041
11043
35592
29591
26275
44704
51942
47113
4935
22739
44093
41259
43566
34469
26562
19981
24325
55096
6530
56632
54593
5759
13759
31326
55421
52274
22399
18719
4597
50483
29639
48539
39861
49813
40222
20031
49380
53451
37974
55054
36381
3547
6047
30332
48784
23231
59279
50443
49620
13849
54462
52290
15806
36214
6665
3830
52270
23034
21568
11406
43575
46241
7977
47981
6215
51162
16309
15486
25178
28097
57121
17056
33723
7591
36654
41280
31991
8714
28774
44111
30793
46687
53098
37134
27529
57716
52597
21671
39170
10480
58224
54407
50805
7581
17935
20393
34547
24272
38702
32358
37630
55878
9783
50912
13911
28574
54580
50920
19723
46896
31447
40288
8998
49689
28614
28709
22332
28755
45905
14148
24473
49799
6002
13415
54865
23846
24535
38957
34774
37064
35677
21176
29761
39696
45390
35260
3116
21915
19492
55802
28816
19861
34706
38657
45004
9356
50633
10371
9722
47061
43009
52777
15455
9270
23223
48975
12337
34109
54299
5774
28006
17148
25816
15452
57643
40968
20354
45538
49740
23183
34676
50328
6126
8415
14434
56776
16874
10081
48116
33189
50545
25329
22681
28454
56223
25963
16070
59157
46012
4239
51759
27702
20752
3955
12572
19381
49795
48724
28130
51643
13623
38134
4866
25402
26786
35509
7692
36305
6778
13108
27715
54625
14844
34074
15386
54487
37602
20070
11481
58128
32139
16761
35343
53812
7328
11716
42843
14130
31984
49113
13812
54605
38846
15252
51661
3972
14582
12437
40740
14341
26760
59935
58693
56931
39408
29338
59881
4521
32000
36036
35773
52142
53627
33033
8435
54775
38197
21496
39642
24918
26622
10538
27724
20743
21107
57152
39083
27225
18511
17123
20653
8465
41482
7044
42393
47155
58390
51998
23853
37565
38608
6440
20048
14406
18420
10789
14614
16640
16983
46696
33454
45667
10920
39571
6845
35944
12423
14818
42310
31314
47502
53220
29888
58866
4160
24644
15596
8203
8124
5411
11672
53854
24916
11204
5892
26178
46518
29174
39645
48601
39563
47705
24072
40132
26743
41708
20912
59423
3820
34065
17285
23692
33347
29682
33852
33238
24596
32118
14017
20732
24065
29342
31676
53134
43726
43332
38290
59364
43546
49771
38796
19608
16358
10619
51769
46510
40124
11578
46931
36646
28658
27489
51963
28061
45737
56040
34428
49256
46564
45351
42479
39259
15049
55949
54119
16995
15421
19991
46888
5759
49728
57033
46175
26271
31694
40533
28060
59085
13750
34445
11236
38464
46445
55275
43945
38514
5839
58480
14154
35004
14780
19257
5543
58115
56248
53825
3142
21665
27549
52434
21409
14737
18529
25150
17826
47399
24172
33374
58745
55839
22088
21456
38204
24254
38941
15075
58613
13608
17512
41772
16440
4744
46128
50497
49000
55803
3463
59204
46870
23307
40505
38919
44190
32085
3848
5944
58111
24127
14669
4862
9831
26548
29647
45337
56213
31064
11656
16315
9347
39923
38963
53391
50551
10918
45724
39831
33202
50507
8319
48214
11738
38567
29692
26937
13490
47570
48894
