799
3362
21738
55862
52535
9618
5407
50780
59823
31601
24088
46608
29122
45273
32602
12316
18586
52275
11866
46311
8826
6081
4533
44120
41687
51623
51917
57395
56454
50646
57877
30724
35025
29197
52147
37723
20600
37560
32607
54606
42656
14432
16598
37231
28297
40144
30468
51327
4617
47634
38089
37160
19725
6029
10292
44902
10688
41214
17373
52680
20568
44335
21865
9418
5201
55358
8999
33051
12981
37171
5679
20054
8588
7355
9189
9152
21650
58060
4959
52669
14314
37893
37577
21815
55803
22767
41618
52304
12289
23141
29574
55295
55688
48672
50977
52005
12904
31039
3675
33865
31170
29227
53858
30048
13023
50355
43076
34088
43104
33637
25126
43882
27616
19752
9000
57965
15720
13693
59732
29326
13527
3627
47754
43305
46304
55052
17104
39048
37488
29189
53497
15516
25821
49809
48361
36981
6925
43587
26658
35080
54286
51840
46749
24860
22499
22308
28029
58786
9230
24727
32220
15975
19649
19805
23550
21590
14759
51859
26479
8980
51700
53024
7121
24119
40256
36253
30107
37047
35199
11461
29193
43662
55254
31567
44318
3409
57091
28218
8959
55316
42809
58564
4325
48032
20042
54448
57704
59639
17669
42909
46561
28766
30584
51004
51087
22361
27697
48616
22796
14449
17108
15840
16197
6221
22810
4420
20166
6263
24827
21109
57075
14535
59667
37740
50431
50617
14825
19965
47933
55464
44249
29125
55645
18931
18234
29844
12643
11659
5198
37666
57715
22602
31701
26376
9910
4639
56331
48040
46678
59293
39990
36320
4483
17418
55175
11614
11836
22515
17526
37139
3361
58155
27834
28080
19439
24824
27087
17752
25147
57702
22151
5229
23947
22387
47910
6650
33126
30281
13996
45917
56195
8001
50504
27866
18082
34020
8073
38647
39787
11754
21680
20472
6686
9755
23769
46596
50624
52265
34751
25359
19384
24606
46656
47547
57939
30721
35739
54524
59763
24192
56520
17318
30000
44975
38100
3093
48789
39706
12200
29351
57561
11658
39744
4300
38235
14061
47685
36535
22927
31436
40833
9888
16803
55387
38179
14941
45503
24006
30867
57843
24983
30206
52153
25866
31859
56465
54475
59989
55988
33762
3025
7556
13017
9700
20127
21044
30407
32379
7191
51648
54905
46208
29026
54194
57665
51971
46767
18691
53137
26785
57161
18790
49177
25249
22572
51938
27918
41751
47725
29220
34804
57001
29032
58432
18984
9767
5794
13584
26914
49462
59858
29477
23791
35979
58479
37285
53713
33391
23348
51576
26131
51561
25816
27141
37576
27650
48123
25426
47140
32806
6056
5996
56526
25422
24691
36741
49674
49023
49226
28214
43070
30120
57712
26307
33629
33657
11775
36285
21551
31041
7188
17883
49995
14421
26463
36428
55161
18121
3337
58391
3867
48162
47439
51052
9246
48814
49570
4658
46125
49238
50618
18992
55317
14218
40913
14426
58237
15906
3082
8804
43076
38870
52953
31602
48223
38015
49233
59530
31000
37892
19287
50141
24240
22120
27794
53457
29658
28676
16334
47731
56335
42561
52031
28734
6799
56301
45279
29371
15228
59136
4066
45519
41647
58015
15161
5811
23996
22506
15047
35402
49658
38950
46649
58230
39737
10775
34789
15377
28432
17866
41723
13190
51445
56162
33051
5719
55363
57589
38680
20271
12090
38593
52440
4875
54332
40151
3741
25559
11395
26168
50329
40718
15491
5495
45056
31086
9710
24524
52377
4707
34032
52692
53864
18386
13076
40173
53697
54089
38608
5063
15262
3867
7966
26549
5917
34289
33378
37653
24927
3711
27656
30941
52698
31593
6239
36097
49519
6450
48263
23699
27225
57324
17717
31253
13605
33423
50642
11032
4704
42717
50198
5339
29928
14539
25741
45127
33852
39106
27746
6944
40351
14996
59279
44077
47263
33124
31847
8157
56008
24765
33058
29953
37429
59631
21780
30426
38240
39163
35349
28541
48111
20832
25010
3762
20855
25540
56598
30764
48969
25905
38922
45866
41292
52443
14755
59138
53289
44068
40503
6934
27145
15743
56733
53231
40907
38731
22848
24332
49828
18272
55354
37962
7473
26375
16266
45414
22775
3635
56138
42150
34978
43784
22038
11868
16421
59801
30856
24385
50390
58783
23740
31592
46131
20151
57498
56244
29307
58921
15862
21816
34731
20878
39796
35504
49638
20489
45325
15345
56235
49200
22563
56724
5379
54319
50027
7394
18258
6080
12692
46805
53927
12028
13401
49131
11425
47060
39776
30078
41034
19957
5247
13596
50349
15542
41403
20444
59718
57997
30781
45878
36625
26219
35758
52950
36279
11684
45619
35505
18118
42453
42815
35546
36518
10774
21055
5019
56137
11029
41098
5852
20648
38902
9076
52902
12486
13892
21670
6164
18085
38591
18344
33357
56123
58092
52397
44363
40833
45634
35627
3763
11316
42219
38734
55225
7957
50061
39494
32428
39331
32509
10526
50536
20724
30095
25182
43354
27656
57895
33173
43963
52097
34145
16869
49854
36140
39865
26998
5856
13622
6136
42706
18532
23750
56281
57184
54426
43427
20643
28307
24704
28507
41389
26194
15638
8517
34047
34929
19515
53084
28208
52988
31179
15835
39467
23015
19357
43031
28085
6954
22346
