110
59372
32883
25200
27236
47878
17729
31269
17743
52128
11969
16425
53320
21263
29480
26274
42007
27733
15985
52073
57346
50744
17830
33194
26219
17020
33960
22824
58223
7785
51393
48678
38447
34563
53158
7143
19379
4795
5661
55608
35384
30074
23866
8667
38692
10811
8675
10369
39628
56816
11240
31562
29822
30559
59999
41403
33555
28101
36268
35163
27971
50859
46462
50336
8451
36909
59423
49830
8693
35632
40260
44701
28156
23689
54953
3388
59146
3674
36894
17109
44416
49570
49971
35238
22702
30722
22741
40967
4140
5732
38807
12968
46920
7807
11490
35988
31895
52447
38009
43420
12539
56356
25694
47954
59045
38734
57261
38474
42056
33173
51629
