1743
58098
10154
56599
57597
12464
57876
13707
21121
40265
25484
56456
39493
53440
40566
39768
23326
46411
9186
11558
48017
55132
33645
39105
26869
37668
45451
39035
42898
43481
37947
32392
36429
38961
41350
28518
57199
6235
27523
34443
12363
14666
3496
40972
31231
33703
14092
16846
5416
18131
52605
10201
39582
50291
53169
47679
44434
52754
27222
20739
23920
48037
7136
48697
27321
3996
42452
42827
7954
58642
15780
9925
12840
11583
37210
34627
58961
11383
28677
37855
20061
26892
17303
9954
14070
11867
45434
32058
47172
45682
5869
34414
24970
59136
56356
57845
40070
24306
19201
25102
22019
12357
32983
51251
35297
13908
30885
36491
26401
53467
10737
7534
33326
10396
13709
54073
42398
27121
28479
13974
48093
32189
6998
19028
22876
46551
30741
35730
37707
38899
17950
33793
18641
35887
4147
58926
22677
49455
39947
52900
23421
56268
36330
56434
11414
58835
14726
11847
26046
58332
51913
3462
44904
55963
38725
47604
19194
36501
5520
30720
43766
51836
14053
22752
44772
37501
8657
39178
59452
24835
27759
14615
41522
31226
21150
26919
15435
12347
14304
15776
51437
47382
6043
47543
28904
45816
16902
41557
34655
10311
54570
42023
52000
33545
4549
21704
51883
35511
5561
43653
17568
5307
28933
10820
16184
31036
25552
12143
52177
34342
10469
17925
27742
27603
18744
22197
11269
9601
12845
41932
30191
30774
14142
58730
47946
58101
26140
48753
14137
26047
27144
18219
47476
35972
51767
11559
38854
11439
26227
16270
3620
48932
30062
36984
12155
43106
38180
25294
3834
19623
43434
8641
49143
27792
4287
45349
6930
46626
6129
9079
10961
37813
40905
25360
58957
11930
51586
56177
23356
4048
48078
33968
51662
15803
57022
58622
23702
29348
26137
22637
57372
16954
43383
20568
28175
35796
16298
22650
16023
8520
56632
37828
31715
58919
38234
54518
54949
27615
36579
9838
14837
11313
6393
12015
37909
30313
3180
54947
56417
33255
50339
56416
7082
22373
7976
19242
55692
4957
58641
26525
59982
55393
26516
13835
13015
39774
56822
36413
33147
5854
18563
3859
12528
29659
43445
4652
55215
30962
16125
55941
16747
13000
24346
36760
9083
39075
20299
53225
58195
48115
7935
41039
18550
50772
15639
45194
58626
18904
6102
31315
52627
20719
49023
57560
35052
40027
10901
11569
53525
37739
11507
11506
42301
13290
25338
8106
7789
17809
14828
8194
33348
38795
27319
9627
25309
13873
35072
10147
32221
15570
18347
12048
23913
42703
38752
26918
33557
27542
36142
44872
47437
46656
10469
44687
45178
22764
38505
31772
26299
9319
13792
47416
37387
50986
10164
58935
56408
26018
36780
24190
12204
14208
57071
54450
18042
54701
14895
51588
4748
52569
41051
3840
41027
40824
39166
44796
40859
47214
35079
13689
46031
4451
23884
8832
53626
41449
6962
13138
31138
11181
43233
13840
56984
16487
18592
9911
18955
41790
40727
44064
24647
45474
36783
53406
34155
51337
11420
34470
19713
24030
28641
14118
39546
42589
44252
53903
51165
3696
45959
24143
41488
58108
52578
47092
58335
8775
32472
57114
7045
33624
37965
17371
4009
37237
11487
48968
34832
39725
20949
19629
35493
31196
33244
33041
15485
44289
44626
21891
26916
51434
32489
4346
39098
43973
36827
45298
17843
18954
58100
46199
30275
34497
12863
58148
20745
29164
18650
34124
30755
33390
42191
49317
38030
51524
34110
6505
29716
59377
4501
13283
5625
47903
53795
8303
45040
17293
45365
16815
34389
5042
53279
7148
7967
19177
50094
55632
5886
45632
15747
43569
36501
23761
26189
22198
49679
21295
33606
39252
30668
57325
22381
39143
20247
37195
26776
22568
29601
21797
14277
27200
39166
9900
14854
13283
20291
34694
32928
19674
49057
57763
41721
49638
15768
57189
3429
59913
57987
57188
11472
38144
30773
27524
55266
54245
4449
12953
28376
44315
42540
28913
21841
48949
20686
12535
33916
57076
21352
49278
17171
20392
7847
23497
14199
33453
13619
14208
47219
42682
43299
10706
46045
20609
54098
24953
45145
55995
23796
59536
16020
11357
23005
20953
24158
42691
44116
36217
56147
27353
21166
47861
43328
28103
18594
26377
46928
53442
51418
49031
25143
43253
37626
26881
50045
52040
8849
50109
29781
59078
24646
39208
54025
13820
24645
33002
4605
49654
47525
46750
49889
35385
16985
15561
41054
20314
12175
16876
46037
20968
41878
52834
5572
41661
8720
33720
48763
29545
41011
12197
13513
11285
25431
54933
39539
30656
6912
16626
12160
48930
20831
7103
9954
58719
12618
3956
52867
23343
55482
42509
19044
49495
3643
6363
45137
3873
14347
46316
51529
3014
42726
47991
5765
25275
32614
22094
40133
30861
11771
56468
23114
49269
57531
29111
41300
28063
38111
28612
6503
13408
58054
15418
51641
5999
58584
47347
16046
14594
53822
7055
12608
4954
45990
44696
3551
24179
49845
15856
29653
23377
49110
35119
40198
36678
45831
38773
53309
17444
58845
58612
7387
31572
49165
38627
20426
46719
38949
49071
7351
27446
29092
13059
51175
45506
4160
8526
39491
47474
8347
54076
14059
47177
32191
14314
6039
4247
24051
21656
43858
50259
5712
33812
14263
6842
55001
41678
46802
20725
30713
27811
3138
27160
32331
32302
30985
8240
57635
58508
42198
12546
16607
51180
3590
16057
21315
56438
12765
17413
3957
56406
33672
42853
41810
39582
35318
22218
52780
7673
59389
54815
25581
26534
48455
57073
35626
19913
57338
40731
15050
55306
49660
38770
13297
49750
54121
40743
30591
5501
13301
28333
48559
17638
57428
29894
35057
57163
25621
55608
16874
43085
25393
35230
48120
45463
28849
45089
50261
34515
52519
17627
42325
25665
4826
41122
43911
37181
40527
46447
7216
50630
3093
29864
53746
53408
55224
17939
59213
32462
5173
57813
47697
26167
24426
7838
22320
28687
13734
36318
30091
55036
31860
57006
24755
7551
52069
24502
38838
50727
25682
51673
54730
26818
24716
53032
47845
57771
42845
7279
47295
11474
44948
47248
48535
27376
16873
55217
18321
50816
14172
15847
20169
6737
41823
48286
18865
45945
11158
48342
48145
32627
23251
29607
17029
26856
36311
19840
17639
31915
29669
42540
58554
58792
8052
58134
35342
47309
17491
12436
33677
47538
28791
10271
11056
25167
56344
21102
25697
52284
34551
51676
32576
43258
35984
22829
36304
15080
23024
11523
20669
3022
31537
23360
7103
4719
25142
44718
4751
54083
38649
50826
28076
55416
27543
21441
50151
36298
50447
33580
9171
28633
33313
17101
12040
11794
35832
13748
37796
20770
25496
8794
54108
51122
37087
57547
16768
11502
59911
48054
37660
20906
46993
31272
15331
3567
15144
23293
12898
10650
37152
16991
51150
59049
56287
19217
49578
12565
14562
23888
53453
54061
14631
47258
43504
21244
58530
34979
57924
19721
5582
49212
36107
35271
18040
21938
36415
37298
33759
25976
32946
11270
43335
49896
44141
29829
11015
48979
13117
41296
20533
22810
40671
30812
4194
14084
20610
34656
41377
47818
36627
22831
50315
12962
8977
48001
39370
8481
10309
28063
27514
26263
56403
51792
7723
15724
51825
29362
4147
32382
26394
53344
35517
9966
25468
24129
13912
11284
51500
5015
56203
32076
21375
18267
47429
38916
10643
6034
57103
51080
32720
9838
39680
34608
19385
16234
27974
11193
21180
25422
22934
31521
36608
50841
45946
10375
9268
16253
54578
5032
27738
50582
3036
55005
29900
23831
23091
57160
16762
27619
49704
42747
12243
21040
49420
11098
27171
36779
16462
3825
12488
20673
36682
44459
46208
16392
17737
49995
13667
32057
8215
26406
21776
13073
7010
10298
49805
45728
31022
40822
44877
18056
23099
47481
29591
36672
14274
32581
12816
46344
11223
17178
13296
38872
5980
23925
20943
25047
6892
8781
21056
37460
30015
38447
54626
38774
43631
21536
10053
23142
40090
16126
40106
32715
33696
58062
6563
53379
15063
20687
37364
6481
38168
11325
17839
43663
11206
57604
32311
40552
23836
27864
42440
39027
16912
34233
46303
50733
50156
29367
14582
19208
57345
52293
16640
40738
19273
53922
40910
40823
11582
22719
31060
3079
34410
47744
42661
33605
15043
8266
12035
5050
5349
38892
7894
12379
23735
49219
48203
29895
19606
17156
56047
27809
59153
41925
35552
7461
21898
27259
22994
59945
29042
34356
22844
28318
54093
48344
56971
49973
3389
45789
23086
42177
32920
59417
30184
34566
55272
55731
29423
32029
19093
51022
16995
49250
55194
42151
39356
59435
12923
8751
30533
22395
21450
28278
24508
25236
40638
50963
34199
40294
54314
55851
6323
48705
48064
43487
8804
16777
11190
5717
6657
49455
10929
59033
6227
26220
57814
25201
46276
44748
43137
18324
49684
4627
40877
43963
25725
42166
59336
20422
36463
57836
23185
44187
6928
18373
16188
34265
26278
6751
4602
15998
43120
34851
51843
26834
43169
8597
56909
58658
26963
51713
39610
17847
47700
52073
45035
49235
15965
42340
32090
19544
55820
50940
29024
39417
46034
28181
29432
28802
8200
8967
47179
29858
44179
19143
28101
17114
40141
47196
25590
18271
6232
53130
18740
8090
54522
55379
23697
48155
26076
12263
17043
10180
3089
40725
12638
59158
6685
42062
55551
38771
6435
3494
16587
53505
24450
57259
25966
42765
3663
24149
35079
28186
29962
18252
58087
42266
16330
14427
57177
54363
8319
52462
7601
49769
13892
47299
34842
21937
34680
17431
12426
54490
33614
33076
12294
47863
57681
59427
57137
35937
38354
53588
23017
13415
39498
31714
27715
15254
34726
57852
7629
51140
56213
51428
8297
40981
31190
55719
9689
55389
52967
23868
12559
21184
45585
19707
49877
54476
27563
3405
8583
34771
24828
37350
25101
26366
16213
46086
38735
47798
52330
41829
12279
42248
48985
18841
47383
5124
47279
49937
8328
3794
24067
20105
10067
15234
54936
22871
58033
22686
14169
35974
5151
4609
58755
38862
23817
39990
22861
38962
46135
45295
43992
5749
56240
51771
25418
38774
30813
8416
9499
43996
18713
16552
40978
27790
22732
39451
11196
52361
6689
27685
55536
48521
47761
49766
26470
25633
8210
57487
20993
11463
48590
12052
13983
33993
13053
54361
42524
55451
11967
23150
35282
4612
52835
34197
6135
58278
50832
29499
49416
46698
46829
36294
27354
30361
15090
29083
39359
27403
28535
34429
22473
30934
39055
28911
41249
23477
6738
20420
51901
29226
43829
17741
8686
27040
27295
58626
13160
29428
43103
32777
55044
30626
37059
38144
28940
36168
37168
16201
24337
41147
35750
7440
34631
25090
48952
39794
33761
4383
6567
16370
20550
11454
50595
57143
27485
55552
43535
45595
53057
11831
15108
28563
31012
13418
16180
14759
51695
21401
41560
16051
39689
11453
54579
13367
32971
33463
17758
53812
13286
3338
34399
21377
27513
17367
47974
56672
45349
12248
53090
40134
26539
35202
12785
50039
26688
51451
27300
56550
35530
43931
9511
35292
59779
11585
7426
7468
13548
5789
53331
18578
27664
8878
52419
19906
51788
57539
43695
44560
35588
53177
17669
19522
21523
28439
3438
7968
26448
31909
51711
31520
44949
45878
36361
56430
46593
28935
42791
41802
58221
3205
51205
48955
