1006
20755
21193
40303
44287
10210
38379
25380
33075
37776
18495
49301
37919
27098
39749
24788
38608
9356
14643
46964
42281
14248
36969
14980
57478
50522
37191
34401
35018
18326
47074
56445
25966
9836
18254
17450
10678
16560
18666
24075
50416
42864
37122
21657
49434
18854
22175
3724
4528
16769
34490
40190
31809
15816
50038
54505
5426
23352
3377
3899
57891
4550
29500
31420
41359
50728
5803
24703
50443
10875
23970
31206
5958
55466
22968
44430
38858
40400
40199
58387
56845
57411
43860
35927
9435
53787
46152
35674
8571
22160
13803
51084
58062
28378
18399
11128
23176
16010
15301
59877
49032
33386
11821
31447
33502
38527
13951
23404
13693
8942
9602
40551
30426
18067
24208
9979
24524
46483
56735
55659
8480
36805
34435
43904
53743
33729
54921
9404
27441
6245
42844
55615
5347
57410
12670
8043
54122
58351
17744
56793
39048
34121
29911
16214
49529
56149
10865
23139
32124
14308
21834
47389
39545
16734
58022
36599
20233
53673
52886
39916
31107
51391
8216
44872
12435
24681
10150
12505
26753
49687
24463
51128
56180
21287
57116
35035
34011
25298
32897
14684
19868
20601
53463
25637
46283
50064
36374
59200
48919
7243
32199
47816
3574
25629
14404
3582
34632
46197
3169
28346
30012
21770
43153
17925
34523
19647
14327
14289
22746
48752
12187
59490
43216
58861
30684
10905
30825
41355
30231
31744
40564
42105
31693
36311
16781
25754
46488
12035
11147
8874
21306
57178
57490
16378
46057
46461
9940
36303
19558
37069
56365
49313
29965
31910
36866
56842
10322
50378
44642
7193
20683
23893
34904
22511
51735
13526
46938
32391
24323
16010
58214
5768
15529
26498
26456
23659
13010
46226
29955
34115
5145
54995
40311
6715
23023
7444
12946
28750
54798
9640
49481
23656
23544
19843
50642
20935
49094
15186
52751
43485
19708
53839
6584
16600
22587
12019
31933
20205
20746
10870
38760
43152
21041
13305
8215
16165
38762
34672
52117
5736
16871
11542
18813
41436
3019
18018
48918
52789
59115
51751
5615
38149
45066
30112
27622
45968
32676
30356
45142
35863
32713
24687
48647
15314
52033
25660
43488
47880
46071
42550
41702
14485
31396
39257
4580
21305
7923
12541
44417
53560
35344
39337
52294
42755
10792
32180
59133
18034
31265
21316
56556
26151
32368
55804
11850
51792
59493
44198
24697
12302
11881
28040
5604
49200
35927
3698
46421
27850
14904
45763
18781
56627
10111
24897
4207
10291
41369
36553
8963
45026
23147
50742
39211
19020
3440
17716
58036
22501
36679
21608
33858
34151
38842
39866
59435
13345
13985
42132
37442
30419
11141
46526
47754
38397
14670
6787
14600
25601
47788
45649
57595
18114
46315
19259
15123
28224
45445
10368
51011
58828
49389
29346
53759
32739
27780
27675
39369
17043
9841
12987
6663
33235
40264
22251
4607
19642
28763
8813
5772
55145
28885
26830
49004
28905
40286
6840
28359
33169
36063
41333
36910
40990
56420
23477
17362
20843
49339
11501
11854
11170
29277
59422
30021
20889
28302
22522
34629
52651
59664
27895
4033
31074
55190
14544
51853
44591
46343
37563
4933
24788
55005
6015
36002
29495
11714
41246
14079
56739
5329
6898
35524
30439
49174
38168
23330
30633
40892
34939
22012
50393
30653
19682
25914
30662
21396
27935
34896
40413
12787
9274
50903
37405
23464
47332
14862
34476
30617
32216
31120
28960
11796
32229
35953
15339
38041
16119
41725
43304
18064
13119
48313
7769
4828
23909
6669
4927
46421
56668
11375
33301
20330
10758
27257
58459
15097
36947
10340
15413
48507
3486
40553
19903
12242
53318
8208
31687
31654
51992
8334
17492
45404
34231
41038
5203
23880
44233
4816
30532
50652
39920
19350
18352
11260
46575
45350
26269
49323
14173
23185
41771
52043
25075
11789
37839
16213
53188
41747
43068
28429
54761
28189
58129
3547
10719
39612
52940
56034
44510
24499
32511
13398
21331
6845
45985
24851
44961
42439
11820
59339
59533
38250
27398
59519
21503
45787
38550
29440
17886
30636
30229
8427
49308
6584
41256
50093
48584
39390
52941
21202
30041
28549
55418
39260
10153
14274
37524
33647
29245
37483
46964
25482
7221
33347
8459
38003
50521
10162
30797
42432
48225
9885
47267
29838
19784
52032
48426
24904
19415
53472
56011
18669
29834
24654
5036
49589
4296
17106
32505
20656
10203
13433
14934
54245
11730
45258
38674
38882
50003
36541
38530
19775
24577
23356
42070
47003
21586
57809
55428
49507
12836
28532
15207
33015
7710
25262
22619
25843
40165
29500
33451
49428
21483
11835
24084
55295
6807
37230
46921
46970
17340
54126
22364
26339
52224
49806
23944
40762
10256
47435
9392
57380
14269
23129
14270
39570
21468
51736
59906
25491
3181
32933
7278
47478
24132
38707
45132
57864
41105
49894
12863
28099
31238
55238
14940
47169
34426
56980
23275
11701
28969
14330
25042
43615
41184
49825
33735
35067
3705
56137
59641
48717
33154
31247
48842
21797
41611
30877
7630
36738
50539
33793
36740
42512
46859
26383
9073
13958
56595
46075
36379
51048
18575
42758
14043
36541
15666
16605
6875
44646
45305
13018
27304
23218
41279
32787
43069
51785
35227
39941
59319
20997
43813
9127
48171
35026
14256
57077
8130
42466
16385
30339
50304
41370
59149
57728
33379
8220
11581
49507
8095
11329
21731
19812
14067
7361
56827
8575
47159
6701
43535
5866
18022
30393
19357
29944
45988
35149
33712
50827
50058
59068
29305
47579
37669
35721
47221
8883
5429
41473
25876
38278
21794
56994
23201
17084
56231
53971
34990
41740
11277
44824
30789
38098
40665
49889
45865
7152
34484
40690
57813
13832
10601
29718
20376
32643
33936
15716
25799
31748
46309
24409
45778
3444
51922
33362
11492
47512
45617
35324
20315
55328
45355
8060
57736
34400
45158
6138
53524
31479
34083
17415
17300
22424
46899
53744
4002
37565
15152
21032
50021
39260
53613
31765
13712
50058
56190
54037
53630
46352
39279
24088
53978
16544
34538
18496
41352
19049
42773
32680
35268
53477
34205
43805
17737
43781
39631
17815
55374
20505
48017
40135
6801
53688
44788
23107
21556
31807
38260
34966
34121
22585
23519
45889
54746
42555
26638
23653
36304
57230
55643
49181
17328
31069
59644
33420
18623
50227
32206
45721
33145
42561
55875
38427
25600
41772
44618
52547
20457
18623
50984
40397
51765
19001
9680
38118
18354
20860
58807
25185
19177
43646
50797
51562
51618
56234
16887
18737
