1337
27877
44316
41051
23811
14581
6335
45418
55993
35719
23354
25216
50318
58679
29125
34870
25364
35264
39201
17554
46672
39750
12072
19178
56873
13984
51831
41641
55458
53750
19357
46681
43302
35421
49793
41299
20228
6616
12442
37824
19836
38022
53369
26899
39534
28481
32476
47402
7293
11399
39345
59982
29380
10780
6282
27201
48471
10873
35048
8641
25461
37730
44053
17835
43055
47741
53984
37734
31900
30503
47895
12234
32919
34009
30628
13434
18554
10415
40287
36002
17588
39209
20170
44855
32872
40921
40912
22038
20715
42765
51059
38385
28612
50500
21469
20257
19527
15885
20135
33882
57109
18079
4019
6275
8490
28312
14473
17061
19378
46010
17590
29555
14135
13495
41035
48262
43880
5676
59024
53858
43391
27307
14457
49614
50575
56355
26636
4202
45523
34928
14694
3695
59862
38767
58148
48437
51779
58333
57863
59087
5326
4837
45778
50633
30378
17388
8623
55860
26120
50830
56655
45954
38522
9628
43554
39822
16901
19974
32880
58239
31211
11632
55035
49984
9191
56243
31755
15495
49247
48161
44608
57122
27769
58383
28704
54543
41743
3624
10851
46736
42788
14909
52295
31213
42395
3276
19669
8584
29467
46609
58979
28416
50855
12161
38365
33492
38414
51873
40703
15794
48052
57910
4641
14139
55430
5084
5188
9712
54099
14254
29370
21666
44123
21126
51192
15107
33433
7658
47693
24653
15063
24303
18469
28647
40343
3335
46491
7446
57244
34108
9400
48267
8761
26385
27738
39665
35511
4224
38406
21327
59907
48765
5348
54321
19267
34226
27217
11854
42360
57776
39066
34206
26128
5822
16829
22311
11770
10463
16469
23960
37777
35774
10495
40744
51739
18632
59331
15846
58493
41083
45270
22133
3668
41912
14944
34895
57828
43956
8244
16260
46721
47221
34019
53844
27772
38197
38929
31418
51026
48010
32469
53868
54023
58772
15119
49359
16113
42287
6915
44234
18483
50462
53481
29867
16275
27252
28819
43082
15809
14808
23427
9743
43406
48630
43135
13549
49921
20746
53186
25261
31382
9963
5735
21062
37581
16040
11143
32123
4949
12311
9997
44055
18201
15516
34027
4273
40708
10218
18013
51238
45965
45288
16672
29267
10778
11614
53886
58451
46093
14641
6384
25177
39668
43535
17835
26727
28244
11318
44536
14200
22711
38083
17355
52259
24858
11025
41359
30582
17174
6029
44210
48371
30389
54029
50339
40899
58330
11293
35451
14700
59147
17836
38769
10842
23331
38999
32563
17165
3165
28011
6167
46029
59940
47554
19839
47835
42047
24497
48355
7660
6926
21411
33719
37816
59834
7106
18358
51498
16697
54020
35449
29134
24485
14826
40515
46659
35006
12609
11738
46677
16412
46734
5062
38776
47653
19274
40208
30097
47025
27786
24529
3738
50074
38770
51198
13881
52385
28298
43038
24091
33128
38162
33179
4330
29136
25270
32651
22645
53834
52627
19441
16197
57134
24128
3500
20236
29472
54197
22434
27628
3800
14819
46374
18863
57280
55631
21397
34286
14173
24929
14522
11403
55155
37243
23164
34890
49719
5736
46112
20618
39596
11981
40576
11350
8287
58399
47984
36759
52429
28024
52134
17969
31822
20394
34478
26339
8507
59025
49620
53235
56868
5909
32362
53570
19967
59297
34416
57112
40057
12071
18837
29123
20707
25656
40288
3042
42792
28643
17485
56858
6043
38978
52160
57083
28514
45239
27852
13375
31499
8300
11324
31357
21514
10798
34092
57570
24252
54175
45138
17236
7233
52698
56968
58140
11196
56222
12831
34580
53920
25984
16773
57420
30165
38341
17948
13928
5666
24129
29337
22695
35932
11410
29187
20004
56821
14830
8736
41701
18494
53314
4718
51727
8626
29406
38730
5626
58411
16866
13650
5624
47671
6432
18543
15950
53315
22245
30441
36187
59712
7638
44663
7446
39725
22086
11824
49207
46372
23913
14624
57702
48878
32106
33784
39035
30379
12310
42087
52381
26486
49470
58700
55858
40626
51253
20081
31593
19447
44597
23796
52015
30322
49630
53860
52464
3324
9250
21484
17005
18271
26897
44715
3225
28364
20688
31022
13705
11325
4810
50775
52814
44726
50788
29568
46055
32116
53413
41314
7287
58406
20368
54864
6377
34162
25005
26103
17200
3499
52631
55574
44299
53493
32480
11691
50260
22487
13336
58523
46847
11087
24407
57194
20017
47815
46206
53688
45675
30490
35128
23795
17029
17796
44539
45597
35422
11503
39486
24523
5795
58259
23707
51200
51115
10573
17639
14546
5670
5568
19812
57285
4748
15672
35243
24300
56334
48930
57687
46699
32433
19104
50410
51543
40217
58112
42557
25753
16841
50546
51679
14473
17554
17242
35648
27795
38289
26959
54363
43771
56033
23958
21371
38395
5274
41564
46369
47975
56469
47627
4527
41901
17711
30796
40315
52324
51991
31307
12235
48521
7438
28060
19304
24438
27026
6334
24628
19230
20511
45765
41429
54431
28929
33746
37188
15904
37640
41239
27897
59649
50669
49135
45283
4860
12658
42033
54756
42727
9039
8202
29059
40419
20011
8826
17976
54018
46977
50798
33953
9039
12126
52908
30733
51830
47115
22104
37777
15295
24727
51644
41092
11078
42591
43933
21006
11844
8259
49651
52438
52863
19944
55030
7736
49716
47302
10914
42551
14358
30049
33571
11347
20673
23331
14606
28259
43746
9444
20704
58320
39895
15160
57445
59460
59934
41349
16156
30451
29958
55257
19578
8490
10242
59086
13048
9300
12118
7099
45490
13752
18723
36142
42900
18656
15906
9179
54588
12385
38992
40484
34866
50900
44113
43767
57569
50123
4225
31184
57407
47832
58818
5781
41948
55425
32561
29833
50972
29918
53968
33740
16211
44794
43710
17955
9606
16897
6459
11171
59865
58281
43719
7534
14107
3995
12122
51955
59257
59241
26915
5000
41284
48579
4666
49614
7048
36537
49108
42252
32160
50506
52349
37092
35541
46613
54154
53386
51754
35569
38851
43050
48106
30775
10511
37096
25025
30588
11075
45727
14362
43647
59191
5763
26785
24596
40797
39756
6856
49060
51988
43127
24918
26738
22889
54176
48870
6001
47933
56700
58112
20201
10052
34684
26417
9610
7172
12660
25397
27507
15139
26319
43903
16827
14275
51417
29217
9478
32587
36305
39169
31387
55793
21882
32044
46891
45134
23385
25292
49811
34468
43251
49836
4550
14137
57778
56582
20866
39557
30615
55661
30104
52503
9866
6783
15069
41039
49310
40055
54307
23811
9687
16538
46510
4075
22817
30019
53304
36387
41152
20455
35356
15685
45971
18345
57104
38489
34888
37184
3069
26166
23708
51175
55892
42934
32939
19336
51406
10356
41301
7378
27239
51888
52115
46605
56504
37961
36070
54030
52885
24772
14474
40941
30020
34437
37282
3425
28310
4105
11916
15375
10134
30346
7674
31224
53852
36455
21607
34081
53137
54367
14788
38651
24264
54391
48406
39056
58438
22468
24793
42738
31161
59173
47100
4448
28416
22424
21980
53973
6369
20476
53145
46221
31679
42201
30323
27622
35583
58334
13357
8561
38510
44566
11943
49208
15669
33266
55462
26536
4992
38712
33086
59733
29790
24079
26690
22436
20003
37753
3570
40481
30318
49667
53210
43126
33924
36485
16480
43405
8249
58438
9004
22424
56919
51039
41835
26805
11515
12944
46383
55048
58912
54350
17509
16320
8090
20081
4346
32916
59373
18544
21277
22661
25538
30045
50872
27381
6725
30439
32848
55561
10359
36027
25325
35630
33221
7818
54440
24477
35450
30671
54275
37956
4453
17594
30960
59527
42147
14068
32737
28550
29642
22863
26104
13675
41098
23749
51532
59197
40562
34156
3224
39470
45537
23964
43484
30008
8558
50170
36889
49102
24735
53108
19531
50418
38395
4969
41352
8537
17725
4864
43518
27292
41425
50355
33216
18566
5716
4755
32299
25644
7065
55877
26657
15565
26154
27471
23799
10367
48450
6839
51201
56291
30676
56948
24626
31272
49700
22602
13852
59732
39396
59664
46489
58643
46584
10326
13934
46677
35666
42225
59340
26147
19853
59793
48726
42573
29518
41207
49240
35856
26605
59982
58752
57836
28832
39700
50020
9520
52142
21108
22139
26152
28075
32648
3820
6025
22809
6739
5090
56912
14133
12562
10312
8622
12402
40695
16176
45994
52821
40996
32909
15287
3299
11372
5018
5085
30707
11577
49479
31361
7869
54758
31751
34147
41321
43351
34234
31696
38787
14523
16233
27907
50430
44205
53537
26193
52994
17247
57191
5412
20507
35652
35413
51386
34918
39928
6957
4620
41439
38718
15152
31993
31302
8864
45413
56776
43160
20877
54095
24436
29459
20851
37714
21225
13424
56178
44716
41250
58076
46203
27253
47260
52261
