688
3529
39437
5594
52567
39866
9374
13871
5065
4948
40963
57440
44006
54599
7139
5404
51852
17029
31925
55977
29305
15467
23734
8059
47432
31545
26999
46083
35097
26046
23464
56196
37912
24836
8185
35239
32620
14568
27214
33255
46507
26439
3724
8713
24484
8487
47531
5016
21222
57440
28845
59919
7449
12378
30556
44919
24258
57560
33347
36472
38565
58348
7791
14576
35539
30884
11820
23184
49206
51887
22056
29328
7443
50198
55110
16059
6193
23778
17995
53565
55411
34404
49495
33435
7859
18459
43733
8768
37013
37066
40451
36513
40138
41670
33967
52231
31441
9727
22493
4011
27680
52947
48311
29727
27303
57579
49302
41306
18873
23888
28671
24630
17887
24381
7346
40008
4526
12915
44447
42216
27910
20550
7490
18563
56205
38910
53258
35594
50060
36478
25209
24816
18033
22163
50855
11304
55173
3724
3586
12425
3632
58971
33939
55413
12590
49378
9415
40146
10033
35060
35357
39538
47206
23840
6197
44908
42504
43917
6986
26186
47032
53098
32716
6160
57555
14259
34738
54811
49316
22170
17731
19723
31242
21941
16269
43485
13545
57822
28460
59272
47701
6057
34903
28778
4602
31879
7246
38150
58685
26447
35243
7478
47559
3894
10350
48615
7337
59506
5957
40867
42507
27857
40813
13592
56100
21304
59741
43237
19638
53291
28941
13180
5216
23554
32149
20439
4236
3804
35873
16156
5852
41504
9067
41353
12582
12838
17822
35614
34414
11612
27446
38133
19513
27424
17918
23248
43395
16732
58878
19394
33283
46326
23529
33003
23622
32102
45970
28642
58745
51519
57488
55408
8889
27105
31970
25368
58677
11902
39701
47788
50931
22366
22872
55205
30925
4018
19030
39764
53140
21191
27814
51394
57769
56529
17728
26619
48267
6486
45826
53304
5081
13964
10741
28453
25274
44719
26893
27890
21521
38555
35580
43098
20937
7759
35504
19489
45122
14051
17660
33810
28114
25608
24466
20344
42624
48644
12044
36036
9974
54212
30317
50593
29326
31965
3995
13013
30579
56511
23526
41677
55107
18180
52806
51138
25334
40910
20796
20677
33883
27945
15286
19029
4068
5153
42299
43927
50463
38931
57288
20067
32374
34528
11461
4282
56535
55455
15872
23212
56048
54087
41766
59145
49810
27472
34321
56322
20272
10008
56165
31750
33175
11889
49954
45172
31876
20114
29721
23934
17209
14491
6237
38588
50122
15931
36043
54223
36063
3336
15010
37730
23528
31995
10149
16905
39238
19472
50905
32681
21272
42825
59565
33784
8979
15248
26342
17337
26075
44055
28181
8512
47301
45548
31151
54685
21738
42736
32936
17471
56930
30861
47304
18837
29654
35295
33329
3867
52300
48118
4695
22886
22554
22523
13618
33678
58104
37238
33060
25632
11527
17261
47517
44214
55579
51095
41933
53634
46585
28890
41197
8552
30976
29858
33038
40893
5317
55186
43102
59352
4214
48622
27222
52493
53580
20291
34788
55340
11012
44140
48399
18290
55693
49505
59727
58704
48178
37539
41931
47015
55821
10192
21562
13918
19299
21749
22379
53934
25515
11375
8504
57943
15353
17429
54709
45985
52030
10993
31883
56079
16455
51832
26329
44962
28430
17802
56420
42634
47019
3305
38969
12253
27601
45925
38746
21124
14096
9632
4991
33768
33850
57062
3262
55856
6403
40525
9245
36733
21869
37567
19807
57106
46510
32002
35434
34793
4930
4274
14721
44214
24049
4398
6004
5963
3298
21700
54359
4232
28493
23661
25730
25881
12892
27618
35093
12195
6313
52537
36954
10067
41371
7003
25457
24915
36176
55584
25964
10968
35299
16418
4632
4571
13519
8358
41144
34104
40136
12844
3499
27779
11827
33429
51597
54564
6319
14736
40445
11340
20964
25962
36631
30359
35809
43894
15717
29563
37424
28476
46003
23994
3541
30585
40283
58707
39426
49867
22039
57193
34167
46044
37100
33196
38125
3170
58005
56520
50296
44494
9325
24681
10870
52721
41787
56668
17636
7279
9042
52025
18353
47581
50172
39398
46393
13669
10338
40338
30199
54665
39230
30080
23358
11496
45103
18555
3278
16201
11452
32964
29376
30733
38086
33125
28078
19239
30147
52518
59753
16579
39887
5108
24845
50899
46830
6139
40080
38542
17769
11730
8214
29524
42909
51494
49216
33448
38807
14223
37988
39246
25411
28930
23580
10478
44865
51429
14892
51907
32825
38795
48125
54029
29264
37962
42581
33926
29755
51161
14725
39846
47512
4436
37802
