266
4517
46540
31037
40542
33637
48619
29847
12297
29755
42394
51425
53068
17980
57334
45092
5168
17300
4754
18409
51018
19906
41282
4929
33219
35351
41991
12345
8915
31869
25849
42990
44693
6665
30751
32214
45899
45918
57374
14508
52081
42274
40579
7186
49722
19698
27782
41598
13508
14569
44068
54982
18439
18007
51071
13268
33649
28894
6196
25534
22341
39326
31810
19843
58545
25083
39522
57963
33786
43845
17009
47726
49570
3678
57825
51428
33277
46508
56436
45039
28706
42254
26297
35526
39314
29863
20172
42649
21910
37487
13852
55358
58114
6082
21084
38549
43065
37854
47422
46061
24832
3186
37310
29891
59569
9651
37743
24476
13870
34682
19090
9124
4719
13336
26401
50391
44140
24335
53931
21956
10595
42687
48070
24166
51928
36338
58362
30696
14373
46123
57112
44561
44784
30886
46336
43996
27816
28206
59727
15838
39439
9788
57379
13459
30941
12304
45689
22422
39188
50655
6459
59701
15237
53976
22930
18000
13328
24085
12910
39569
15663
55164
29008
34287
38175
46854
57370
34272
31318
9341
15854
22960
33170
37363
12761
38241
9099
59373
7463
27317
9149
9676
25650
33189
27152
58792
13131
42720
44584
46025
7496
10278
29634
8818
12561
45918
45890
14326
9647
49318
40626
37622
29048
37698
38627
24043
18559
59728
53931
50431
57584
26469
12454
58470
44323
49901
15142
50262
32677
27742
17231
34124
45116
39569
52240
49617
44940
3520
50631
46828
48316
53016
38733
43971
32244
4288
58845
53711
36743
36527
22743
42592
56345
15153
33275
15666
10894
25848
38256
29348
58009
19092
27724
45560
24002
36450
9494
35264
42970
56059
42161
36759
23952
36760
43653
8608
17631
