1704
6606
54110
32928
23764
3939
24224
52257
38440
10739
32797
21699
14719
5764
12501
34239
37276
34766
10873
7110
36427
10591
17585
10832
16147
19659
48409
26147
20327
16631
50276
43212
54096
16515
50746
46376
55325
28190
34705
38516
25820
38948
5311
10140
20045
37335
44194
18378
38361
59315
16697
28637
32654
22581
26558
38515
44801
47830
27323
34515
48085
21246
43717
9831
19546
11202
15605
3982
56270
22703
42928
5633
14918
56036
14593
57011
43666
36504
11385
30733
57947
16024
13800
58526
9937
12446
45916
40625
31272
51931
59247
6714
19498
30837
43842
3281
34207
44188
11487
27836
37785
56427
52535
13199
40254
45423
39382
27972
59871
35323
7520
35523
7213
45369
59405
49098
45484
27296
41037
22143
18330
27173
43896
33525
31479
20516
38692
20696
55401
37960
8445
34086
9569
34079
6160
13689
19122
11323
49548
34897
35921
44827
24521
52128
9895
20475
51838
53706
25020
30670
39684
39982
29241
4165
53074
47068
37876
25693
21291
50239
51098
27008
13686
14497
11843
9008
46184
27564
10495
40139
44577
38672
25169
27068
14531
4407
31473
50130
16413
57723
19095
8615
56979
57243
14002
59654
27464
52864
56955
37416
18979
42455
18340
46786
5211
53707
40973
45984
32635
17040
47737
37154
46453
58606
37625
33697
5440
19799
48865
46989
35577
21717
51856
32198
30068
27014
45384
23966
35550
7815
14051
42142
3978
33219
57224
40504
42951
31743
35155
22320
7947
24522
45316
19409
52178
18710
58204
58881
40748
44713
55765
24444
24946
24137
45317
38389
18608
26647
17300
20953
30758
59934
6999
49916
47358
6681
54757
18309
43944
48146
24437
27759
41786
4297
13018
40004
40435
12067
53005
17704
47859
41347
52138
41408
31962
57839
52212
33490
44000
26655
42452
11406
49173
45681
10144
22210
55442
10947
46180
53060
18830
38188
9886
28878
54264
15014
44652
10108
32371
53924
32335
37751
38381
15212
25332
41892
17020
17404
51218
46484
35975
4782
3457
38177
4824
18919
54970
29665
4046
25347
14593
38334
39271
44459
37116
25396
32511
46675
47781
15802
31571
38032
25139
23544
11498
52563
13049
28201
9770
25588
13797
18247
22573
41886
55924
46489
36840
13076
31546
55840
22423
4554
46075
37139
56098
43631
13634
40117
32474
34783
20809
25748
9085
9565
25812
8284
19230
7018
25704
41899
21673
21319
12227
10717
23759
8614
29722
10004
42312
57329
26828
3092
5726
11803
32852
50656
27246
58617
9049
51852
5684
25048
54710
44491
47302
8903
35536
24029
47092
37413
28201
25927
41726
11668
59151
7682
46582
11159
56027
34293
27483
3243
10210
36068
48889
49573
13482
49864
24875
31205
13882
22331
24951
4764
15342
53970
49329
25653
17293
6614
21288
5967
54429
57027
35817
54311
59201
4411
22080
47976
54267
35542
26236
21822
16121
12373
40075
5417
38324
35344
6162
53052
28500
40512
26631
57361
15615
48576
59665
43100
53591
26778
15194
15086
29978
8002
19468
36174
52500
50298
20190
28569
46219
38116
7236
33826
52058
46809
25620
46009
27411
31927
47227
40199
32276
32568
40586
53999
55656
10203
20414
12192
9047
59096
35670
22934
27042
56892
21043
15468
23255
14328
19016
5853
17310
36826
47852
12731
16061
12387
11167
33289
11408
44369
31643
47011
4290
19920
52897
21678
49580
53638
42348
47273
19301
28299
59913
52864
42774
10250
8292
33058
40911
28411
6846
38697
54145
46200
45378
29147
14829
6499
24268
51146
15402
53732
18844
37955
13839
21969
20513
10816
11514
25974
19277
53383
24717
33597
8944
8464
30669
19087
19197
16747
56712
42985
45953
23698
8978
22093
20994
7594
30884
27208
20756
31997
7748
38700
41507
27399
45059
17702
27916
32126
13454
42757
11358
38748
49126
27922
49026
53260
29513
31477
40603
4863
11050
28023
48671
15379
51296
58510
18281
42135
16783
5284
24919
9662
49204
27132
3612
18445
25647
34407
3160
32565
29955
46096
16984
5823
4784
28931
32344
53959
32297
52699
39602
7253
15637
27840
8632
56820
22712
10557
30360
59358
42093
29454
27965
30842
52216
3871
42801
4983
21109
17356
9955
37330
31689
49455
15549
44103
23824
28194
10147
54414
26529
4090
24254
48825
39168
10442
39140
50797
29374
39687
28338
41625
9233
32297
39981
12651
56916
38184
53962
57226
21237
48747
59285
22871
10609
18519
42585
50183
15909
50457
19625
23709
4865
50826
11814
37759
20617
54786
49573
46674
45233
17632
44435
6524
18476
5464
44142
29744
3525
30875
30646
48373
8033
36749
38488
57494
53631
12803
55669
24285
57537
45196
35591
51211
28991
4880
36837
16122
59784
4603
56116
54049
31289
15268
58368
26818
19419
43953
52938
58370
45495
22415
30560
53535
37381
29647
26876
17073
44926
39700
23652
22568
49527
35972
46443
15599
6575
11578
24798
51228
23141
21840
42170
53030
57758
3870
45469
4764
43354
19805
22787
7722
26571
13644
44833
43851
13354
21086
18144
23443
58341
46178
8603
47985
10202
4565
16417
30383
47651
14770
23607
12295
41453
32719
45134
3770
59121
9814
7338
22328
45997
59414
20838
12987
21864
12584
40240
3147
30831
56167
31033
25128
43057
49911
29243
41082
10945
42734
17996
41443
36487
58948
49557
42252
14342
9608
59465
6302
21420
3020
47608
36370
13067
28951
57343
57229
5077
10664
55835
51270
58642
59222
40163
37405
10224
42794
9384
9919
5490
49498
35847
34993
37210
7499
17328
38356
20361
25474
42542
11545
18094
44738
22230
16676
43706
25686
29202
58185
19213
56626
32332
10419
46655
42090
27596
52093
4063
41139
54516
39409
57512
37658
55960
29347
50754
7555
35741
34065
29563
46944
35008
7114
4216
11222
35057
54265
39280
34202
11707
31723
29745
12986
30064
40630
37359
12725
19285
10326
12345
36578
31318
48639
16971
39410
15097
33302
45725
40580
41765
41097
21163
55233
53970
14063
13877
5852
31900
30653
50902
39995
34549
13206
26872
50688
45230
15026
46776
15630
50035
18311
35965
26954
55705
25913
56533
14625
27067
16046
6572
40021
20288
9645
32646
19829
18156
6158
18776
49254
11103
26280
58002
21973
29095
32372
39887
42958
29847
9848
17431
26188
58121
3442
33192
32961
32565
38447
39698
51010
53912
19763
25460
39685
32864
52945
30271
54324
52740
32363
14038
24300
22188
55331
10237
29466
39760
19215
21727
42087
14816
12449
10160
57023
26294
22310
14644
13893
20264
50126
19932
21619
26517
53106
58438
4151
22681
36929
27294
21009
19059
57603
35656
56623
57584
13302
26275
35399
9928
32499
6721
49987
22300
53491
46847
48511
24147
52702
20702
50055
57278
34799
26196
39738
28004
14013
58033
32993
30150
25025
41573
19372
55030
40045
47908
53395
7559
22852
27048
49383
18608
36296
10266
45422
25310
10833
18188
21480
21846
8934
40020
44097
57267
12318
28855
8688
11843
31702
13385
18420
28658
9712
50869
54414
18734
24545
41599
50839
26323
25813
47491
59078
57860
8235
57790
6789
5106
19263
18559
5283
52611
13511
37037
58917
25610
29558
40510
6778
4983
40646
37032
15202
47140
50105
47047
27092
24302
56964
42850
51629
38029
28953
47725
28661
23676
32866
26097
9877
13809
26446
37957
45531
33495
58741
49398
18663
37511
23628
48311
18679
51273
40759
23155
20837
10312
36664
7533
49192
5661
42029
54157
58779
38527
17706
48875
24006
11751
36243
51048
57365
17838
14914
37740
23583
14556
21400
19023
21044
44547
41070
6217
8991
42957
4585
24401
32067
16515
42539
33253
30109
25296
24692
39940
8645
9938
29688
50884
48871
53885
32217
54722
52572
10051
6787
14483
19527
22567
9489
58888
52792
39097
31659
53860
50446
32673
51152
17502
8117
21333
17219
55871
59881
37210
30678
30416
6527
52395
42207
49463
22237
40336
3766
19258
13494
55024
31736
32273
11969
38980
42583
43702
17115
31040
34023
48584
42571
7030
4570
8079
11083
23611
36447
26019
47631
36653
40743
57879
4586
40580
39463
21784
40800
29545
14283
23369
32426
10184
3595
24687
45147
35560
3162
13955
11847
41311
33582
29271
11313
39105
56278
54247
24371
12521
43570
22049
34249
15672
26221
39547
12241
37476
49271
37786
20520
28483
22982
40216
45023
10699
7671
24515
14809
3914
46015
22190
56825
30179
17009
8737
42695
33500
57982
41322
5177
11013
48991
19008
24176
8230
58668
38616
13762
44987
16859
44512
3298
56086
20316
33940
34198
42987
32926
20776
32540
51685
17336
12831
28373
5289
37828
26339
32906
4871
6971
36125
5645
51250
37190
24760
48201
34270
46611
49248
3212
12292
49051
31328
25692
21804
47855
39917
3283
13798
35474
47664
51261
53111
40219
19746
24878
55208
41293
43698
30750
48270
41033
26382
51536
30082
24262
9597
56007
39070
15528
19001
19052
6904
58883
25083
21464
58569
11309
23251
32494
49108
18839
31387
21305
50028
15398
31677
34369
49254
52837
23016
28771
12341
7876
30602
12033
55108
34600
16124
46683
30317
19910
55763
12178
45331
26902
30361
47093
4995
43209
29871
51458
7363
35642
40740
53263
33252
59027
40972
38787
19827
32268
22297
18909
47243
31870
13702
5792
34089
6613
40386
47151
41247
38122
41739
26582
15511
16956
58978
42721
5611
33652
57151
17912
8592
37093
41266
34516
31726
27179
45033
52285
45381
7738
21677
35474
35851
44589
20018
38808
57981
53133
5767
30555
39983
25747
14727
13355
33734
6449
26558
59882
5865
24276
41966
24755
49050
19206
31159
15372
25475
31770
5353
17268
19258
26666
48698
6536
5619
21825
33547
19339
10160
40705
52291
51585
47170
53813
32284
39655
20710
11668
37865
58568
4675
55431
24544
11286
17795
8743
16916
50014
45904
23207
39203
41261
24789
47691
42920
53240
9840
25451
37240
19248
34644
53321
59534
58292
54778
24486
14816
18976
22222
51193
20440
39879
38650
9915
26917
43575
7918
25833
50833
38005
9074
21071
39379
32870
58481
48699
38109
23796
28761
51972
53480
26696
3994
16029
53630
38606
40482
59817
29708
41413
17967
32271
13802
51510
36254
10384
28772
8676
50654
15111
46098
20276
48246
36971
22734
4091
31178
11883
54935
52158
34342
43046
5870
58904
57635
21764
24735
20413
55577
55993
11919
29304
44574
53488
50095
19185
41791
15788
45837
9589
40745
5970
20386
7347
14924
16949
17695
58853
40172
35145
53134
40802
5276
59329
55275
25310
10347
55806
45280
35173
24113
11036
9954
23110
44901
11300
26506
41191
38894
13974
55075
7211
28154
14286
55627
32650
47436
34683
41730
50627
49157
52253
44407
3326
34275
46018
48593
33970
32986
52361
22606
57804
56200
27811
44127
58000
8180
42977
39195
42808
49240
48678
16493
46353
8821
14146
6710
12812
28798
51683
32865
11792
59371
54906
55707
22812
55035
5195
26169
53934
8933
4623
25347
26498
9276
4460
28468
12403
54907
19610
30832
55271
11453
53260
21395
41512
26878
29130
19984
23849
31668
58782
40443
