546
53325
40098
39956
40417
55268
48853
39058
13150
20110
27419
57438
8558
24333
31544
28190
29025
56955
27870
59051
6650
7691
50808
26732
16867
55377
35594
45906
50539
55857
19534
9370
52402
23879
44165
23549
51796
46044
24149
31588
59726
12266
24114
20090
42933
40775
7740
10042
59427
9051
19981
58867
12756
25394
6403
55498
31606
15735
36085
20392
36562
6616
29473
56068
25589
33950
50423
39461
3295
41004
36747
16855
21647
25226
57377
34060
4062
27730
58781
32651
8696
54242
33204
5660
7979
23157
55728
26834
20558
54043
20522
43484
7513
35724
9007
41221
59990
59295
11075
19470
17290
38124
55046
59642
58637
41984
5535
11874
11494
32942
41423
45336
44746
8723
40727
58251
22507
16852
29133
36727
11906
52056
52676
36741
52555
54625
48781
58237
59327
3870
15790
29523
53990
9445
55356
34292
24760
55861
13841
24255
4821
57885
14326
5803
59841
39454
43062
39151
14403
24445
5540
45750
20388
6818
11537
58981
41954
44190
51710
53897
11260
20171
16755
9110
12591
45359
53596
39736
38977
10604
44190
9358
51152
32514
9863
17378
25184
21246
49061
13694
38300
36746
47709
43862
3763
6815
51278
51719
33526
53344
3190
26489
19005
23234
26267
43965
9491
5139
28196
43237
54180
40445
24161
32909
41419
6093
42282
34868
30608
39389
59134
51434
47544
57673
28170
6515
7056
29503
29761
17302
29026
27846
4636
53029
16364
23195
18590
37224
58432
6769
40444
41590
46304
13096
43871
50310
6671
4425
54256
21426
8469
39855
25239
48570
4097
8932
50068
48851
40361
52070
9277
37182
39523
50955
30810
54852
47509
52776
23831
35398
8100
50508
37011
18707
17417
3534
57635
18652
50593
47661
37885
58073
12318
59697
34765
54748
11827
48079
33275
12645
49005
41707
6566
27098
10978
55030
4114
17317
44670
35783
16848
20637
38959
11267
57335
11443
31424
8675
16552
9600
41598
5796
35860
20363
42715
33245
54748
11088
32162
17828
21882
7812
38960
39764
12139
54619
20689
16535
26791
25588
57723
37508
20525
10747
43568
37088
40272
33666
47145
28649
8721
31857
14451
35108
6893
57054
8609
6144
34504
13210
50546
29940
59792
5699
38479
9525
9641
53529
58533
34641
39292
57676
3117
16329
55580
27456
23323
31737
19869
24811
39534
42080
42797
31673
45831
5353
21559
55712
11134
12131
22512
26307
19881
18354
36106
26519
18098
20047
40692
19019
28054
45813
10627
8995
53833
55906
17514
34284
25438
28461
26963
51795
59934
23626
3118
47972
34667
5051
8199
47326
5354
7113
14433
52510
36893
54015
52440
9305
7606
34723
14317
44719
4683
36140
12594
36187
39332
49571
4323
58985
27947
21039
11197
42208
48753
7040
41653
52938
36842
28666
42029
45372
42264
51819
52743
56396
19672
27982
12908
56014
22688
24180
41512
23366
29607
45357
48159
47013
29999
48428
36573
35981
7582
32699
14822
31324
32817
28505
55974
43517
8660
29506
23203
22060
28090
7511
35489
8525
3920
30807
3446
23933
31747
42819
39379
32677
25625
43007
47228
47918
10362
59433
19690
32421
41831
41472
46262
43245
8238
21510
54021
3836
26341
54919
9979
22039
49491
27276
3194
20615
5169
27568
53536
5924
44073
12216
51327
7536
59356
20825
25835
51415
57975
41262
36476
29926
5665
47578
45514
46992
38817
30215
14835
32431
32045
37831
28350
7979
41935
59236
21734
23702
12517
56162
58532
43717
29244
35319
12450
54679
33664
4144
8773
26340
23671
5063
52698
