1717
48408
54481
32421
30907
40739
8680
17029
55090
55742
17813
44456
53434
12646
45670
13712
42576
43997
46383
5687
12230
6192
24503
18528
49891
49320
34132
51954
22421
18293
59553
29834
38224
57982
52026
6195
40558
37714
26817
56184
32330
49293
57752
25307
45819
20022
9775
37908
32600
39701
9663
35298
26637
22555
11845
39355
56966
42146
36690
21197
57230
51315
3881
23568
38409
25527
39102
3153
16760
40959
10331
33343
18254
12245
23806
37683
36543
12216
32355
7291
16549
15034
52181
10936
44606
42333
33067
5464
13298
27666
57944
59174
4383
52898
21167
13135
38711
33927
23914
9913
19154
35480
17207
17160
31805
47772
57589
32460
21957
32291
36355
57226
55250
15124
53382
13506
45334
25751
5354
23575
27066
5507
41523
53036
50515
17848
14752
32013
15313
58515
38779
47687
36584
28225
29796
16478
47059
4034
53353
28021
6304
23747
24743
14526
44241
49573
12478
33037
38999
44343
56360
45582
24149
56158
43645
58559
3165
13718
37711
50806
40769
19257
32072
53137
8768
13977
31553
12488
49105
57420
39138
16559
21922
27324
34671
17303
51224
30516
24295
40741
54504
15066
41144
25931
34407
23883
36035
35097
45589
25825
10223
8590
49743
54319
57251
4247
46339
15560
46054
41676
40128
15254
47634
44420
24691
30159
29209
33922
29410
37720
14398
28862
18215
17097
23416
41736
20203
20431
34370
14848
10876
17084
24776
26542
16069
13746
58379
18975
58513
19228
30142
4867
34710
28598
25605
6612
33618
46798
43109
58346
11052
55487
48437
56378
41268
38219
39321
11320
5396
22676
53473
30657
50860
29127
15362
8930
27193
28327
33778
50673
15911
6223
22992
21779
23080
8992
35649
6927
12411
28632
29206
4597
3002
10958
38317
28882
43722
57672
54106
39459
15667
30668
23135
20699
20512
27367
26322
24415
6997
54794
54126
46489
23518
18113
39464
14986
38128
39709
8430
14880
17051
57814
20878
29501
14482
3863
35459
47213
10663
29610
8083
39388
23047
16926
22517
38321
38985
45515
31439
44484
39529
48767
34595
47905
56232
48975
9955
21409
53638
30120
4904
14559
13712
59379
48382
47444
27938
26751
5530
48460
33198
48353
49696
36293
21459
25991
52296
3679
13311
51530
57082
42318
21991
36546
10298
8241
41558
23829
9115
3588
33385
40026
54310
25151
25128
37814
37489
45008
41286
43809
51960
37703
38901
33814
31653
46407
32162
53614
38438
42560
54282
15674
15790
38943
11914
29539
57714
21405
17424
22905
57640
51626
35246
6467
18520
48155
43787
42439
34720
46195
35775
41461
21215
31013
5051
54630
49847
6605
47498
29598
58863
59424
4641
49375
56760
25809
11177
49917
39611
37803
54383
34878
41304
59668
54928
19301
26353
20939
45247
18301
50434
48859
7634
41814
56811
3582
33958
13209
3212
24801
45217
49078
15466
59360
39586
56585
30743
26566
27711
28733
3992
40354
16970
28512
57176
32174
3122
15109
5006
24230
20788
37744
32304
23831
57526
28223
41594
32607
30766
44466
49628
10769
25660
48721
41128
28690
30794
11785
37259
54718
13123
26531
26196
22829
3281
3354
56182
19427
48805
5106
22938
45999
19481
20398
12063
22605
18207
34887
56190
57559
24369
15839
34283
45070
23084
22112
15659
15018
28495
53680
3306
14294
19587
6059
55377
13408
53970
11414
25341
20093
15836
17706
56050
36071
33020
26100
24032
11244
11421
29155
8291
37096
24390
15455
56592
51798
51973
29294
53380
58490
58562
25357
38572
56841
24151
32092
34037
24541
51263
32383
29184
54518
52865
17833
41590
27772
56491
19506
42466
21424
29542
30184
21809
58757
47704
58894
43169
39253
34297
57500
19003
9916
13310
16466
3113
50317
19486
41826
52840
20339
18291
22934
25387
21362
11293
54666
54066
6754
45657
24832
18165
10777
33258
51731
27463
49415
18986
3872
9077
40755
17769
43785
7085
23508
21326
39692
14905
41880
10524
58442
46336
37800
55526
14323
46663
29406
8031
56718
21073
35810
20864
23752
35464
53015
51963
12926
8312
43378
45378
6818
42440
18345
9718
59535
34345
13134
13804
28641
25114
30753
52446
38023
34677
9492
27470
16975
8124
41711
3561
57932
58886
8613
56488
54460
42175
58226
43477
29100
59021
10484
23736
43062
51814
29520
13056
28278
49799
20918
39424
46818
47144
34995
6837
13939
26237
38226
27118
37625
34692
35697
54418
33694
10002
5810
7633
10378
41456
42448
10331
5592
46472
29684
7497
31774
40736
29854
22558
9056
56139
47953
18679
6073
46820
55643
56338
35669
51204
32903
40921
51014
8706
22059
38969
7882
14070
30379
28032
58696
59265
55951
16105
23539
13042
31090
16603
11236
17568
40111
36645
3565
3554
27422
18634
4642
37684
36521
15715
37133
27089
25805
12842
11729
54976
22580
31565
29591
42878
59498
27151
44212
6657
28594
41926
36097
30354
22681
24998
10359
19977
4514
22538
53432
48247
59738
59147
27347
10557
49811
54480
48769
16085
7289
57224
45874
3853
17564
48509
8832
50220
39023
27061
5086
8172
49046
41811
38094
22552
22878
49226
7369
23273
45890
47935
36118
3836
6099
45350
34194
6949
11572
12010
11246
10472
40708
27354
53478
40046
36443
5232
14761
34913
59277
25549
12158
3793
6736
29374
55935
59826
21630
17081
23638
5300
10287
17058
52752
56649
29201
12700
8443
31750
3870
27847
37933
23317
30332
31543
44368
45055
41770
23870
55566
5404
41275
24739
59071
14159
43251
25685
39149
18383
13164
24992
50101
18811
27808
45090
21187
15136
37801
24586
5975
24672
33539
42681
55138
46549
54846
10744
3637
21136
48216
58904
16454
17137
10015
17615
4186
35707
14533
11426
51716
14593
5494
47324
6607
59390
42253
37004
46465
40812
59408
56325
8430
40276
11717
10181
59407
33351
8328
36383
5277
19512
42564
30456
11418
11995
15757
32297
44253
3450
17079
18161
21402
42887
42995
31557
50404
22530
52765
6920
48762
31401
24577
53649
7284
11479
39266
16145
34850
58345
51102
26262
8104
50298
32716
3313
18387
36166
46865
53703
14580
49610
47649
6499
16121
44608
54414
20533
23914
58174
6624
38274
12117
27849
27484
48304
17715
26485
41921
40141
52915
31831
50844
20962
19368
17607
21131
34867
55474
44722
40078
54948
58922
25539
7173
43157
57921
24674
45192
19495
7721
46056
22356
27310
20791
47413
57955
57093
35674
13800
43162
15857
54550
8294
51482
42746
30615
57912
35462
5855
19040
17498
17145
28512
56613
6143
45297
32318
20607
18353
47332
45978
26312
58417
11806
20017
47583
16066
31500
6538
8799
6264
4764
38002
41841
8604
36228
54925
46839
38494
41755
53736
3450
23190
18828
32349
28006
41447
9192
10636
33075
41080
44702
58691
26471
38916
47517
22356
39184
7405
18369
6232
50698
6619
4931
45738
13988
48016
52450
13343
19983
30617
10966
33083
5117
35006
40113
12004
36292
25518
45129
11750
23738
19429
39553
37800
49617
32322
12003
18007
39162
7947
47185
54734
58398
10622
39581
23620
45278
30381
41403
16010
3536
54808
53529
45163
54937
59014
38475
38368
37362
5525
13255
54387
30244
47390
56638
22373
54930
35159
57021
58056
9831
29389
52558
39258
31427
29826
29124
17691
10070
42904
29883
30005
53797
41431
54601
7321
7849
8332
26291
48490
9237
35819
8827
36751
37473
7220
16264
31214
29118
39765
55761
5509
7396
27586
3910
4309
34834
32361
44620
31620
25849
58378
20820
36204
6932
38242
42651
13447
26458
3154
12447
13887
35205
41881
38800
3159
34927
42563
55765
55081
37995
46399
42371
35871
59396
56580
31649
47096
43230
49112
58573
46137
45214
36751
44968
56191
56839
32952
8208
52305
21267
37881
29823
42554
26584
23097
33295
23934
33141
49327
41791
43178
59859
35038
16891
5780
52292
41274
12758
44903
54628
29352
39312
3849
8150
49041
29750
46476
36623
8373
36384
11265
10325
33201
6835
36768
27124
48043
20815
40189
48295
12614
4158
39227
8558
27440
17222
27730
23777
28003
59473
16389
10510
46529
18057
28652
18000
37177
47222
7161
47958
21090
48675
10413
14046
8339
49411
34862
21651
50176
25756
33287
16380
45063
38093
13555
18495
52306
17899
23651
31486
25163
49407
15988
44878
40004
3228
26954
47649
31479
53836
26244
33688
49994
31718
11877
52290
10696
52483
5619
59159
19965
7585
51133
52283
29367
48441
20947
32034
56106
48340
36117
19465
21832
31835
16085
58462
30923
26256
23863
13436
50751
47161
37267
47995
11393
38938
48658
37361
27951
3982
55332
20148
36881
56842
40202
43980
50005
45313
40286
7382
32052
29436
49393
19893
10963
42503
20208
31643
51727
48154
58248
48508
46644
53013
23951
31122
36350
55159
27981
39251
8173
55005
48231
36814
34288
41448
42518
10860
30650
9226
22088
9252
26104
9281
52954
13735
6829
20867
35142
23382
53701
21662
36535
33641
3689
42889
26726
45061
26259
54995
11477
15937
48936
32674
55375
12905
53464
13059
4568
30509
44605
10357
25713
11291
50328
38525
35520
57546
50235
28182
36815
4226
28719
5993
18615
32040
33653
11411
24299
48818
36970
46716
16332
58259
14187
42251
4102
4603
12618
19169
20032
45136
55330
40369
32919
11081
18935
23644
20206
23047
45404
31962
42338
38451
17091
42014
34712
25739
30666
49720
51513
53919
13067
38761
54731
21970
55885
40484
3649
16703
13325
6660
17556
28036
5171
13033
7570
17788
16607
9380
24608
21220
10544
11786
14112
34944
6373
18676
10287
59269
40276
43986
30532
38021
9526
21593
54114
54200
50293
33010
9903
13323
6972
48718
56827
40052
4743
30645
59216
8137
37625
28520
4810
29626
30204
14698
17998
21953
32252
58946
32906
56521
14691
22005
41117
38727
42887
31827
9704
27963
36735
29633
32621
56718
4806
50909
34822
19622
23043
25024
15942
10583
16434
15534
59444
23475
49576
16901
48477
3540
33440
4005
22929
33205
26336
11108
59085
29981
28552
18661
47008
49921
4776
31685
54193
49895
14434
15491
28889
7851
15023
55953
57613
44324
40589
58589
27790
4792
27098
41281
19826
46374
8071
55292
51604
57095
28235
53188
34023
54192
11095
5889
53060
55181
30960
40165
26896
30085
39643
15013
54427
51208
45906
57347
31827
32368
27918
10356
36926
14142
43255
38135
57609
44142
8552
11500
48183
46318
51959
46597
20726
8876
33113
58847
13471
59471
34634
31858
3000
38936
41250
50358
53839
16111
49903
34902
48867
24976
46392
53363
52677
42474
45688
58165
45660
40584
4713
12405
51153
45294
18054
7612
21817
54066
28839
27063
20213
3712
24726
14949
19758
46048
47717
21392
13229
52291
4901
36286
15520
33945
51069
12760
49578
12130
57747
46371
27371
22642
26581
16624
49557
29359
14178
5247
36479
33280
59015
50259
59010
7899
7670
52285
20920
36509
41634
26161
42642
39587
9117
21515
12249
48203
23729
39988
4834
22989
29749
4869
27370
7585
54255
30878
49853
11910
37746
27599
21955
44090
8329
57837
50284
27896
47982
13627
55574
12100
30440
7258
14684
47361
47277
55092
28806
35402
