1432
20994
21994
38889
45513
23662
36734
39997
49432
7181
46046
57168
17119
53021
11591
59703
16118
56420
51339
25603
19917
14709
32213
50836
49651
54345
50608
6850
27751
39864
12838
28857
23875
45118
59327
45155
38195
30313
21406
39901
37429
33513
54645
20864
6887
38641
54376
13720
18664
29525
53372
16317
15127
55997
54643
27488
9840
42978
30223
44110
29389
39279
58213
35820
49714
58861
22807
27138
24249
19797
24077
22228
59195
52623
3489
22154
22309
15352
21212
10565
17073
32073
59049
36994
12444
39640
29389
26051
42065
17473
57027
12295
16210
15530
52030
22604
45912
17257
7501
21633
27962
44075
20532
46225
21493
30184
57123
22341
26706
40958
26594
59096
22153
25629
38697
20321
23851
48848
26504
15878
45428
35464
22120
3629
22779
44127
36774
7374
15211
28550
5117
57968
49140
9652
42833
50689
10834
47266
58511
6154
38562
16104
55214
20293
44868
14261
45281
48880
46831
56992
29635
37945
8404
48540
58594
14801
4852
38913
14591
3152
27219
9589
31916
12724
23244
48577
43171
31297
20365
55922
40552
14111
47555
39844
49988
13102
40080
32273
49472
8531
48333
45652
46742
19849
11526
16523
51231
46151
40947
27474
15120
20847
14297
44305
14514
3205
11799
20950
48574
33719
38888
5017
27461
13837
19454
51296
45693
42503
35188
13451
31768
23706
56032
13399
20097
34434
30881
38175
37733
51987
46150
44648
7801
19252
21999
28410
5378
42707
31921
17068
5692
14623
26951
37694
9324
46026
13244
5594
29222
58095
57471
54511
45627
10176
35379
27362
40566
43846
46312
49803
12670
54058
26111
41148
20752
56472
27466
10071
13760
50411
38334
37970
53312
7796
46654
40194
34025
5863
27690
12834
38058
46513
34597
30091
7356
50868
4145
48506
52568
58483
51096
40191
40723
17492
48540
11205
46934
43068
55618
16600
34448
44010
25607
59093
29180
21521
49210
12800
29777
46607
12354
43700
12597
9820
17236
53506
12566
24812
5377
46837
11904
46209
50182
52308
41739
27100
18301
15468
37647
24850
28696
19568
59819
57782
51418
45152
3899
35695
47046
21872
11635
19738
5919
53376
24772
5106
51150
54996
6407
15619
36818
45638
29620
7025
46749
56643
23035
6103
42991
11513
17454
6843
3979
13675
34113
49438
30848
10922
34676
50165
21949
8177
41041
58988
55958
55575
46497
46627
57848
58321
52125
36070
13772
10167
31944
26246
33528
31572
14191
7372
16499
6283
22368
25051
31880
39565
34860
17183
47258
6367
53614
17188
21352
41291
50838
38658
24299
39699
24597
7797
20571
59588
59641
12315
31957
21428
13605
57459
23008
8056
15044
46507
26948
4093
57908
33440
12120
30953
22586
11370
5869
40322
29180
27256
38567
56242
32930
13282
48523
48444
6653
42591
46227
11132
14051
13102
20277
27932
17106
27372
21028
25935
28766
3421
49360
15976
48371
5636
37131
54873
36649
18989
15751
14078
5482
5631
42182
45504
3653
44030
44783
46356
58580
12933
53588
31259
44383
53461
43891
10646
7214
18910
21756
22669
40029
50417
42020
19727
51144
52624
5867
8281
34974
18906
35214
49101
40659
19150
37234
39020
22218
28097
12915
56548
28448
39906
59387
40101
13258
47045
58308
48694
49622
27563
44011
28985
10940
48368
13778
12612
30889
42152
35863
28614
6458
50651
38907
59222
56481
27053
4261
47313
38800
21777
53738
41134
54367
56075
22337
20968
6942
31316
48132
24940
59921
25947
18767
24463
39652
37366
12840
40861
26414
43752
8585
28175
23371
57023
36350
43352
46087
42382
37099
55276
10739
20652
53989
16119
19230
25264
15324
41500
3081
49482
3920
50821
47788
35710
17634
41442
36085
55679
9724
16343
12328
10432
18728
59461
19865
47668
24173
56637
22509
23990
9850
22002
51616
24398
46138
41902
50491
48879
56285
58460
26186
8512
29655
3472
6232
54452
14808
33915
27562
16687
33132
59859
35926
34327
15800
52256
14221
16658
13919
53537
53441
51315
55393
14453
38077
48556
43075
14014
4530
26478
35091
51694
8730
7072
46280
35581
27246
50408
55888
59381
54488
30997
6851
50632
3955
15582
55641
18075
31660
38853
56041
42446
19088
49386
8565
47131
45532
27929
47809
26446
30450
43469
17855
55004
6320
26889
7327
19430
38245
55866
21411
24900
35838
34221
58044
51608
32666
54660
48284
30173
15766
44876
19025
28286
49009
14921
14641
41186
39172
52306
20522
31359
53009
24658
37554
37347
10391
15579
4301
48526
42817
54509
5171
49644
17951
33308
36142
44975
30653
49673
57605
22231
34420
13564
22521
24378
23292
25012
21062
4438
58836
17273
22489
51758
27046
23321
17232
21222
39324
52610
10693
45961
34584
58164
45914
5782
53900
46872
38558
26964
58315
33797
25640
34047
25339
9002
6895
55324
25969
15390
40214
42995
40086
43311
48483
50181
29241
59870
12629
21356
48947
4517
35577
51759
33192
40063
29426
14396
5590
52394
59251
22306
53442
13816
29469
14016
15294
53071
19139
38485
15992
7082
37238
34982
3316
36552
40457
22574
46770
56698
16602
33630
16168
36166
11425
55203
53504
32677
57022
47644
13342
37069
34844
44178
33482
7843
53876
51837
57204
48697
17272
44995
32791
42062
4745
59251
12091
9431
57122
43732
8704
4834
35654
52547
39476
28552
24010
38923
14047
14309
59297
55602
40150
50747
48119
22995
14076
17948
43713
29468
52228
47177
8383
20377
55667
16986
50708
20593
36417
49097
57647
49725
57826
6665
19005
50473
4932
34762
28228
35227
40078
23840
17553
11385
41921
16927
29201
19663
48762
36736
28960
16570
11880
20588
9521
34477
5638
47806
30988
3112
3153
18134
42650
8608
51009
59552
27908
35186
49035
54837
48217
6715
25250
54253
48484
10409
22002
9608
53158
45895
57474
37579
13071
27996
11230
14412
25120
12704
9742
52709
17814
18965
5431
6372
41793
7560
32605
23035
49241
36770
9068
38325
34066
46608
36333
18145
41618
13594
9963
19377
36544
9382
39372
3190
57519
45501
32778
54112
18139
48517
42342
51423
57966
27295
32353
44294
14490
29076
13974
32754
42006
57278
30271
31659
33181
35577
42522
34840
43119
56864
6809
32480
26359
15147
53134
53831
41883
36049
18198
58666
11499
26099
23094
11959
15525
10143
48334
29535
4912
4580
40177
33062
59288
11005
10101
8661
22068
48141
37473
17934
9277
32677
20996
53753
6742
55288
45667
55340
29151
28489
59424
35959
27799
4786
18380
17855
35739
14739
54354
56167
16582
17723
13771
15382
33695
5008
23962
43307
19865
23708
47296
48279
37501
5992
29652
31156
11674
36280
12970
36163
33737
9558
51612
43730
7929
36106
20375
48872
18123
16710
30087
33748
55421
44488
36301
27424
50340
42922
24938
51314
53694
58265
21527
25636
36390
25531
28610
38805
41481
52779
21055
21227
45149
50292
59413
44692
49063
15214
9923
50843
36987
52216
40987
49769
9984
45287
12748
38893
25710
9213
3448
43930
24502
24583
38642
46572
18138
10610
46805
25335
40110
15363
38690
24347
22436
37581
52061
55766
48707
32599
19358
55138
32199
6447
12204
25195
19466
14134
48651
52041
49503
20358
9402
44072
49601
49245
56809
34318
11997
25531
14146
43004
29019
19235
54787
27498
51685
54075
10520
17809
44918
27674
52180
41128
57449
48856
47170
20984
23824
26321
31150
7727
21580
55133
9389
5638
5792
15918
14937
7233
27788
27680
56586
10479
52515
56348
58486
57741
33978
54593
38216
5315
55846
29277
17459
7222
45147
10806
50269
31963
9938
11542
19265
31305
36309
51328
11981
24241
50763
18544
41962
40562
35526
15155
49414
18629
26430
57421
37816
35945
58605
28473
22987
15304
59113
7267
9273
52662
5220
32875
26832
30896
5346
59028
37136
29592
23685
50930
43283
20396
52417
48884
16320
33814
53306
39394
50678
9346
49898
11729
34468
27520
44194
54339
33460
11393
47587
29729
30023
33785
47383
45839
49974
51126
28752
33959
15825
17707
7260
10182
21195
18537
55639
25261
16177
24278
6230
43168
4225
26759
18473
25948
55545
52421
30354
23537
8191
47256
57738
52146
32078
34724
53352
32230
39084
40089
53095
10624
44404
42017
4410
43017
24808
37282
54705
47565
22229
55215
55337
43672
39034
41515
53956
11178
40070
33614
21763
56713
9512
44803
59315
18440
40574
27069
42814
4008
35237
26867
51176
47960
40850
40108
13384
18202
46961
15911
28551
10453
26918
31662
11303
59813
41013
29572
13343
31332
22763
37723
17195
38928
23740
20844
38013
12990
20992
9929
4019
12394
9985
5291
10437
9959
21569
30694
36239
26598
10436
34474
17201
44168
33449
54915
23977
16033
44406
10070
47976
20943
6637
30424
50585
3855
16359
36559
44146
54057
35783
38695
58766
39115
31674
7875
27018
34291
16357
18334
49764
6744
42385
53391
39444
55711
17485
21039
50340
24229
26685
5703
33810
43165
53208
3090
48325
28570
39589
40038
28086
23693
9302
22718
52696
16559
33862
5263
27770
4255
55456
26354
13220
48282
14400
38217
27437
45334
49916
36727
39405
34370
4649
18893
10060
31568
39909
59089
53542
31261
10860
46940
34456
9921
30960
3826
59519
51530
59342
26656
53651
9843
23032
7799
53702
18889
48221
18174
13379
26337
14450
10759
22699
