608
14472
16762
3755
34454
12804
5846
24858
38245
16680
36128
3133
46483
32424
14727
52334
23189
31467
56696
11303
17830
55843
44071
29902
57198
28522
26232
19511
21549
37610
24078
58862
8966
34943
32708
15347
31369
30815
33262
39806
47444
4017
30029
10898
7193
44817
40416
27868
56135
27941
31538
25907
32427
47663
20266
24748
15489
30870
21556
38775
49513
7093
41983
21032
59872
51243
57148
6562
21969
30208
20604
53828
33580
25813
17921
42499
11535
45822
48912
16598
31961
39624
13699
50979
29597
3888
56017
40467
53525
55289
53343
9402
48181
16594
48498
47358
59439
33625
25074
56764
35446
14549
30593
52128
47288
12596
29108
13398
6100
28308
40900
27290
35576
15902
4451
22189
23120
6643
56847
40183
44381
35578
18647
30424
49666
57874
21126
55838
3437
36480
33331
53194
39295
10937
58477
39728
4176
12619
47969
30036
33728
29456
26389
42627
3306
5845
10068
35216
38253
44215
14885
52992
7189
26210
30608
3908
18403
54424
51819
48801
36902
38631
13833
5279
35655
37976
3977
39768
9677
29323
19553
9726
59047
17566
17552
38969
25094
9016
20645
13122
43696
18381
19348
59910
47582
36980
58796
6944
27623
55633
56129
29135
55615
27180
49962
3405
58450
40337
7906
6905
24933
50019
42086
58867
6795
18572
29540
58363
56780
9485
41498
28495
37615
30445
40463
4986
31488
51345
37295
6778
30145
36809
51394
38141
10580
20895
29452
52974
43173
14435
39037
59328
38305
4399
8711
37219
58811
24721
41811
50742
35131
3838
10323
11775
53410
28216
7825
20040
19319
6229
22093
55897
7868
16493
17708
53376
43771
12334
39621
49433
55345
42227
13526
27036
36290
47727
31916
41028
36219
51659
54708
16085
58707
16332
27247
57322
42559
52116
40832
46510
31492
41125
49647
7112
21743
3623
59082
40383
53686
15324
24863
50705
29952
40945
33906
53363
23516
6978
7108
12418
5022
43873
36830
38403
31055
19765
45736
19640
15275
41370
5257
32199
48411
15190
56734
28151
47382
21900
30511
13010
40085
26478
42379
42852
31365
11368
44718
6799
12204
54606
57516
44217
3149
37890
10692
7723
9628
21611
45148
33518
59375
17231
30881
50992
24912
9571
28329
38950
17665
39889
55632
6151
19647
42518
29400
7756
51940
7369
28612
18916
22376
23669
38671
25386
39830
24483
16118
11654
5085
48785
17231
53349
28001
19206
59493
19249
30566
47204
4059
8155
9357
56704
32866
59451
44412
22331
17693
34619
6464
17248
47918
42566
32105
22562
12263
53725
42663
17774
20379
39269
47140
9714
27741
58859
41151
27331
23419
42951
47788
47747
31851
58844
29795
57564
43159
14763
35131
59539
20160
46472
34984
56775
3722
24052
52618
35656
43308
33807
3346
6966
59782
7764
20255
34048
48604
53116
3979
13320
28140
8317
28099
24612
5259
14793
6878
52923
20262
7195
34635
14846
35915
28920
46765
3906
40995
59923
21795
24764
18142
40406
44394
5271
6444
50007
3889
45326
22282
29654
43524
19643
34670
9347
37959
22138
46888
52060
9414
22251
56071
58370
58120
45368
52317
40742
23768
42241
51826
45251
11123
52581
7634
44516
43176
12973
45888
14859
56955
31771
53684
45376
36482
52806
34406
37220
58643
8057
27982
5604
27786
34405
38202
52684
35602
6520
31109
55293
3491
38288
14167
15696
44893
33801
35035
38481
6665
3940
26214
7114
34077
29616
25420
43034
7126
42796
37401
13476
54988
3134
30269
48870
12186
27725
53485
58496
36681
16479
52858
49276
21027
32595
39463
32975
10647
58783
24239
11138
39443
19068
52733
19920
24464
31770
8881
22797
33586
19744
7614
19992
49797
25368
19667
12565
51604
18795
56307
39483
21077
49739
57762
32152
41680
31708
46408
46360
43973
36008
3929
14799
59680
40995
25028
4782
4848
12770
23276
6568
11527
23987
18757
31291
52242
19787
20614
29076
27504
52889
26554
40851
6577
