785
58956
7689
8653
9353
36021
35004
19782
54330
40387
19494
27631
7960
24349
54674
37239
59473
11929
54609
16893
11922
24931
38095
45061
34387
53985
34396
52928
24655
36286
24166
33670
27143
40919
52613
36927
44172
36914
32674
28882
40458
22974
55324
52400
38177
23749
16931
50354
9999
20742
58226
49230
15808
52515
46445
15222
34961
56605
8208
36295
59247
56420
28770
31762
33312
33033
45263
12606
28499
59272
9853
10493
29603
16289
14100
56746
54770
21204
7904
59018
17096
14805
45847
54779
31918
25324
53977
48558
5317
56549
3863
36952
26705
26364
11470
31327
26254
5424
35029
15563
58039
59432
23455
32670
55401
9909
56477
19998
28012
31903
41769
6048
47471
45879
29777
12811
59782
49849
36430
17087
25657
32619
5963
55008
51704
18946
51350
50782
56842
46850
27965
11041
30201
54693
33927
23332
27435
27075
37325
14995
52349
37804
36033
53738
39969
40523
58845
34142
18053
22999
35008
22444
29766
51241
11291
17984
26956
30473
25355
58917
38598
52934
29445
56991
14586
19523
23241
21595
14523
46600
12494
41412
51332
11537
39869
45850
12575
34150
45457
59284
55510
9011
22271
35692
8451
26877
33424
14643
9582
55410
57066
40493
54659
17338
51655
22777
38456
18027
30984
36715
22954
11284
48757
4454
23496
50425
21615
51228
42574
41576
47834
46752
34750
4903
36484
29277
45368
16765
52397
5309
21398
46559
47131
14804
59504
20931
24727
41274
37163
8789
27350
38939
32504
46164
3146
37458
51748
38788
59995
33740
56646
45874
9085
13255
45537
59685
41230
33867
53336
41021
40872
38586
53471
21933
8623
9966
32843
33860
55445
31384
40093
5082
36648
42248
13379
33040
11898
51391
26943
56739
56090
12056
39968
50673
51581
26328
41624
6026
51145
27564
47385
50487
53806
18203
34874
48247
45287
31886
26488
58840
5196
50097
13158
37883
47356
24074
4011
12277
48831
17526
58533
57674
11360
47702
58644
38664
43852
38937
37134
51006
48329
40618
39708
32881
42816
17258
58731
35759
13403
35048
13065
51587
11003
46376
27912
39730
36437
14401
5100
54425
27456
50271
40848
48907
17815
3848
29370
25595
9212
45702
3461
26028
19301
4838
22873
59524
15405
11235
17472
53799
33229
50456
53838
56011
11230
37104
13818
40210
20725
57522
56259
7389
43348
3107
11465
18485
27013
3613
19727
23618
22218
13898
25275
41878
45572
12237
13415
59990
33055
40907
13310
54796
50656
7496
52935
40023
9883
6239
38771
53984
18003
30042
52593
14008
15997
13671
5589
20733
58957
33050
30355
41875
23269
42237
51449
53329
54329
13031
14720
58583
47207
12237
7134
8932
15348
37585
25752
20315
22930
21851
55031
41002
55099
20416
29886
54536
22239
42956
25058
4999
7538
51927
43006
20845
44568
18558
27101
52695
42635
37862
56034
33066
33388
29780
28626
49825
27837
24434
38002
30828
41157
27869
14263
15267
31679
54521
20504
55436
33246
3813
20386
38548
29482
49904
13189
12828
51258
56454
27041
5506
17247
14856
39932
57143
34609
26183
43367
49210
59702
34929
30474
41185
16001
48587
11215
44938
4982
11285
19434
59476
44779
10365
30330
11513
54187
56253
24487
25933
16170
4020
17937
33239
53007
49832
59827
47637
32373
49886
21793
6600
28297
3900
52574
25004
45651
54931
59992
49566
50917
14434
37410
52102
47889
36384
27650
18026
35373
38287
32502
55273
43559
18637
16819
36348
12109
4785
3571
27180
20304
15655
8812
23113
18169
58728
59557
54664
50302
30557
36887
53953
59107
50932
21476
37899
20122
20608
42522
35478
12899
47244
38523
30919
27552
6123
24634
20969
44947
26597
49386
4618
21397
30443
10420
14136
4534
37444
54180
23423
4043
44338
23764
57032
43796
47944
10203
40754
45198
57039
15381
16135
37583
44472
50484
38095
50112
13263
11971
52786
16681
50169
7374
35298
12398
29761
50383
45031
18190
21734
23683
52815
42949
23219
57660
46023
13950
44553
44050
19871
57106
19277
42125
42576
4875
6167
47265
46166
10846
27291
12213
44277
13002
36451
35935
52757
54689
24263
26801
46546
11387
45272
54722
20480
40208
15681
31719
20274
45141
34166
42280
43409
24908
34044
50594
59735
9147
13851
34514
4832
36691
36114
51768
31259
45065
47524
13011
44035
51517
38082
6311
17196
32297
29481
3043
17191
56071
30406
50087
15927
41479
17130
56046
48493
29217
12973
15434
20403
4103
3572
22153
3545
24385
59785
4862
15406
48207
46572
35944
37776
19042
40931
24673
40567
42850
11829
10516
40318
23931
32153
6498
35226
27999
46742
14888
34928
51171
38561
26963
48035
55128
19046
52572
41677
15202
50519
56411
45064
21514
12052
48276
59417
5847
50609
26343
51047
56449
5001
40210
51913
5795
7203
36715
44237
14364
14918
26931
36163
7520
11495
14013
6155
4252
25110
20895
44031
24820
39883
29657
46167
55652
52676
56833
21510
38734
57881
26427
50449
46136
32731
51207
17461
50092
34238
59165
54399
47643
8762
19909
20609
39568
15542
50394
30429
50754
29045
58472
53356
