297
14485
49988
19587
12336
40084
58126
28074
5830
46799
7947
41721
54480
15349
18049
59329
25829
27780
9048
19762
19763
14705
4064
37254
46768
3019
36299
58440
17057
15864
41060
25318
46211
8572
25495
53722
19788
52163
21235
47630
56886
12366
19752
31052
20228
34512
21149
32081
41787
20383
19562
4979
35109
34135
4430
52662
43804
25731
57137
19884
28090
14309
51694
47748
23349
26492
49645
6197
24297
21312
7961
42600
55920
40469
21575
47262
10252
20973
3018
37343
52707
42044
30512
35894
8894
3273
7677
43432
20590
34339
9010
36780
30464
29580
7387
24433
23155
47731
14067
45419
44016
43102
35778
41242
36431
3927
21501
31720
45981
21187
59929
51508
8542
58725
49291
59411
12197
30911
54597
12758
52621
28992
21021
6931
36388
37651
52672
10895
23901
41767
20088
45794
5531
14129
57784
53324
54674
23282
48524
50040
54406
58346
10546
18758
30319
31749
56884
46074
39272
40581
44580
12484
54744
8319
15899
39306
12611
28680
30170
31459
24257
23862
26027
57809
43341
58468
40156
39954
39286
39632
19209
45244
57883
21359
46784
37591
38379
7222
57223
55980
47841
14020
27699
9331
43870
57609
21071
20594
54826
3231
44619
40734
37399
52043
11413
24272
43815
45579
10793
8919
43172
21052
42221
11233
37118
21941
4203
4424
28777
56323
50181
11407
59519
44855
10858
30001
52223
59743
45699
10552
41377
58862
55289
41681
3647
10276
51333
29500
29880
25976
4333
29172
14257
49875
12304
26438
51622
21408
34763
12730
30387
16675
35093
40776
38767
5714
31017
11203
26450
47121
13920
57495
40295
44591
58204
38201
54796
16405
46879
22039
12970
36732
6007
3220
18608
57136
33514
33510
9833
58776
45824
26681
24398
35829
54512
23844
10917
29478
43757
16411
30938
37680
41664
13690
47165
40812
45066
10980
22675
48739
58334
49009
57548
11879
27298
35594
11036
57830
