2151
23170
5260
44857
52903
22677
48668
31824
38486
25700
3675
5160
11087
24612
27071
50010
49087
41611
52561
39454
31831
30055
3367
10416
20834
7399
34706
9363
44756
3956
29979
21468
56600
19639
43452
9408
12876
43172
11295
47088
56072
21783
46939
20340
57551
53692
23500
36609
17258
55206
47911
37556
31923
19781
56344
59467
55886
23487
23156
21013
39357
15109
37571
12326
6631
9976
40601
49832
26727
31024
17656
45000
8983
24627
56156
58702
8647
58916
48431
17517
32310
12629
33867
48971
21248
35023
46603
14087
50604
9299
32370
17212
46682
50880
46464
49643
45249
48925
34286
30033
16523
50838
4007
19449
24552
54427
12640
28106
49424
12650
36208
30145
25611
18846
57848
49901
42207
56146
30810
31826
41580
17573
37695
48433
28990
8185
59763
3629
19385
34495
56093
4425
48455
27409
11968
30525
14475
19894
13242
52795
12140
7995
45271
55218
19504
56859
37009
58628
14611
42686
31895
52224
45011
58500
39661
31211
36853
15406
43388
42908
10446
55817
33358
4481
45179
58802
28246
3208
9799
4728
12781
40311
9907
48343
47466
54343
34678
26033
47276
54846
57409
25050
44327
46895
11764
23870
31687
53008
33385
29141
10553
16297
46851
12775
43128
8674
27293
7120
40595
23399
53466
12678
29461
53732
31325
28003
17516
45806
49347
15250
16139
31473
51432
10862
6970
51436
57022
7090
30685
43625
3169
19860
29080
43127
4558
19241
37092
59227
52754
55936
42742
27208
46073
59494
50545
52240
3314
16680
23825
6451
6750
37390
57565
41941
49622
45509
41675
11946
14523
12908
13041
25014
13559
17743
54777
26254
51066
13531
39062
21437
44245
36053
46127
15219
5247
32699
10292
43938
47836
56140
39440
27491
40535
16448
23028
55183
36663
22462
31955
32221
35811
6326
50621
56522
48240
11025
29251
5703
3118
9003
59102
26454
16457
39863
38352
13765
9606
12651
40012
4980
44162
13487
10989
47113
51889
35640
44906
58910
52187
50246
35402
30035
46087
38544
33579
49260
43471
26495
56254
36580
13609
28784
13570
13158
59759
3351
22959
13720
33518
55246
16166
35142
19631
36236
13174
32562
32712
3446
13313
17478
58193
58368
32372
41671
37718
6875
40284
56841
23288
26806
55119
57778
7814
58769
6443
26472
37063
52504
4387
36834
59577
26512
16271
55836
33518
26833
59342
24402
40173
43075
51336
23993
15969
44186
20081
27158
13119
53070
12632
51828
32178
12022
32230
15474
36503
33859
22029
54072
27100
23353
36406
38994
57629
48500
27362
6439
36972
49919
52844
19493
54473
57700
24496
26383
55462
38130
44230
15123
24550
35786
18563
14602
7597
17188
14719
23843
21572
24741
48689
24629
5160
42317
37935
48734
10251
58289
11392
16360
44093
43992
58286
15565
18507
58109
59723
52828
4428
33772
16797
21797
17140
18494
24878
11455
50014
57488
36377
29691
36268
58596
16435
31676
28669
38141
47781
3963
58184
51859
5534
27725
16173
54915
11112
44268
19560
14886
42694
41963
53132
38944
39713
25929
50535
33761
21535
47529
54593
32664
55028
4847
28281
10457
40847
5548
50766
49050
49653
21342
49346
45495
4784
49518
38844
21328
58679
30342
16756
25758
21004
19115
31449
18350
38838
37604
13765
18520
28792
46174
27323
7344
4036
28892
43053
6653
5089
5489
8095
51291
27085
39351
14360
33914
32218
8954
14813
27531
12868
12080
24191
58265
8548
40527
59703
49079
18783
23373
10275
9466
4520
23856
49037
39721
6959
46627
50164
56600
44467
44269
45242
30315
19558
14613
36683
49963
54911
40270
50314
46304
11839
8313
38475
5401
24425
35187
28801
42334
45532
39666
50703
23242
10162
34013
23190
41745
21355
49654
21561
37667
45073
27852
49105
39898
45958
16622
35185
50804
20986
59724
43035
37458
30198
26457
20776
14352
41246
9753
18576
29297
29808
48241
12607
11274
37032
45272
44320
24093
57510
21573
23512
6318
41388
51918
22572
41191
22030
18761
4263
20219
4130
7010
52863
26876
43044
13388
55395
30131
54445
5298
11906
10449
57583
34372
3251
43997
49055
8215
20659
42838
36383
24370
40895
27713
27956
57375
3066
15666
9168
31970
10173
58019
41505
29876
12449
55340
30801
51707
38365
31829
30924
45650
41846
17080
42183
52901
42855
4379
38457
9916
58360
46739
30156
4026
24773
10569
57254
8579
34225
57649
39717
34410
8842
8036
48569
38870
4241
8799
25967
18026
33342
24661
33078
52650
43912
56100
7121
16098
3982
28425
50257
59674
23525
40823
13892
15905
4593
56554
14565
28457
36072
18337
12717
13800
54262
18976
20629
21021
56573
25833
17203
44436
48362
35503
54749
25816
26964
39918
50622
41336
55153
20650
5158
27787
57821
34606
5834
43944
43617
55676
7264
23010
41056
10466
9667
8747
21908
8707
7187
31382
50761
48779
12228
19038
53846
30773
40676
43766
5077
50695
12278
30333
46521
42598
33457
58627
15469
55521
44272
31277
31597
12615
41915
42166
55760
32900
15683
55700
39052
26263
42705
21058
3028
6258
36960
15786
53019
51147
25622
44115
18209
37418
19147
53864
49113
28943
13085
20043
15713
22238
41674
12057
3275
39299
5373
28052
15928
14500
45321
10296
33523
14613
42030
47786
8381
38436
4259
34129
9956
48855
15928
51701
47351
32850
18857
7501
34871
59208
41998
28351
56361
35838
14133
41095
10871
10367
28656
33676
41713
45590
15479
27416
24613
53001
22667
19742
41568
10334
13044
11905
49654
41593
31175
49740
26316
40776
28881
48198
46996
3069
34063
36837
17925
31385
52077
40554
28561
47824
43641
31368
43925
3938
42054
4789
51207
39970
6182
19949
23036
56199
46653
50112
48711
45203
32160
38543
54052
25741
52670
51921
44731
56171
42562
5253
12084
19109
47402
58092
7476
6102
40597
45659
22493
56312
17480
14020
20685
52242
51198
59963
18967
40090
57676
45745
48722
59295
32770
19782
24295
34351
37089
43920
14963
53682
32528
57199
25712
14128
53232
4275
32627
57969
57477
4353
28354
55448
35054
41466
46926
5284
51158
25914
44006
21680
35812
18734
46147
38757
37666
26074
19657
24543
19539
45727
49879
49088
59156
14192
30850
44190
7149
19470
42922
47971
13108
39781
8043
3279
13123
26041
50313
14031
36714
50279
39950
14089
59383
9701
44048
51376
31340
32551
30654
59252
58505
34428
24792
14684
25453
3502
42688
32184
23059
16583
15031
57676
55011
51749
4428
34887
56502
8021
56745
40891
34644
8621
47117
42303
35998
39505
41997
18169
12662
51144
59760
38444
35260
57533
12230
54754
45211
49066
32859
43034
6081
52539
20976
14656
52828
47540
15557
14976
33956
52607
46022
19212
59454
58872
30111
57042
32030
30625
29111
16292
32411
35955
43961
22329
35399
11242
16632
57720
37152
20821
32918
25167
55300
6393
26598
40201
27127
17117
24990
35483
58822
48402
9274
5837
10424
3421
56832
40309
34040
42319
29215
10058
21734
27455
24051
13852
3647
55423
30144
34859
48218
56817
29856
30942
53236
17253
3724
25175
23331
6244
51961
16097
52191
55803
19691
7051
12994
40600
59963
53410
33193
30325
53575
9033
52735
48222
4805
19497
35502
23709
29292
16214
40348
26272
46471
46601
42539
7868
24677
32434
32661
22736
53051
39461
58292
22128
22724
47393
10477
47430
14630
3504
26653
20629
55141
48461
18471
10949
43454
33140
7620
56505
52390
34401
11440
33359
43238
5298
27953
23599
45372
56563
26301
9862
44165
4130
37697
6122
29050
14261
27002
46855
54236
56590
38813
29695
52760
42079
4640
54538
10584
7261
3611
23713
19435
9120
28231
44889
57295
36303
14002
8833
30178
41636
7531
50127
37412
5697
42110
49541
16682
42383
26004
14621
42733
16540
52034
31071
36603
7944
20932
24827
24927
58193
28899
8994
3372
37121
24385
37513
5346
51632
57572
53460
19980
7825
43631
3327
33580
26590
48977
27599
48775
18551
50616
36383
16874
25210
24209
33879
13658
39629
46637
56696
48289
50149
26095
9608
45877
55419
37836
45267
36469
59175
38885
49703
34525
29437
44234
5646
50642
24487
51274
24972
32912
35598
57702
44004
49441
27936
28193
50920
58936
11806
8049
16870
51738
12133
55304
3506
54360
5087
22362
58128
55991
29417
13264
45763
32783
32351
14057
59383
53963
22236
50319
30841
8740
27628
57653
10053
58187
26012
22821
55750
57154
4857
20464
4172
21638
27445
22203
42003
30735
13004
44336
46886
37556
52086
8040
50740
17410
13316
25947
33355
51780
14098
31595
41140
38184
15112
58847
6909
16702
31170
11232
36920
5252
46005
59448
7811
7487
4277
34441
40572
41033
37338
33206
50496
20558
27908
18625
47742
28051
33745
4868
12426
39725
12708
25145
27963
12312
19325
56449
9342
18359
24321
8260
18578
24383
9484
25280
48640
22438
21594
8483
23570
41752
32026
49696
23520
34774
43652
37601
31156
58240
54059
56779
4909
23084
14182
32505
34311
25351
19436
37761
8293
53342
53093
15485
29947
32281
51826
17910
42723
14801
41032
58918
26624
45752
42167
19856
53862
7970
9605
22327
34664
8065
23660
55310
39829
26304
43406
25420
10051
24313
47063
6330
3144
19608
56636
4012
46728
53381
57620
26541
24035
38484
38801
39600
29191
39388
12499
49655
12233
8336
15843
49997
21687
58232
44441
13671
18728
31761
48726
10279
17369
29164
22463
57889
33591
32817
55599
43008
38812
36089
49531
58286
13492
3318
25512
7115
28728
58452
59303
36873
20814
4046
31131
16769
4546
18096
11065
41493
46203
24277
40224
54296
52477
10426
47484
57616
43729
30135
49985
35928
55747
11641
19802
30121
56408
40990
37599
21070
44142
30907
4268
54204
48942
25853
3492
58807
56124
55152
8371
22886
42460
51839
11411
16753
28211
19153
17636
54295
8234
31504
31625
3457
11672
37369
16069
50298
45676
55031
16949
27641
47924
37020
38450
11758
13375
26042
54929
44700
48510
42331
50561
37993
40733
28948
18332
27624
16853
12758
54531
3072
8289
33734
24631
39377
49808
23710
31720
26037
48304
21372
46834
39128
50123
55949
8243
21954
29881
16699
15464
37614
33220
55387
17847
33752
36828
23862
51215
25566
56095
17182
39597
6939
56088
12284
54775
26061
41016
40672
49138
55946
23625
12570
34115
43135
18760
52929
5930
22403
59734
41467
19581
21449
49123
16067
21803
17992
50505
20576
52335
42631
5980
9350
45331
49664
37996
11314
36154
39226
33235
59590
19377
11895
37596
5685
23187
43030
12185
3958
36428
45751
32612
22508
55539
12746
25118
22548
18319
58232
30162
7102
8538
5586
19912
15263
3835
15536
3517
58508
46995
7024
26899
56759
15960
39623
57277
44683
27531
58029
16503
59329
55874
26238
38054
4402
48318
22286
16313
12755
44321
39265
9515
14060
9086
55659
59631
48859
8999
59067
7647
7441
38331
46958
37414
19369
18133
49479
28858
19117
52035
34101
18306
35969
6251
44614
6361
46466
42073
6355
56087
41697
29987
45645
32059
45403
29586
57927
3393
3308
19698
32298
20355
53312
22628
14103
25693
51378
24702
17234
55406
8511
51219
34364
59225
34699
21307
36965
10786
17857
42183
36685
15704
23808
49923
55963
13976
56670
23568
57275
48857
43027
4668
20471
45622
8816
8929
45615
32222
25217
44272
5934
59504
20947
38150
13628
15931
4213
29004
16924
6006
35203
52680
26658
26735
33646
57124
9498
29891
16387
52612
18639
26017
8916
23406
22522
40922
43727
39964
9430
9917
11492
36535
50244
6893
10597
12400
23741
34756
45289
5846
12492
46288
3582
16548
38728
7764
52618
43931
10735
4538
45965
45049
4661
6005
23177
33719
29530
13580
7200
33548
59719
58981
21716
19264
18545
10713
21915
17777
22395
45850
31767
49265
39755
30279
41680
54205
39776
13198
23722
27045
13001
35531
34555
42701
42927
48060
16717
57469
59613
22160
55018
52601
13915
40952
48507
14347
38986
21318
15040
32607
37369
11939
56233
25003
7729
26896
19167
10579
8256
17926
7123
45434
31648
50955
5015
29418
16165
59719
18012
37678
23481
24181
38644
5590
18913
19219
17237
25502
21198
47672
4434
22477
51964
28509
5711
43961
9634
3146
51184
24703
40931
14664
57656
23968
14799
20221
40157
50578
59203
27212
13363
7464
4941
18077
17081
53575
4487
49069
45236
37662
18791
24178
45795
24758
42315
52077
13967
4091
17864
45062
33529
36062
38098
38636
30543
18578
15550
6355
34836
17017
53473
25109
27738
38366
41531
4272
44083
52824
28554
53471
9981
31355
11990
43678
8351
18048
21342
14684
3263
23793
39269
48774
34150
43656
49014
37143
12043
21972
57707
11734
36799
32378
39867
40656
57214
8487
44927
43583
26676
3553
29599
47248
57371
30957
43285
18930
26109
19615
26574
13643
35641
44241
46254
31165
31063
38266
34506
35306
32715
5057
54069
34421
51235
4855
52649
35800
11076
10935
6076
14235
30093
38753
20454
37541
22556
24381
19764
28088
45991
38635
40244
30595
29624
4382
28828
47375
23128
21599
51456
55232
47109
30996
29048
46503
48267
30895
36596
52394
32262
7061
23573
47716
13820
38883
30163
52900
24763
28419
42749
10268
51259
16726
31775
55762
11479
59572
34149
34245
23433
42938
37696
30783
7891
38961
24304
33509
51142
11848
49388
25898
11349
10162
36160
52308
4158
21857
34517
29938
40351
35701
3370
6958
19653
4322
10174
36925
59123
40788
8029
29133
29956
27293
38030
5002
8660
32797
34958
5084
23834
49615
39107
44357
26402
15940
43644
55260
57465
50039
3721
47509
54090
39719
5361
48350
10057
5175
37201
43573
5314
31038
12263
3439
42423
36573
6393
26903
21117
13740
49579
32055
14401
42683
49123
56706
14819
54946
37641
26569
20574
32674
49957
47061
18233
53263
38044
49406
54028
46359
33683
49743
11253
30146
19321
33268
20373
20014
27730
21036
51882
39418
55138
22658
20143
12395
45435
49521
