1210
35995
33226
34507
10433
49502
10649
10010
13578
42620
38927
39252
17612
50236
3804
6735
18665
4905
15423
58332
6250
57380
28810
53280
24367
6869
48566
15356
51785
30768
10020
5716
48860
45456
34613
19167
12579
52565
45698
24003
5984
46950
54337
14867
53900
49555
12851
7928
29071
38679
32309
17947
48665
5340
26146
52836
50404
12669
42033
49214
31023
59553
48513
57545
56350
32908
34147
3397
17919
39417
27530
45090
45510
14256
20730
42161
59497
46350
37021
45049
4319
30538
36996
39453
57719
8619
30418
17744
9007
26012
53601
38497
40383
55809
8956
44784
40981
9376
3774
35583
7695
29880
29898
23298
33399
33290
34028
45339
36637
54966
14017
42313
59851
34224
15348
50177
54256
47716
18830
30681
27816
56129
4169
10551
4559
4494
43196
40075
44494
20814
17106
12098
51835
46350
9368
30978
50091
11414
56227
18584
34591
26307
14872
35944
10440
36912
4557
52083
4860
26949
45808
57750
17052
58976
31938
25401
58514
41300
16536
12532
17559
55625
9098
7721
36380
10170
35839
3752
43623
24583
54174
15119
42239
10217
21940
20768
35027
21766
49989
25208
12632
57646
47944
55541
10198
34617
44533
28830
12958
40464
11335
43825
45236
27391
5452
53410
58291
50294
7208
4413
47698
19873
4118
27677
9444
26777
3083
49397
19583
19073
4152
55930
20348
12740
38990
55135
36717
47366
27825
12211
15434
17730
25439
24107
12831
15396
28375
22878
33556
58542
43823
58542
10079
42974
33218
16287
37979
54735
52164
24694
46101
37944
24914
36091
16603
19162
20598
57372
4441
8972
4378
40973
12711
41814
39836
22051
19245
55809
56208
42018
31902
55646
18494
57279
50572
44894
34319
36741
40642
31531
55443
37314
3592
5087
56652
3177
21573
23592
50773
14734
50301
56715
20294
45664
51226
35830
4443
57818
6978
14529
58251
53842
50201
5257
22764
55198
57905
38241
50848
17765
38029
53995
40092
45294
32789
13909
23091
41382
31302
16301
16388
52889
3729
48572
35130
15093
40486
42865
22618
17141
28176
35991
13541
3992
42338
37150
9173
4362
32185
52655
22527
47137
20105
31860
55821
35872
49349
37186
7076
23614
31388
22376
46525
12366
32104
23857
7771
51437
4943
59893
27559
58847
4872
19027
40359
10555
10209
55179
58874
21946
11222
45908
11452
36958
46177
5927
57864
36392
19957
12255
48634
18907
30029
41177
30533
10503
59312
48497
52488
25112
37326
37793
32322
27359
38742
7637
48537
27320
58059
6809
12036
9822
50652
44866
28836
50129
35732
29203
36778
22525
15001
26577
31875
7373
59406
56134
44663
35090
58536
18621
8039
6355
37295
4060
48076
46871
36994
35167
24462
33567
14093
5004
28736
15121
38358
18657
47197
48921
40506
15026
56558
45521
36363
45200
32857
5625
46612
35790
32878
50907
26301
58910
22903
19870
23632
23443
40678
51938
57112
57681
9904
6042
20366
50686
34817
21685
48664
9499
35236
51998
32360
28660
27241
28967
38271
18812
39443
41479
44862
8336
34940
47201
17763
41403
43426
17084
58152
31320
27717
39082
7077
3949
14087
28919
13166
20915
58003
10607
41342
56288
25430
12259
44625
10589
21296
47819
59063
35340
11686
28822
48944
28502
43077
58279
24033
50068
31102
18650
32495
32586
46914
28630
47279
6681
10191
37349
21294
14443
56023
39669
26768
5096
26084
21257
15167
15977
52327
49330
18304
57789
46458
59859
22261
22949
17721
51019
20572
20469
41962
28974
5004
37910
59907
57227
8512
55236
54625
16555
36888
45730
44351
49143
36281
14614
53154
19116
7627
3674
54859
51704
8018
42595
18738
39197
23809
51827
41080
42099
5302
21109
48078
20056
55531
33564
34666
32756
25653
50958
18594
57099
5288
50777
19425
30831
34128
36411
24975
33118
52317
52109
55148
54033
44664
31744
34627
8216
11986
46372
27346
50463
30779
59476
24539
43039
35141
32586
51578
53391
35010
52929
11213
32593
55495
41033
38451
39227
34140
9031
23370
25899
3692
31725
39732
48171
51098
22800
43194
24791
46528
48976
9841
14959
27221
46562
46313
33682
4028
48653
55301
16451
56791
59023
8223
42157
55861
37544
43200
16469
40463
18496
13631
35116
8522
44970
3107
39852
21082
12212
44092
58130
51854
43194
8113
13982
56333
22104
42756
6616
38004
10018
8083
41514
53953
36856
3699
45529
28934
32322
52935
10519
38034
26905
40769
32248
51373
5165
24914
9719
49999
8291
14022
17751
52308
25228
58691
35102
44696
8813
54712
8536
26363
24214
42626
29694
28413
23421
34635
57030
54957
21677
55812
29313
21159
44332
9959
26182
42920
3325
43853
54609
28192
56383
10902
54108
21616
35965
36186
31797
35368
3709
5565
6120
38307
33111
3242
35278
11854
3930
47967
46345
5062
59283
12123
33368
59958
4566
31950
52702
25111
10343
30495
51370
59003
39559
55023
25756
5934
14425
5081
48717
52065
57761
16527
5301
11571
54216
21205
14733
14369
53193
46598
34867
40680
48927
23653
8071
12115
19711
27606
8563
45346
24877
32441
31982
47474
14981
9308
7188
45011
11953
36995
3440
44070
32206
9787
13481
58985
12815
40904
57113
40210
24268
54868
43158
26757
18596
39455
48280
59160
33753
22392
45333
6682
35726
52625
24429
33658
58440
17723
29344
7270
45487
19561
33749
41968
50664
28843
49787
11254
10238
59913
43105
25667
11326
7491
37686
37838
20742
25178
56235
27450
29079
30006
35584
36429
31084
57147
28397
14834
8347
47455
24386
29261
17328
44871
18727
7258
47202
18510
46066
58029
50889
43034
19832
39669
21740
9705
10959
10818
10645
38686
51031
41465
42232
36597
19867
14608
14294
58040
11944
4965
54512
49404
27662
52795
17605
18066
56840
4282
28426
21836
41299
3654
46982
31095
13114
36886
54607
17326
30886
38843
25284
19504
52850
55734
44744
37616
50907
51503
27673
16938
25271
46784
10995
41304
42922
28184
16426
56161
26366
28432
52386
30015
16682
10768
36295
29479
25273
52614
17986
45996
43087
31771
12215
29578
26355
32516
15212
57933
13875
48618
24561
29462
59097
29588
25082
23680
55749
41104
48345
11351
37081
57218
24477
12767
19293
56901
27502
21546
49612
53645
49486
45737
25740
13673
52073
51560
45820
37345
58664
11210
47666
19839
40269
57543
23179
38621
5074
14454
27623
24705
11827
19589
26517
51554
59832
58826
52581
22120
59460
40278
54606
41202
52194
33473
4989
17267
30429
4409
24738
46408
19141
18648
5811
42479
47895
54362
4815
57038
18839
31036
57383
24428
18308
34763
3598
28407
7317
45833
36826
30988
54465
56117
13552
44628
21291
55114
47539
59237
56781
40894
32092
3151
56346
9269
13304
8396
35711
55028
17398
17724
6079
27248
31874
37733
22768
59156
5337
11709
37697
30499
8760
4939
40033
18862
39704
29346
53756
47061
3781
25673
52451
51035
46397
6292
52281
9129
3492
19827
21772
28899
3929
29969
51515
29005
3926
37743
31682
3066
38522
8175
43268
54791
59687
3495
45591
7641
49778
23418
11359
38894
56006
53762
56856
53609
50900
23918
26928
54361
37044
34974
59440
19005
45003
36239
16590
49424
36458
32698
9132
41866
30136
6766
43168
35266
43613
3325
22539
53464
7606
55167
59026
27492
11541
49874
35027
44537
28289
14608
41096
49635
32528
55772
24812
26140
19821
24516
54906
47546
16948
50678
56273
51795
17563
37208
8607
46820
51032
44314
14636
9503
38846
54702
49822
41299
29333
44983
49770
33074
20691
41766
10736
37206
39105
58048
22850
59796
53386
16515
31133
51871
54893
22240
26643
20178
45815
35777
16318
55425
45279
48461
41446
44948
32112
18452
16456
22619
37214
31800
28643
27288
4544
59351
17142
53373
13593
21495
18612
59827
43511
20183
22132
53813
28337
18556
44034
50116
20438
16728
55822
44813
