1335
24403
11252
53165
31624
39193
21995
28394
28390
14475
58393
17219
57153
45858
25455
42547
23535
28726
49785
28853
45140
34868
56919
21857
25481
32688
41025
56002
44132
53368
48005
30771
25244
37565
46458
47412
46128
24959
39613
41828
53239
16897
52910
25379
26441
19787
20417
37964
43849
18122
40343
20029
4906
55625
4209
47907
47066
38067
33157
54496
38928
59740
42300
52028
26054
25633
38921
4040
20107
26381
44012
18276
4900
6643
3575
27975
5876
51179
48951
21384
5325
3516
24624
18859
42411
28911
11771
14762
51346
42007
23780
50393
20655
46402
5910
36141
27307
9083
36916
43457
31613
36774
4547
15577
32217
45489
56951
55505
54652
45804
31506
44940
28741
58661
37553
36338
18661
17831
59328
46517
37084
26974
55195
30838
19933
45317
25251
11957
41042
44538
10429
48524
3605
51365
45266
10470
38405
36701
30682
59703
50327
46078
9223
47856
57034
24857
23234
43880
25993
35166
8401
4375
30316
8986
47375
14935
35481
8055
35241
50860
7733
5150
37983
21738
59728
53186
53958
18518
53010
44412
5969
30732
55204
33441
27263
21772
12807
19418
28033
48405
58043
39095
23206
29854
33531
40661
51571
54958
28743
45694
31561
56635
27436
24932
3324
19254
9994
53241
31135
23124
52303
51168
20469
15761
55391
46787
37575
41040
59842
13351
8991
16137
27855
43909
10337
22241
13410
54676
30022
5448
15758
7984
3901
25967
53316
45508
22040
28738
43984
15612
6531
37007
40615
41058
43408
49534
29631
25930
11347
16869
54092
25008
49166
17607
6613
49901
41771
22474
31911
36674
10073
56945
52732
18770
3344
51611
47987
20571
16145
26143
18312
52609
46874
15628
12641
48134
50764
54743
58149
9541
54863
11546
9053
13539
29775
34385
58065
36632
7661
53663
19329
49692
38001
58675
16798
34707
48781
31737
21114
17785
57854
33534
20853
34578
55066
14840
53631
38702
46659
28319
13331
54924
57141
51578
6588
40936
14524
26616
51453
25536
44519
46495
38591
38900
22869
52206
3559
53402
50944
52876
39953
10886
20204
42041
40597
8636
13559
5002
7617
37335
13922
59466
52149
57530
38771
59077
25995
13524
56618
30452
44954
29018
47903
44875
6126
53632
50666
26777
5153
3838
39893
44789
13399
45922
54253
34218
6471
10388
8236
4018
33661
11466
42800
20660
28643
5773
3924
56340
28000
41863
6257
52909
10002
37608
13220
15033
24510
29815
29404
17166
39358
15548
14559
57320
27087
37260
30217
44958
7513
11469
6951
33860
7426
53721
12700
38565
32679
46380
50853
5445
9799
37378
4157
6596
57510
19714
22103
57155
18956
58557
56282
20680
55617
58716
14367
13283
28154
10044
19594
48072
5498
13481
3030
31310
5217
19791
38165
11553
40024
40919
46066
51138
41884
5990
54803
16032
30669
50458
55056
50333
16240
48830
37216
40110
29844
57935
58278
21375
42278
43340
3670
33221
53705
27467
53093
24802
7175
44668
39139
19625
43895
18092
54620
34062
19315
18563
3637
17803
28245
15059
25403
18143
46369
48559
49780
13483
52770
39113
56805
3297
57913
48367
38807
25814
53629
10777
42267
47044
36950
37757
53283
59300
8646
7043
57154
27385
29957
16392
39001
54602
48834
7072
44610
48466
29980
41475
38788
36767
14902
52392
49076
25775
21234
50320
17477
37710
49546
23804
13753
14877
13777
13322
29578
42835
46929
6692
33429
44238
59411
53161
24075
27731
31641
13746
38615
52836
10170
9186
7481
40765
32785
12759
43712
43627
41603
54721
47074
28934
47221
5298
42828
18208
48910
53470
55907
29673
24909
30226
24489
19646
53799
28813
8233
44594
54169
10074
44155
31679
13035
52753
39287
55119
16702
6647
30223
3007
23500
5248
34878
30740
52711
13594
40895
46539
53754
24990
49456
32545
24758
4925
18775
10192
11000
17001
21960
46677
13087
20748
33718
4113
4440
16962
13583
5639
42892
10795
45526
31299
28140
58997
20243
17415
50573
48276
57281
56423
34420
53123
57618
52880
16127
43295
28470
48580
54984
12482
57524
18818
4934
50213
39746
12651
40547
41580
55549
57457
22709
56600
42246
7027
9349
48482
51700
30490
46563
9989
54544
12418
56743
17619
32253
23528
44112
17349
13590
23946
48926
38912
42248
51999
39011
7068
41590
7791
32606
38093
31595
57334
33974
21958
3530
18406
7954
50434
10618
58881
21031
40278
52763
46233
57371
42809
40048
31546
8730
3796
30145
15881
24500
18036
52089
29555
18709
26171
39244
45371
6632
27332
26898
42758
14280
6559
18145
10741
7686
52422
7404
35219
48476
57596
40308
54311
57721
8149
59757
32283
44079
21356
49986
35629
6291
31797
16245
26033
53225
59067
11275
23337
37187
7778
34490
40814
10158
24463
40528
31694
35056
31016
53045
21182
13305
46602
39589
18176
8752
52809
18611
43508
52371
28444
36124
40484
4046
49623
46880
11700
38502
50489
17734
42330
45101
36454
29748
55137
4612
10531
34444
7290
30006
56550
3093
40990
40448
12514
22142
38274
27885
39154
39583
36751
10903
47848
4563
41942
27159
16283
59991
16162
39509
51711
50785
44503
37525
44374
8868
49742
52721
24037
44347
39411
33320
57180
8122
48319
43243
43016
19797
41282
5164
11960
41870
37831
52461
18541
18188
16305
24473
29136
3818
21045
57499
12093
22290
13233
18267
20141
39999
27884
31237
45321
10722
45854
25986
32567
26694
23784
58911
22815
59805
25358
58654
37101
8235
35171
16068
57302
28528
47060
10533
24564
38589
55235
5655
11507
56306
57918
59195
24502
15022
25493
37549
35715
9395
27738
37448
54273
54919
29773
9101
53790
11030
26598
9579
58306
56864
6689
38740
18574
27566
51131
58566
38383
46702
41808
7257
25782
19176
9145
53699
35951
37022
52366
38768
47558
57824
10359
12447
55519
11155
58395
10615
3230
4390
54069
33324
26105
28182
56963
51740
24491
51689
12518
23185
7541
7368
26446
43075
9502
49329
40431
36594
53977
55033
32418
46502
54030
59502
22810
39165
43723
11170
57928
31815
31696
17708
45649
32455
48976
6586
18651
16759
18300
7621
58465
30824
49708
49267
17562
49613
13231
15223
45751
10712
10540
15751
15292
56831
52574
48822
43697
44250
55449
37246
43478
37682
7553
23622
23816
32126
35518
13037
4526
38667
37356
7035
11563
34455
33659
39550
39923
49115
36306
34285
7800
15200
47916
3201
51926
31215
15095
34582
23978
44063
46418
31384
16466
22803
35755
41539
52511
48884
50482
15140
11248
16581
17254
39271
22157
7311
20572
29363
39827
53108
46304
34136
21533
26033
8449
50965
46877
57790
34052
20386
5654
8033
45389
29101
59876
27030
54043
50968
11035
19732
21770
9759
54138
55554
55577
39974
31752
25469
51319
8652
15686
46854
12821
19930
28889
19567
12550
12905
28028
18043
57055
24268
33744
15076
12780
58423
14149
25238
43791
44037
13186
27722
23370
47933
20411
48928
44340
35906
10047
28458
24730
52682
56667
48506
36436
36045
43919
30342
27460
5227
4080
49946
51917
23004
26975
41162
20991
55197
15307
23425
19926
52444
25948
11674
15322
5969
12046
21803
34742
11527
20195
13029
38581
50045
11097
3629
28197
10594
57598
16333
55695
24956
35933
52945
42038
42546
22120
56544
37757
57137
53498
8183
26518
57245
32107
38796
11913
37792
54718
12507
35654
38074
28308
35097
44349
18031
24087
49976
52750
37628
5210
56793
27932
52570
45202
27833
13585
21928
15546
48665
43507
29878
47938
31886
7941
51757
27566
4049
16019
12217
5395
28865
25190
24244
46892
8036
34972
21521
52294
25295
30322
32640
36420
38962
28764
17845
17538
50350
52550
58371
7053
44192
28897
41974
50927
45830
58735
4926
34664
48879
27106
16369
54863
13593
9620
58888
19757
49509
12192
6801
14317
32688
40580
4341
3304
39330
37102
4014
53244
41282
12000
53326
52719
53937
32746
11524
37639
57502
10150
54694
15852
40860
42646
5523
15863
25502
22963
30250
35002
16358
5469
41130
14485
27193
25545
23599
58684
31765
33182
34837
37290
10737
55785
46269
36918
54663
9373
58223
17215
4407
5709
24031
44485
24868
32034
38195
35744
12806
13086
38291
19352
56962
18041
52636
11451
32484
58245
44435
53285
21486
53923
40589
40652
35777
36981
8808
31203
18958
25717
49748
4225
54517
21975
18941
11162
32144
17526
41613
36711
6607
16693
29572
34261
19340
16583
56657
29206
51651
41895
27107
19786
39066
13132
57242
40390
40916
47085
39005
54033
47841
6162
34725
11055
14145
14780
11075
48676
24247
56206
8447
59587
55766
6317
32109
32797
10180
27614
6565
56196
48511
51919
28744
54314
