2174
41257
32676
22536
31742
57886
30713
51661
42570
5901
50911
20529
6614
20593
18519
36718
23500
20184
40140
25099
5936
37362
59902
39799
40570
55135
16778
13472
22516
15805
59733
15584
59219
34315
45824
59113
4740
11361
34438
48236
25634
40712
3559
10574
57181
28237
20243
52865
34044
18335
16281
28369
54248
54845
13727
35607
49643
42606
48959
21331
33875
18632
54135
11533
20514
46943
3799
56053
25889
48915
19257
19065
50258
14461
3951
49219
44280
11870
14432
30805
26276
15789
49667
36830
6441
42437
34640
40975
42059
43241
20996
59233
36297
40290
12745
47638
13304
46421
25599
40017
17016
42648
12662
39227
40649
36311
49231
32497
34822
59798
30279
25945
39302
11788
5958
24245
23660
39046
7727
22779
37090
23845
55960
10725
14796
57259
3866
16402
21813
12986
42826
48858
49075
12389
17808
29801
40245
48860
59377
10461
59814
31448
6874
49046
12912
18102
56773
30343
4014
40238
32488
24123
43871
4251
13676
39918
5925
45262
45706
48920
10422
42564
23263
35419
30192
31329
41730
10719
6998
37407
19517
33711
28763
5485
55710
53066
42420
12237
29172
10109
50067
56616
13925
40095
46198
16876
22092
42987
3358
11421
13446
46368
28289
55376
35309
27164
6906
22734
23316
16138
23460
16207
45824
12398
33925
42295
4740
44726
12245
4160
14597
25547
18643
18899
7764
18445
46359
10175
29780
49924
57294
52524
34049
26460
42513
28233
32842
12852
37098
46440
4611
9117
9201
40283
52653
49726
52303
8109
36996
30847
29739
15058
15754
53949
47076
35517
55453
51286
4982
38343
31537
37975
25464
41270
44701
44854
44208
37889
11711
27211
56123
27541
43492
45931
43293
8970
21328
45757
56148
7690
36333
39560
44467
22561
11198
9411
24482
41922
34295
47954
43938
41300
59670
30608
26309
24295
54095
27088
48120
31675
3463
17272
51097
4505
5454
31783
45994
31290
6775
18447
56282
59680
27479
49177
58937
15368
8232
49858
20844
21856
38317
44867
43584
28217
5859
24676
25920
23774
46227
50452
57263
54644
40372
20705
43737
49503
30814
31623
8963
37982
7447
45950
7672
8313
33648
51283
6592
35261
41253
41833
51532
13588
24923
38114
40823
50666
44462
16997
3499
50341
35527
16424
32506
12964
28342
10140
29535
20884
59191
3961
22468
41202
36184
56560
36764
49808
17992
6337
48364
11479
28083
42186
44640
48561
10824
14097
45686
41475
30791
52447
28042
31164
45612
11075
54586
53784
18250
58656
41853
26942
8565
16515
43728
13802
11171
58866
40515
46746
7917
44551
13005
36321
57639
28230
48662
7544
56253
46413
15813
43795
24062
48402
42624
48301
16134
52238
7424
55067
30306
29405
8981
31280
59156
17802
45786
31068
8788
5065
53339
13414
17001
19653
25033
45414
36481
31765
12480
50630
9729
32116
19623
13568
59937
33972
38890
7882
23665
24701
21519
33527
42614
4211
45647
14519
31045
40244
21488
4949
50324
32533
39543
10676
36582
32672
8713
55506
26964
52154
21854
42000
22398
22621
52125
13728
50973
43166
9014
11275
49303
49378
36126
9042
32336
20396
10158
28433
18332
54489
15987
27394
56065
6601
3175
32010
16216
28007
27881
33213
13847
10437
58579
37341
17956
34888
13199
59455
28735
59067
20814
19633
57852
48683
30071
28994
21813
34220
32435
28227
49904
12476
21251
6768
19579
54746
36214
49705
30920
16194
7214
46041
21619
48692
44128
44742
10450
7748
43121
53339
34976
13530
21193
39820
13806
53707
53856
39097
4444
18442
27392
13285
54513
8566
11615
51029
34847
46019
26011
48919
46192
38930
54063
34976
38035
18802
8680
31695
7867
43190
47419
14802
39325
22087
52601
36390
33442
28100
4282
5410
26323
57769
27007
12946
22644
24179
18448
48210
45877
12855
13280
11562
9640
3630
15165
58430
18922
40101
3540
35758
23417
30763
24604
51885
49096
15890
36359
22342
51610
15710
14027
50959
9932
30703
25228
6926
56335
16084
56341
10015
52070
17409
24333
54171
20764
16580
17447
3800
6104
15335
20539
36560
3494
21823
18965
36769
31511
11486
9567
11843
35946
18512
55714
3350
9434
41167
7898
46090
17234
24392
25607
4048
32204
18160
47650
50433
35690
58494
15106
11377
31296
59692
58040
36094
17254
12360
33314
34148
48072
11478
22758
7286
55349
26159
16161
29675
16237
43186
7146
29207
17612
40537
52689
17643
16493
53458
32618
37901
4699
48967
35637
42061
54298
34123
37255
55575
37845
52003
52534
14572
52085
18750
33169
3675
26435
26973
54963
3895
16721
3070
36725
32590
15922
3429
59012
46491
22165
50829
50613
53251
39723
50910
3419
46358
14976
15176
51341
7014
24162
53853
18044
40336
28264
7662
6300
43826
8688
13457
44013
30283
4054
33645
18462
59267
55651
3164
6832
16453
23944
23917
7966
58894
31367
18909
33313
27034
50847
58242
48899
8570
17111
26711
13793
17678
35695
59061
12543
29981
11437
40776
51686
17542
26907
51514
40581
36458
56852
41816
35855
13666
9801
52865
27443
18461
4994
39490
29673
53491
43926
39234
37977
26809
11824
22720
35522
34750
26836
20828
54020
52723
22636
6316
22575
48010
25170
36738
5229
33786
31370
30259
18585
9183
25280
54444
55744
35346
37475
34002
51711
21127
47261
5025
18664
49127
28708
9988
39060
35439
6083
31643
20895
57002
20670
40767
36304
18356
56678
52481
57893
28023
35219
34149
3240
12516
8397
55685
38009
59721
21822
53040
28250
40978
49746
26355
55501
55719
31404
39984
13342
55763
35513
16029
37313
45020
54989
19429
18980
22036
55674
5952
38202
47704
29236
4837
17435
34412
34338
32946
7388
20745
45877
54128
26375
41265
52494
48493
40201
58932
17732
47034
54106
51878
17894
20648
15929
51062
38162
28951
53569
9940
31771
7881
6267
23224
53823
40020
56285
33207
21919
33935
59584
28125
20474
59491
29744
42998
33260
11988
7483
21612
27377
31677
15238
23693
58100
9841
44234
7378
5226
57384
4479
45112
40494
16310
51638
34112
27510
53621
9643
25824
20108
25589
8132
45398
49042
37645
59521
39030
30810
50968
18466
32411
35743
27469
5799
5716
4054
52575
21230
35448
17253
16902
58303
22529
58553
57318
17361
3919
15252
41500
41699
19052
3171
53846
29078
39669
27296
59735
14203
26703
8095
49471
34025
26054
16815
27808
4870
3079
54109
20620
4214
24726
36999
31679
3916
15605
17632
26287
11329
8856
31454
48554
45024
36539
16962
46413
14768
22776
9274
22783
23165
10552
6215
48490
50118
43149
34928
30818
10492
24919
48474
25492
54605
51435
33958
55781
9536
33623
39526
24972
12556
52040
20803
41954
38416
39352
50500
17060
48153
6624
57138
18226
30578
54560
28917
30768
53896
49637
40640
40989
58232
14831
42190
8699
11632
4405
31522
45841
31702
42905
15114
20043
29826
12387
29954
8429
26564
13865
32676
39745
8945
7296
6927
32110
4824
7771
48182
27829
13621
47708
52234
15551
56618
3526
55976
29449
6909
23893
23133
13262
6950
43670
59837
6308
26166
18539
55853
47539
10429
32393
45409
33092
50136
16113
24578
19273
59862
12997
46127
47194
32722
45869
51734
31341
31605
23902
57007
54824
17357
16088
48261
52300
34457
11867
24815
46001
21269
29459
44566
5380
7814
13711
39774
22085
45570
22868
43473
33612
7282
10562
22893
17209
57723
13228
35716
42742
28235
31586
53002
14284
45121
43466
32674
45969
22497
26816
21477
8649
25153
48692
19126
22219
55716
32416
12002
19719
23145
54179
38752
37108
32027
25391
34420
53638
16753
49965
48089
27349
41115
33878
38832
54251
3702
23683
53327
55354
29002
50036
44487
53076
5606
26269
39911
34032
42272
13812
50502
16157
38978
5697
32952
21855
36313
45775
23822
10603
48865
50770
32749
35928
43547
59477
31134
33834
20627
24324
24386
39345
53737
48815
14372
50921
33481
14119
23062
22314
43522
42603
20471
57846
25923
14077
44017
25109
27858
41595
59267
30427
13995
17585
38273
49521
37437
34753
42759
38765
21538
39898
29057
48273
35026
54593
35496
45643
17816
50192
20539
32399
18364
49673
42875
46738
21782
30671
34850
6668
7322
14612
35569
11936
53093
36748
31212
49785
34497
18761
42885
42905
12174
12955
3347
32936
10044
29054
26975
36729
22552
50565
58335
4864
23932
53741
50107
12773
49426
15507
6344
4954
14786
40175
54154
54273
55181
52662
53915
58640
41289
54231
29662
49743
56005
36517
20787
36701
35586
33247
51062
52920
45178
5707
32837
8785
22313
13068
46662
12431
19168
48462
23209
14753
35848
49785
34675
52713
42436
33066
53976
55589
20683
56470
54632
38073
44669
57220
42565
27495
10469
44448
50595
15124
20509
6177
10858
41330
32507
50830
35015
49465
9679
20222
42611
25712
50823
11413
5799
47388
15594
32015
51748
17556
16119
24874
3336
29164
20393
47876
24141
29675
32344
59438
32121
24020
47331
59609
41388
48531
46316
3449
36031
7188
44787
28040
35867
38656
36606
20237
58446
25140
4370
23206
19611
14497
48557
46362
31074
20804
18862
30099
55346
35090
46501
30408
19320
35781
34774
42352
22701
15906
7213
28718
37909
55976
59265
6776
36658
8066
35913
24122
34412
42178
34801
18771
19006
13415
43514
46667
39849
3149
46714
41191
18036
35189
35452
16019
25345
15011
41207
24773
12129
53419
54404
30206
23509
40385
7391
23372
19724
37612
48972
13114
54381
32350
39858
36885
3145
49579
13027
48372
55836
34334
30788
48408
33231
19669
22078
56662
43182
4870
36906
32435
33840
7065
11528
17687
3572
32604
16326
3482
31768
23698
57062
54096
17326
32147
56088
46490
4412
18237
16845
3141
39849
47816
26131
16037
26683
28500
30385
23700
47870
3104
13630
20753
21809
4800
28271
33963
56038
14097
48281
23338
10946
59786
13221
54016
42836
4438
24310
51026
25128
26074
3826
20158
56281
44552
14184
23769
27611
9904
7378
51662
11380
12473
25271
20488
23610
11672
52985
23903
10232
39728
15910
45183
38997
30881
57808
31861
52090
11285
21698
16918
45194
31157
42064
7140
57042
35224
14092
56564
25771
14075
44536
26763
24541
6127
9165
3413
42206
55625
29216
52641
24570
23498
27752
34808
15398
52419
52793
25718
28903
33222
7905
31875
29558
17610
50950
21476
29140
33368
45324
4811
3795
21610
31732
39223
51078
15436
36185
31569
55610
30482
3831
45306
7974
31645
33374
4802
37872
54199
19020
27369
41175
4144
56333
16262
41582
45539
11917
56392
44066
34907
4195
27357
10517
55256
51274
20303
20410
6952
7118
31188
41393
33593
32244
58983
26491
34710
14417
55348
25075
37050
4058
36706
31437
36644
32971
47664
34586
13617
5657
59324
10256
33595
42206
39682
40475
14122
4161
24812
50114
37284
49571
41655
32640
52147
15362
4352
16181
4903
51410
53256
35248
12946
19990
9975
33961
19675
14622
52474
29229
22893
14580
31686
25479
8122
41334
19583
27341
44800
30976
26100
39490
40290
38968
54709
59564
21542
16174
52154
25202
27787
18411
34058
43873
34709
41130
37882
12256
25107
8872
51310
4472
16671
26161
17207
39192
26853
5332
8945
31742
49355
13464
5514
50993
11549
4790
47877
51469
30391
18479
33811
57407
25563
31474
54589
46764
32159
40629
34662
57930
34735
47570
46656
19620
58760
15505
56356
6311
32634
12815
6886
52814
9686
34646
35842
43570
28894
29169
6303
32713
15475
31472
49823
8024
53608
37135
43115
37354
52425
56597
23360
10286
14884
20468
23264
4893
52270
23168
19464
58437
13722
33231
20532
12067
54630
31596
14634
7314
55160
31345
40587
14299
27635
21243
43644
52404
38463
49460
49777
29144
58347
44633
22847
36578
45536
41041
59006
58469
35117
44771
21637
45258
32223
40698
44030
27192
20361
57528
13110
4041
54932
8252
11925
54796
35729
11306
57996
56816
59231
46777
46099
59458
30124
39466
3174
8943
55212
45976
29188
43237
12485
4342
12663
51638
4789
45534
41421
32391
46172
3727
42597
42824
27982
55557
11201
18413
42571
49895
27246
3955
29886
59253
7910
56514
27947
48949
57722
26364
19289
20523
14400
48511
21871
52942
31000
50874
55573
53707
42300
23782
38520
45603
21069
58388
29191
18196
57826
50622
44163
54035
14063
31293
42093
52285
48889
47782
42189
51741
9863
6070
37139
28129
5868
22063
6879
9112
38209
45138
20097
33060
29762
55197
57476
3578
56719
49956
47890
44542
11835
46136
20615
34920
45330
8086
4462
51319
59242
10968
18712
53213
27541
38527
22569
52642
48020
27768
11587
6820
48070
40399
8735
28864
47826
22298
39916
44083
15288
44466
16304
35781
30004
13504
8426
17699
49558
28621
34279
40745
34082
26884
29844
45121
12720
44256
12313
37375
18734
4060
3011
30417
56648
21307
55009
59064
12167
45020
7079
9720
35337
17553
45228
46103
27332
4102
55588
54956
4069
9662
48925
23709
42114
28975
33648
19236
27897
54411
34752
31628
58440
28122
39350
48164
18181
49032
48833
42547
3721
8980
46513
56628
10832
53346
8767
8014
50907
32242
58420
6017
9747
45004
59350
3274
15448
29618
50138
50628
22406
54309
29815
36384
21365
25384
38814
12082
43863
8402
52943
55065
16920
3886
36599
44470
11183
3299
52529
30068
10798
19564
3934
17725
42649
47399
47531
19313
33280
36496
51654
17406
16476
31135
46568
36706
26488
30480
33117
36244
42176
24638
54286
22120
32171
16619
25677
55048
7160
8430
57235
57043
27661
34641
53814
35923
19457
26378
45441
39381
13808
5351
15279
43597
30126
45997
21309
13377
29956
41454
30582
49895
3119
40199
29264
51492
45775
42815
35501
14657
5754
41436
52676
5438
16253
5510
17690
54081
17875
43495
15885
6459
9835
35689
53697
41124
27044
12378
12588
39380
19702
5099
15969
15898
32318
15924
55568
19189
7972
9497
57146
35469
49047
58789
11183
41088
21178
34738
47005
57022
58334
43794
10169
29044
23719
47522
39440
12561
10176
6836
40167
52263
22003
27384
15544
12641
47688
21122
43747
11436
5192
37902
