2020
52327
34213
53686
49384
41298
43719
34565
45449
14363
38284
35148
42334
14341
30804
50847
18001
51593
30941
50679
21067
37720
11401
11660
23086
17614
29390
40618
48349
10696
42199
44611
58081
25655
53955
5529
26823
56433
20615
43911
22103
45091
7039
42539
28509
7809
15395
32817
25264
29417
16245
58737
39875
13368
22423
28688
50610
56393
43229
15712
51756
33434
38353
55877
59745
15495
6833
16309
51759
18378
6735
4225
40779
14748
29074
9473
58256
8402
4845
4772
4619
34129
31892
35207
29939
7701
33553
47587
17281
28989
39058
51298
47371
27019
26679
35302
17895
43057
20088
6801
4419
23939
43696
46560
50634
32126
10119
55465
8203
3144
25833
53543
32834
49850
32653
29311
44206
18264
32120
6234
4354
4008
30103
8653
42862
33046
31526
42286
31689
46390
25242
18009
27374
57064
20788
31296
31616
14943
19987
38824
56728
25689
30278
27707
26919
48098
55132
10731
6632
34079
40548
48976
26866
46912
49773
28009
5957
55614
29412
20935
47089
19165
19641
6390
59768
9705
31215
47191
40874
27361
46525
54411
15466
37825
51571
54590
25178
34021
59403
7402
9214
20434
37071
16129
31606
34505
41638
13233
40609
45757
5545
12064
11060
5028
13754
29941
30199
22468
31473
9073
10805
18668
25984
56752
48376
46446
30431
38863
21334
25502
8705
34704
14477
18560
53805
58429
35208
16465
17501
23006
12509
32497
46181
7947
13777
13877
19340
34429
18698
58962
4531
18414
41114
20028
23739
4964
19701
7455
47286
53645
55089
38626
57256
6579
35793
18760
8743
44920
46055
7306
20312
7600
20744
5553
54822
11453
15349
43271
4638
30330
20544
19476
25109
32824
57171
33217
18994
57463
17445
50370
14434
21070
13704
47735
15017
51154
40215
39176
9615
52546
57443
3341
56293
19650
40262
47463
56395
37611
42333
24716
25439
57432
33080
31467
19981
13886
4677
21127
54087
18835
33259
14751
38786
54083
41510
10977
18201
53764
5355
29410
42196
17590
7578
22748
33341
45130
18304
20174
25239
24249
17263
12554
44697
48074
12922
57614
35094
42544
59818
26617
26401
13390
58120
17653
30233
44124
57265
23733
48985
5995
22654
24688
47234
55266
6595
51457
48982
20036
47849
50596
59257
45379
44413
42304
44194
54382
5691
54390
47353
46139
6135
36524
10011
48277
26945
42642
6269
15084
7193
43001
55112
49740
35703
53007
8806
56991
45500
40324
25803
59677
15061
45853
52791
30554
30540
33861
12044
53094
19058
26812
46053
27266
24724
56539
56577
50779
18807
4649
4576
29938
6802
16070
34722
47384
37945
39086
30579
38767
39939
54220
14269
23772
58047
56865
41706
51167
50496
9144
32744
14671
41608
38373
49234
33801
42395
31493
26292
58724
33930
47753
20159
17565
26497
38176
4491
51181
39696
34662
9140
37631
58935
14991
48510
40258
10979
35294
8825
39262
31842
13297
32718
43110
25279
44214
52122
4730
51654
12953
47067
4300
12877
57946
12776
36971
13295
29098
33924
36371
59589
29533
50704
16356
24677
58361
55695
40742
59809
4371
36040
15141
10885
8826
21948
4768
7433
27731
35408
27819
57458
40003
33609
53305
9127
16902
12537
28998
53660
51393
24181
12180
33064
56284
31234
40047
50691
51613
8261
46945
19797
28898
27295
14154
20059
51600
41455
37974
11057
58437
18812
26672
35029
56865
36254
34566
28226
17075
30383
5120
57777
19695
11424
43722
21763
20820
7738
25992
20234
59944
48935
3397
21107
25224
4111
9954
49867
45216
9335
26438
23640
17632
35995
46221
35907
38510
45036
54156
17234
55504
43161
21615
59622
19789
59947
21196
37277
10608
55280
17338
48253
49920
34666
28845
33759
36949
39811
24968
19599
55963
34617
16496
46450
3714
25800
43651
17828
47223
8898
6014
44616
14465
37195
30121
25490
11638
4811
3619
27288
32966
12741
15465
20513
8058
33621
54163
4098
14854
30853
18330
8111
36541
33657
13926
11811
51278
31687
19157
59186
46076
28675
31583
31446
41905
40016
31128
20044
34160
21971
3491
29013
42614
13610
48110
13668
39292
41043
23957
12784
52620
56611
54259
15252
56363
17294
3298
45325
3392
21627
47606
17532
46557
24828
52380
42668
4400
49699
23501
58839
39025
52918
9412
39272
9849
36320
6161
8762
42209
50216
56618
19435
44784
3608
54147
33166
41069
36703
13887
28331
52335
31931
25847
26526
29252
51138
47040
7197
49960
41286
31894
16058
39465
40756
43079
57372
27336
16850
16669
53068
55265
58640
51271
7127
31086
17126
6197
53656
59514
25798
36791
19731
4311
59276
36535
47876
24750
53337
12472
11719
25232
55601
18138
20603
44084
3701
20330
35397
33466
37584
41103
56794
6244
57171
10238
4488
13537
59004
54277
22447
7513
53758
13188
25613
10017
29807
10684
32009
17341
6667
28200
55301
53313
7962
37588
47730
38953
54650
3644
6483
46755
23709
13448
39310
59587
57255
21068
41823
4406
57988
31189
40217
50596
27572
58220
42131
20540
27959
31605
41939
49132
28722
45809
46778
40285
49178
11152
36565
45102
54871
8180
10871
30944
32112
6779
16767
26673
38234
6955
35091
38538
6138
30749
4811
26980
53538
8937
22002
23043
48845
42000
10332
9035
32742
21469
20308
51596
6622
12794
50633
17107
27704
32052
59820
12130
52094
53677
17887
54775
27871
14606
36571
49210
24768
40044
32899
30465
44157
30045
50841
57417
24768
37795
48301
38167
7014
17888
20809
18109
16558
44765
34673
32819
19938
48262
37547
38583
28767
20799
35668
44271
50794
7330
11403
29979
18956
41224
36274
15888
27805
53629
28200
29793
3216
13408
20270
49593
29804
28692
20045
55622
15950
40332
11665
38443
57913
58449
27926
54634
55727
5250
43617
41979
56759
36085
26761
52760
51815
53035
14866
17268
11885
51257
42727
20450
9337
59232
44878
11994
21719
43883
24554
20180
37658
3581
25912
22957
24673
31875
30970
59618
46822
10980
41957
55551
50107
3874
58355
59391
6304
11501
28219
40546
45082
47604
40781
7019
48164
35886
36809
9483
44896
51582
36483
14140
30309
44539
37398
14794
39006
16347
35081
4135
29245
24222
7082
33383
20253
21177
18641
45245
18311
50129
53968
46590
25047
31609
59040
41175
43926
4762
40080
23360
34499
56914
5730
39709
9186
54328
40871
57239
27027
32050
37976
27123
54191
17091
59407
34738
46102
43206
36843
29730
56013
32392
50024
16487
15979
38700
17093
6215
26454
26781
27616
39029
25445
25765
18868
54133
5843
44217
12699
40738
4556
11104
26382
38188
3446
18852
28048
20664
7957
51111
5043
42845
45626
58287
42774
6219
6134
52274
18723
35538
3604
30225
10092
9970
57792
11016
17315
34348
57888
53217
32950
28347
20913
58252
29741
9894
26015
3360
39961
28163
10087
8588
26313
15769
55775
35380
55700
33726
41113
24327
41833
16773
19660
19152
12773
32049
9569
55635
9400
19260
4735
21434
22917
18732
50080
11825
3945
43508
47425
37845
17063
50973
6885
24835
53504
31359
19695
27532
53927
59504
8241
17392
23999
8884
53113
37915
59759
5956
7267
16724
30019
45819
39659
8801
46275
38532
29359
28551
57079
21070
6302
46060
30976
38440
38681
20097
35153
29113
42232
23561
42855
38134
22059
7544
15168
34742
19243
9367
18514
53135
23188
24933
44886
10368
44663
56633
19783
26953
6286
48779
30620
22713
30437
48055
17673
4890
21195
48676
32182
10050
22989
46400
25058
12571
58861
12196
55910
15321
27176
52350
54643
14427
43251
5156
39154
15731
28545
19536
22050
43267
50642
24168
59389
56078
41990
3892
53801
48097
29746
4362
13300
30732
5905
9803
31450
18834
55595
15896
49954
52514
15571
27169
33037
36714
36749
8971
11076
27493
6339
42564
29773
41891
7388
36063
38147
40289
51717
23030
46562
9591
7995
42184
52430
28611
32492
46702
11591
43548
52466
21746
32436
54468
47036
5914
52833
49860
16823
56059
38291
50442
29090
41810
37371
59893
41672
5610
37094
50003
58594
24607
54850
42500
32753
59571
31480
33413
16841
31243
16293
50692
52626
39688
44243
29874
44430
21647
33913
55305
10399
11371
51558
46588
5474
7895
46574
54110
27684
31931
18426
59200
45560
21624
24388
48697
54148
27162
19229
30376
4366
55563
46377
57868
27610
54015
30527
8999
34202
25529
22615
59040
13973
58746
17885
20049
34799
33722
12469
37379
45818
18518
41150
58008
9098
52428
43743
45666
32693
50771
9233
8125
21330
57064
45615
18989
47689
42305
12908
35492
45441
51630
5798
26997
39561
58160
32850
7085
34989
10140
16816
48565
5940
13925
30965
51308
34157
8221
58316
55383
31680
9194
16578
32861
36503
18652
52771
29596
55888
3725
30892
47505
11110
50052
56665
44167
21397
22355
33154
49241
18659
18589
4596
12432
18312
43644
21068
27720
51358
29236
47189
13050
3592
19431
42079
31606
3403
58068
44695
12290
29407
45652
18646
11700
9433
38947
21182
31237
39336
35030
38859
41304
5451
17440
47267
49061
54568
46025
38653
4733
57837
44212
37746
29591
53137
25680
46891
6180
52240
23451
53204
37990
20400
17691
50788
36670
16539
14165
14371
31175
18686
14068
17617
59283
17153
49215
14315
49369
34156
8399
11772
15268
52471
56860
56722
37289
55612
3962
10548
59654
34889
31543
14356
27453
43262
24246
59711
34876
43245
20516
59735
50177
42448
8109
16285
38597
20523
20438
18594
47294
46087
58985
47357
9720
17235
19040
47762
20879
51122
41158
40603
58301
25446
58163
29623
29930
25427
42393
24904
28515
55640
5045
36205
26147
7943
33760
21892
28089
27391
31932
46955
20730
43078
49963
10360
21753
31297
22053
23544
43350
13056
25182
41147
4067
30914
57328
52296
54223
13369
8293
35253
14902
41787
22404
47252
37021
32560
54867
4543
47494
11463
28096
42495
35078
34636
14935
12989
25463
20802
27038
17474
40140
29336
18946
40867
27898
14844
20722
14284
44453
22979
29173
55626
48872
54464
13473
39490
32490
59503
58921
45194
36638
38845
43798
43737
11564
22598
20161
48163
56147
44260
14683
51629
27405
55071
44522
56967
15293
19062
16426
49527
57353
23752
31729
8466
27037
9095
59933
31918
12150
25678
53047
50046
42883
28311
51122
40371
27831
21473
59354
3663
44660
5504
48636
12688
10782
4929
45154
18455
22938
19240
8257
57388
42746
3908
34474
57757
25552
37121
34187
3280
6294
15662
4245
40161
26569
34493
55765
46647
33190
48849
22105
9631
58696
33786
12816
6350
13533
23760
49424
27248
30227
51981
16529
45183
12408
17525
31259
55709
24461
28258
35972
12261
37832
17483
30716
35071
9962
39346
49045
5797
55363
8196
31131
3918
53804
56972
52235
9768
31053
49330
53973
50279
43074
24379
49701
53648
12901
45288
56991
35678
7173
58070
46499
53448
53780
16176
24871
46349
7340
7125
27776
49536
13666
57740
21663
27621
56839
39017
9067
23195
24461
47514
58774
20975
56907
15021
22661
20729
24608
17473
43673
14102
18378
59698
26053
24727
8965
3320
21446
10286
11216
44233
50251
58203
31968
3729
27680
28760
24349
21514
18906
11864
13514
18835
5239
45110
57695
18648
24718
11026
56357
28907
11432
15415
20081
22902
59337
18943
11374
51745
29693
4706
40471
16431
46079
15957
52303
50664
50715
13600
49266
9990
14190
31880
10147
39833
4567
36246
37785
16078
44966
33548
44987
40363
5350
33214
5699
23457
55117
52398
17623
4554
18105
53122
15874
19273
40162
37778
13405
35908
43222
8331
56806
9206
8899
7233
10697
34875
38412
26196
53634
57236
3839
48336
19364
23633
20937
36026
10100
45457
22063
39248
39035
37487
26705
9130
34548
24735
20108
43473
4860
26776
58834
26613
53802
7657
30402
51811
25778
30316
14193
5735
27372
59051
45969
49426
53547
51086
49170
46735
3946
52342
49102
47825
26826
33344
48102
6290
25685
19104
21688
10476
21610
42892
12698
49828
23082
19702
7174
51751
18653
49605
20534
35913
18284
23920
45386
37990
12024
46185
8018
7996
5345
57401
38418
17872
5325
45437
35509
41696
16703
58274
27054
47467
18444
27797
4330
22972
59506
23447
54238
29558
44064
54927
37170
58519
55950
8442
42983
4807
14916
12124
56992
40018
43268
11649
58399
33357
25329
50197
20715
54703
45559
10572
36047
28434
39049
31342
3674
51137
57892
58905
32519
58469
7550
43568
18007
28802
56524
59711
27902
45056
46908
47446
7503
12970
26957
12689
56559
44150
50217
8601
20523
13710
11544
33319
30925
49493
26409
57772
38391
6095
15327
50303
38514
38335
32502
55741
24365
8753
42634
28431
53377
53691
10971
46235
11786
4243
37188
56556
52775
51325
19398
5713
53049
21067
44241
18663
34947
41603
27845
25539
9702
43269
40138
41345
7688
26179
31002
42345
35087
12420
53584
47095
20215
29590
6879
18570
53089
44035
14363
51231
25214
36497
35989
8750
36346
49177
51538
47848
37506
54474
47991
57910
22315
54726
48589
55264
33132
46636
57592
54403
12005
53704
56181
23732
41471
8853
50069
14554
28592
52543
