1650
52559
4866
37059
24015
46823
17359
39646
3101
56140
32866
33087
15616
14974
26628
26564
32645
16826
17856
56058
49768
30245
29882
29704
44474
7855
35492
26397
11828
16924
11453
40467
59432
42773
3487
48328
33067
29414
36139
55285
25780
53321
30047
29835
5083
21043
58491
55500
26268
48081
16246
42259
10858
37062
12515
25833
20501
48754
52229
25556
51659
52445
41208
28261
37142
4215
58390
52396
20017
33173
36508
14598
43189
49802
15553
51949
33694
48673
59969
11423
36330
46273
28820
43835
41710
41652
16396
43454
35420
28637
34459
10255
43327
28990
17186
8079
9449
38640
28760
19700
59772
10138
42170
33112
40702
45402
23602
6160
18226
48580
7382
56349
18584
14566
33079
35248
30737
54174
26534
8274
49168
50746
25180
7075
41439
53659
27321
16730
48450
19693
4501
43439
11245
43688
20261
42158
18898
44553
30741
8813
11669
19102
53153
41133
47961
53475
49459
57325
54122
17935
20075
25949
57769
55302
17301
53528
42478
57080
13961
22994
58199
32573
46679
49465
41606
5661
33424
13290
21577
12232
29720
44070
18901
38713
23463
16497
56486
53116
57682
8874
24709
26218
16430
3427
25024
30306
51003
18659
4501
28083
43480
5724
35831
21778
49177
39940
6788
37151
37719
19260
49479
59044
24472
47542
56438
4581
12180
55466
51071
41007
44789
9805
37944
45903
59323
41351
18728
56374
44957
35354
34465
44653
51836
31236
27216
3769
59728
20586
48496
52701
8529
3392
10839
28235
44224
8325
21268
43127
50215
51701
50162
24780
14522
33893
55525
29722
23105
11448
38056
44235
37278
7339
17886
49270
11015
50272
4953
57815
58971
47785
47179
27638
57430
17037
54627
30271
19728
49432
42144
18229
8244
15180
8276
54961
26585
34425
40311
14219
58912
54973
6946
29438
41996
40171
14571
4413
56576
10550
28606
58582
55827
37483
43294
4556
6781
38841
7659
35565
15901
11386
3935
46837
36161
54927
29318
11217
13170
39054
9726
28353
29163
51620
36417
29749
39162
38307
50732
36335
55845
35253
27258
40883
54693
12880
29907
49837
23485
59666
52251
6339
20288
9157
28836
41496
32512
8430
53933
44832
54871
8959
30418
14204
9513
5517
46286
4712
25283
53439
18730
26005
54181
21964
17385
5651
41854
6679
12169
33972
43155
28802
35181
48316
16863
36863
22080
27817
53654
32875
44950
9287
28384
13050
43134
48674
42398
40847
8284
32694
12314
46392
28014
43621
57672
9487
22395
47481
18321
24778
40547
50335
13116
31418
7263
5854
42221
44334
28723
52323
27965
59344
30533
8372
20437
18044
43013
28770
19136
36099
13948
24504
44636
4400
22770
38608
49788
59059
13221
38528
58128
36729
46824
47279
58128
33522
42625
52560
19568
43851
50214
6110
53687
55869
38472
9358
23074
6881
39004
30352
34385
48116
57522
30253
17649
44214
42849
34107
58940
51719
12448
14358
52797
59715
21632
23513
13331
9238
52424
32159
37993
14616
51438
9600
11527
47828
34523
55775
26919
12718
13024
49073
44633
37056
5891
36620
37047
37878
15484
37810
22964
15868
51739
5936
10540
10099
28844
3377
19761
8837
46412
58866
57760
10471
24286
37088
53731
8393
27679
8439
21183
56582
19870
52025
18328
54133
35500
6234
18925
41897
15150
46985
14033
19090
4330
28110
22775
28665
13490
48064
15912
18662
15119
36273
16565
27501
8782
7305
59068
24395
20918
13744
24758
40318
54632
33888
13795
41539
51691
10544
26302
15314
51182
12187
56266
16273
18215
46846
33194
30867
48586
22758
33259
24312
47366
55108
12311
55829
13406
22683
39100
34191
13655
26469
45467
27872
17378
20619
12530
28597
30686
37478
57012
32843
17086
6661
39017
31332
43740
9299
27386
20978
51208
18363
9236
36094
22856
58434
16432
34567
49584
47645
33673
4268
35350
46081
10657
31384
38069
3280
12490
30247
32847
29226
51477
35049
16797
58719
32047
24120
46505
35726
26112
17581
31439
53201
32075
14503
41529
57099
13196
33245
24414
45525
58795
42024
5011
31857
28460
50285
12982
38456
55498
14456
54197
25831
30383
57884
38399
53717
5490
3632
24684
8360
32047
49815
12207
52707
37990
26448
59580
32428
15515
41480
35901
42097
39362
30651
26719
41026
55615
28243
3683
13301
22469
57373
22447
58908
6684
18071
41058
42240
50334
49797
40375
32762
36483
6957
28351
42764
16457
51188
43070
53341
52469
54613
5723
24837
15101
7477
28445
13055
58521
5797
41220
17887
46206
23946
21206
19680
16960
17743
20442
6164
20453
28098
45782
45974
50807
26375
15900
7355
18923
42069
10592
34874
30229
57165
26867
19884
7183
16870
50241
36210
28356
23262
35293
19249
9051
19695
26568
22244
54502
37401
57289
11151
58146
7805
50541
3600
12023
34498
43217
55024
14204
47994
36477
59315
43672
54608
50020
59301
11737
59963
4756
18214
8640
41193
46591
43628
57424
47033
49630
30797
55364
37987
30958
26277
53730
23660
24341
24926
34969
48100
19611
17162
55457
33103
28715
26306
4176
4516
11170
18831
44657
49579
16775
44253
51629
26820
4505
49109
35300
43568
6977
13218
25737
28727
4571
17650
6863
36106
28314
13252
14937
11916
44367
5622
4217
8397
17392
36768
41708
27426
19629
7792
59689
28400
53919
26480
45419
29082
48324
43878
24866
42317
12279
26585
35983
17059
16446
13528
49794
11908
44955
31773
8830
25996
15876
24355
40338
26466
54858
21071
13635
20197
19004
42214
38804
16550
8660
49462
7681
34220
18669
20102
56721
27916
39819
4763
10975
32239
39207
43091
11836
44857
30626
33153
48752
21372
34009
12779
15957
59649
31693
29900
36605
57554
25041
6923
31244
13829
34452
50337
38412
30623
45221
55147
58314
56384
34279
10957
7171
14302
29860
10944
6064
47204
4404
41591
39550
18433
5645
10576
21923
6303
43580
34087
33536
18575
54937
9055
17969
40965
13019
6550
10579
9185
20812
57479
35452
59771
10218
9526
27834
32857
45802
27027
30557
27806
8798
43352
9279
11427
17107
58953
20582
8009
9164
16355
42333
7393
20129
32596
23091
30092
21085
9699
9152
8962
5972
19561
26500
52721
7253
37377
12040
46383
47072
55762
52838
38426
36671
40814
59984
13480
13305
3107
17863
22315
56882
46077
3468
40131
25065
53055
50510
55036
51448
41506
59459
28271
20913
42609
6278
11846
52310
25458
45513
39902
19932
21082
6478
26157
6044
17423
32240
30288
9650
33600
30665
44682
3832
26015
16338
29501
5712
39449
43376
42213
54845
28449
14569
32445
23748
38789
20968
39781
37342
5969
45475
17163
16063
56114
13857
19483
45567
59961
21352
27594
58000
18115
18299
53436
28153
49252
5070
40276
32763
38014
55328
13414
33832
35217
20769
33067
52301
39724
48578
40846
43353
35904
6324
59711
23755
26178
31333
49361
26151
50834
11916
21845
46554
55420
20062
32631
8759
26254
39513
4461
34032
8403
44416
56300
25718
17548
29242
16345
28869
16166
11610
43774
42401
49016
24581
20080
13136
41121
15770
47089
17341
4380
25243
37641
49612
21721
54077
17192
34616
26216
53047
22162
40115
9518
22569
39496
35316
39321
39222
4363
15545
49875
43017
24580
33735
59117
44433
50288
16330
58813
7856
46808
44877
41636
24609
31356
21697
50171
52301
34221
35826
58329
12421
38759
46515
40069
19234
34413
44803
22690
56668
44512
5501
7319
19513
36229
41356
15354
7261
13706
50733
13915
26893
56727
18790
10584
52485
27115
58978
29433
40168
10222
9874
29604
41117
38549
11806
24250
59147
34237
38598
32245
57319
59697
41593
32431
3813
58174
48142
8454
19303
14393
46197
22107
44431
38560
37554
3260
21891
7941
14860
6254
18457
13872
52487
58733
30687
19319
4313
8833
58722
59843
22096
18975
58108
21177
16018
27311
3642
23920
40710
34041
11508
38981
58058
37915
25884
34757
37821
51491
25820
55432
29592
47089
36820
54262
15348
5909
24488
29937
38515
46068
28492
22017
59846
53884
51472
24801
47775
10327
25449
22962
27290
26917
39310
25123
44923
36355
57722
15283
43775
57785
10729
39535
6642
48495
44435
48494
7703
23384
38678
52906
11433
12394
32664
27626
51666
14358
32343
22209
30842
13676
7551
29661
26061
43550
33570
58580
32223
5122
13914
34820
35157
55612
4530
52514
37596
29805
13487
5904
23453
4496
58471
18531
47277
43238
53208
10898
53900
40011
55852
47187
57314
46355
39118
37619
46424
15462
14747
57235
11434
32474
17667
13692
24098
21432
20907
8007
41876
45575
56219
6768
11677
33817
29896
51417
43347
3742
32866
54964
5685
57130
7448
41183
49454
31711
22398
47859
31596
27375
50482
58154
54088
6337
10687
18778
50132
21684
6157
59256
34342
52031
20834
36465
37437
45067
42606
25066
18685
9604
22803
55835
51696
23355
15659
7821
14820
35917
36039
56414
49859
42798
43543
23692
39616
10493
25972
38185
9266
20982
42298
39376
52151
58635
55083
43144
33352
52821
48469
19065
13993
26383
15811
57344
11826
50348
26423
30645
38015
24089
58515
42533
42933
21879
42988
29195
11207
49069
29416
36643
13832
18398
8692
6515
9992
15431
53224
54218
12747
4944
6937
4584
36315
58759
24402
15816
24759
47586
9028
15192
26614
45500
27782
24022
23437
42371
5757
13136
21434
10898
17964
11165
21603
41290
30321
34459
48991
46886
48246
41912
56937
35748
6969
52430
8344
3800
14707
12419
20423
35963
40186
19802
29932
42752
17727
41715
3894
11311
44488
9234
19243
54119
7562
3840
41254
32800
16162
42707
21974
59804
18913
14710
48611
3821
59307
29735
11231
11732
4780
14480
59039
13733
8720
29362
33457
34482
26734
38554
31668
36010
12555
45672
34139
47727
11690
17245
24470
18703
40353
20102
52794
28570
43928
20422
42677
31640
16612
22722
50928
45688
52257
34652
42156
36422
7892
41747
36944
53802
25903
50093
7356
28773
16514
22484
42390
33482
36736
18638
32581
20987
46218
40934
45032
50635
58070
56237
55870
54280
19007
10663
30381
46256
54554
12411
11719
26924
41729
57242
35037
11850
42852
13050
36371
37981
10777
17340
37448
14536
16303
35135
27537
19311
58301
13293
59137
10968
23643
11168
48589
17452
3153
8056
17733
46634
8736
5526
43920
10055
20402
47500
51368
39668
54830
57995
15925
24371
43217
6693
5076
4043
30304
57083
9672
32379
42397
7501
44980
26658
49874
29356
55845
24218
51002
52377
14234
3737
21134
19689
33145
14923
11852
10046
14746
41508
48462
7992
7094
32759
30030
33623
14639
12697
16512
10967
32271
52619
36458
51599
51662
48906
53923
20257
34769
19498
58333
41365
34406
19062
5433
34065
16118
9201
57741
