516
49277
8340
35156
57229
47999
9381
26770
54863
56752
16015
18724
20741
7157
58003
33306
5500
30337
57274
31924
29664
35818
38723
14923
53077
9674
48582
11842
23397
35788
34505
50812
24210
30188
45939
39334
54530
37976
31006
36343
16709
39271
41002
3877
53484
55275
58933
8535
16101
30726
49782
4528
57334
3572
54234
7851
32497
15574
47609
17539
49823
23815
52275
32702
25553
19762
59208
16751
27566
33197
39883
31567
22439
38934
15347
51181
32806
25188
12252
48679
12498
39405
59634
28456
57329
13557
15118
9692
22281
47560
32674
4430
18797
55085
15695
48317
9223
12941
13055
32836
55277
59808
59781
45365
30602
45089
54704
37313
58638
56631
51784
45706
5621
54510
13322
55214
43542
6677
55024
36103
39889
29220
46712
32683
49694
5015
53521
39695
45712
14989
28214
32091
8842
5918
31777
44164
51352
6153
7495
57605
48210
3338
12531
34096
50336
20371
46078
33389
56927
49386
23599
8408
9529
12294
56416
8660
28072
45237
32316
8451
50414
35260
26290
17267
13138
53862
8082
26061
30405
43848
43466
42743
13448
39948
28928
43618
16947
39055
26083
59329
13547
49579
4661
23158
15150
19005
24423
37762
37239
4015
36081
31692
17534
48407
55319
36208
7510
22659
36686
21146
27409
14817
49099
42991
23444
10808
18104
19506
31703
45699
57461
19675
50895
33533
25686
28575
20070
29791
28973
46804
6217
7862
3364
16812
52137
50536
47973
43336
20959
23638
54269
20495
49477
19301
6867
17446
35165
42901
45274
20490
20743
25474
5604
51068
23849
46513
38611
59187
14410
55062
35110
15285
10930
5134
59214
59822
15295
17691
8893
57460
52066
20716
7242
30886
58939
35104
54711
33031
14817
3321
32232
26563
56436
38618
24021
19470
50463
17137
26227
31881
11751
37821
24881
33067
19882
47104
3933
36374
29776
27365
37096
33952
20594
18808
47992
31422
21208
41113
29718
28018
7651
25764
8183
19699
30979
43178
49335
35293
22115
54633
59481
29547
43842
40014
38698
38934
47676
12331
37828
52787
3206
52276
41407
22946
55341
47515
38818
29167
35960
31649
7399
23388
36082
39620
26015
6690
24196
49025
39623
36351
56947
15058
26347
30829
41421
31148
49097
31603
50582
33706
24802
5408
14403
48584
21307
36341
50749
40602
28691
41622
46730
16469
56270
15061
24450
26452
18374
54291
4012
44941
18348
47062
50547
55462
42570
39601
10700
36868
42358
25996
29486
33301
11086
22039
32184
55070
13078
15377
55601
25291
54323
10934
53698
18753
7566
12132
39185
5203
55430
58347
53600
16138
42077
38624
47810
4588
18826
47156
18079
11150
12262
27787
35439
34516
36759
25331
25956
29245
9636
32074
36349
33279
13189
49968
6536
35740
26506
30779
49573
59845
51707
19518
24255
23880
37928
36378
12536
56318
34597
16236
6313
44975
37850
35523
53327
42350
33585
39310
18140
15922
56923
59686
32744
57021
9283
32669
15225
11819
19431
19442
30250
40708
45669
50900
21978
8410
23825
59054
22075
35406
39293
6792
44044
18473
25599
8255
35956
58686
58072
22414
56356
25716
53305
44119
41096
6820
17643
31293
19164
47648
52461
59283
51057
44612
23836
47275
15929
12549
51515
37430
57433
25000
57555
14278
13713
8759
42632
50632
19727
38224
29567
32501
52503
14862
59438
37293
31343
