407
56299
52299
16396
43768
24292
31758
19907
29203
52338
19468
36132
13967
26949
25755
3666
3473
11476
30514
8100
57412
34755
47331
41691
48737
50492
28458
59444
34253
22752
5139
47837
7474
43055
6486
25835
14787
20468
3148
53785
46583
54361
54372
23975
44306
39572
24416
28981
41275
49625
19754
35623
14187
39488
23685
12048
11402
31825
31476
40973
29233
57698
52558
54350
17674
55621
19413
46487
15318
57075
49339
27866
17874
21767
9488
12386
30753
23121
59616
43591
16148
24927
39570
54373
5399
22934
36911
30444
37895
49077
10952
43489
13284
12452
21038
48732
28204
36268
31372
6213
49936
43983
46382
53373
45327
5787
41732
19427
38146
17210
56657
10054
21169
29694
8393
30024
38217
25801
57625
15438
20188
52769
10322
34244
56693
9260
14687
27380
15357
24204
28642
37143
50914
38923
50313
34348
47467
16947
57202
3372
42843
41956
33114
28365
58935
4790
11452
25009
54658
37520
40387
31069
43165
43581
23226
22493
22470
50812
45619
50624
59883
47577
23234
39783
20901
14663
14765
42833
22125
53683
29592
30730
29815
11227
40875
12719
5402
11482
7443
37056
3289
39485
42832
26568
32035
19295
27536
28103
46232
39522
31234
54541
19051
41081
22919
26011
41489
3786
31548
48521
36030
30850
4112
50263
19560
58344
58578
14198
59846
32349
18388
35016
25108
59094
41341
49637
23026
27190
57150
33655
47951
8020
57890
59379
18813
44917
18445
52499
46854
14534
9280
51578
56413
11051
49492
8098
34737
18882
46348
12908
59944
59562
58220
4822
19837
11235
31164
26532
40244
44385
53545
7283
36407
26001
27116
25558
50139
15309
46953
40278
6516
45168
32536
19166
25977
3845
38393
39028
28072
32840
31139
44447
29084
20903
45970
4585
21909
12906
21823
41260
54764
24424
38565
47389
20093
23455
37177
42870
58364
7704
21095
33679
39392
13829
5397
12379
25360
19866
59489
40589
15792
48036
39285
25837
54249
9835
22719
37297
10259
12211
45901
17026
41955
34509
45266
45946
3051
45829
38218
6509
33605
26879
39493
10576
57381
35926
43076
43152
4362
48905
14273
8708
17061
46555
9304
50322
59302
31263
29047
29018
53725
43283
17215
11493
59125
6038
51670
46131
50695
35486
53526
28643
12996
44034
59292
22628
3786
28150
37255
4613
29903
59135
8341
27934
57174
11178
21973
5931
22348
13804
32876
23958
58193
42548
41036
58286
58319
30375
24956
8166
43487
23030
20129
3131
39841
52829
3430
54679
18817
7526
13799
10023
46956
23407
9122
48903
35939
8842
45194
48397
31227
12151
25301
16583
40922
5151
34841
59821
