963
24882
24206
5757
34636
58611
53435
53995
52928
10422
7067
18905
31630
11901
20435
52612
10613
4717
28964
20039
40041
49500
58235
50213
57816
29216
20756
32107
43253
51175
17296
33913
37464
55723
12233
30494
48140
50893
31876
54751
56712
46592
36329
53104
43985
39743
22574
10082
8113
4975
54302
11436
10306
54645
40910
46561
10148
21603
40172
41051
42724
20005
32160
25237
24854
22824
51289
5352
13896
44376
31008
34386
3679
8537
57407
9459
15951
51145
20111
46194
44800
50286
44621
48016
55591
28444
14358
51620
9069
48813
28939
34661
52077
46963
14902
41485
16838
39361
54602
58586
28416
19926
49146
50887
35522
59351
20679
28382
13472
24909
55537
36968
43486
36668
37212
53203
58651
23823
53791
46686
48861
55459
18050
41349
38970
45625
47990
54509
11656
6522
37969
14576
23087
52379
8715
22988
16357
12938
38446
14976
35618
49229
58773
35941
9879
25729
56449
57140
9390
59893
35913
54145
47811
33356
48463
49967
36439
16393
22579
33119
48856
53872
19719
11493
47994
26959
11201
6571
22745
50510
26795
12452
56089
33183
5981
3426
57803
25460
4086
10959
34689
43288
23201
18807
4366
44441
33186
58121
24922
23750
10727
55908
31012
4648
58622
24523
6206
57893
11340
47011
32111
44599
47879
53149
44862
50130
43210
54964
6003
20690
7267
7112
28312
54934
19163
57155
45490
15355
41235
37082
3656
47758
24445
21249
15291
11340
23630
11322
42321
48823
32273
43486
20947
19593
43959
33364
57694
14310
51481
10929
36446
37947
28970
22828
42476
33055
19510
5750
25982
21589
20891
12512
59952
19857
20626
49956
18236
3238
26410
9328
34866
11595
38160
35434
57958
39134
53276
59283
12209
21792
32291
32320
38024
38123
33256
48913
22978
41173
25725
13972
56157
25477
44353
13501
44389
11044
12126
30325
33462
42303
11140
44387
46999
36500
42947
25302
32695
48462
22329
29697
8282
25658
48504
24318
54409
54870
44392
7744
46413
33852
22068
20563
58144
17880
49917
57320
32897
12862
41294
17831
15069
15642
27520
43224
34948
54417
32883
31411
34113
8383
47653
8408
22539
25633
32367
14409
5403
41160
43092
46495
28764
4653
3405
26915
41283
37388
55059
31190
43861
29690
32460
40975
45006
57757
59496
28056
38562
44467
4797
31207
51572
59147
46250
7032
4833
59151
56642
26128
48100
18291
42083
41845
20358
22371
3918
55153
13119
11199
7319
38822
10918
50847
12216
34480
23581
35189
11418
39329
16972
54193
48768
42590
55641
53111
59700
37756
15689
37291
13874
57466
52674
12042
27360
23439
31572
56015
41241
27897
43638
14447
9406
51369
53020
52294
19090
28723
20087
58514
39094
45894
14791
54427
31683
22586
51271
42526
32207
35813
32430
21580
28257
7114
4565
29367
7196
24735
49625
30354
31740
38586
13624
30004
5707
54767
57838
46057
55152
4090
29669
30350
18578
54794
32391
27626
12101
37971
37293
9955
58348
6189
42834
38952
58898
27809
28754
18874
14510
17459
39041
44969
41630
22772
56085
23453
7483
13261
19030
19007
21456
4565
44171
17278
27679
45969
18255
33806
44340
57142
8307
50058
22096
23767
29894
23457
14000
49205
46980
45579
21363
24579
40428
38661
8044
55329
49754
4985
11795
23412
55372
47342
17491
47933
57099
40863
9683
25212
23917
45627
31969
20194
5963
15794
34450
16159
30471
22138
23950
49150
28852
30804
57154
54422
49222
49082
32664
36875
30354
10710
10960
33710
55009
24647
55449
38601
10889
47117
39971
55307
15196
13750
17232
51718
48812
42613
24438
38947
42619
29766
14002
26158
25731
39425
21141
44238
50296
11168
14874
28753
4297
16566
18082
9227
3052
28210
27208
27042
9564
43777
52433
33345
19297
9114
21702
39113
27563
42743
39295
45479
24872
51681
29439
6211
26095
38863
21191
33167
24329
32159
55696
53805
42934
47750
36245
43929
8524
35984
14756
22105
15453
58391
42439
43964
43566
41776
29072
25937
13362
29422
20014
7767
26878
25201
45354
3886
13133
43597
57183
4740
47465
42099
27574
20549
33117
37427
58481
43223
32055
18325
27063
15556
38673
48142
45586
59140
54920
17316
29849
24249
50432
39377
52002
6009
19295
10787
14432
35389
47951
19774
56204
37781
53817
32508
48664
28290
35245
35316
54212
28890
21666
51201
20030
8556
11348
51153
42628
17481
14183
30738
49102
23841
30042
15826
4536
53300
14737
55587
47559
41716
31958
23321
47728
37924
46575
37964
19744
32999
20269
4429
46105
13305
5581
35685
5315
53459
11228
18445
36068
32147
21501
12010
47104
42243
52137
9365
11459
31871
19060
5623
36102
7926
16662
40914
10220
46413
5715
56199
21006
47265
49161
34691
46815
54918
58312
56132
11630
36380
36693
9247
26312
8048
52616
22521
6105
4368
7065
17468
41832
39300
11100
11812
27694
9527
10009
25197
26886
28027
34903
34116
52047
18811
31606
55079
46399
22693
4143
28082
31145
32910
4419
25491
8489
54337
36408
27398
56497
41001
37934
32391
48691
13378
55352
3932
4817
26716
13037
29438
56693
4430
9538
40277
28665
3089
18885
42561
24961
52914
33415
21960
49414
18380
7827
48813
48714
55066
3662
18656
28930
52248
13301
14158
28385
5036
35357
58734
49266
59129
40664
9135
45854
32088
24857
47984
5542
22571
29485
44678
22089
59150
3082
35203
44606
16776
50310
29338
58894
25219
57231
38676
5173
46471
20548
44961
46848
51794
27659
44440
50434
50775
39042
54713
42418
45284
16771
27459
48542
35699
35122
32112
59574
41527
19548
14387
23662
43209
9688
7717
9598
56677
20085
5605
58781
47775
7808
6323
25473
36123
49303
8628
30475
38474
3869
57535
6516
23636
41641
42529
31159
12213
59852
7148
5202
42069
26118
34069
22898
23352
22901
51352
56521
5960
29485
19601
53679
36993
39195
23605
48871
36393
55862
12214
53789
49502
11169
44249
25565
16547
50379
27458
54358
32965
42505
13945
9189
36605
19905
45728
4071
54073
17316
48650
24376
42494
37632
58661
24855
18704
43923
32761
42355
29561
20283
7893
3744
18622
30646
26603
57312
57860
48877
34456
17715
39845
28721
29711
44737
54348
35037
10929
47847
55195
58226
3884
58962
49266
