2008
36783
12268
30047
26942
45084
15346
52047
21851
16258
5543
46367
26955
35483
32138
27339
36409
30092
16084
14940
30102
29319
55821
5406
56494
33583
34193
42766
36028
34441
13765
30638
5567
15578
18841
49101
10522
40533
6751
42416
53458
5860
33427
17583
55959
55306
15301
3649
37134
58007
43578
41474
33101
39479
27102
39627
34289
25105
27590
35419
16828
12477
19128
12180
7414
55597
42616
4370
41262
10401
49711
11453
46061
13491
26261
30861
39324
26204
3387
39833
8761
52653
52933
3368
58622
48393
40512
9675
48595
39838
43937
6720
34042
7340
54126
8689
59978
43577
27385
51044
40421
40968
19549
45789
24482
10276
35489
44754
41880
55144
52412
41181
41393
9027
4807
29357
50891
58575
23069
37407
6760
15311
41018
10351
41128
52373
46495
18862
6836
29627
35031
44087
37827
55486
42455
18814
34891
4085
39297
54563
52425
7384
25112
13205
38778
57968
58240
41896
16996
46982
46253
51683
42581
51215
11668
29387
21651
57068
33565
28816
25845
20975
31469
51303
42799
27137
22510
30735
38867
45002
29142
46631
45138
4349
10638
41910
33913
7051
50149
25448
54247
18165
3524
47622
31144
20006
55579
52805
40656
15482
48732
28864
44432
58560
55378
34638
18860
46697
18836
40368
50581
15180
6659
4862
26612
52475
9264
45825
17912
22270
25894
31937
53442
50352
40020
7146
30765
11866
57172
33729
59035
38972
23275
20599
24617
10321
49009
33149
31114
39023
32960
40386
3277
18132
24601
43048
16793
51543
59178
22402
25144
8407
59382
39969
19612
26431
5728
3847
36090
45422
51957
21896
7156
10303
8785
7433
46276
39032
15756
55327
30111
53693
49957
32448
31622
13364
45476
24003
33227
46931
20438
41032
55294
11875
11617
45089
12340
11193
40655
14053
15165
59339
17324
25909
57723
18588
46284
39222
38279
14494
52530
12230
59617
10150
9855
38811
32702
31095
54071
12023
5882
59431
28188
52251
34986
27195
39460
23140
53185
43113
25113
43006
58739
4935
53588
40901
20953
57657
9257
13305
57250
27772
35439
22007
59050
31753
48877
37981
30395
47419
33952
36452
16207
30232
51915
10552
5405
21346
46650
46214
55040
6552
6005
38486
8045
22150
21780
42691
47639
29556
46487
53076
32514
33244
52167
19526
28060
6121
25816
28807
52073
25875
36376
3622
11092
11065
7184
28570
13204
27916
17405
16396
32274
34219
21152
36364
50540
23548
23529
48469
56030
11259
11315
16293
51006
25960
5745
13598
59597
34460
54403
23571
33650
40674
46891
8904
53904
58075
6611
25232
8976
11709
47901
25547
53701
53506
18843
12168
52274
27539
34034
29389
46354
51174
54371
56528
15642
38449
39030
52002
35409
31570
8966
53707
49287
15177
4182
20619
36375
12718
4386
51174
34757
4572
15275
46253
48991
8986
8711
55965
45494
33902
11884
56811
43818
26341
31529
40617
55840
21801
22911
54145
59279
10321
23896
12349
26701
46595
36108
39201
24197
29477
8600
37369
39267
17927
31049
26611
24567
58892
31385
13328
40656
46176
42191
4757
24903
6049
27905
36789
49596
44224
19998
26340
53135
44869
10267
29721
58699
29967
23605
52910
39513
18297
33074
16406
33089
40948
15836
16976
54975
5630
19600
8358
3551
11394
16738
29867
26092
39663
59956
15062
31839
18209
45625
21542
22377
12917
32319
55759
5383
28073
32268
28753
51059
16066
34855
47668
7683
5140
23645
11377
33205
55249
44854
40270
35502
45037
31815
38670
26365
50736
54123
47244
51071
55757
45514
28863
50929
9030
23955
28672
46684
22000
55786
24370
39961
6179
57716
29177
15435
24809
12408
12323
43435
34168
17926
12749
17251
55494
15194
40728
25042
48075
24149
26810
29498
55172
29914
42324
4708
15641
54860
57062
56429
18827
45439
36116
48540
29583
38673
17324
19406
23964
15798
20568
11546
52249
50829
33713
48102
53546
37585
11197
50104
21371
34509
20091
56122
47180
56410
56826
45986
37122
30350
40441
37219
56536
31047
47817
43157
19442
59788
19010
46393
19953
35163
41119
4354
10333
3244
26214
36986
16107
28992
18723
13966
43606
30659
32396
33037
41715
45182
40498
33620
11061
18846
26743
42265
32743
29261
31955
52086
50252
52529
26259
32825
48734
23950
51649
19725
45736
56291
39537
49011
40515
16981
4841
16746
55100
41960
55043
3716
50794
3304
16987
23781
25209
59196
59410
9076
27302
22006
11891
3017
13273
43533
26665
27704
54847
33097
21231
50506
27395
27391
33978
42950
51433
24149
51023
41601
16492
30994
23662
30988
58861
40195
33572
43026
18333
33287
50287
53684
27315
46506
52585
57581
31293
42086
48093
39532
13556
53734
50807
20931
30172
29822
4277
7944
41509
17171
47645
24007
23242
18591
25804
13508
37800
14995
50951
48501
9688
35873
5149
27040
7744
30843
54587
53062
11417
24965
10120
43102
13391
22326
42316
6533
54571
34575
27899
41648
4997
59802
56943
19038
17866
31329
29144
15753
28540
6628
26650
16733
48100
18774
38346
3040
42101
56321
58326
46789
24279
56490
37182
7580
30772
8600
25233
11278
14725
20251
47694
50698
16199
7785
40629
4343
21252
31235
35235
21442
10605
33661
56253
54213
14840
9688
8521
44949
28009
45866
6740
12948
27859
58900
44278
26387
8292
19897
9865
25112
7433
44077
43060
38153
22127
55855
25478
49712
56543
10618
42156
34393
17444
19953
5920
20302
30124
19502
56458
33824
54505
52149
11560
48209
18680
22532
28915
29673
17132
20954
39871
35713
33574
11300
51641
21057
43274
45953
7543
21048
33147
45565
50525
20711
44573
40910
7024
42841
20657
12260
38343
55541
47154
44961
3762
27509
52675
34238
38251
46926
45362
55631
8324
53277
9314
16363
33047
14381
49654
14263
6598
58764
52142
27234
26399
37908
32819
41396
59632
36011
20565
29970
45418
26241
6940
34724
27487
41387
54074
53151
43648
23796
46152
18210
14993
45251
4837
53655
29412
36792
29443
11098
54772
53365
54784
16790
9554
22535
32723
41037
55273
19479
48751
35740
30363
22342
42750
55548
38293
39873
32395
9478
7891
53873
9308
6152
45371
29594
26688
38967
14301
35316
28989
31529
33042
6133
50920
43995
4136
47386
59645
47058
3151
42328
6559
8212
18277
4119
38404
7751
21139
9555
43143
53902
12855
11028
21900
8304
13445
34397
9550
26109
4128
44937
8063
23183
46290
27586
55140
22706
19680
35598
39725
11388
3869
29352
50021
11396
20221
20586
48184
5559
3955
58582
9500
53701
39630
28688
23482
5886
24198
5333
40754
49435
52808
4872
53606
17128
48500
10708
28055
33969
29395
41159
49133
5298
15201
42640
41251
27654
39639
7064
4955
36431
44073
18702
47332
22028
53959
55247
20102
40623
12147
9055
49950
54080
3058
22377
47087
27958
27974
3119
33766
54946
48587
23364
26949
51673
16463
50036
23741
19330
25521
30464
22304
54712
39667
27426
32339
58074
58972
59826
16079
51557
14268
6836
53071
34151
34614
3959
7271
27094
40100
53364
51781
23506
46056
24994
51367
50733
18171
3876
43162
27289
18454
41736
4540
48589
55936
35958
9057
55038
40228
14719
18692
4855
15101
29384
10715
33839
12643
42493
35171
34401
50260
30272
3133
52626
56332
37067
58281
13921
52089
21658
26010
51959
57129
18754
27385
32373
40920
17104
57725
47828
39478
21661
59756
23088
45299
14688
30749
54186
3004
55905
24532
52127
30840
55298
6590
4469
49191
38419
40757
23671
47512
42856
5166
10151
44357
16113
30253
9152
56794
21353
58179
48708
8742
38757
36061
21715
13405
10919
34116
18198
31637
54651
12355
16176
57739
29753
48510
50302
58769
5898
23789
46540
36361
52218
30828
17318
46358
15475
12280
33378
12797
20768
3655
17933
51870
34528
37189
49758
9085
21442
6860
34030
47121
54430
58123
51823
39417
32272
52017
42101
41628
24532
6578
45553
37364
45685
15305
40362
27156
56859
56917
36234
54711
59418
18682
16155
21280
40793
10981
19688
16470
41218
27921
52832
13095
34968
40053
54808
6773
6281
18314
9067
25535
16414
42899
9634
6884
43262
43817
4945
47775
41889
54841
58197
29003
43294
3050
3623
10592
17453
10350
42462
12951
11162
54584
52604
20789
16343
38243
22881
49872
30596
12643
27262
50496
4718
49654
10996
17732
42299
22339
22707
17576
32391
41789
49669
26584
8574
4744
50215
56440
28515
33996
23608
25464
40097
47806
34343
19680
53748
52530
35695
5257
30983
29660
21111
28594
31779
24555
39036
41607
58643
8670
40820
10452
12865
26604
36854
55702
24270
34297
19608
13325
53754
52820
6521
46318
7312
58575
19983
57195
51235
43031
29985
58457
19855
31292
20389
3001
22119
24029
58376
37795
36951
28150
32073
46710
25948
28780
52277
3242
46529
52263
47221
46793
44144
15900
16014
19342
52821
12644
43257
26505
58299
21305
50809
21619
38023
24473
35474
51819
24455
31480
36999
8114
22713
46317
38731
36098
27028
56646
34941
59037
38730
40776
29268
11662
29026
16486
24384
47846
56173
11211
20550
22279
14561
27206
19674
17219
44070
18964
58618
22976
55393
16486
44638
31256
35398
11079
48498
7998
27323
17261
24368
51508
24297
26795
36082
32241
55169
46262
53448
20969
9482
16769
11914
35215
52159
50086
37097
53574
8188
7511
35203
13740
19651
27633
22183
8418
5896
5324
20312
54733
7636
37246
33198
33093
11510
18464
52876
8434
13483
54079
29763
46044
54923
22714
32127
43300
46802
54827
34257
27909
10758
36806
56118
4577
29172
4034
52400
35118
9291
25709
33391
14803
6263
29343
50983
3957
31792
21021
32714
23634
39175
7466
44446
23428
40058
19405
22925
18508
24264
31423
6242
35458
40418
27939
16720
20051
10057
42039
23070
6977
20777
27591
26254
22774
11587
11002
40853
57201
10677
6513
24872
13829
46255
50231
11772
36505
39508
12930
38042
15104
44049
26679
10131
5922
29545
37365
59677
7210
7966
7663
56950
52852
36982
57682
55478
36146
42567
39817
3916
38530
40545
42755
18700
55030
31058
5953
39087
42728
6394
43741
35773
51683
46752
43084
4106
6166
23031
13491
29499
8314
47066
51910
25659
13698
24188
52582
40534
9702
29049
22284
10293
59997
19376
23583
21513
9839
49664
48737
39902
22311
35142
7471
12097
5815
54792
25856
37873
38557
59410
48712
33206
36532
41809
27964
8947
31119
49825
22473
47669
40480
3200
36346
36562
17139
42292
22178
45513
10083
24812
49121
52619
59966
25830
12943
13667
13104
39120
53080
41555
23069
10278
17006
16418
11996
3013
30745
4637
22722
57044
35258
38866
23041
4288
57736
15690
14175
3479
14478
40600
57371
25405
50410
40333
23427
25346
3199
6240
15633
10223
47954
21752
10597
40400
57907
52477
20104
20507
41439
52114
18093
45061
57493
57162
21718
40758
37979
15607
56959
17248
50034
27272
5536
28738
7756
28346
6706
13169
4116
12792
55706
29306
41530
23756
20301
4150
6941
47976
50297
22651
53048
15185
39409
52050
21439
18274
32627
59475
3581
15410
51311
45451
32116
23527
22603
29159
52611
51724
57437
23536
21822
50475
11578
52798
30052
21231
47709
19818
35325
26242
19328
14410
54159
29443
32346
4112
5273
40075
44754
21827
51752
21049
24746
47606
18071
41438
36683
57326
37251
39814
5247
25530
12914
14508
12795
44570
34949
6276
36716
17966
55654
3777
43658
21594
22714
7055
47150
40180
13114
42873
10461
49289
53543
49336
19341
44817
4906
19623
9862
39594
54099
35370
31031
24916
34761
19889
56748
43609
35994
30043
27391
20495
4891
9427
19959
46780
9604
55450
35389
11903
25267
43379
22456
7169
5783
18021
6285
46352
46667
5795
51023
31259
34361
34453
16263
8047
58399
23529
6194
48890
12091
22743
49240
56817
36743
26838
28896
58002
31089
46619
46184
27829
45042
53489
44340
55164
5526
44424
50374
42995
33105
8318
13501
25268
26673
53572
20796
50738
31013
4328
48205
28101
46919
21834
47669
27280
38822
29254
45681
38266
28098
59788
19803
24741
3552
32354
57287
41632
56893
5727
34388
35634
8459
56566
9173
58371
39423
21315
44036
8466
3849
7872
47229
25959
25801
54995
32124
40381
4676
15838
54517
52455
27241
22552
36978
15489
54325
37837
15124
24360
29569
41030
23994
25501
19957
59218
14075
45207
50193
8752
6588
18417
4176
8855
39117
44571
28442
36846
36708
38418
28046
18154
22264
50307
27266
56290
38892
30822
12546
47802
20739
58788
53628
32874
24096
32495
19056
11349
31820
52866
10914
49571
8313
3441
49983
36109
47303
6106
18814
40698
13022
33208
31362
59458
25168
57737
8782
19098
30711
58238
17386
59837
20507
44398
51720
55481
47419
20330
8109
55740
20622
45452
28517
8132
28346
8282
27828
32031
34150
49430
35855
16251
44680
12612
21426
14260
43530
24349
3525
21494
46441
41735
44061
59053
19133
59163
53483
19800
47171
43958
32209
58284
5514
21278
47360
43933
10646
42314
59454
31832
42572
50520
