190
12159
40021
4820
48932
48829
41319
41945
46884
45073
12374
57643
59995
56156
37536
20249
53799
5898
30227
48555
31359
18898
20808
6705
7281
27083
40924
7879
32273
14121
55284
33975
19032
7026
16932
22797
6077
37275
47454
43469
49536
28589
17898
10514
31283
57301
5854
7361
19216
38949
54852
55443
17247
15646
37841
37291
10075
26279
5946
18852
32464
27751
38487
42291
32447
28909
19593
47781
57123
42394
28815
58494
49700
17546
18524
55761
7978
37002
7570
6326
17026
8930
20521
18979
44169
54712
5517
43681
43499
24941
32330
29447
45417
7871
12941
31438
20356
50434
15187
31830
45775
18330
49844
5259
37991
54083
55763
4235
39466
13076
58406
15068
13531
39493
53002
50571
57222
9334
12777
46732
35032
57908
19542
42432
30025
13255
32711
32521
45117
21822
39107
46310
44830
37971
51285
15448
12010
9969
22366
54935
13361
52102
20991
59726
57184
35367
44634
46444
48625
53425
7778
21100
3389
26300
23246
15612
51220
54683
15462
55251
56033
26460
30759
21057
31826
46219
53086
7042
36850
13939
38860
49844
28426
53157
17736
54860
5872
35986
53802
38754
37321
30915
53955
29887
23921
54818
43420
21334
26984
8043
57787
