979
17472
5339
6061
47560
42506
33497
40726
45938
3768
16606
56508
4268
5300
43425
59717
39737
53794
57033
56256
37591
59957
31548
48993
44999
16083
8442
48314
21726
50040
11836
42177
38217
47353
23290
57488
27192
59393
18649
56524
7360
20118
5646
25301
7921
21592
13427
33240
48195
55359
54655
48379
57575
10495
4921
21843
44782
42169
59417
8565
20535
32289
34488
16636
21666
18087
14801
48805
17916
3212
7855
4582
11975
55258
45942
12629
51253
35734
49669
11688
12100
12827
42654
24924
40072
41590
9849
31850
36289
28569
16233
18429
4440
49306
21261
57950
26607
53226
9352
6757
18676
25612
26804
37512
40839
41711
5714
37795
37451
15835
39659
24904
13316
24626
25448
46364
40568
25538
41585
49313
43585
49852
29290
6950
41655
53597
20136
48768
21526
41921
7880
50099
46053
41861
23709
47412
56567
31055
39152
4155
31347
44300
9440
33194
13901
40321
3732
20955
20783
4527
10149
34016
20892
26233
33108
54789
24915
24363
51671
46681
26982
58101
15545
4287
50916
31256
39511
5359
45651
18882
55404
20474
11244
47340
15626
44324
40065
4686
8033
8572
5549
13978
35964
27429
53515
14845
13446
28132
36412
10948
10952
11036
8706
31291
52972
42977
46988
6151
58706
26936
33659
55134
48020
52148
27924
15107
40280
10745
52955
8326
41308
45407
5463
26174
11829
11026
32974
12254
46703
57723
18810
24663
26886
23792
44140
51519
39016
43264
55926
52343
21015
49781
28198
59590
25165
41780
17600
54630
13038
49346
24562
59183
59280
20961
43364
29437
40049
23269
3520
50871
45401
44346
37417
58763
58740
56866
55670
9631
54576
33000
15343
55894
31508
49647
22127
3902
9260
30110
7341
34120
32848
51800
14562
15390
53430
31597
4783
11043
26017
50628
31228
20736
57771
46981
42158
16976
54544
21014
16174
59505
9479
34031
46114
56717
31688
8513
47921
4848
35224
31710
57160
13060
15450
27987
48081
3241
27789
55683
25383
3695
20330
35677
34178
35938
28495
19436
25557
48971
5699
56806
30162
13946
54271
14738
22605
12411
7316
32868
7529
27775
14550
23497
30898
29762
9705
8747
20091
43950
38633
35361
55814
56974
18745
54193
51962
20186
22582
41324
6913
55083
25889
20435
15027
22539
24630
23711
24435
18661
10919
55227
9955
32499
56436
27399
14468
22536
37536
8797
10877
47336
11487
42457
59447
16865
38450
6742
36810
45753
5243
17402
10163
8606
8276
13182
59170
16373
6372
41498
18837
17451
22205
59546
48280
11458
32124
31162
54161
39198
39682
25085
58848
9413
35299
23162
21993
40595
41650
45503
10333
23145
38271
23090
8024
59980
13201
24690
7830
58849
9285
5385
37077
51177
34731
58972
52326
59241
44739
35931
28553
6366
32556
33513
14153
15674
23120
9570
43963
20358
6561
11804
52646
30175
23239
42028
35004
45270
32063
35651
27527
13510
4152
14095
3048
50069
57351
36944
10720
9724
38118
33624
29954
9260
45338
8685
16429
3809
39067
12847
28717
31206
12917
39382
50927
28013
20223
8815
39424
59828
22041
57089
38876
47949
4292
56216
58248
38813
45607
33825
44940
33621
17979
40178
59145
49096
25428
30159
47565
16563
26736
5431
12126
16260
20148
56133
38031
44984
15693
39651
45207
35808
12710
32361
17600
27822
36528
35591
9634
45611
3010
20601
57155
45401
52389
14031
6858
51735
11868
36984
51412
18732
15114
16102
44631
13792
10745
47463
44523
58709
52473
23626
8980
54651
46129
16038
59619
3399
54014
39134
27298
46567
27313
50058
22801
26026
32117
17897
47411
32040
10788
35420
3446
24504
5164
48147
33695
28850
3003
40393
51457
16491
59694
11036
40257
13262
22446
48674
24962
47831
12159
47327
50265
17193
26374
21048
41443
59604
11997
50062
29916
7068
49517
51115
8500
17636
28734
20056
36313
33767
7946
17870
52567
47702
3635
47936
27813
25063
9560
20296
35106
5003
11555
51107
51449
29666
29961
5223
19190
54243
45997
56040
12156
37246
33143
45154
46827
16194
51351
13773
30232
15462
52265
12171
46624
21556
7692
29341
23750
20393
7337
30694
24185
22192
56211
18116
17768
10345
48819
42074
6866
38718
32625
59088
49322
31841
31356
33048
35433
22608
57136
35216
16676
6483
50976
26589
20914
54517
51191
5235
8688
36396
54478
42356
39055
9611
18893
55867
41084
34846
15581
54792
20234
27603
13629
39871
12405
44280
42382
22299
49427
31957
56329
23608
16754
23700
26209
28792
23053
14520
14510
55861
25357
41761
9026
37660
4144
14366
12081
17212
27804
8340
11345
18919
24902
19984
12181
6412
54785
53561
58795
12348
50591
42455
11680
49478
55123
5082
37566
5148
38793
4480
38620
52565
43731
9191
39563
43213
11417
8882
29033
55802
5758
18798
37629
12945
38607
23757
37753
22693
57951
10840
27764
5230
28386
16363
21444
27836
3031
36748
13687
27187
39634
23751
12621
3883
19755
16889
16740
14019
46660
48147
57235
38574
33295
50276
39183
36268
10646
33536
9336
54003
5338
42086
32655
44730
5812
39044
17344
9787
26947
34571
10339
25497
40518
4530
10301
18988
35165
48012
45770
14735
26295
7813
33659
43483
11236
38842
50718
16301
46000
49053
29357
39312
6862
51916
55620
47271
29518
43326
9923
42397
40384
33966
46400
31161
44475
8836
38608
33843
21866
49966
34803
28224
24790
4281
25492
13660
15859
16904
40887
59736
47745
46682
45685
49793
38281
48819
15079
42141
5545
13788
28736
47558
27692
9253
50675
20489
30483
28876
7526
23317
54430
53079
24010
24113
19979
54872
39696
24663
19076
16972
5767
46051
54703
12454
51531
23593
32081
32793
54484
11163
19183
43417
7791
17155
4286
20273
50235
26537
15700
55715
36432
54900
21686
5769
10390
46578
14388
27483
56081
11503
37758
50401
45616
49722
4655
13563
3200
4430
8169
35951
51402
28770
44459
35681
31341
16776
46219
38998
3221
37150
38257
17135
55991
21336
19797
12918
38874
22836
10464
22199
42560
51012
46627
59724
45588
57748
15906
56341
48265
13079
28969
24236
17553
31664
25767
30828
16465
52468
38598
39152
53357
7071
20447
29935
32742
50609
58075
29711
13543
38320
3152
28822
48103
45523
55170
8877
40759
37775
13082
29992
51199
27134
20124
37841
27934
54477
26757
46300
53011
24568
