650
49553
3013
25657
38944
6586
51390
12876
53595
59784
54768
4435
27446
19090
33723
41409
22681
22598
25372
37714
6814
9157
14886
57445
4995
40532
45923
6130
7041
39876
58592
6523
56747
59155
31027
46244
25653
3014
46665
46726
41645
52523
19428
21080
35023
49691
15315
43088
20169
51388
59947
56977
54972
30368
31843
24510
21389
14535
53561
28907
18865
3444
9882
4113
25057
58423
42455
20795
13077
44612
59367
5182
22555
4936
28988
50270
14758
18008
17738
11074
52831
22783
32480
13753
19439
57793
18090
41552
40687
4116
45619
25378
51690
41535
15433
34201
47379
30395
3760
17622
8240
8967
40850
35130
53002
53140
40319
51198
31139
11271
9321
18808
40877
8633
48142
17359
6110
19886
20992
20317
40124
9005
49609
57508
57410
4384
55560
50749
15682
54276
5098
4559
14870
45243
55578
7255
52391
18712
33191
18563
5466
40549
51638
49698
37850
3981
13711
13075
33392
52024
19829
10189
28562
49590
55242
28969
35906
24488
49852
10212
41311
58971
41030
57267
39998
37976
23053
34683
13176
50258
37975
10767
51150
17605
21188
12547
21894
49934
58371
32603
6273
17411
40419
3621
57713
36969
25162
52809
5435
49204
51570
21067
31362
43500
42821
19775
6623
51679
27861
50947
22928
11403
40249
11827
53021
50337
19504
46245
8472
4966
50362
26463
21795
19264
21899
45723
10443
53509
36875
30306
25882
16516
35525
36254
44117
19401
43324
26420
41067
9769
26313
3645
10608
23902
15117
13669
40134
34299
36647
27677
52920
56274
59678
15560
51953
54689
15694
23334
27653
45328
55135
15482
9851
17908
48303
24637
49609
54161
36707
46050
41313
16316
41335
39012
39286
32661
32412
43693
51909
5642
13237
54385
15184
21850
50961
15576
26427
29460
42456
30766
12881
7937
30041
51550
11425
24076
57736
54801
55002
59088
54154
32340
11863
43181
4597
7761
40429
54068
50879
33464
53390
7190
58226
16777
43190
51550
11110
16312
41559
27516
59623
47723
49835
40360
22956
54109
54966
5648
58582
17278
28455
52586
56929
51943
5974
26993
36340
27975
4441
28468
27276
18975
57150
47055
44287
29117
50602
23933
54627
4086
6279
53755
16436
16980
23469
17599
45209
51309
5312
29648
10674
58595
9067
50179
33479
3529
53431
49682
12138
33158
40051
15811
12154
14682
24488
5934
55131
6913
34356
59881
42395
12463
44348
28272
55279
33688
8690
48716
11443
49799
11739
58755
37809
20005
18588
38293
19448
28200
19832
20008
10583
46461
33240
24462
4058
32334
19968
4297
46292
41051
53916
39485
23271
30489
5370
38095
29423
59600
11423
41330
4160
58252
8262
29407
57005
23081
31977
57751
24374
58797
5228
55939
33821
24177
17622
13996
39951
29499
50002
34149
32225
16900
40374
46925
25409
45417
31656
46953
38950
9454
18607
51997
11515
47088
40461
4698
38836
19432
56640
4933
13688
18959
47078
26732
43032
18256
45293
28315
19788
4817
22068
32456
51195
46490
46037
25175
58284
43493
20588
49328
47126
34094
43341
20958
19239
42513
30156
49925
34065
33233
37513
15220
32115
10237
38229
37245
36056
8103
51281
45068
11919
31925
4155
25387
33267
50713
11290
48323
39477
26642
28907
18031
47001
41636
52607
16651
14759
20404
34511
5956
49653
3280
33827
3033
7961
4584
50559
3274
35576
33403
46287
44525
8724
19261
55688
42933
18925
32240
21743
56518
27685
55312
53209
42247
13594
8831
43197
57171
22343
17028
36994
44376
30912
27397
23101
15430
52056
13586
49701
49332
4272
20142
31507
31493
14892
30265
57831
30882
10334
8370
43474
55281
49351
47393
11599
51213
33574
45930
14139
18201
11738
51172
16798
25083
59057
48287
44854
15457
8122
18229
53855
39324
17646
50540
45140
12690
26835
9487
13849
58862
57111
19185
19601
37165
27831
26464
3600
14149
16132
36450
31825
27658
55468
46026
48623
37727
37771
3891
9572
29203
25833
4566
5361
11836
23893
11372
33409
37865
50061
28104
19233
12111
51527
7561
25666
29336
7617
21955
47386
40149
48771
50996
6633
34668
14877
26396
12753
51855
32876
44202
23446
44450
59295
38753
56589
24701
14266
56328
13299
51406
3505
