754
34024
11122
25177
54032
28756
3377
7780
4716
30498
28753
32649
18016
34016
46304
56153
6885
52529
16003
15947
21972
36958
30039
18913
10175
19673
24810
43873
46077
4580
52872
44598
35397
39788
30343
38794
22549
56640
56960
18117
49597
19399
8777
33140
4297
57897
35779
10002
24068
38987
18398
54914
57364
39082
9867
54679
41042
51682
15518
39480
52791
29134
39236
19579
55907
47926
16923
42125
9173
43231
26106
16724
31722
49788
6185
12487
49491
23056
17960
42610
58210
27745
10785
53265
45785
49114
27054
9225
9308
17223
5640
58137
41900
28921
57081
3993
34206
58788
27862
9660
22019
42628
34751
3160
6214
15493
42397
8505
56521
12343
19529
7701
8746
23758
8980
17596
10520
7175
37840
41708
8334
17105
6935
11793
34972
14162
22547
17446
20866
53126
49366
34472
24448
11541
24443
55753
49654
19608
25064
21622
25293
24373
54227
56089
22474
57156
46135
20895
52726
6023
27487
49808
28027
32923
46819
6327
24997
5688
30862
17805
10306
39960
9456
20299
34988
8792
3731
34559
42198
43028
22157
8786
54151
9487
50918
27441
22684
41033
56964
49084
20129
58144
8642
17526
28370
13089
46318
5129
45131
24376
56696
49294
27494
3222
42302
53030
56756
3663
6968
35812
36546
7323
33086
43033
8230
10906
7144
3420
30339
44784
29732
3896
38525
37341
40067
21638
40744
5652
11950
35075
20542
57278
53168
19598
56143
36792
49872
4460
48365
8980
44842
58837
41595
22240
34209
42731
10899
27843
47235
46852
39161
12100
17041
26239
46987
43025
48179
28598
42899
18934
3547
38305
17257
41440
42788
21526
30021
29499
25759
31453
19090
9204
22438
41150
55636
47504
36513
38997
8107
38248
43475
56392
35330
56398
50378
38445
17779
32940
45281
41717
30010
54595
44526
27979
54544
4026
37536
9737
37969
43063
34994
58565
3870
34259
24614
57199
15381
59796
46811
53601
25171
39586
58074
35132
6346
17174
23060
38488
42879
51270
38342
45429
24768
31413
49928
44703
57496
10991
54273
13644
12752
13299
41721
53221
55059
10808
59351
38209
22768
32589
31432
41444
22812
34731
19110
8561
5244
5605
52273
46101
50164
42439
27880
25460
20786
51256
6867
9513
35632
50817
30997
4551
38582
42365
7114
29563
16550
39307
41990
16437
37182
40495
51124
26785
26314
4407
5061
42792
29593
46755
8984
41764
53750
44428
37724
19645
32064
55462
39537
41594
10815
18346
3222
51707
53477
18124
38734
18031
33474
29044
39572
22079
56182
14175
43342
56015
38240
26263
32188
25853
4800
31718
42873
55101
20556
43869
39519
53980
40655
46960
50869
19001
37013
33421
18798
52540
58216
3275
57964
14046
52382
9784
47179
23407
55546
39791
51693
50473
42369
8835
27255
59323
16609
6472
7226
59452
55525
23517
19744
13271
25562
20608
14779
33089
38979
34361
47292
53035
15928
12240
20459
6491
31603
5162
56152
29600
5156
40020
40295
23264
40778
48379
39305
57695
55574
29627
15333
59255
12330
5570
32496
12424
18977
59167
29046
17175
35283
30860
19696
41618
31340
38339
58705
52777
44442
32560
56806
44918
39082
49149
39794
15008
33429
13384
22899
12490
23170
50434
35272
24595
18383
10730
50065
43016
13911
4002
58940
48723
48634
23240
15515
32426
9044
57424
12249
11794
47278
30540
13142
19081
29028
10035
34432
54421
57397
51467
27207
48058
14528
6733
38395
36518
15960
37515
31056
12031
32904
13018
22864
38892
58147
54650
51883
14417
28225
8268
24139
20750
50365
15869
30943
20576
45505
25434
40646
13256
56749
49754
44011
41381
45324
48221
35266
12838
53423
24052
39658
23629
39242
3350
36707
3755
41324
8943
49215
40616
16364
52349
42148
22584
7071
10403
32585
8602
35288
21724
27282
51654
23038
34323
7344
20509
54447
12365
10912
21361
44796
31440
20358
56109
36119
50649
4495
33429
47593
22022
35573
11069
5094
39827
51537
54901
16109
36243
33313
28282
20563
6724
6623
38572
26083
26985
49405
35741
52250
14252
34579
54587
3498
22344
19011
25963
55880
25236
35920
44052
23751
37251
45028
59975
5928
8274
58618
6794
11111
24355
31170
28665
24644
47406
26477
53878
37555
33256
47157
16887
25129
41061
31245
52555
8883
10081
10946
8037
20388
10402
56933
28961
37825
3449
17174
13703
48855
10427
58570
49755
51791
35637
20150
50077
31618
26402
32925
6917
26065
53298
13601
34366
59243
40192
52856
43472
18790
57047
53076
57740
54411
53855
30089
11866
7742
17295
21801
22627
28955
28587
17506
53637
53054
43092
32753
42041
55464
6636
6603
10056
15668
33674
19950
30574
41970
52773
35203
47523
17423
40415
14492
49123
16493
32110
49250
48092
42352
5509
43513
28881
53054
34325
20646
47613
11794
33492
35155
21769
39925
37337
15990
51135
56540
10396
29965
3747
15482
14046
16900
