150
56009
48469
37679
15083
26733
56882
37619
10873
50789
8532
21706
14163
18281
44819
37758
22543
32359
44872
38472
58398
56332
40460
43538
44230
21821
52005
41636
47070
20503
15369
37292
41405
11713
46551
10743
45807
21563
21375
8310
37202
14846
27385
40803
16085
55538
54448
9037
39115
53923
35106
36520
12697
13154
30017
22688
34626
46736
39193
41480
10632
43296
39934
46533
33298
55835
58404
17575
44508
16080
23999
33971
49496
9510
54193
42127
33381
44858
18363
7401
53638
16422
30323
8034
24758
20479
56121
42148
52224
51302
22769
26782
34181
31062
23046
25225
30597
47026
14587
48985
23507
20995
21607
18947
58226
48455
37877
55241
35533
16931
39872
13718
28858
55073
23854
17048
6222
39521
24853
49339
53178
31020
4966
17771
4625
47367
23295
28032
21410
27022
38462
11503
50269
58981
14474
57969
28831
39719
32548
38593
48274
33627
46217
50221
36946
25958
12330
47157
38724
13162
27921
