477
43210
13863
27907
33944
59049
16852
31677
11172
17599
41073
49894
15087
38095
47641
19194
13101
3151
23008
31108
30035
49634
35248
31315
57097
23241
15706
14256
55215
20051
29748
25057
35983
28355
34004
28384
17456
22121
39879
38811
13732
32000
25043
58549
45321
49561
21644
29896
23226
21245
11932
23894
14572
59123
7362
36817
41163
30464
29264
6509
29340
32013
41350
21156
29984
45960
30200
34121
50258
41322
28331
18323
32671
4943
15050
42663
45849
5847
6536
23739
7726
7717
23135
33176
50970
26494
15021
27664
19479
58307
20681
11497
42442
49076
13597
52250
12880
37109
49767
12406
47831
9649
20177
13334
59975
25945
12021
54569
19548
27363
9681
56693
21934
13683
49849
34835
19574
19084
19675
45935
19338
26431
11239
59937
11933
15230
38822
4728
27553
12165
38006
32868
7416
30938
49278
33442
39503
21399
56431
40204
23368
8699
48122
33347
24380
28432
21749
18227
41264
52427
38971
3259
12181
23221
26850
33128
8213
37308
53984
57018
21902
13559
27458
9213
8861
20832
49963
54632
14923
5252
49315
30820
54871
36462
3750
35143
24318
53920
11263
25587
50407
46206
15601
45096
3636
26562
37128
21137
47407
22759
22020
56846
53569
10687
57574
15487
43561
9040
18323
41126
22223
32861
17868
53533
29736
7364
9373
4977
35580
27213
15266
51444
33379
50536
12204
44953
45933
10622
40640
48952
45391
14693
18356
30650
16022
33637
27074
12573
11596
39226
59101
8482
29765
30485
10604
26618
13925
16701
33168
36294
14957
55750
20181
17267
47649
16330
44079
8520
23905
42947
6673
11302
16471
19673
21184
58566
32556
45153
38405
11412
29452
34893
24999
57682
26513
54433
5557
43218
57914
52800
57843
29494
8656
43900
57078
10240
51422
33388
12640
37945
22213
20477
6625
37826
30004
29712
42158
8398
38141
28712
19184
17924
9216
29222
8076
32828
16794
16424
16863
41832
11039
38223
50170
9327
17359
57076
22785
3581
40737
43876
18216
28582
45373
8154
53435
51083
51450
27922
15188
55542
22295
17305
36050
28942
53796
20117
27546
21990
49086
38929
40997
27092
51175
45845
36421
41489
52120
10358
55106
58653
25739
36895
10900
31915
53254
13354
40657
28590
23912
29446
53633
55892
46769
19672
11115
11232
6106
34425
18102
13074
37764
22479
38077
49594
6163
8299
18448
33004
31037
32251
31494
12845
49751
8127
31557
53700
5125
9413
21737
34342
31852
31594
43084
47950
18079
18864
5956
4335
24059
32137
28164
36351
50836
10275
54060
59597
10001
42765
21026
8939
54895
16996
11911
57975
25744
49444
28197
8961
22869
35262
47379
22172
52740
40816
39850
34898
29826
32728
33920
11660
5542
9569
18448
55911
50018
16409
44431
52422
56723
28494
13747
32889
48359
40368
12133
50014
48143
37225
46893
18296
20308
44046
13725
31443
32440
17449
59745
33523
8044
16982
14364
5163
21741
3262
37504
20468
31526
31688
16204
21175
29105
21871
25430
33241
36012
18816
58830
45776
11324
19224
49055
41389
39585
12451
18266
58926
58418
41324
