1980
23169
13670
17567
46829
6958
6349
52672
24624
56185
34216
34079
55646
58011
32425
59463
21810
59886
31412
32857
17239
40026
8602
46963
19702
36802
48175
5356
44506
57153
44301
14890
10429
41387
23234
29632
6596
44589
58129
33150
59215
54005
6006
49244
54201
33152
14432
44007
29498
37775
32638
31067
21636
7057
47817
27015
33850
54571
38492
21960
52620
55307
31214
19766
14351
38640
57516
17869
36134
3802
37297
36343
35847
20218
40251
19273
31135
16337
27156
31994
28481
40184
27435
45036
21381
45524
36598
11386
55194
15131
58199
52064
15134
30964
59818
25975
19744
28802
37283
56883
26247
5995
15662
58565
58544
22099
30480
48286
11488
58814
59295
53576
48567
34043
34051
31361
30314
11471
55535
33425
13020
30226
18726
40090
53101
16976
46103
13889
46001
23205
38349
28944
6549
37416
49171
39803
4399
51329
21016
7806
13322
46673
36832
49445
47042
22241
49444
46563
57656
52629
35798
12361
8470
13374
47960
34803
53260
28723
44016
25988
13606
28696
45440
13325
35900
9145
52241
30509
18002
9793
5052
45260
19997
47157
18285
26206
29161
41286
14072
37420
42818
59047
23180
49264
13063
8472
33541
29851
27399
34083
51162
17502
12696
45586
30130
52437
31136
10310
26937
51145
45680
5108
8594
51732
49600
52506
54026
39438
55125
4728
43990
18571
46510
24631
51270
55883
33355
5326
54961
51566
30431
59045
22135
42071
8413
28149
36716
24345
57753
53921
58029
15636
7874
49163
47590
17894
26376
50180
53423
7052
30598
15444
14234
9430
20536
53413
50249
19670
24724
49866
56603
22823
39675
54002
11309
34678
27461
11669
7902
37482
33972
45056
23487
28823
25838
52273
38259
49486
18395
20551
39283
20499
19260
40278
35060
17970
11150
52064
42169
40253
44729
27331
32335
47199
22240
41453
45758
13451
58234
22137
40445
30639
53460
34315
34576
30905
55410
27253
18049
32683
43033
44954
50879
48771
4676
38239
44685
39212
31237
56715
5959
6491
25379
5048
26624
36957
16318
12472
49854
54051
25413
44348
14111
19583
17051
33038
30888
13406
56299
32264
37198
27918
23702
44849
49931
33279
5691
44976
26808
18270
20452
42445
37069
33798
36483
26564
41900
7322
46564
9382
25796
46074
51289
57543
15125
8332
40152
31277
59084
17206
9981
11097
29991
25157
52073
16878
8258
50152
18392
50699
27678
41425
13298
54025
17656
28414
30619
40492
40473
9481
35268
38758
28513
7873
45108
56708
57829
30082
45351
53842
23336
4731
27529
36656
10207
32315
37739
45799
55966
40977
38639
13782
54570
43347
12029
58356
13297
42920
5558
29117
57939
53337
18867
40262
59132
14255
16258
38500
15511
48694
27316
5507
39629
15344
30098
38392
10374
49848
30346
10460
43808
49097
50673
34012
10457
36820
33483
46098
40062
24844
23509
3616
30572
16563
6924
6296
46145
55572
26838
19447
30510
34677
9448
38823
52356
36135
15194
37325
37557
6244
18565
22143
45859
58596
20082
37620
5230
20888
53383
14551
12427
51890
6963
24955
42622
37008
22687
4911
48720
44876
7175
37343
15325
18524
39405
14224
8001
54483
5189
16284
49717
19571
42500
3817
3446
57877
57168
13750
55976
53927
24481
16193
14310
10607
21580
32654
5941
17377
45299
17430
14347
28537
24905
7080
13178
4504
55727
43216
36150
47826
33440
49680
46435
6451
39991
50780
45116
8647
59224
4895
24237
29321
52240
59974
10246
36081
23907
21516
40760
28372
5833
7757
34878
49845
45537
3769
20735
21623
18650
4013
43120
46907
35091
42663
26214
26834
42697
7122
5523
25710
30126
15374
52611
55436
27909
38762
15078
31351
55460
25952
24973
21266
31831
36747
6815
48476
37013
22974
27549
19481
3131
21303
51545
19954
56801
42414
33528
47259
25941
3644
26853
27944
3847
42900
40345
43189
16269
27977
21790
26359
28854
8778
30432
6443
31144
9513
44207
27774
24604
24893
55095
34077
46216
9179
17298
36727
30455
46949
12671
32193
16704
55622
14693
45560
8193
53487
56988
6234
47348
11247
24210
3971
53556
42165
47475
33343
37409
17233
40453
23830
53596
29690
48900
10988
12259
34297
22248
44320
13161
59419
28067
40373
22940
34548
54040
55073
40678
57069
10321
54375
16474
29622
53641
45523
21943
27098
20348
18025
37172
6547
15573
35102
7721
45098
26241
47195
33767
11738
51586
12949
44135
7866
43484
48713
22961
49807
6796
10883
6957
58568
56386
39297
51482
13191
10414
36324
23094
26538
21284
44222
20281
53419
52545
18672
50757
55290
37224
17401
35172
25036
11750
43796
12110
44278
59987
58611
43860
48850
45903
44772
11714
59453
47663
16658
12766
18211
19796
50965
37108
52895
59804
19478
10164
57252
33666
44399
8895
14848
17801
34628
19544
23422
40948
50685
35674
30501
28048
4736
35155
25739
34569
52150
53822
40486
55295
48436
3549
54170
5992
52844
50443
45095
51230
10105
36678
7937
46545
25679
46855
10772
42660
17799
26717
4398
12061
32306
37614
38121
6238
23072
25074
47484
43113
4136
27296
9007
23883
22851
8042
18520
7628
34455
17482
11370
10579
50560
41158
46478
3436
22792
20668
59189
12309
34101
39756
13702
40965
56468
18537
56839
52824
49420
53050
29049
44998
47137
20550
34797
49978
33681
23041
15152
45546
39878
19387
59993
39122
16454
5971
48693
46891
48487
16662
18822
43082
18068
24000
42143
33115
19361
10809
53659
8995
10335
16421
7034
31290
6765
33115
59369
7972
29229
52984
33407
11609
27389
23100
29992
29240
37811
28422
13739
37646
29394
26303
4665
36057
26381
22234
17940
19197
55310
12964
50942
26082
17166
18329
42226
17114
56004
9926
21145
38201
7274
30449
31767
19862
11078
34812
49344
58761
37977
59768
16341
22572
58021
38003
3023
38947
18819
38226
9957
59102
53200
13287
29724
16174
51339
3635
58574
8640
10728
20296
54927
46257
58990
30899
3297
27698
36819
20714
11352
9759
8740
40824
5892
8715
15684
12927
20243
19347
3168
3278
33364
47687
30436
43970
13485
15123
21539
58927
13200
4337
56729
51656
9184
39464
34739
7745
34242
5655
57168
3412
53859
43148
16975
38402
14374
9848
13876
42212
35169
27864
22252
16901
13892
36814
53901
11725
49357
27950
22674
25300
37366
27443
51943
47667
15004
6827
39646
25903
45459
38233
31498
48088
20107
38140
38247
56583
42827
49192
30072
31381
29100
40460
55070
21336
50477
50312
33027
4707
15841
38175
13918
55400
19935
44977
56187
53354
22616
25273
57005
33140
53581
8546
56793
40385
12703
40607
27308
39144
5313
48399
53676
14968
7042
23329
50459
37703
19151
33761
39626
7520
54910
29819
16075
56215
35703
18863
12775
43505
12361
28331
33387
55446
44208
51757
4149
59747
41391
46776
45111
11999
5073
36066
10994
33089
8476
50306
50297
20748
37716
28928
48185
21186
41781
39094
31601
38831
33830
56668
52072
29971
8007
50052
26277
32383
57235
3564
3428
39532
41202
9681
25491
10999
3007
51524
45239
10944
26425
51953
23996
45906
5281
6297
7003
5809
28347
51990
46681
37284
11140
40227
40591
5396
22026
20868
46182
7814
55793
19434
50382
54580
16196
20475
55304
38486
6320
5143
31698
57494
47031
19045
42957
9380
19889
19475
39000
52567
47225
9998
44299
11452
55583
37677
25382
55718
27770
24966
51910
17085
41551
27085
42650
12074
58049
35218
7556
23222
58968
54309
30564
16079
28553
9151
11806
28439
24181
40013
21699
51825
48500
27078
41557
45396
18318
43566
44005
41551
51589
40952
17139
14212
53254
44138
8929
43244
14521
22309
10246
6313
46700
12281
21107
35278
47700
45346
22255
58740
53770
51013
31562
14194
32563
39450
58238
7612
9049
33784
40154
56500
31179
47816
19691
28060
56538
5100
4296
38996
37670
40091
4646
3182
4301
4683
18455
39817
27055
11513
11579
5680
8849
54775
44528
45779
40603
5607
45863
13513
57378
48581
25941
29664
50403
42379
12583
53495
6322
19569
16657
21669
47985
53200
7021
48159
5109
55928
25353
49365
35282
46177
41808
23297
21582
30011
5681
32758
25482
58290
7588
49802
43962
25155
11406
12131
36104
3806
12462
56966
34189
13515
7139
44228
35439
10883
24243
26598
53450
44747
43976
12673
49746
47800
53707
19118
59698
39186
12122
57458
53450
22016
57278
54146
34250
13272
22428
6727
6230
58158
5984
9157
32791
11697
29830
20593
14508
22097
19872
20400
30944
9746
3519
59778
55646
8408
30368
48319
53472
16489
59301
47752
7980
24260
10720
25509
42033
34091
27464
43131
7144
9449
22830
3988
59631
26392
4334
28407
54414
47397
4214
33585
7724
44050
51327
26254
19255
43161
43120
14186
49584
9048
40561
30246
13598
39559
30327
39876
12229
15915
57020
59755
43336
33311
14006
5877
19970
42285
47965
50427
34985
33470
4863
37991
3082
33083
40699
43250
55755
24517
9575
10879
14740
3792
57958
17784
56468
15135
31662
40940
39013
51079
3533
45528
52257
57238
26647
37942
34844
28488
29309
10511
52607
4697
40504
23356
55730
5037
23616
4158
59073
57282
56717
40996
27134
53612
37391
5462
19387
26929
21597
13527
48265
31943
48124
7423
37792
21962
50727
58355
18611
53202
9380
24825
5027
29766
17586
47212
7622
22697
27644
31819
43142
7248
32441
36725
48983
3278
51412
31121
31465
58974
28553
34369
43472
34364
47178
40117
33620
3598
11188
29567
32988
34028
39587
26702
39696
48624
20496
57182
38202
9280
46581
31643
54719
9176
37133
19336
29581
6667
27587
7762
32903
59392
38598
10115
26069
31758
10167
44268
24303
33616
13395
44522
9608
38745
22217
32587
56383
6081
45107
27123
3554
4509
39211
26460
28185
44846
38187
12235
53373
5896
54714
13319
34562
53025
51138
39846
24341
32906
26556
21091
38476
10286
14818
17146
24407
25965
53867
25308
28667
28943
50192
3749
31487
41304
46991
12043
38186
12492
44959
6309
50289
23576
57596
3154
32957
28046
55554
8045
25218
40587
47464
15752
41368
59158
6148
18236
29660
23664
34664
17266
3259
18997
46041
32872
10057
23810
56726
8012
50905
50083
38473
12001
31598
57898
22237
41080
32336
53162
10229
41502
34011
18148
12791
9346
30917
58629
36940
23059
24132
17346
21850
56944
39542
37535
24753
10643
32151
59607
55609
44466
18561
10006
52045
7521
53390
46437
59754
22616
54303
48417
42619
20046
51859
9389
25054
42561
5505
12497
5071
34889
54126
3190
11944
4595
11179
48790
10399
59245
19085
54798
12480
14784
26669
4180
55382
55891
47363
37202
35691
9407
43614
35395
31285
55442
39628
39131
20929
3128
12098
57380
32022
44844
13788
55159
15861
36960
53326
22466
39263
35671
7844
12518
42179
57038
32753
55803
28162
48719
58904
27131
7902
54286
38996
49992
50902
52513
3191
10411
27061
29462
52411
40904
4808
55180
34634
23507
4603
49219
3332
24224
31332
39021
4484
27194
40747
48969
59997
22500
18444
20285
8767
19935
54435
24740
20283
31273
54587
12402
49212
31608
43759
53696
56961
56677
9458
30670
5376
50152
53662
51655
26208
6411
44886
15860
33833
31627
47591
41499
12544
55995
5246
56095
20026
9251
16603
40287
55485
37673
3295
52968
23053
37746
8589
35839
37138
49100
28842
44026
34573
14370
10431
33309
4343
12034
56655
27702
6497
20790
58892
30870
39382
36323
49230
16743
43685
34140
47042
59776
26789
46066
27624
56264
49904
3066
7832
4923
14056
16688
24949
13613
57658
32102
57365
3267
37399
25952
23318
45336
32487
10280
20436
18251
23127
21685
27129
14809
59641
33723
35299
7432
45445
14764
30848
25534
25120
19826
51760
56156
55669
4334
57082
54703
47645
23466
40123
51098
42509
43350
13777
39845
26900
41872
41361
56581
35165
31554
51062
28258
34771
49413
57275
47553
55116
24662
37699
38973
8797
25212
19200
31659
33323
35332
32165
54922
8190
52142
24496
39706
37756
4624
26612
11880
49627
25953
44898
14698
38505
19418
25819
16531
34181
9997
12395
37994
44279
38565
18158
47527
19856
3168
42379
19978
16014
13249
16308
15361
21433
19599
24470
13393
29806
24267
14137
37066
44492
57532
53233
27692
28522
48898
46539
39538
29843
34095
13345
55893
23095
48838
8807
14145
45603
23551
34221
15518
18022
26287
46270
14902
13070
36233
4841
59390
28949
7352
8852
58822
34121
11431
34726
23202
54458
7445
42715
33748
26515
4123
43447
49268
36128
29924
4543
38040
31377
54860
38698
32863
50031
25400
41945
12463
4767
16967
9238
12206
17877
13862
51647
28376
57601
21704
18761
53984
48935
16120
51046
57935
6381
7572
52647
42168
32957
39680
39835
9616
48234
50316
21190
21861
28521
42691
45580
15768
5351
6095
42301
50245
11459
28888
42620
23727
