568
22463
16535
18158
57768
57500
18230
5305
14424
12151
26612
7631
46479
43764
31543
53311
41019
11469
46272
53553
41427
57342
47374
44371
49257
55427
5573
29625
15680
37023
12015
9185
31512
11175
19711
53219
7276
58446
46823
4456
54273
17025
51701
22307
19667
16188
25621
9449
45671
51373
51830
56863
59342
46515
7513
43995
30236
15513
17207
55042
40507
10423
52616
23864
19109
10195
42251
22337
38620
15598
24228
29564
31765
42728
36343
40227
16093
44617
10764
6999
37086
57838
22335
32058
22171
18930
40308
33500
27752
53003
34832
32565
51782
32624
39448
10235
16970
39257
41286
12797
9405
45498
9124
11306
24039
20855
15697
53446
5104
56280
22230
25081
59046
5745
17617
9344
12897
34910
50849
6277
3899
5127
12688
59901
58052
12509
39103
5809
45452
54584
6671
45134
41596
7965
44854
11175
23491
31510
35244
46841
48722
24174
19206
27342
35768
42910
38743
59930
13946
19891
12812
11465
12451
41685
53097
59028
12022
13529
24434
33329
31440
54398
20676
47487
41728
43304
24331
10016
34642
58917
13954
44173
26968
6641
15703
48808
14032
14005
56766
10167
14748
34224
13313
19694
12316
46801
48699
48483
16644
53329
18910
29881
36490
30094
37343
57998
40993
5569
58165
17939
17753
40946
26861
39237
48664
44328
10137
19775
33750
27199
42369
9965
16101
7594
19810
32799
43640
35191
43912
35641
43880
45659
11689
29890
27184
33456
35708
43566
58104
19590
25312
25631
13439
15029
14101
54394
23782
22611
38006
15401
28521
58320
22930
24512
17390
29230
24712
56466
43987
15414
26485
6678
15705
44375
47589
15768
4041
51824
22221
58952
11364
31464
36843
16858
47134
52909
41438
8531
27922
12176
43916
35259
22241
7324
44454
53584
11418
35255
34476
56394
42541
18195
49974
43314
4198
5260
50367
14590
12066
9987
18940
56229
12067
22392
14372
53075
56980
51674
48070
17284
31275
40995
16239
39864
57646
8212
54455
9986
27997
59000
30501
23260
5015
9986
41784
18017
6948
40749
40586
3502
43993
55893
20091
54483
15088
57116
51587
38665
46691
39529
56523
25793
37069
12737
11238
58628
35941
6059
12544
52402
16514
43349
4253
31406
28913
6628
41608
37896
23263
19776
42307
45295
37619
28504
12212
34429
12376
54451
58042
34527
8546
31868
11405
24453
56494
15340
18971
38186
8621
26878
13364
25571
58966
9505
38680
30329
24638
29202
59387
5143
49622
7537
35273
8504
57585
30821
18971
37957
58839
34553
59521
56766
46047
49853
56809
31306
19624
19864
15109
48924
37942
17242
13513
31017
54619
23188
43713
3230
53041
36878
4604
48835
41501
41572
19537
20989
15390
24622
44837
13581
15445
44203
16197
36142
12721
25020
22339
43579
5493
47655
57792
45354
49089
49859
40025
39491
50715
7372
32760
13177
43830
40839
47663
28874
20213
25709
48823
9465
20470
41651
36830
54222
57710
16572
33004
51514
50619
24611
14204
26077
10720
46856
5748
40243
30340
54658
34430
34778
3638
7867
43885
26025
21733
11854
33127
14819
50593
8861
52070
28617
47409
35245
48624
43598
59414
33263
30736
13303
51461
34730
55948
46144
20538
27953
56908
51308
41318
3415
35814
10353
43331
6555
5183
50512
42952
8720
5048
7186
40463
11350
24002
5962
20569
4214
40857
15680
24450
16426
54724
54213
57746
17769
29067
27110
57196
30885
41976
35478
21545
26538
9745
20936
28912
38226
42429
23844
50792
39269
39393
5498
37530
38714
35934
52357
10745
7753
36215
18769
4693
5585
17140
58439
58796
18226
58878
37756
58373
17195
27060
15585
42532
41923
43054
20458
46311
6272
18298
14328
20793
