2039
3942
43266
54162
35472
45107
30230
43304
5880
20095
44472
21028
11334
52815
18166
11512
33059
29827
42442
24443
22467
38995
39362
46893
39687
25402
58210
48267
46171
40627
9447
12385
14174
33677
50270
44774
54002
30941
40192
54506
29745
17613
23200
39003
12269
5608
53891
50573
28666
58105
59371
33419
58394
24932
11776
9706
40873
8136
35097
39572
57154
23729
34553
49097
50258
33611
47544
39035
13762
30010
40928
41062
9006
31812
59464
52332
57150
12165
11226
47285
40067
5834
39537
39131
23109
27014
7209
9747
8436
26905
55887
37547
5159
45507
52881
16621
19413
53905
53394
23546
20602
11831
58073
39865
58181
41338
31139
56823
15640
39922
10586
46188
49123
36505
59626
16625
35126
28560
9610
36174
53606
21358
32161
12421
9796
8999
39661
43328
11258
32238
39527
56422
11321
22025
47167
56892
57316
51820
46942
12191
52539
17539
5026
40034
3984
16937
18813
32884
21626
46643
46975
18195
26420
35809
21992
20720
41882
22871
34929
52065
3217
25634
19525
56855
53585
21183
26733
46134
13229
10514
16152
41867
3439
29378
52324
27827
52857
57629
32492
26679
48373
52535
29872
56657
31620
56926
41390
19023
29591
18457
20242
52595
25072
6664
53971
52820
4340
47152
4448
3768
16167
7529
5684
22348
59553
19862
40777
42786
39467
43974
57749
39006
46915
12838
5989
50429
44047
22535
26356
24996
52841
22370
52669
56853
14008
6988
43066
12079
26648
19853
20153
33393
19520
34611
26873
9998
57175
36702
34066
54511
6816
18843
38649
37739
23402
11088
37965
41518
29474
45292
13296
36381
19634
4663
11767
19863
35400
55608
23629
32117
46511
10943
22151
4251
32166
59646
55073
55569
55254
50116
52100
39000
4295
49749
7703
42102
13881
48706
26547
52537
16276
14976
53078
32315
17898
16571
18347
6557
37327
43133
41393
47752
34128
32874
4566
20499
16017
23205
18251
10708
22680
19264
45440
58743
8715
22939
7923
9236
16729
21362
41154
10845
55769
45822
37208
23677
16707
13651
46980
6965
36305
7369
50047
30027
39158
57004
56714
7717
8891
28251
4826
50904
26570
33300
57918
29953
11318
15648
28386
44316
6518
4502
4983
25629
21388
9917
40304
53596
40712
58818
19109
25843
48487
53922
19441
21680
22121
44207
38242
50600
28127
34796
4380
42724
52580
22345
23995
48836
34913
12717
21231
23932
53149
48382
44305
45876
55133
38877
27127
19028
50652
12939
44058
58039
55569
36252
12162
4169
14562
5315
25809
22188
27578
44825
24613
38283
27644
44320
44034
4732
20941
51890
3564
27236
26442
45704
22110
20064
46319
3457
16732
17030
33393
51980
48379
23078
47369
37902
56367
34166
20956
32495
43536
3737
45233
5593
42682
32441
52556
42866
12514
54679
27769
32560
32627
19194
24928
37615
13314
5096
14929
20624
13791
17835
5236
35293
39419
26288
18721
49999
29775
48687
27699
4594
38404
32817
5875
17519
54014
36446
40860
18701
47173
55832
4245
52895
17509
42088
26533
51727
10692
24626
48301
39150
45689
25226
28767
42982
30519
19675
40275
18787
57324
46736
37042
43040
42112
48175
29186
15610
39824
34689
47638
15850
25891
26953
38127
22485
28551
53379
42444
59116
47932
29042
52000
59851
7939
40003
16194
50506
24704
7613
24448
24124
35796
51270
37217
18777
5050
18259
12128
6720
53479
4434
21833
41622
6576
8257
32754
17839
4992
39541
55637
29556
11006
25234
38702
7220
13411
27255
48056
51398
53902
23707
23947
27077
14216
5244
24845
18199
13833
13634
32559
47639
10796
17110
28090
11526
49254
51740
35677
41008
56658
27471
13823
49584
45039
50240
39144
42707
17263
16492
31200
32056
18981
59011
54230
46030
47146
45909
9312
59649
51799
4545
33049
43671
40643
32036
11656
35104
6003
13312
20106
27723
28277
27559
12744
44251
35018
18263
41549
57954
52866
19360
33507
54542
33982
27611
31938
44035
11116
31256
35742
15852
18312
46913
42738
5858
21837
50112
7963
46646
45741
17446
20265
56547
17243
19452
22009
25482
7735
13528
49898
39833
53162
53559
36079
40285
50474
23084
56492
5321
54477
51551
52343
5096
25376
8877
13578
32358
44025
11404
19113
57513
41959
29091
19422
54634
55604
17038
57863
34566
11209
45947
38455
50367
3323
33860
17085
24772
46049
8337
31313
56639
54668
17672
36911
47732
51447
59100
56765
6934
43901
17099
23276
19265
52615
15756
24207
13204
40399
45468
39983
3471
37161
33157
19438
16836
34244
14887
45730
13118
28378
19376
32866
30449
45977
30774
39964
18017
10580
51507
7015
16325
38718
34879
50041
32721
58598
58472
32963
33710
44597
14778
45451
55437
28609
51901
28852
54575
24572
32054
28466
24273
46400
26369
38275
53904
9018
37102
40913
49513
12500
33014
41746
51678
9933
59523
11418
30170
15629
29845
49146
43471
50129
20857
9143
9892
17605
21059
4457
49937
42247
43213
4263
14729
4471
10449
52108
19445
49679
33458
21632
4296
54299
10351
48472
45650
8107
8138
8400
46688
49533
30039
59339
11903
52316
37641
59942
22464
56301
6021
57371
28277
49674
28477
32099
31187
30278
45309
25550
40699
17641
55373
13581
36907
32584
59980
33089
36053
18120
57945
29453
39547
13801
16771
4420
4547
28609
47204
20443
7426
59911
52643
7407
27938
40253
39488
16814
24216
38036
23113
25519
51605
14481
59783
30590
20887
31838
19693
19442
33148
12113
6376
44746
36077
37786
32063
54436
11087
9496
19487
40776
8224
20481
25964
56255
10155
28607
19823
14920
46759
5256
5874
17789
58288
6187
58624
35456
29490
55247
52575
49806
26176
5113
4233
10160
9795
22575
30818
6397
56091
13766
13262
55028
47669
12411
22917
19319
6982
39854
6400
50516
54844
16051
19589
37627
16354
57160
32820
30693
49867
50739
21378
30514
40791
42207
18550
37752
51776
46071
44599
28130
59103
25029
42738
7524
8212
23866
33168
44008
49998
9756
27870
32989
8251
34539
28950
47871
6818
40196
57952
37741
9468
15998
32144
55562
51475
45987
30701
39583
4418
51418
52482
24225
50216
36413
43503
38870
51345
7621
11591
42505
14694
37980
10334
46515
13233
10033
59783
13659
22585
5929
43954
4443
24038
9408
13337
30240
25055
18591
57215
24525
29430
15846
57514
25998
39180
25123
21486
28129
56398
31200
17262
29949
34618
22265
21444
8940
44740
20858
30759
47141
43782
47487
58636
23038
7691
34191
57159
35677
41269
29512
48257
56637
48100
57357
13701
32047
21205
36779
7228
24057
35967
57557
27304
5129
34609
43940
30491
6449
50469
35164
17231
53046
7000
20137
33761
32340
15453
38305
4803
47354
4717
36467
33805
55997
55199
57338
56718
48627
5149
11318
38848
25836
3369
17086
53886
53125
54193
26400
59065
7666
57685
30580
24408
23293
30227
41017
29886
38811
54912
46138
54048
26273
11316
15818
48220
29957
54581
55376
29625
37211
51419
16426
5437
25083
33581
39540
19470
57144
21065
58071
34264
56148
27254
54713
45153
37743
47016
11697
14816
25765
40222
14478
35798
40650
45500
19465
3607
48387
12167
34997
45473
53889
55131
20683
9984
36961
29487
32318
6683
27822
3003
51580
27240
46864
37598
55169
29600
48652
3188
44841
21154
9573
4643
29846
23538
28495
13896
58462
24348
41931
45822
42284
25560
30568
22687
17801
37575
4672
36535
30095
56950
45121
42555
10004
40967
7879
14998
42313
51780
47515
9301
41934
54897
41990
11801
19082
19844
17533
19870
26776
36668
9351
50520
35149
47570
44451
55941
15978
45498
33052
59022
30370
34031
49835
19932
52722
14451
26055
14511
49681
34562
41819
21895
54535
4858
55920
36639
35117
40672
17857
56919
58833
21896
8248
49666
34560
38458
10925
51012
21914
6012
27819
34301
22978
49118
31335
11522
53413
14774
52167
40268
29724
41266
41924
34163
7457
37327
46823
59934
14705
4893
56870
9888
26361
25230
7803
16827
55103
5643
36717
27744
31761
22702
51990
51739
48776
6619
35748
7022
58238
20192
12386
33236
42477
57830
6229
19921
28538
23854
55786
49546
26801
18010
19705
56924
41150
50439
3910
5739
12364
23698
54402
15230
16283
48259
46133
15378
50183
6120
24259
58140
26063
33137
14442
43094
27364
26358
3259
8728
42326
53535
55450
6177
43284
9029
4241
38595
32913
40885
18152
6772
53206
40498
48274
29218
37236
38503
37744
59975
58437
28814
4518
4021
9884
53589
59874
56854
49278
57574
38500
5077
20555
19421
48282
27561
17866
58520
26337
25732
11809
40544
3855
10193
47577
15361
20744
33266
28078
53418
16677
55002
20769
59041
47883
54042
44216
45546
9135
25106
22231
4244
5653
29226
30182
33660
38351
25362
48996
50855
38572
24518
33577
47945
19287
51296
57002
47267
32138
45760
10623
36743
5697
37802
31471
6597
34947
47309
42476
48763
41813
34738
15625
48301
38496
35209
5442
38023
42332
29719
17303
39925
31203
30527
53333
46961
8318
28501
27104
25761
35225
38282
30663
28748
47792
27277
36655
27078
45012
3414
8963
20549
41246
38788
54814
31615
51586
39941
20663
26595
51507
35414
36086
18519
21632
19941
5300
19533
20729
8752
50072
4150
9253
11080
52687
36242
11405
48006
9748
11004
46397
16097
46212
33916
37176
34531
47351
12428
9618
29008
37204
33324
6430
56701
28533
53026
29679
6839
7089
42579
54095
18701
29283
38026
44284
15930
37039
59004
22895
16770
48670
33454
18459
45419
28095
35880
14377
48647
54102
20256
26566
40716
6571
55705
35420
50310
14201
45926
37506
35232
37337
30516
3926
10487
43815
43468
32983
26179
29607
18223
27644
8773
33603
37295
29726
24162
21024
27092
30809
8038
50860
54595
31107
27819
59447
42140
11046
48993
40115
22818
6041
49459
41302
15719
25901
45946
18768
28587
18136
30369
44278
10869
11541
7685
48769
24054
9276
34923
45483
15886
12469
39205
15077
47486
31610
56634
24927
16308
26130
41000
14523
25414
18824
16575
8688
36276
26628
51351
50397
42356
3295
52868
11329
25337
35131
15027
33470
32266
5727
15274
25093
57087
41682
49429
48627
18190
6909
13940
27342
56458
57619
48727
50086
22678
14309
38621
52031
53333
6372
18177
36648
30475
3229
10873
4880
57256
26351
41927
4045
22215
45303
44150
13496
30630
42252
40375
59811
58990
5845
55698
12865
55701
52310
50811
55783
13767
47805
47189
37002
26710
41531
8810
11503
56478
57501
9530
4987
51577
3790
9974
26982
10568
59226
23980
3526
40881
11364
52607
56656
28705
56624
7042
28486
30254
32261
6768
27292
5339
51489
48986
19194
12497
56184
28219
16711
33753
36228
15701
35916
11444
27267
51914
16464
23856
55624
56866
45379
33098
12705
11009
14359
48076
13570
58290
4319
52536
49738
6333
16899
19160
53732
16192
50906
25561
23511
45225
41769
22765
28389
5343
37964
46269
37620
4865
29996
10222
17318
8603
20642
40373
7438
54771
12107
44100
23888
48020
19195
38593
5507
57248
10182
42755
19842
8116
53710
43665
20618
44293
49045
5896
46998
34825
8131
53752
39528
43847
45139
34858
44952
46282
37998
16383
19653
31048
39597
21107
28194
46933
5581
46929
39098
6816
36529
55481
15239
15988
9230
9298
8674
12818
58904
36804
57962
30027
8450
40154
10858
22071
22710
16885
4073
4425
51841
52359
31079
38470
12704
36129
36266
14521
59476
46978
12939
50427
9760
28461
8811
4239
32836
54619
3852
58497
6258
23134
28361
40186
29866
54710
11792
41751
51741
5344
5731
35613
24221
55476
53720
32856
30805
50379
16100
32481
34498
24589
6378
31620
32488
44153
9897
14752
31565
23038
22213
18077
38256
48104
19385
46858
5348
15674
39941
29587
51450
33953
34433
29938
46194
44477
53655
49024
17590
29937
58530
38096
40758
55214
38597
35094
42840
32009
12564
44125
18817
12754
6676
44173
7975
52541
47539
55160
11638
51773
30873
11993
8657
52095
34947
41060
56026
37188
57250
54857
29589
19439
19739
26901
42541
36322
37318
21773
54570
27049
28558
7335
19466
3102
47890
57945
30676
37535
5738
41313
55194
6177
53389
16471
54698
25530
19303
55466
28534
28415
25280
42179
59249
29920
37340
18838
12347
56264
7390
38490
55870
56320
9778
56979
16615
17479
58393
51867
46550
28170
4213
42738
9392
54208
28951
43457
5067
31958
37896
55839
43087
31501
36868
27559
40331
49915
24100
5478
46133
57426
20874
5737
33103
40898
55037
51072
8828
46391
25713
27401
5024
41830
32550
20604
55438
54181
19139
26656
50691
6795
5062
23064
12173
35102
31639
45154
29097
22674
9609
51235
55078
28347
28799
41837
40840
56876
29480
50934
30430
49106
6472
8515
21076
7609
19689
27098
51738
31089
28937
57115
8860
11072
4427
21925
42991
46548
59210
47719
16966
24195
11330
55590
26760
12902
32123
57899
25258
54957
3782
33330
33611
50109
22431
9579
45750
29390
44801
7839
3692
12827
46393
25812
14069
13011
23670
24170
23936
59752
49279
30073
12968
33608
30102
53721
12683
51783
47069
43490
57097
19898
49185
41088
15503
13597
51957
37867
46069
24778
12032
43889
55837
28289
42262
20943
36629
36776
