1400
47708
35060
45810
5386
3696
54230
51698
55316
16235
48257
45430
7799
10557
58032
45148
7749
38805
48541
57481
33188
23262
37664
27227
46218
14650
13911
41323
13647
55666
28560
12684
7690
35317
21463
42367
51322
47546
59836
6971
37749
58828
36932
30849
35865
38897
15409
32142
16880
26457
13604
9755
5373
56010
17844
13448
35854
32882
12641
29057
58094
31239
41618
43168
55666
35177
54526
37822
17899
41319
16840
31882
46521
12022
17343
48099
15926
14425
7534
49260
8316
40094
33825
24668
21576
17817
28221
50079
33477
40997
5434
16872
28775
54651
55401
12690
37650
17675
54308
22921
32020
58428
6322
14910
55953
13026
7853
6729
38401
20653
29437
8690
12856
49274
54924
47018
9648
43488
31606
11289
54859
14129
8281
18880
4106
52513
24694
6062
21111
28718
30807
37913
52583
42546
39950
7366
57186
3004
16814
25566
22117
27294
57064
57329
37390
17093
21056
21733
51713
18260
29034
29738
3329
37807
11233
5768
6889
52285
25120
51748
56237
53312
22229
54787
26881
42780
56982
59497
56989
29757
41999
18287
19630
11575
9186
55058
57654
4793
13417
15655
45352
49520
16300
16149
50945
37699
32532
12200
14556
59054
23223
13416
6430
42115
13032
18344
16401
6457
14452
53281
38956
40908
45666
21573
21659
38777
34782
52827
49640
26374
7158
52444
25399
35054
4436
25017
28106
15924
8694
49169
28319
45006
7579
5473
51707
53570
29917
51729
19723
36452
35835
40416
52820
58301
24720
10653
23071
6191
6470
8745
53206
22291
52621
25205
13337
39231
54379
50197
17472
38259
28338
17077
32063
8334
37017
28488
39592
45868
21584
58799
16257
28507
50864
37078
29031
7449
12409
7409
42467
58472
37542
30851
44435
44394
30723
46746
8894
3256
4435
47445
20721
14483
23269
30176
14650
53925
55404
32999
38004
12972
22263
27176
55590
40539
5217
59716
16756
3917
59043
6461
53804
22002
5942
28536
24094
35894
12239
44849
34414
45073
49084
55863
14445
16764
55271
54742
47319
49784
17806
58234
21619
4455
9555
3658
43934
46099
16470
57310
59516
58796
51772
11320
19577
54037
27433
59831
44519
15867
17568
21081
31583
8486
22405
6767
36604
47163
33807
22703
51440
29672
52302
23926
30366
27727
11430
54162
12147
5968
35833
42018
47415
40431
59817
46537
54765
11912
48029
21401
3693
48469
46052
28095
50021
15237
52252
31571
26599
49081
33936
4253
19146
5690
32355
26796
21047
32479
21179
8094
18893
50520
33277
31455
9402
27620
35322
3303
16074
27457
56953
41549
22842
43323
12528
48630
40783
49515
50516
9218
45863
58268
48113
53862
9129
58327
35072
25660
49178
3494
31309
30735
30699
46576
50472
24090
34841
22153
59894
47492
48276
40801
13470
41327
19389
26316
24476
30037
57526
13322
21162
40876
16339
41881
11617
37700
10195
36189
37697
40654
5982
15097
14586
59766
56200
37063
31365
9075
9817
35943
55081
30392
28986
42465
50205
10905
14669
12182
15121
27300
41011
10925
8097
36024
20488
12831
52457
20168
41132
52774
41923
6383
6711
28296
38889
55296
9867
32871
56348
55003
9220
35005
48410
45479
24341
51703
37963
37033
7194
30311
7721
48653
48804
54893
31202
23829
15607
47974
45985
52311
6548
28031
28416
42492
40180
49942
36860
23760
16509
24149
39961
10221
52687
4947
26457
50052
4192
13012
31023
15965
11921
42359
11025
53308
24289
55424
58527
58654
8550
26048
16786
41896
35027
41276
5685
36725
44043
49713
58406
59954
22808
8649
4973
35155
35646
17421
17901
33457
58175
14405
41762
13087
54820
42192
26614
38646
47576
26472
45752
53757
28294
49883
43445
45108
28833
27834
4872
32022
13556
43521
3165
59968
20620
32863
53585
22553
48265
44918
17296
6316
11088
45006
42724
38847
14477
34060
32988
19220
46347
4808
35233
16295
56826
49873
51100
53426
11179
19190
22240
51663
56027
55773
48889
3246
56809
34026
41890
22013
53892
50667
27691
29274
47735
50369
55290
55116
18975
7628
26334
6595
10804
26150
59919
40851
28319
18412
59113
57839
56761
14696
28244
15215
59722
59406
12868
38920
30624
45361
44474
5512
19894
56722
23154
14567
9963
14812
42029
28223
19080
54456
15970
59722
51221
9952
54467
37144
24143
59662
43981
4481
8998
18373
24179
28226
35456
29651
41284
31192
9171
8608
4339
36853
39937
44659
35245
5691
25289
38946
30912
9803
54291
37944
49608
46883
33005
56134
27306
40390
29526
16749
22169
47363
7145
57825
6105
8885
44266
51979
30121
3504
18459
35640
16065
56094
5521
58805
4817
8036
12908
44537
36336
5821
36631
33356
37617
31328
52958
8529
9906
19441
12651
53639
28900
57594
22640
55351
40713
27275
44405
57629
47496
31086
54836
20404
55927
26992
9610
10865
12757
29099
31971
49129
38927
23858
46943
20875
11226
53088
21684
22510
55331
44272
57028
18399
4442
58356
48922
51599
11277
41901
12594
6510
27394
27278
36173
35463
38854
55011
36792
26334
33827
11680
40854
40556
55716
12249
4048
33899
24140
16289
27290
12419
15223
15492
56198
31192
32548
25484
6726
47889
8526
38349
34233
32114
57855
15397
42153
33473
44589
46707
6868
38653
22097
21050
15044
43808
55094
35880
38917
4305
36388
45278
23741
36145
56184
55637
45344
7533
50073
32169
29735
28832
3283
12499
50620
23179
30726
12864
26077
55906
6636
10996
9535
38737
44309
53321
44348
24634
20265
5662
4355
18322
17784
15702
19568
43590
18835
15078
32368
26145
57414
40768
52403
27129
31041
25221
14185
30814
18304
26226
50055
4029
23430
38061
55596
19952
3429
57325
59023
43552
24682
22122
50401
10690
36414
7337
7515
48255
47387
50120
28990
42400
3483
44731
38252
52359
57444
22592
13229
55612
28873
26784
45006
30755
28068
54404
50914
43102
47870
6791
48782
8322
5026
21487
59451
42025
52935
20325
46562
14595
16739
44923
11668
20258
32967
32051
32586
9539
52233
52583
42114
26765
17782
33753
41944
23573
12080
53997
21262
48914
35399
44950
16579
4501
7693
50522
58461
27866
35615
25709
48730
19484
28388
31310
28426
22381
11391
45642
13551
8724
20600
13879
29968
59888
3043
15345
46983
56906
52888
10783
37963
45810
41178
40143
13796
3681
20902
43270
5312
14001
59195
57681
30826
20279
10828
56742
21982
53322
3031
39309
46663
6226
34029
16544
49433
42666
30276
48147
34163
33372
47957
37778
4895
14856
38814
15490
7902
14910
27989
24658
37467
13606
40814
41490
20566
6398
49687
43908
48114
42329
32159
39398
45981
42280
58130
5930
27293
31998
9743
24082
3820
52804
34413
30346
32174
29800
36248
24344
25833
22620
34556
49755
7134
54492
58356
29032
9933
46359
19179
27005
25820
6487
51328
57067
49062
22780
14816
4328
54900
35946
27275
19588
8928
12812
18858
46373
53148
59550
12097
19014
19486
50694
5920
53697
12129
51809
45473
50998
56062
9920
13379
17789
37743
17018
38372
17509
24567
49485
19287
22295
22889
17919
28583
54977
52545
29277
29380
9586
45867
53592
50189
40582
29661
47067
32409
18316
3051
10331
9680
56789
49784
17908
27933
6678
13948
34500
56313
25530
43342
48800
6509
30043
7637
16973
27182
7924
38217
55055
51598
51634
8149
16174
44360
17656
56759
21349
27886
31079
49920
49562
23002
22220
14308
51245
51303
44528
17192
11511
35833
45255
33093
4352
20512
3528
40807
48026
19997
38683
52896
38798
8152
14050
37287
22122
28679
52818
41217
56263
8000
16338
36339
12142
46561
20962
5169
45075
18730
17239
58960
45220
17432
8836
16862
20484
47478
4465
51661
59661
34270
37629
17727
17623
32445
47113
53759
37322
26674
46805
52603
8201
41557
30170
4854
44742
8631
51419
10025
45215
14316
24652
24994
22788
8060
14908
10424
19311
32566
5344
38422
46668
32158
32096
51966
33498
57269
26490
30040
35431
49444
51759
13856
32304
9711
39676
25229
6349
16435
8780
18003
3735
40479
29953
25375
16144
39443
22433
25621
50280
29478
57193
48077
15023
37426
51808
54761
19284
9751
41700
30783
15139
18224
10907
43626
25435
44807
43714
32274
35381
4157
23392
25825
52530
57194
27797
35523
57589
56890
14218
28827
4014
33299
38122
45936
40223
53038
52752
55123
22787
47019
44931
44423
29481
21999
9964
38257
25529
13806
23269
21780
33758
4997
32146
46923
32312
49437
35163
37407
39753
17502
20435
50245
27780
46094
50005
27640
57611
36130
28988
5514
10124
32053
25336
4840
31816
12440
53678
47227
26894
42997
33979
18960
48296
56373
23350
19558
24819
45498
32489
38124
17150
49925
21672
56672
21014
50696
8236
34024
52962
33564
5041
41422
12914
28344
18794
33454
59404
9265
11918
31608
22192
7093
14281
43001
10944
34849
59503
45289
21227
40407
42317
40859
4398
8727
11241
15369
10265
57415
23166
7108
11355
3367
34672
16555
39895
14022
44837
38583
25658
37625
50584
52495
15235
18872
4537
46419
41807
5025
16553
16632
58746
27600
13466
42646
