2122
26443
13992
47446
16987
30605
58880
46871
46108
5417
55181
39176
4861
18632
35686
52640
42236
32070
22367
42924
13951
18010
13630
21261
31716
39521
7536
4243
38976
35796
17346
35631
9297
27302
7422
10293
56403
19588
36868
24503
50647
47450
4489
6268
10438
11256
57621
36671
25993
17627
29742
52565
14051
32685
53032
18429
50382
55142
11397
30271
29468
16715
54457
22663
23276
11786
59327
12685
49773
35603
3356
19892
47146
25636
28495
48759
18512
30100
44071
34466
24811
34242
7630
6606
57220
12894
56274
37834
16445
27378
6958
30875
34651
32602
21783
41771
19960
26488
54756
14799
20887
32379
58302
40946
10518
55683
29515
50594
28106
16171
48743
28240
3180
7675
3689
49413
54874
44852
44958
29098
38853
29881
7015
47968
56671
5144
15305
20055
37769
38874
47547
38539
32396
3726
5619
7250
28052
43441
23266
47058
9120
11882
29625
22056
27199
34494
31688
45480
35373
24898
40854
27033
13070
9306
42032
39723
13873
46070
33658
50702
54817
50163
27316
41675
27259
6420
27860
46119
25473
6822
17655
45284
18525
6138
20096
11102
11486
30794
7336
22032
4527
33976
36720
31851
58906
49601
19663
48180
17659
8524
4806
55122
28443
37639
38168
5652
39784
55134
17025
59450
44061
49618
3433
6455
22391
47600
19526
27377
24545
22240
24910
47726
54623
34272
4289
25292
3299
28310
7038
57000
20881
52152
36487
6344
35699
23609
57890
12601
14272
57660
9712
9997
21512
21872
36640
12507
57466
42727
5629
42119
45783
19669
43783
22029
8399
3028
56992
50772
41187
10189
59620
18320
30487
48607
55952
55807
17545
43473
22202
31410
46485
32788
20500
6456
51812
58927
10041
46416
29066
38649
13264
15420
49913
24295
28699
26984
44260
3401
56072
11400
17780
55017
52592
29645
49412
46846
27488
28402
20192
42159
37257
37690
57847
56907
48467
35451
23470
20097
17676
20693
41587
21210
11344
51936
3723
45186
54486
13179
35511
23349
35285
35823
56957
41524
57337
13034
49363
13882
22718
6579
10591
11607
23230
16214
56055
25648
13877
54979
41556
54474
44807
42280
26319
44975
48576
29972
37251
19925
4317
50176
24539
12005
23404
50685
58889
43089
53169
54418
46795
41895
14071
20008
8968
57768
10431
28207
29439
37011
34673
22984
6011
53903
37924
35064
33512
21824
35153
6814
24691
14661
8246
34556
41942
48468
23549
54226
26833
22277
44827
44410
12570
19781
46613
23241
46889
24831
15991
40864
11030
32806
53263
46923
45435
10253
59188
50827
41356
26639
26302
23191
39227
57282
59445
52591
44677
34362
30248
25628
3695
34358
17781
11385
26994
53181
46840
56502
28611
38545
10867
45183
8174
57890
54444
42510
49508
4708
47335
45822
47329
7320
21705
13352
32785
14735
55699
45930
7325
9702
9658
34202
26124
23853
39267
46280
5289
40339
27400
43405
40877
10276
18162
16296
16895
55379
44176
36618
40426
57229
24286
41049
34264
20376
33274
9978
51065
4208
15742
24314
50848
11483
22430
26122
47229
12475
31335
19354
12339
55600
42800
14696
57563
26025
44204
56741
23819
6870
48795
49694
27659
5180
50555
14510
3222
15179
21476
11602
3043
43227
7215
36227
33440
7152
53265
19949
29132
52571
12981
36485
34809
36549
50958
47980
47002
34624
17782
4516
45874
42659
6008
55769
25569
42957
49648
48468
14870
44183
34924
7911
15228
59384
7169
28062
13894
50020
47040
3121
30958
56041
25689
49416
44004
10688
11818
30096
36749
55562
11021
54647
44622
31839
9815
28098
49182
13707
48281
51312
16297
53250
22659
39490
8692
35091
27480
4928
59409
24405
52398
21199
20207
28149
44067
27642
11335
7447
58514
3335
12268
38825
42388
58183
12656
46756
17275
54048
38670
40903
22392
58289
23318
32739
37638
43290
25922
30441
54937
56547
51351
56185
29746
48614
49601
4395
12701
53378
33712
48943
36635
46753
56176
50561
11946
59107
16711
16325
13141
38596
58336
15338
44570
47517
49621
8638
12413
40467
6907
6759
10049
5717
14399
7403
4068
33428
12477
49294
28031
56183
42633
34683
8284
46118
48895
49995
28627
9947
6500
45998
52691
37429
10933
53054
56466
47086
11356
54998
15530
44333
43003
36463
19623
43117
34739
49097
52871
51890
23951
41769
48971
52745
50101
11845
22031
39520
5641
16095
25148
59312
43907
18655
8904
18627
38162
6894
25974
9081
25480
50543
38906
58705
12857
52466
43748
40054
21074
39246
43250
25694
27394
48233
55741
26234
53027
31164
53641
58543
14525
52288
29067
19455
15856
33509
3907
28157
4455
31142
32598
5193
57613
28735
42280
39742
12964
34594
41848
16716
10666
25848
32083
13014
14506
31078
33494
22510
17556
37545
59565
21994
24327
8151
53947
19270
19908
14146
16911
7907
14534
5165
30597
49517
5562
6033
58050
54191
51408
22534
23323
30510
31760
56968
52142
45204
21059
11061
11850
13020
26288
26590
7567
21415
41386
59570
51065
43700
42397
47855
12380
37776
30740
44389
13586
41015
49226
55204
24803
45985
42817
49615
50329
12426
56281
15466
53411
57555
32915
42218
26738
22961
19764
37350
19575
6885
32822
28322
51520
31215
45592
13662
48798
47954
7456
4155
8863
8205
55850
49589
51915
55872
58856
55805
33158
17146
25270
14524
29006
26546
21592
56540
9998
49555
43190
37542
57514
8110
40577
17632
50930
28023
56682
57887
56914
42299
24428
27585
19178
7122
18387
53044
10432
26567
15508
5619
4299
48790
20828
24123
38154
43027
55290
32620
16906
29326
56209
35917
56591
25507
27203
30697
9583
49507
4349
24069
43283
57962
26258
4119
55108
12182
28761
24039
47615
17261
36035
46803
35249
44623
13970
25894
19425
45554
24393
4565
34931
3128
29909
48859
39241
22344
22302
23963
6966
36805
27290
36306
49928
12133
41196
22136
16334
54027
5070
50177
5734
46921
33577
17971
26864
22520
20544
36066
41974
22877
9415
51327
6947
48079
17598
30520
21659
24371
32748
34509
34927
12077
28431
19739
18180
24093
54108
48376
48361
48433
17132
45497
11028
33537
38702
29616
23517
52361
12396
15081
28854
12623
4889
5284
19432
30062
17431
46663
26430
20738
44627
17749
5479
25846
49978
56390
25273
24960
52230
11863
51105
14074
18683
5362
17410
29782
14847
35825
52144
45632
42683
49662
8646
36920
32083
11081
31450
31981
18284
29682
56375
51734
14188
29936
30834
42205
51299
10696
26507
54614
59344
5238
58502
19717
13939
35997
35452
41046
41830
13645
48768
29161
4361
36929
57120
29902
5853
29559
20708
59570
54952
23491
43235
24757
46560
54630
23256
22049
22124
8623
19997
23291
3034
44527
43478
38365
17591
40762
27175
54331
57318
36198
54900
53966
42461
41318
52323
53616
26644
49595
14591
41989
5169
24724
18484
11644
38165
40604
23723
4395
35374
59761
52600
13855
43777
4008
14235
6679
31192
29841
9014
26558
15264
41089
3657
52327
21384
15855
34992
10541
14991
5771
7008
7900
49509
15739
21356
16967
10847
11375
15093
44746
54897
45933
40390
27810
18086
3392
8559
19794
56663
23838
54164
30453
36094
59810
48004
53623
24461
22804
25999
50973
12303
5319
4546
42886
11509
29980
18918
6294
10287
44612
23691
55929
28916
21342
3727
19189
48383
54921
53246
27709
4872
30414
49154
16962
32259
16669
57632
19778
23452
39721
10188
49968
55660
8107
20132
26184
51407
8203
3621
16083
6900
22750
42350
36858
39506
48585
19845
46541
30363
27628
35197
16680
42050
25092
28421
10610
36368
10439
48400
46638
27339
48061
32014
25685
30630
50373
48576
3364
5190
8764
11896
22110
34691
18287
51808
16200
5947
27730
50290
16155
28178
58185
16541
21136
27882
42547
26118
10557
51456
30565
44715
33441
23511
45658
23024
46672
21062
37249
56799
36212
21915
8003
56928
31912
57154
25374
13800
36242
28240
14027
56227
12951
59895
58911
13388
56242
17545
15715
35843
6965
50162
34552
16992
28253
4060
41220
39713
5885
45088
4023
23791
15215
58801
13854
16222
32140
7988
8073
30585
42711
17745
3131
33089
22290
42645
44589
5932
4866
54761
3280
23108
39550
25389
17933
21879
52674
13816
19934
17780
30609
8239
19435
45184
56901
23642
42092
29638
35659
40159
56291
11756
24298
48286
14606
14770
45228
47715
29048
44910
43920
7939
14758
51266
12545
45701
49216
55631
37440
3616
54220
26809
20421
10780
15812
33521
25999
33821
24835
11417
25984
5541
21638
43803
26435
15544
10649
17675
14546
45689
16457
43990
5778
23942
7043
25612
22689
13292
8328
10508
50182
16592
50115
54323
42574
43999
46449
29472
38998
15343
23531
59820
33171
36160
49584
20480
21414
49709
38853
29317
20402
28622
20926
5331
52015
4630
18437
20729
55175
56261
43567
5084
32616
53790
56886
36137
11383
18885
56234
54527
28467
45341
35761
46422
58792
38873
46381
30874
56470
41913
27816
9953
50478
34271
3305
11923
46542
11968
22202
14825
4789
7875
27808
41293
27817
3416
19107
30429
24179
54755
5385
38236
39828
56569
57940
13210
8642
55820
24992
30548
20489
15911
40230
10067
19527
10024
47648
15976
43887
23637
32317
36716
44772
29661
23195
51501
26445
44342
41555
4123
30152
11106
39882
42625
43314
43155
40950
20248
15265
19183
49527
45768
19531
20909
27980
49255
50441
53865
38373
29503
45181
15557
18980
55132
57072
10227
23800
32473
4051
12024
10125
21736
28613
20162
51995
52163
29160
42797
14284
13787
42543
10060
23834
38103
43912
56106
28557
31176
54747
21545
10793
19177
30762
48416
46646
17178
27526
32067
29592
52781
21566
59873
56447
36583
7267
16966
34583
21007
40135
40691
55915
21286
15986
28329
49768
43302
39429
27313
39149
21319
4223
48610
57024
51000
21217
42573
6267
44587
33609
21268
33133
49861
9588
53417
42293
50300
57187
15482
7114
54122
39268
38974
27268
15193
37559
14350
33474
14484
21167
5291
55806
56197
45447
45942
23860
6924
17440
17640
5675
12896
53508
41797
13289
4856
56310
4166
6240
28048
4499
54277
54267
51076
37014
10132
43476
27654
23606
40712
3460
36557
12452
23760
11397
53915
25821
29610
44917
3574
59379
40688
54102
10924
16042
16718
10349
47086
33289
34383
53035
28893
48162
17243
19334
44874
39052
42864
59255
13794
52035
38617
28985
14712
53100
31279
56692
6522
23501
21575
42437
5572
26997
17246
59968
44078
13843
45539
22353
49729
30102
34730
4142
54968
41596
16331
40798
26169
29553
55483
21926
38239
47597
9127
28831
34236
36784
39893
29572
43174
48226
15254
5757
30013
45932
22647
47943
25352
57821
12887
16926
8756
30545
7776
20348
54436
52702
19761
36858
59821
16387
22925
38974
3665
36514
12613
34379
17277
34501
19664
21823
52095
5962
29241
9137
47248
17140
9023
35307
13721
46496
42931
57369
14198
59724
24113
56083
44536
31632
42995
26186
50637
36669
21232
36644
34209
48503
18962
23210
47162
27457
17146
54556
50496
57064
46178
52824
4043
43810
8351
30930
7694
4687
47003
27559
23647
9431
30708
11137
8873
24167
44436
8756
44191
23943
7090
11518
17788
39170
47156
32664
58240
49696
7890
4328
44002
40020
51787
43362
58261
45003
39154
51108
26963
59385
24749
30032
17845
6894
32342
58314
42767
21838
24593
44293
50015
56050
4484
50705
45546
32915
51273
9625
39628
40072
26595
35615
3791
5261
49530
20296
26276
18736
13464
7666
30181
49880
46311
42680
52511
54634
58293
4580
14965
39451
25724
23042
7216
11018
40964
43229
16374
36230
44146
23852
38299
35279
20187
3385
16422
48800
38927
42887
42106
54487
34002
7463
39483
24946
55447
42147
10409
17320
14095
56325
42823
33114
12884
5626
54992
59383
21994
56544
6416
12480
5343
54922
26721
19446
38635
49559
32700
57018
28178
43134
31566
37135
45393
42200
14228
34701
35333
32599
51296
42784
5105
18741
22241
43830
57679
3605
49369
37054
20786
25894
4279
34264
6215
5683
54525
35963
49618
47335
59960
37225
9939
16445
50419
34826
3189
19304
56825
14448
44931
52379
50975
19669
12451
48583
22979
16898
54601
47315
45835
43722
19950
10724
22558
12696
46668
8227
48758
54710
28668
20243
40931
17347
29634
27721
46947
55862
19808
43888
48190
55138
32861
8119
34528
58985
49761
4246
28891
3037
40844
52649
45590
29972
29863
41626
21366
14525
34008
48423
56739
31571
32287
55170
56273
15094
21772
42490
49939
16580
41429
39798
17015
20892
54274
8005
24227
6915
17127
27768
28766
37273
14042
26170
29501
20664
22276
12952
4453
7941
12081
48266
45418
47160
52513
20431
35177
39813
52257
40264
33835
31988
40955
47619
21891
38523
8109
40909
57980
16111
35760
40511
55325
52394
58373
37396
51498
42703
16306
36403
8543
32278
12668
47728
6190
47181
34542
54438
48639
23032
7216
58257
37786
57336
9079
58574
50621
18172
38018
13190
15857
13628
51205
33259
50716
38521
27449
51412
50416
17858
9724
22204
4707
25126
50533
49835
52895
5642
58768
41144
47218
24550
26382
45831
29781
59832
13608
23726
24442
55268
44503
19205
27617
53267
38959
22454
35548
19949
13304
3388
40356
33359
19955
16138
32087
49325
22930
9847
58067
46534
22619
6341
29989
42741
45726
32888
17753
24848
47171
43460
21788
26379
18161
51372
36473
3324
16485
22333
46314
26330
36993
27051
27517
36295
58209
40052
23664
15573
19245
20982
57857
40278
57169
46655
24026
42841
57394
7098
21243
40362
22865
42887
32376
5422
11759
48557
27019
9737
58752
13160
3321
54449
41967
43969
31359
50956
59734
50020
5618
44566
18660
6949
22089
16681
17078
9252
3590
52713
20808
30752
11081
