1709
34723
59453
26357
30571
4596
42760
41632
35807
27451
6982
50104
40888
35221
36475
29119
56261
55334
59180
12020
42806
31922
13484
46592
15574
53028
9749
51288
33509
3568
53857
17680
38077
49675
59618
10571
14455
17354
56861
51269
34393
10444
30956
51323
53710
54525
38224
5097
17090
25964
27542
56329
11328
10965
3257
45266
3284
33205
31491
29906
55334
39578
4069
55680
26080
37481
34768
29251
55045
9073
3688
21074
29119
3103
3176
45106
3039
5727
55565
13239
4180
55498
8376
28926
24170
18221
31210
54842
17123
3215
31795
48840
29959
55021
48142
38492
3047
23562
24747
5038
17861
10956
46657
37703
46645
53612
48199
20417
21031
11712
19260
10416
58855
54814
55210
43053
14742
50463
29372
34596
3137
51019
48823
37005
43696
8627
31462
22303
30077
48821
33861
11220
41743
31069
52813
46135
51243
37250
45555
49765
39820
18000
35301
23896
50010
58117
30345
29426
18257
32419
34001
5879
47640
23958
17493
39038
58862
19717
40344
38230
19889
37815
21666
38463
34641
40209
44734
15714
38528
17331
49116
47169
29216
26886
49222
57884
28761
30528
33927
8191
23870
17620
16567
11854
44636
44281
45236
25215
23040
21616
10658
59051
23440
55834
50612
36883
21983
51150
13912
43367
39432
51224
10328
21377
33057
55735
49243
31321
27580
33621
53760
24436
43296
47823
35266
27720
11938
32596
57293
8889
22035
39874
6725
15299
5936
13105
31179
48643
9641
21426
9796
38429
18613
25742
3573
17420
31499
39381
27767
50041
49048
14817
3885
11364
22190
10867
31317
52186
15721
55018
9346
49413
49134
27451
11465
8263
59446
36054
32883
3172
49469
18483
50592
54106
38443
21194
59677
37664
46961
23453
24445
6402
46128
21940
40942
6885
57982
30778
25130
8106
23447
58317
44688
9945
20388
33115
48973
17135
57124
11558
26415
17412
25812
37902
9187
13278
38248
26264
45911
24857
27249
40282
53002
14990
9652
45376
22454
59082
5537
42523
17135
50399
11567
39606
11139
53746
28046
53520
34315
26184
31490
31706
22457
44299
18977
42657
55174
40197
5187
36590
31431
41476
5978
25474
33055
10761
37841
22511
11436
22330
35448
34167
18774
50854
15220
26124
5907
13504
26396
35276
54029
36883
39757
42000
49621
39145
55519
18685
24859
43278
21846
15074
40080
44670
35876
13416
14779
50077
15819
22238
22621
41057
50313
45330
51705
5753
34320
9037
31465
55996
29729
16278
45670
21776
26955
9067
11277
32844
28879
52977
4229
9462
28439
36185
52565
7346
21339
11262
48350
54928
54031
46119
9946
16785
53992
28543
11405
26694
58452
48926
28284
38440
11162
57168
29830
25840
48238
35875
48848
25758
48823
7885
45355
20636
18962
55252
19544
26870
50469
7014
5510
34197
59814
41725
48485
54886
34193
50518
16443
57302
34459
7354
43438
5919
50877
56962
41695
43094
22487
46598
16365
42858
11255
32452
50464
46248
15837
6837
36033
33551
23335
37859
33909
32395
28766
14028
16081
8295
39862
30620
42892
15058
51644
46817
17814
58622
44434
4095
26951
23524
17299
26608
48677
45985
25336
46040
7951
18830
36275
37897
58722
29797
30262
21414
51924
44191
31844
46808
8514
25349
55146
52004
21328
56661
15709
7772
15705
43599
56835
42175
57935
46365
37887
51125
31026
7414
28361
4630
3923
34732
24345
38825
36780
16546
42840
37733
48406
8417
19937
31873
38031
38168
3615
40361
40342
44269
47144
50197
23196
28530
19763
7425
43003
54930
27566
27627
26615
36365
6469
51671
46653
57023
34518
9602
19558
36259
34789
38773
40209
9591
51545
49736
8018
9064
14103
39179
47953
39802
12971
22699
22321
11058
40987
55062
13918
17554
44801
52908
25206
7748
16750
49215
28607
24911
48407
56268
36735
31702
18251
32777
13194
29845
19848
8405
59334
26722
25687
46409
55678
29900
9650
32383
9716
6565
11538
26104
11809
55002
58656
49091
49515
43490
8679
6973
8043
29334
58135
19969
31497
52430
17512
29330
28642
20524
49142
37949
11174
22998
52519
19257
19101
23817
32715
35129
16222
52514
44407
35321
39304
13237
27271
3433
18556
51965
18754
28345
14845
49085
39374
14052
44548
5014
56309
8299
54808
22711
22797
44815
11848
26780
11972
48504
37706
41444
6630
9266
37542
14923
12841
21452
37516
44505
31772
23232
37722
44555
32373
32797
3612
58479
8687
7939
33275
47701
4198
13302
17171
36720
15940
24007
10958
7518
43763
29242
35813
14003
25168
38559
24256
17629
32184
37089
57181
7408
51206
16372
16397
31690
23586
9808
28290
53059
33120
33286
47421
52140
17457
41488
25106
32330
59507
11379
6629
42923
37321
34604
13691
35071
26881
48909
49235
51870
57683
11783
18629
59976
8020
29965
17550
10073
43035
12354
46948
54487
52975
16165
57580
14412
54267
11837
32176
5983
13996
32637
6156
22173
13654
18748
14025
12744
48885
28216
39520
30616
25396
35045
17790
26746
3939
42600
9492
10362
41095
6258
19245
41251
49980
9326
20583
7801
31476
52073
23942
33618
45921
58587
10194
56391
49635
10440
39928
47302
8862
26113
51877
50806
6933
40140
43604
4789
34718
21417
36233
27355
4660
9871
3986
59578
17461
52902
18449
48622
48517
55536
33282
39003
55663
10271
20196
13026
33099
21684
13287
42822
8978
3620
44707
34935
8519
43816
49274
24753
21531
14409
10587
3369
44497
51384
54550
49497
49932
11331
48707
44178
3030
41098
46568
13164
36517
35858
34550
13501
9299
39432
48940
5589
20102
5386
23888
56254
27461
37290
29875
22087
8038
41040
21212
47240
13821
17179
50690
6413
55106
15374
24343
23958
13601
55520
19616
25282
52076
12935
46428
29898
44026
59193
45194
45155
55764
45514
24883
55720
50787
51269
42884
58839
8450
3707
49234
11494
45283
10000
47437
50987
13063
59677
8793
48898
50655
41743
12620
58076
48887
3363
39057
37775
57837
14353
19588
46310
13631
48468
13675
23480
41106
13414
13215
30529
53196
16566
55705
25432
30274
45439
37619
22233
14457
33681
14214
22320
11048
44307
32176
14198
31371
13099
58316
6051
5566
42687
45762
46414
7461
22342
59193
49011
58443
12535
4762
11894
35050
30758
14888
17406
36803
33798
46201
50532
29702
13418
30148
3924
28132
53252
25411
59786
58177
23442
52996
10141
15607
11488
46644
43727
58992
51174
46200
9212
33141
26238
26121
49758
51532
30303
40332
50187
33636
8124
27904
21184
25001
44658
24129
48925
6713
21999
50912
27117
38094
36237
5374
20102
57232
19945
43052
13740
50031
59853
57465
38571
53633
50749
16824
42108
11502
48693
44858
13205
52756
42570
11987
55595
43906
24290
19070
56654
16244
30308
43391
10783
59517
48404
30455
20842
6902
56231
13217
38154
50826
49530
30301
47011
44686
25037
39945
42555
35005
7398
14071
46340
49495
44451
57387
57865
23950
9919
50129
59859
46034
53042
15911
42547
5103
10772
38699
58430
43848
22936
12821
43897
41507
43351
56416
52413
48241
32199
53795
34381
17651
17346
33289
47730
25669
50273
19885
23711
32360
37705
51530
28148
18582
26345
7720
8071
45961
21650
33102
41060
54140
46009
8508
10864
29360
20238
57859
25995
22888
17338
46633
51867
55250
41871
52332
26372
46518
9327
18038
48948
10299
11452
3719
49204
49975
45909
52261
58147
56351
55399
16677
13012
37144
22255
13503
59922
56662
58484
21609
27595
7369
44499
23120
23677
11738
16824
16166
40807
59634
28618
42579
49318
44740
35824
27888
43473
39852
31437
18291
13873
40626
52386
13536
27814
29038
45950
54344
44223
16112
44631
38702
10128
58556
20276
18062
41024
6924
14577
25768
32049
57263
53891
4827
13536
5540
58484
20933
36173
25877
22377
32610
7842
52561
3432
43730
37720
34059
51482
4004
35274
17752
16696
54917
17558
48049
15131
20990
24684
15354
39742
47988
27979
10081
38047
48187
27667
6100
33809
34356
43384
37331
10906
4615
16336
49944
9864
6350
59560
38337
48689
11997
28931
19777
34032
3999
19550
10446
18240
34958
3233
26553
11575
13873
10989
33259
45826
46119
44827
15200
20181
32026
59708
50629
35751
59469
10732
28801
20954
12585
29366
25909
58128
40103
6146
47186
58804
22012
58192
54067
37535
40309
15759
45627
15251
8995
32999
18332
38287
36243
5725
40063
26487
4718
19481
29103
9640
9471
13370
16054
16758
8431
50277
5749
15875
3683
52531
13191
6696
27788
35122
34415
42120
9418
36853
56021
23567
54382
11728
54382
59278
7413
3370
37628
51750
28742
51897
19550
6659
31190
5036
18276
28777
58058
38987
17058
26442
11594
9252
25049
53426
54669
23207
5799
18851
14671
18284
23172
13602
36645
38605
27960
42413
26075
26518
27217
20044
31514
10968
12205
6064
43721
41604
44165
15709
32671
3202
23201
25788
38871
32033
3128
27767
42311
39054
3628
5528
26920
50993
33285
35151
8597
31204
11235
4404
39508
24541
7867
3814
26792
31233
45938
27369
4788
36816
20525
59075
26953
23226
17876
29882
21574
27334
30478
8506
33736
41012
56210
22291
19828
9870
13150
23239
5512
25026
43095
25978
46335
15659
57819
46873
38292
23685
42993
22847
47039
29571
24272
3451
27964
40003
56291
28490
4212
11561
48182
46467
20832
47571
55053
12283
27374
13329
53257
24755
41331
51434
45634
23751
50945
35028
35708
23516
27677
36422
13069
8968
48711
55261
56568
41896
44354
10062
14231
21985
58203
43466
17109
46108
27145
12437
24138
50075
42796
44849
30182
35083
20755
7429
56724
50264
27896
6845
21183
56588
33261
27852
4248
17041
27393
44765
21802
55423
59105
24468
30169
12808
19578
54549
4139
17132
52137
19677
16212
3925
7505
21000
17194
19898
56960
32538
13727
10306
46577
52832
14155
18930
50945
17120
54536
3717
48446
28786
56868
45776
18588
59371
7859
35629
26878
23914
46624
9530
35256
22704
45094
14316
31097
46095
49103
49171
49860
40498
11458
44783
45096
41220
35442
27575
47053
29419
26915
6592
58530
15607
58370
34837
43584
33771
48400
4381
55347
12244
42035
33382
42867
57042
27488
34192
31992
11826
42581
32995
36065
22505
47317
45603
35189
26595
6209
4299
32551
3036
54301
56448
30896
13890
18138
45541
31557
3955
25284
10361
25031
38273
8366
6327
48386
32195
58004
47711
43169
14241
57503
17731
19646
11334
28372
50801
37874
17644
34715
43846
10180
59946
43112
54857
18995
10280
59537
21002
49467
22024
24169
56470
3008
16201
26603
9502
32382
44248
56226
6050
35820
10997
42362
57374
12427
4867
40863
50741
50696
59194
57411
28095
4335
3395
17958
44386
18699
3172
35376
17459
38494
6458
34047
53020
31352
40670
40306
5590
38114
26459
19418
59769
37146
18701
37983
35491
17207
58851
41658
3509
26799
56803
55366
9828
36247
25593
3501
54628
9897
16453
59987
7606
24602
36446
49692
57490
31670
49277
16918
41459
4363
37820
12740
3850
53684
3034
33972
43939
12701
37127
14925
13511
49639
41778
26235
18607
42881
35484
47636
58081
