1633
6856
40217
59692
26655
11864
24521
57248
3037
33873
29043
13215
53290
44354
13898
18170
18847
45642
35528
26464
48684
20607
45221
57226
3068
27846
50813
17230
43958
5438
35553
54625
14736
58169
15880
46965
45331
28841
21887
32344
11041
59191
45374
24780
33478
35893
23181
38175
58637
48485
55066
53268
22236
28081
9490
17660
15681
26366
10785
51595
11616
5479
38619
31194
8094
38177
51999
30929
36565
15304
7274
47385
31200
32200
57093
37756
46631
18452
22973
48336
30041
47207
41380
30359
41812
55079
17119
22225
51103
54460
8870
47691
58045
48434
20406
12390
25508
10125
48831
28318
34178
21898
48265
24211
38507
38026
47630
54103
13428
13645
26216
53624
55761
53817
41429
29893
48011
14719
29414
53166
26238
47856
28911
14905
44419
40780
23798
7088
5195
48411
14589
50882
3304
24923
55668
53219
49945
3430
49004
51329
44980
29752
53312
48636
30584
26431
38826
12656
50695
51979
27856
4487
7790
59535
24776
43189
34840
33494
54580
15138
53615
33642
57427
47931
37156
57157
54926
31628
34258
25646
15792
46894
39217
57411
28060
15027
16079
50779
27251
6503
3890
25295
37738
37229
57874
31790
48907
17123
9655
32916
16683
59253
49505
36692
9386
35146
58219
7406
10852
32257
57548
4317
23733
34714
9661
14285
18092
10878
51696
22115
48340
20554
49276
59546
46919
13229
18017
11421
38577
40878
32344
5668
22378
41460
13529
22379
25800
53616
18443
51228
21504
49659
46477
3102
23755
20523
28810
19742
31945
36643
56250
13328
52607
9840
48290
52212
38770
47060
35444
5353
20696
32460
3569
59308
37460
7705
19303
27029
37738
29683
9224
5649
44816
15935
44935
23791
18653
29848
45621
14554
53549
25985
29844
28033
11376
24676
46011
21251
21087
14946
43770
4330
34327
22877
19614
21208
44428
31570
32860
21443
51271
6243
52029
53740
25070
9097
59866
23560
15554
22374
5526
49613
32588
33108
27061
29929
14455
45511
28842
30740
9453
56104
17328
49608
49135
23934
51343
25015
58504
38965
8373
14689
22695
6897
35098
40640
44823
59144
14116
23068
57427
55703
6887
50325
55514
52531
44745
46144
54213
32188
58707
38743
15016
6569
35747
43686
12588
41055
53550
7386
27367
32043
42498
5240
50279
9573
9078
15757
34999
27024
16800
5334
23888
45438
49586
34418
18107
57089
13329
35987
7517
18436
4950
59691
48690
52538
9474
45856
31191
24785
40661
53879
48513
49530
31475
43436
46882
22596
34319
25442
45362
26522
33106
47206
59231
44360
41495
20438
4556
48194
19808
46152
15615
23461
10385
30673
46813
44181
50349
48499
27143
34206
26380
33585
21456
59789
48510
18813
9148
26278
55378
33213
28811
24258
5389
17401
50246
53528
29387
23152
43228
18935
34302
42718
7640
9936
34145
44055
56950
25519
50155
20479
8699
30437
55079
45632
12403
57736
12263
42693
32479
22038
30133
30169
29948
47620
49898
48319
10598
36161
25786
29794
45313
49964
12810
38774
43780
33516
44937
3264
42128
21771
24519
44398
45791
38764
45073
4125
25539
43151
51044
30544
30670
12326
15619
15437
33336
40709
9746
8428
43328
15439
34130
58428
14270
23430
21867
32982
25861
7959
9795
31418
8475
36644
59152
41935
59977
24778
15044
46937
50224
47067
55477
57080
5303
55103
17817
53736
34505
4745
35503
58139
53382
41508
49937
42778
53367
53829
22984
12608
23858
33790
33403
51086
9282
43472
49675
9848
4146
5107
5543
44475
29606
35112
27039
17977
3456
38435
55725
47640
38788
49786
4051
28415
37033
41385
40214
19654
33623
58763
30693
20109
37073
44115
23123
46729
38478
8011
27824
5581
25853
32200
19565
7426
50651
19694
40246
21974
34204
44367
7007
26037
53715
51201
54079
35005
32278
25602
11983
51253
31593
58573
24887
49124
30870
16453
7758
49835
26159
54687
26043
49056
36541
31656
39546
23855
47575
16315
54100
26690
44330
26316
5028
24771
40788
59913
57359
21204
5555
5990
32970
6546
22416
36366
42714
13297
35046
5385
29126
21303
34803
6148
13696
9043
47200
9140
29673
55682
10751
3536
32244
45639
47347
54983
33500
3434
19297
5695
38339
21677
6896
46617
25783
12389
38590
57065
31746
42143
38633
28040
16488
10194
6546
48633
56763
42990
35863
14968
30975
59573
42517
25949
13944
23126
51664
22431
45830
16541
12041
8526
33983
5050
33625
4077
9627
12601
52254
29303
21223
48697
47821
33206
24288
41489
22877
17334
3646
41940
39099
59863
26542
57992
34152
17790
19517
39412
48699
19416
37988
35922
38672
12064
17619
34315
7568
49078
11523
52791
12541
35371
10502
40786
40710
14003
19916
44628
20350
44507
12744
56046
44781
42371
47887
22069
7628
36412
42378
36732
18176
10810
52121
50734
31984
12757
57352
28940
38407
35422
18978
40898
7094
19613
4751
25562
49234
34943
54614
52746
26729
48767
45324
40203
32808
31461
6771
54512
39828
18633
29603
45136
8529
30827
19071
9004
16651
34958
25322
38377
12183
35268
31473
14198
52859
36963
12697
21873
35948
7309
57598
8404
36556
41797
49485
6881
10469
30473
3483
24847
3543
28088
6058
54152
49909
26647
25010
21638
22203
28498
50656
25106
3680
30893
48075
44240
11935
32772
32880
14639
36160
54151
58312
41296
56990
17677
6410
26786
30418
24499
17738
35679
41460
15324
19787
52231
25326
48599
26087
41159
38909
8517
55688
52082
51824
43295
21418
36552
32921
10796
52492
54431
45876
9617
56549
56664
57136
56389
47681
51576
41606
18834
41159
11238
57826
4204
43852
27197
8679
27908
17551
3240
5507
40830
56873
43790
56509
15191
11262
56060
8009
3866
16596
18800
51667
21229
28994
8113
53062
19221
32467
23960
53383
26694
42632
30507
53460
8085
44633
35638
12199
48288
32719
19948
37147
29314
44783
7950
19973
46804
39205
9552
43980
4436
11547
45844
6481
17573
50932
27925
26912
18133
43368
18563
11013
48229
49128
48144
22262
9734
6005
4596
27311
27112
33422
39539
14299
53770
38797
33654
24014
38409
29962
19081
19138
54754
41132
27240
47917
14028
23052
21313
29011
51595
16242
9027
33327
55801
54379
44934
35709
16213
9812
41422
45535
9921
15673
45321
34638
48975
55114
16823
51847
18816
15538
55431
53717
29301
14512
30667
55743
55846
7828
31702
11608
28910
42514
19365
56230
50020
22944
39352
30302
23144
38021
24244
8742
36136
46819
59891
13018
23917
18493
16103
37484
17040
20711
10260
51254
8955
7768
40178
13918
21757
34345
11711
49240
14619
47144
49481
42891
17337
58767
51255
40553
41214
20103
27548
14193
29422
8666
57773
39412
30507
55499
56395
26139
36612
54860
23888
19728
9784
40107
15258
29312
10408
12895
16691
18527
53870
30969
41762
27803
49760
14393
47457
50990
22171
37738
54115
23285
58903
13761
59916
42706
16710
33153
43395
19251
28629
23139
5624
10950
24146
52603
17195
20392
17012
37410
9491
38230
42235
24383
59903
19642
35528
54121
21727
24613
57916
3120
30254
9903
28807
39082
31704
21226
7460
51902
39130
59552
25627
18679
21985
49995
42748
30139
25817
59298
26954
28963
43067
6095
54518
8337
24176
36098
40597
15769
50613
20057
21988
32827
9838
29036
14440
37041
20275
48395
8252
50038
26679
47765
43278
28853
54874
22275
42617
19803
7760
31090
35421
45607
32930
32348
51905
8543
48862
14581
58346
28950
35516
18433
6075
50815
39643
48511
6181
52809
35049
31633
33998
12095
38838
49011
16072
43455
11856
42472
43255
37499
41352
10734
32271
6940
13869
7291
8673
54833
19946
56704
9586
55824
25691
35046
50075
33719
42578
39405
21432
45295
34541
52250
40242
9312
58798
34036
42446
40457
12245
52423
20726
52275
9565
56892
35804
29016
52231
22772
36038
48409
39780
21982
5901
32397
46923
25935
51635
46593
4563
22870
18494
15466
3762
57859
34914
43138
47439
10439
15393
57753
42631
49013
13225
4386
58769
27471
23289
23591
38033
22561
14065
32847
16865
52493
46780
49224
46683
18118
19046
5493
4404
34829
11920
8062
18508
43027
7831
19340
30516
34323
58601
49745
11769
36521
35290
16144
54141
15971
23045
56219
44862
56150
25586
13194
58796
11702
22413
39209
7124
8347
50992
5873
10404
36652
36123
29401
7039
42610
40256
9049
35315
22140
6033
21841
14225
17683
23209
48159
3261
14771
58139
25590
7982
39515
4204
53270
56622
38703
50783
28930
59444
28771
12161
11904
9611
35343
43401
16998
46071
17726
54699
24470
52332
24862
28422
59600
16397
10930
53809
42936
46616
15952
18387
4383
7860
53873
50056
14678
23333
42794
37634
3288
46478
50223
17403
18486
8648
38515
4938
28525
52480
22350
3277
31948
5280
3503
43977
38155
28171
26770
48376
41986
36713
43186
47864
58372
45507
32747
9918
21092
53951
30728
5942
7021
41893
51092
53842
45093
40059
49752
38894
8313
14684
10052
7255
55779
14559
28618
43035
10862
16203
53872
40778
23224
26092
19932
55565
45762
54685
38297
20511
41258
55350
26155
12720
23052
48360
15747
49778
9419
30780
25105
29610
42900
47215
50384
50980
49667
47810
16174
29580
50742
54263
35892
30235
40791
34103
14118
14218
52376
44758
52806
29560
55885
26747
22727
19775
39473
14525
20981
55498
5616
11916
40109
26476
4865
20858
21876
41697
44617
45370
8543
40997
23299
32782
51103
33317
39000
42255
45555
25006
11131
46500
46923
23580
11816
27939
32827
41696
15954
48354
29735
19918
3956
29615
6616
17874
33837
18071
39789
43339
38294
45353
14310
29885
58428
45072
34362
46869
21002
52387
4509
5493
32649
52942
22448
32178
5470
28309
55432
30683
34351
3857
54985
18372
59345
31046
5404
7242
39647
41877
47562
21945
41266
44382
43730
20210
4398
9601
31545
52697
50215
9778
7866
54199
11784
45139
58079
53419
15199
26178
28440
19383
23824
53047
51700
54086
11589
42155
45975
53110
46849
15343
43073
40214
29181
54750
58376
3911
36543
30106
7176
43691
23965
42442
6956
3972
3772
11749
16139
10640
36108
43634
43781
49474
6469
39314
40997
53513
48756
28473
33049
24339
34442
14769
49999
58033
18236
22469
44471
8940
7133
55781
59857
45107
50842
45538
21733
54919
25940
40353
51707
32201
38786
10222
55400
12519
17024
13203
50021
53817
40879
41699
24278
4671
33683
28426
23907
36728
15092
42713
45935
23985
28355
42935
44244
59416
11414
48724
7972
25587
23509
49393
3021
56654
39413
40907
36228
47952
46401
30293
8154
17599
51413
28735
