1302
6857
33388
19603
49260
11884
14512
18004
4551
10165
44915
30333
20347
13934
16231
27389
13708
24950
4582
8020
41771
16496
7376
10868
37539
57949
27319
6753
49462
53043
59330
32677
48588
28730
6469
43808
49891
16398
35069
18854
16663
56699
44539
19665
41351
21140
53590
55174
50968
38150
44975
28268
28441
16347
11444
49631
9914
25697
12537
25883
59667
5728
59426
57830
41517
52280
46517
34228
10281
13718
25453
38585
3677
31075
21845
56988
17934
15971
5336
57439
6407
9460
56721
19157
42516
50064
16412
36536
21050
19906
10497
45193
7832
16969
29685
34676
22439
14581
19270
28198
43966
26077
33273
10611
20867
58381
24174
41321
48056
46655
39447
51115
6114
33913
52895
53185
31627
19094
19004
57506
38480
53630
52074
57939
5153
48393
27698
21498
38731
15414
17018
5400
49341
7329
30293
52711
23213
42021
28352
10463
49518
46297
54412
50345
5369
50732
57590
23209
26366
50715
32308
29478
40407
20209
50891
13541
48265
23244
21456
20127
58801
7356
53376
37844
48500
45779
42438
18553
20481
26974
54164
33034
51135
30049
50974
35748
47969
31460
55208
53262
39640
13860
9151
8093
33441
19974
17427
12812
59421
24971
57500
30179
16924
47480
12616
35621
29911
41801
49946
55513
54870
29526
34346
56764
13867
59265
23515
19426
8605
27286
59602
29450
28967
11561
5062
49260
43471
8073
3258
10386
50189
32780
40643
29299
27104
44814
9584
28324
55878
28336
7890
17232
34688
25074
18655
19346
12321
26575
31027
54855
41923
48295
53428
40012
17162
58984
44649
50166
50487
45925
22848
16814
6070
44643
19406
32900
49120
29594
9027
6674
42682
42025
4940
24888
49015
6628
32064
12293
7930
21896
11243
7566
28394
19340
38465
59612
43813
19175
42475
26579
33567
17425
15080
27696
4860
51906
3754
41555
22128
22635
18403
27538
46024
50713
25771
7625
38350
6931
26317
15844
10795
18904
38066
47708
30643
10819
28505
39477
50002
43507
46640
37474
36079
37540
54555
4745
59198
42650
59548
38708
38691
58313
38043
45876
21130
51106
43165
34455
55715
20597
28289
35212
23640
27601
46018
54920
59061
18540
40406
43305
36740
32220
36985
22618
40135
51678
34821
28266
58896
8106
44475
7858
29393
22188
17155
17075
34621
30199
15037
14205
24635
3341
10952
22647
13080
27940
19652
53106
20241
14759
6096
33137
54650
57007
53311
5726
41454
48568
7334
25985
44649
20287
16930
29540
48417
18489
38477
36694
26957
8865
47646
12983
44926
58856
18534
55929
4320
32265
16271
51539
54475
54835
33269
8978
3992
44494
47121
56045
58200
6152
9643
48923
19240
26314
45231
4963
37556
21823
22615
34616
34755
56522
48954
11857
20471
54581
15812
39245
16507
55973
28809
53390
55550
42177
57432
14472
20133
49160
36883
50431
5754
42820
17061
27437
54426
21267
38348
17601
40199
42835
44704
37790
42133
49646
25813
53140
18220
28063
19810
13233
55835
52707
12237
55111
12580
25896
13696
53709
11951
17957
17203
56720
4012
31689
24145
24105
14260
8925
35656
27042
26127
38292
42827
16838
15346
8893
45202
7998
20852
50459
5547
42661
55554
21226
46957
18308
33536
45754
36409
48775
14720
14105
36984
44822
5470
49788
22388
57507
36141
47532
14992
43845
12303
29274
36446
14873
55128
56459
52981
22217
47234
58128
47499
11232
18657
11100
55539
39526
17793
46499
36450
55499
41342
24091
10913
55861
55537
41132
13030
21395
17590
19785
34385
20887
33164
32622
50778
16117
27335
3897
12139
57351
56200
20335
32100
27210
36526
36419
8087
5058
38386
34767
42709
53340
3551
6710
32762
36521
40515
54960
8819
11876
43258
22993
43172
36831
23805
49569
11635
54955
28358
21766
29809
36396
47053
48198
59658
37832
44168
27255
9423
25131
8404
42300
39487
36945
6951
4531
36962
44368
36277
22502
24676
17183
56523
59191
4468
49572
40971
31472
15365
42319
55167
55290
19865
33788
30558
12153
46934
31214
20612
22554
21670
48799
50241
47712
58947
19857
51773
35920
11144
50987
58496
9000
33286
11385
54392
34058
41911
8545
56771
14816
57383
28058
54454
45855
49133
14731
40588
48294
29450
59372
7054
57425
9823
19042
24055
18323
47725
13984
47362
45711
10054
15246
34298
28912
43105
43873
16219
51584
48206
6959
15247
13648
24294
28979
18738
15955
56861
58435
56005
19076
4498
35482
42302
24035
43790
24539
53187
44433
28584
56475
23859
9210
14690
57141
42279
10264
20180
31158
42864
32221
42361
42130
26787
49326
8204
15508
15253
59985
44865
28944
15111
36026
54621
54592
31682
25845
21996
25139
51483
41335
10071
29029
14094
48878
12824
32052
26754
21180
20364
3323
39002
27739
24167
19809
41518
11280
14918
42182
17849
54207
5571
19142
44120
52675
46922
44251
29909
22970
7688
53970
22576
53135
42607
42273
43882
44734
5105
23745
5417
51192
25254
45750
26692
35061
29964
52336
7076
17344
8761
55010
25137
26563
38122
29292
39415
46496
37847
45494
58800
57381
37171
35118
26085
37566
13992
50267
3173
50311
12299
57291
40851
6884
22213
22625
14958
25260
54884
36918
27538
26419
14448
50164
41671
44133
19757
34174
24305
4932
6930
46398
27535
42079
40720
59860
29248
58789
48767
35234
21328
51955
26992
19242
34778
15814
59106
47570
17386
26598
49088
5102
6121
12701
32223
5434
27996
52053
40987
45148
34950
47881
28330
34666
14517
59518
54954
10381
56289
42005
6284
26275
17777
54075
31740
32427
45682
6614
4386
8075
11598
15129
58252
15601
58572
4372
37232
6383
9458
15738
4383
42927
50102
6395
18241
8385
12395
35938
16067
45070
56130
12702
10483
15331
54840
32481
53088
47218
9100
6481
10038
18978
30503
52515
15075
31918
14541
43584
54756
39798
57592
53855
25924
13513
53335
45091
22731
11801
59215
8240
52807
21762
10254
7504
6123
36414
47274
24561
20627
34545
45489
24927
22713
38196
24105
8869
44458
31125
34971
57029
40237
41117
50648
40020
46424
36379
11483
16145
48355
58899
28241
37573
22409
31253
26550
51625
34259
49907
42419
5163
20072
51080
38273
40293
21926
20851
35266
4512
28735
14451
27885
40500
41917
11418
12443
52370
22459
4104
12272
57426
21879
34241
45142
7165
23995
15164
28011
30123
23488
42084
58269
10891
3261
45034
28542
42058
55853
20625
29954
13777
39542
20423
13132
47005
49603
38639
4428
14044
7028
16554
49527
38776
28477
44499
23406
12278
18780
28398
53033
46655
49225
44514
46120
45592
4194
50921
19757
35747
18505
18495
11404
29254
8518
59724
8375
30006
24650
48609
27091
35200
9317
39695
41342
55160
36699
47848
53036
30258
20251
56882
30185
55716
6841
32741
48536
12072
9282
20516
27795
49777
11982
43292
29570
45945
44282
29654
10324
47197
24824
57661
10747
57059
44038
40218
18671
23008
11086
7655
11142
12009
45074
43059
21254
4328
18951
16831
26642
58894
29749
11791
22956
16925
26729
51205
36060
32312
34028
47711
20451
6074
39085
50340
45122
29523
57437
49792
33793
6208
15389
49683
47713
39340
20554
58397
31943
17894
37625
54793
33166
29594
26164
44935
45493
16898
17091
48813
53092
56086
15405
34806
22992
26111
44582
20366
11641
12460
14086
21636
46098
5518
52461
45102
13178
36566
8443
54512
5745
47784
36711
23852
26347
27709
29415
5182
58160
21075
16140
10324
45675
30553
55221
56982
16839
37209
48727
48462
48354
16041
5401
7901
44545
33025
53447
21838
52728
52141
22674
6626
27655
54055
45045
8966
46200
44482
42433
51261
50443
51937
31610
39690
54226
57890
30283
22107
27042
33121
14429
33538
52617
8650
26329
10995
18237
21594
28730
16010
26186
45219
23832
28942
32734
59685
12157
16186
13716
41923
55242
5208
29273
24748
39512
53367
36381
14083
21270
28519
52282
17129
51753
26552
17795
46399
4170
24288
43709
21421
58860
9999
46193
21359
40925
23048
5768
43687
42033
50044
55022
38822
58086
26036
6820
7041
25083
53041
50406
7654
52657
30933
38236
25074
8966
40729
11121
16381
16621
15879
48258
8127
50484
16802
31489
43716
31006
24396
22919
21196
37475
17998
17501
11826
37308
11333
27499
3430
42046
49896
12157
27463
36004
37390
30961
32003
47752
45354
6379
18285
25924
47320
31549
8921
29102
54419
24246
15583
37306
44149
13683
18117
9421
7551
55144
35616
11922
