337
4131
24110
54135
59846
29540
9226
54976
9083
33354
16480
12251
5662
12976
33715
26217
3650
13182
35612
29136
15059
19196
23237
37432
31367
26362
41233
40866
51288
57646
59591
46198
59218
53820
48284
28807
35664
6964
41950
45843
24622
53664
12412
59584
48201
26471
48898
50504
10547
7970
47692
58073
42985
22844
46644
44719
27202
56896
17706
33304
43973
12625
23534
12696
24484
26892
55694
12480
40976
7588
38463
53919
20286
59459
23932
15086
37935
27731
29600
11964
50100
27208
19486
36432
15867
31333
25597
42293
56673
6996
3571
46642
18365
55640
53307
8037
33201
14812
47744
25259
31632
38888
27802
39430
19639
13966
3038
38195
17893
58000
32541
40960
35050
17378
35522
48027
59550
57932
48331
19722
19358
15155
20318
19325
27262
36190
28439
18978
45350
22808
58327
25159
38822
4842
43292
52364
9773
22719
41935
59340
14260
58988
46956
54448
29688
10501
22789
23450
18321
19924
34221
42504
6141
4785
23115
35796
47334
39771
24991
55769
39602
33306
59733
34689
16629
24810
10939
17701
38957
27059
36757
11231
20219
50430
17774
37839
59712
11509
58204
53957
5693
23910
37909
17753
12647
37953
18094
13914
25578
11138
7181
24717
29336
46699
45833
49043
45490
20690
59987
23294
52856
15452
4726
17199
57063
29857
59003
35219
47868
21405
5617
9765
44924
37363
43870
12846
11384
24539
24456
43765
8697
14275
31900
17040
30054
25620
48502
24564
50847
43616
19993
41091
10632
17587
6193
28002
55084
6311
49064
17771
52724
43613
24093
55261
43566
17531
49409
21902
37757
15775
57002
7533
46015
20659
20232
40460
7891
39242
54185
55710
44893
31836
12095
57276
4076
13058
32839
14016
35629
56081
33644
32459
45694
53466
32930
12651
54960
57924
39724
49942
15950
17067
17210
16022
38912
46061
7700
30002
33132
59179
27363
9385
49869
9289
35038
3759
30936
56663
53357
10604
12101
28521
29282
13705
31239
22904
21977
9662
8047
24108
18659
39847
50720
33855
17953
47080
24295
37039
51482
36033
37317
10209
30824
36659
54422
51947
11065
11532
32945
32663
47061
38434
52506
6321
45445
25005
39783
24834
