1458
39429
51636
15186
11853
34820
54779
53805
35277
23432
43486
44252
28397
18743
58004
47969
45537
55705
45687
26982
24205
36094
49752
13100
21028
36491
29136
4433
7147
32594
27169
10506
22517
35353
35306
30788
10641
59352
37382
57772
12915
28415
17832
41254
52313
52392
20570
6558
31490
43937
39948
56878
19593
25142
4652
46213
54181
44104
17254
12804
26685
28246
35062
37374
49716
49562
37301
45345
38415
15458
20991
52954
5189
47629
19464
10212
14130
52388
12292
53590
45361
52084
13474
43792
36340
55426
41827
7566
38389
58491
31911
48523
35419
33634
49014
58668
21341
41459
13104
50649
33321
43449
33453
29500
39923
26899
6724
9632
19044
28355
33456
35641
8532
57307
45735
5268
9150
38304
13070
51392
6075
56456
48085
38277
46450
29531
54269
49705
51718
38411
55672
45906
52297
7692
20939
16172
8709
51556
16521
47534
40879
3820
3126
21953
22943
23123
38078
46613
12145
55647
26753
25483
30211
25896
35044
21865
43870
11866
58358
19238
23543
44546
12278
22040
54638
37862
51896
58765
59060
55835
20532
47555
9356
16212
18331
57077
22366
9690
45909
29741
23409
20512
18422
58174
40877
53256
32396
3936
46952
22357
3968
33788
58123
16318
6803
53547
16163
27973
44346
35681
19441
48720
36507
19690
34668
9077
42132
24064
14989
34556
15513
24134
5723
16918
36349
14117
33798
25696
46796
14935
39559
38780
39582
55411
51997
49238
53367
46963
15331
29029
33278
12411
10133
33246
3709
13921
46880
12621
36104
26217
50331
5172
25076
45240
5862
46500
25307
49987
56247
30216
22133
35553
26237
25015
44164
59958
8581
55158
12569
29945
48165
51371
14140
42428
30266
24642
5475
39234
54304
34626
25782
55519
5350
8726
44108
57559
15822
3260
27300
20238
54094
4729
16055
10012
7504
59095
20302
13783
13652
52930
42707
57793
51927
41351
5228
34751
49481
9664
30627
36425
53873
19189
5240
55758
35663
17677
38623
6096
26813
18634
46050
42361
15939
31232
43730
36375
30455
27401
24330
57945
18549
57859
40050
47909
32132
5323
55896
28451
38590
29861
25922
23371
44243
43808
47679
23945
8879
56519
16434
15326
30243
46162
16743
44174
17287
15445
8191
13451
34443
19765
7939
32616
27155
55098
40452
19850
24033
26626
39483
58037
9762
12059
9741
56528
28164
32246
15875
14928
28675
38918
57498
3501
29317
8860
35982
23719
52695
40369
27096
40621
37707
24532
36986
32531
23540
53377
55530
35823
7308
17593
37184
7037
52899
36318
45570
39236
33857
38960
16754
17509
29143
26748
51557
17170
9517
25791
53064
40371
9552
4907
4704
38405
38809
22368
28671
45441
7703
14796
39815
27907
54456
21451
50645
53894
59271
16614
13127
35302
43178
28672
48640
21297
50785
13510
53368
39800
23786
33250
7185
21157
25330
30134
59722
6637
58157
59558
29068
12413
39047
23539
42916
11565
33840
8627
35042
57521
20009
26120
40292
52737
33860
20201
25326
6821
53451
10349
52027
47623
39594
48085
50438
59997
6733
26624
51249
15461
27617
3610
35366
23555
40142
7737
23739
38543
51251
51608
24235
46270
4136
8354
42098
21253
9672
6339
27904
33688
35652
12601
50400
36700
30850
42599
59380
41083
54244
57846
43251
45108
50794
38270
43704
56550
19393
45117
40518
41346
24110
39303
51027
30407
23585
48832
28343
4611
28748
42501
24762
23709
54593
13065
21871
41207
51822
28545
50597
36641
28177
5549
10113
41257
6336
39018
19959
17227
7626
11732
23661
24834
54328
3038
59841
5858
32238
26911
53194
53174
30652
32756
9387
38813
43701
5341
51100
38068
18556
42643
53991
49485
24977
24441
12947
15781
22080
4351
9164
33340
29802
56558
43961
27299
49599
6261
24466
46148
53434
13385
43175
52062
17251
38446
24749
44054
20891
46257
5012
43564
5156
26305
39847
18773
57222
49942
38404
32000
36697
59715
40192
25840
22453
20179
28225
53363
25354
35843
5476
27447
22154
8026
58113
34074
14194
54960
40508
21647
56704
16018
28204
7323
30397
10470
7487
14877
50996
45943
26042
24513
57121
23040
42822
16382
13529
52548
47776
7256
16779
20337
19190
32597
47771
42996
30646
12043
19859
53300
15707
18787
46519
50201
29840
30587
56399
24414
57515
4684
32273
19160
29691
7763
51066
32384
55673
3728
23593
48233
49462
51015
7277
46268
51878
5588
6530
3156
42760
33296
54844
13750
15490
42460
18732
12733
22237
31538
32384
26268
20681
39292
30779
33738
45173
30689
40839
49033
22627
18861
39408
43543
48371
36643
33036
40209
45739
19827
20932
18483
56861
30024
19148
9306
39868
37539
9349
5323
12047
12136
38990
59234
36525
22456
19908
23155
27034
23715
5225
51905
26658
49077
29655
58318
25367
16458
47391
50216
12696
52268
6838
21320
30891
45432
17269
19007
14482
36709
4510
44013
7704
24122
51504
8737
49460
9077
33601
51085
42380
32547
15498
20406
24922
58953
50296
10752
31425
30541
12462
52636
52351
33972
45418
15289
42354
51251
18576
14185
39446
22472
29459
42292
21028
37774
33764
5550
31528
43747
37658
4810
15175
25710
3485
40714
25228
56707
7309
4202
39341
55274
16223
50018
27220
51842
3976
51077
43218
35868
39408
11925
55223
10528
23779
3477
43029
27441
26785
26996
5028
19976
19482
12742
36961
25490
7571
44304
46161
52573
56452
32173
50648
29302
35126
16482
34914
26770
29477
39062
53913
30983
33327
9084
24674
21837
39224
41984
35827
15871
3213
15662
25936
30504
31928
16006
52059
39277
4515
33856
21667
14159
23553
39638
13595
25426
45585
28196
49029
49319
44058
19721
47184
38120
3421
36111
17282
52846
4418
31462
57528
26346
52496
22723
59727
8401
17792
39761
37265
21255
11731
45152
54771
11370
31299
19469
26562
25595
42234
55005
40697
40959
27982
11789
37289
26542
23045
50597
50971
29978
43353
32522
24609
17599
5142
40046
53687
39597
22474
50231
54912
57529
45448
22959
53640
30933
8414
23449
17836
50113
18225
37269
51178
28642
3641
56693
17814
26521
19165
42653
45793
34077
55426
19200
41754
35444
17486
17926
56476
7458
35011
25534
28950
37847
36887
5284
33386
22064
41358
28657
39857
31933
21444
27231
26769
13450
15753
5252
34887
46897
58587
23363
50781
51136
36740
32880
27395
44874
51445
52971
9193
33723
28897
5770
10510
27743
16082
31491
57662
18226
42876
7679
31330
34858
57959
7540
35695
46120
41713
43342
58691
16596
48127
57592
56196
59373
3327
26703
19050
6507
22616
44521
21867
59481
9197
13312
39875
7124
29727
57802
32179
17319
29356
23599
19583
53078
24033
6818
25612
43576
5950
24322
35244
14432
18346
44986
36842
57899
34284
52961
43936
35053
37182
23719
47392
54133
31984
42449
38088
57583
19717
46547
38213
17068
34832
59198
8015
4999
41962
40850
35834
17098
38027
11704
39321
47146
13708
53300
29550
10599
53559
30755
54866
59686
31847
6876
44727
58249
40725
33543
33993
56595
7922
31407
55787
7375
40844
47578
46846
4678
40255
32598
41589
50219
36624
37625
50867
3635
11950
15271
40320
54331
53162
41693
44659
46080
51743
14433
21356
3085
52896
17317
33366
26595
14527
49991
31199
14920
16256
35120
24273
51536
21549
49711
52676
3381
53037
58109
22198
50937
3335
9532
25610
48889
24837
20491
4999
42127
17659
34752
33555
39459
47760
28688
39884
49209
49727
57896
44699
17434
6387
53594
40489
17216
36333
8011
33536
48977
51612
45863
4708
42274
12006
53596
50875
12972
28750
4436
13439
48917
35752
16574
12044
20263
9448
25220
5834
30708
33604
50028
59900
28527
56791
43815
45606
59161
21819
59588
20876
21061
49658
16761
23704
56499
51357
20084
24598
43515
13458
11099
11383
43380
30471
20361
51280
50377
49577
17456
50905
17533
50468
36762
31200
49744
23574
31640
27162
39425
38432
32192
58702
51201
13938
7465
5390
4553
23082
32523
33937
35907
16360
27470
3834
57070
39142
52678
37918
41059
13054
4406
26156
34346
13705
39169
23374
35549
28230
50385
38325
21475
21830
43081
12176
36071
47066
15234
19584
37045
54159
18800
53686
29056
54725
21961
21926
38672
55792
29622
22892
33706
35068
23654
35558
44895
33656
19016
55817
38674
54869
4383
14386
17943
3467
48277
48354
11766
14480
40498
11040
32053
45569
46501
18185
23354
31956
12821
9308
6070
28116
3730
50215
46850
51735
9393
3131
5120
48737
44699
11356
59957
26147
18170
11232
29760
36811
15955
57422
4537
51573
32735
16060
17994
4794
13452
53468
11044
23204
20374
58554
57173
41229
53611
56148
18687
31030
18554
25607
41568
28603
18701
49871
16163
39402
31954
10641
34367
37410
9629
28671
45806
42994
55626
24880
31415
8775
27398
57188
55779
24085
11956
22587
34930
59861
31730
23341
48219
32500
15100
7139
9576
24914
20092
33681
57756
51792
18913
53969
49109
22735
45020
57971
37812
20654
48060
3416
36310
6466
41316
30662
21504
52747
32691
48130
8425
43989
28242
30601
3427
13834
25200
52957
34484
32896
3919
56556
52307
22795
48190
35314
50276
56334
21155
11578
32185
48108
58884
42913
20401
19889
34997
35595
19073
54675
30048
56409
23460
46975
25605
45919
31254
34806
16948
33106
24056
50796
30507
56114
42246
36483
38665
6681
10968
29678
35763
32885
12410
26009
46743
49701
49504
58256
31757
41774
36195
31366
53641
4099
