2053
23264
36971
30201
25733
28818
55953
46811
41603
42625
15088
17462
23942
21815
22997
35809
21200
46631
3599
31975
22111
43351
32008
16464
5844
34226
23794
53666
29426
37820
15368
40775
47954
25890
20592
53839
49114
56722
57865
10875
34965
28699
49818
30754
38675
4953
6243
33113
50744
35130
24461
52852
28821
30563
46615
3289
37225
47809
52619
35243
20390
48587
34545
30814
53953
47114
57386
8272
49326
52506
31918
40114
54260
34146
4004
9564
29200
30886
25891
33047
38414
47973
59196
20575
54360
40710
28487
26937
53177
5892
44139
38134
28279
42108
51066
19268
53410
10452
14793
24332
39469
6256
18055
5214
23146
43363
5478
43939
46753
44418
7848
44847
53840
4413
29372
18499
24454
35563
6923
11179
39441
39281
47045
53966
26052
3763
48700
14035
48274
53320
55085
27390
26633
47907
25317
12135
39105
26734
3435
16449
16042
21199
51057
58001
32609
18240
22482
28310
9494
28272
55565
16574
38343
37980
58793
47774
24831
43132
9685
37410
10452
57356
52609
55482
31703
5006
10958
28130
56162
52167
14331
50317
8518
54725
47080
24998
36684
14284
18468
20271
29403
41159
53826
56221
14614
36098
15036
38502
43627
21675
9582
41655
50015
24631
11468
24475
21612
22713
56944
22087
7287
10295
16176
8827
30581
8391
33545
54333
57988
6470
55816
23994
52199
15909
19777
8750
20893
55745
37757
6436
7727
58528
24884
7132
14988
14184
37573
31348
41942
22538
14522
12453
23601
14656
45849
29271
55325
15600
31418
11152
56564
33801
34571
51137
6822
19835
9463
6533
47993
27581
28983
22094
44384
24704
20497
21126
27649
27216
27029
48491
3372
5297
34401
51659
50784
30264
55150
25828
15508
18174
3204
41068
19850
4631
24859
30630
43061
35637
42576
58229
48037
18461
58856
38820
23781
14402
51580
44632
56132
24562
16074
27169
59186
35659
3297
26713
16641
53323
30089
48706
49745
12513
31723
25032
47015
41410
47864
40929
38559
13425
55432
51573
20445
52911
14341
49502
20823
8088
36510
25836
21108
42341
46407
11661
9690
10599
7034
12870
24908
31884
54002
40880
50372
28885
21989
5706
27494
17265
29003
8396
9379
10862
51761
18458
57352
56377
43821
32399
41438
38383
53809
36285
54620
17890
29234
41841
55697
10220
16571
39040
3887
28402
38848
59235
35649
29564
54545
19093
31621
55057
7790
45836
8771
57300
8800
7983
19228
8464
49351
23891
13590
45083
16060
54819
39599
57405
5111
28759
41324
7338
13445
12053
54187
54978
4934
49271
26507
34696
52844
28110
36395
40358
23592
56728
44640
59215
48353
35540
8675
12142
48419
4730
33879
51596
40222
10060
7065
8830
15331
57125
36380
56516
5510
14902
44284
5940
10716
6679
31268
3371
38807
42226
29643
26112
14281
45080
31978
15242
40379
32209
25451
19653
14246
26809
13672
38680
52494
54323
25521
37821
57771
41552
48226
21856
29460
39256
43331
11110
45368
54402
34795
36954
34675
13916
50832
32653
25448
31195
25040
43009
34820
14006
30737
29483
25034
43263
16153
5014
36600
58375
15668
5721
36561
47601
28326
38604
14793
23161
8545
44907
58871
31391
50582
19124
21717
58857
38047
23865
28010
56219
34939
52405
8630
20951
49161
27319
43972
47580
39407
16035
59680
24195
12608
32251
15959
47877
45390
8984
31681
27841
10352
25208
8680
52907
33211
38887
15064
6903
51826
42771
35178
41797
23911
57773
31749
7276
44872
44366
54722
26450
18917
55269
43116
54503
5625
20227
57294
22156
16708
21886
23430
46311
15049
28455
51157
5327
9379
37868
39159
47849
32552
15438
37403
3920
15321
36606
43097
46773
11860
46488
21798
21736
52274
28749
14597
39871
5311
50443
7240
38988
42621
10266
22289
5841
26345
37778
6027
45335
9991
11540
36132
4340
3885
25836
28305
4546
18368
17222
49528
22307
7522
6169
25450
21243
51571
16646
37370
13740
48469
44799
57678
19690
55660
33051
4195
23871
28429
11727
16721
28799
35493
3924
25252
33580
23122
11607
31298
41153
16311
54388
23605
39991
40441
59814
15262
48615
32557
44310
43917
29554
23995
17835
40858
16182
19486
29275
22249
45031
29040
44251
5501
56161
19953
43304
29040
17404
47427
57307
41958
12718
11196
17164
22972
51918
21978
8610
12898
4731
59915
58507
21816
39517
31920
42066
25866
40288
49165
30440
50994
5773
52422
11556
37469
46980
41925
45508
28077
18931
9673
11256
50761
42504
35560
57574
51550
27242
3550
35046
4161
16862
31824
41636
12775
37713
23637
50816
17396
18460
46635
35168
10463
12260
58593
14783
26903
47285
18590
29271
38627
46077
7300
52523
49372
27608
57489
12719
57756
30207
25514
37904
21692
3214
56842
46649
51848
50926
8083
55336
47910
55848
59335
55177
59217
51167
7157
56053
33995
59439
15748
25135
23644
25353
22897
27476
14624
37228
55842
30859
27429
25392
34984
47915
4043
45033
3273
56008
4973
3537
40630
22669
31675
14383
44891
25273
21658
19068
12765
42220
7471
11109
48870
7244
9613
29871
44192
53682
23098
56781
48117
18997
51234
56957
41289
35590
56157
27591
39118
16189
10904
8129
16493
50574
20830
51267
52153
12632
56638
10026
36407
12751
7843
59905
32296
25785
56428
13671
55198
19577
43375
54741
22004
20760
9025
6767
31710
58300
49964
35946
27040
40922
52686
53844
57908
13990
10040
34703
57368
38816
18951
3575
23233
9717
6984
18028
13260
44505
42416
4327
38105
30812
26740
7112
58598
11082
11688
12680
41454
46424
18375
10087
56441
53343
57905
37040
55427
41759
57075
53188
38941
6412
57622
32894
42831
42991
4316
32740
33470
22392
58463
39165
25413
38940
16234
7410
52234
55258
6618
51944
6543
45955
54599
49961
34882
29381
20893
55850
52406
36840
25456
19142
42539
53158
8747
25989
3521
54395
22264
11717
16108
36605
40217
40332
49263
29850
25577
25340
58784
31244
4635
38314
37562
11374
59906
32027
23471
12357
9384
33604
41932
12800
3206
27377
28757
25476
35435
7330
43972
41176
45968
15581
33236
25465
3616
5904
59988
26584
58498
37535
19900
26156
24068
17321
17206
35522
7639
44035
36429
56240
17302
46913
38254
4787
24145
41992
43377
47821
16711
13590
8627
45238
22165
45521
59965
52393
48384
7748
33748
20155
42967
16162
13456
16654
11758
53512
23890
15549
26619
27302
27196
33111
54425
51358
36721
58865
23367
45413
19562
22972
58325
52002
10009
9124
16845
52070
9829
17350
39542
4940
20892
36777
4603
11493
23172
14254
59258
12903
59348
12981
14333
8479
50941
37575
54760
3987
23870
46919
53483
22865
13036
53960
59638
56237
11772
5639
24656
58792
3162
9761
7384
21222
50797
55144
23406
50101
54909
33495
24223
53067
27137
39285
4360
3222
10343
47301
7216
26706
37369
6512
33342
38904
40068
10354
23527
42227
59932
28478
4429
20676
22560
54177
35831
25798
31704
21050
19036
53215
10747
6625
29897
26217
5056
50174
43528
54649
42271
48085
12118
39164
31368
11462
53562
23309
48684
37275
37970
52961
46191
16204
50132
20625
55268
47071
25975
39257
12762
23856
55444
34882
58211
18843
26151
13415
46959
55979
31277
3604
5948
29306
59450
19825
57951
16549
17476
52262
8864
16370
55487
40539
12868
16364
57084
15156
37781
54013
25282
45407
12940
37563
7358
12415
29155
55272
27849
38082
53379
32581
38939
45256
41870
30800
27803
39183
54006
13099
32279
26976
41287
20611
39026
54519
42086
18922
54148
11220
33538
12611
49572
22163
54070
41088
51644
32158
8842
29168
47215
34943
23011
5124
15817
43455
38298
6388
13449
3118
16631
20778
9854
23223
12231
43626
56463
21509
30580
26258
34830
32581
5007
52337
16105
18665
16399
17829
44950
50100
25028
35073
37703
28185
48529
46271
14052
58847
4466
34781
23786
42025
54673
17357
3896
29730
5943
57402
49302
27232
20211
44246
23548
12032
59194
41354
31207
30936
43874
22211
43674
45003
28716
47352
29699
9610
27047
22589
57238
12646
37723
29402
45449
11145
33546
10578
41391
51237
38384
23315
11174
45913
9439
33628
58393
3851
37931
43318
19596
45890
50561
16886
42984
23102
26681
41584
19423
50413
38908
49878
12208
19968
4162
47778
45888
24203
10065
49668
43192
47805
45039
21171
29588
31506
21716
57460
12389
17277
25447
46901
43983
8541
27318
9291
49345
27533
58033
17018
16659
42563
53130
17806
19617
42238
43675
21802
32121
3936
58629
10506
29773
9941
15674
34144
57953
26685
17823
3422
32911
49485
13503
54167
15447
5051
47637
51630
11388
42240
31056
40040
48512
22634
6631
13413
56736
33443
28460
57252
13554
29108
42996
30317
21118
16832
56891
52522
34070
48441
39068
9339
26885
23120
29164
31983
58675
31463
13098
43578
33944
3480
20595
4524
45001
34189
39192
8723
40231
27580
59415
5492
24365
16365
38485
28088
9699
44373
29502
23904
59876
34772
19374
45996
31599
22092
44565
6182
40698
24912
9794
35963
29588
41930
18903
46329
45372
22276
47573
56753
20059
48289
56955
24401
8851
6720
6593
7748
50083
51073
27225
29854
44531
28000
26454
4114
25272
12353
26824
45784
12436
47316
34439
7459
13520
48454
48276
32656
13679
30635
59052
22394
36554
23045
51826
10608
30375
10456
30441
54821
3343
58349
9410
40996
40467
47567
38748
31649
17405
52333
22934
50323
29142
39691
56095
8899
16968
36235
57658
45123
55268
30010
23649
5830
10447
3745
48291
58385
42860
54278
38023
7770
20995
35914
29031
20512
39296
37021
40053
23471
23672
48658
17168
47085
23544
43709
58603
23620
28129
14936
7204
17430
14484
31977
49358
40192
25215
47821
13906
40121
20617
11414
22908
9444
20104
43836
41645
55058
46785
7445
8274
9303
21973
55370
39509
48370
45515
41987
51154
7511
44012
29877
22762
22209
43420
4198
9999
41795
11503
20824
50602
51387
36530
14073
15058
36884
19835
52727
41364
46480
50388
59073
9939
30782
17214
45128
58585
30938
4618
54969
58689
12401
46193
54416
5552
32189
11261
7028
40489
8162
56374
31771
19677
33803
20522
41466
31102
22817
51825
35015
54755
18231
24230
21911
18313
51831
20030
26045
46921
16861
54871
7528
17573
47874
54693
20583
10650
20043
9909
21536
15880
39558
15439
17731
58000
23915
14831
9908
26786
37203
15932
9398
14742
9505
53209
26903
51310
38066
48448
10365
53136
32990
17526
8630
14102
34318
30929
28006
8732
46132
9791
58631
44978
3148
55769
49064
21555
51478
17114
20450
42731
58469
25172
11909
57264
50932
8601
12783
33710
59717
43673
11446
40354
42782
50174
50435
22392
25661
38310
22309
30790
57691
24855
22118
14159
25441
54975
4134
3311
25058
14955
35086
14778
51556
22016
25725
17056
19427
4795
31556
8160
26342
20421
20647
18261
36274
10346
41418
9615
27514
3366
32683
58279
38446
43119
22358
29776
43411
34761
49680
30403
51821
46905
43166
11788
28698
30203
52385
48388
21500
13787
25227
46559
39344
31210
53712
38517
10131
59566
34329
51058
7666
43743
34127
39943
6910
58367
45825
51192
47728
12235
18000
40355
4271
54141
45879
31318
13126
5221
57388
31436
11232
20304
59689
59482
44776
31340
51869
35822
18648
10722
13383
34814
58988
34122
44289
36921
6798
4776
54370
16146
54292
12234
42724
38815
57436
18695
49873
15341
15957
36302
46710
9185
14131
22151
58536
6030
36939
5409
22924
48559
38549
26060
13891
52948
43290
32629
58747
22571
40663
25452
3102
57837
11520
51862
9750
58085
39598
53603
36083
32265
36286
23069
36035
30376
48864
20790
18930
58693
26704
19745
26471
46651
49909
39714
36255
29989
52792
54203
58361
48051
32205
35536
29087
28713
23886
29932
59606
58232
11792
6532
6212
32581
6944
43317
7372
10779
15858
38802
27548
43861
28807
29310
46592
57285
32286
28773
43430
48929
49796
38378
48512
51385
20507
51792
12670
22099
23327
3809
19205
19234
12906
22938
16224
20069
45018
40722
10089
25144
24558
46563
43654
15911
56096
53698
39427
51136
56041
35597
28014
21530
11256
28638
37673
32388
21102
33829
57110
35477
3405
28976
53151
57282
10008
25997
14152
24114
42693
57305
23882
37879
4650
41444
51811
59587
28436
7423
34041
41626
57734
38320
45033
15827
24612
12953
41709
5474
24353
37999
55900
26806
3676
24186
55886
59199
50453
15804
20714
59712
52795
59336
57094
7080
41653
10622
3098
24669
46219
24806
13385
58709
37748
28296
12070
35966
46106
30606
44219
6232
5021
10503
46309
31377
40516
32691
20920
14863
53963
28714
31004
37837
35574
12678
24637
9123
37225
32181
14521
16945
41383
15728
41843
22296
59925
52590
47961
5455
26925
50763
29787
28212
24904
14262
10278
8932
4425
38518
50436
12869
6128
43517
14451
21894
53482
19084
40055
27074
49605
49719
55833
3647
39581
13660
17863
5585
11662
5527
49689
59432
26747
39160
42869
34770
42744
45357
55647
56230
54608
33782
4094
40402
47444
38363
52810
8339
35944
43638
10296
5789
7536
21506
32598
14403
30034
10733
21760
53542
36838
22680
15633
11515
40740
59154
16222
39570
18337
4615
20161
11020
18358
27287
41620
24380
31368
6306
50208
43873
12701
10692
58787
5371
23829
