1975
39118
6794
36696
32881
40401
53039
33918
36135
36323
23230
59818
55631
33321
13508
5005
50722
20418
56304
32603
23066
26454
31819
31242
13729
6357
4370
7732
12021
16350
14925
41381
28532
59855
12368
30710
39612
46373
4888
21648
8090
55164
13488
31398
27475
42762
23486
41302
18619
12226
31831
18667
11299
7704
21032
39073
3937
19226
22430
41326
52091
3979
17738
29611
30189
35613
29028
22230
32512
47515
58929
8004
39415
48747
27287
32329
46354
19238
49294
31912
55769
9384
20131
30035
21850
12090
19011
13851
46552
27624
59273
50085
33252
19775
55422
59271
5911
42659
49576
48282
9647
35111
25699
56242
52226
57795
51069
11456
39973
24957
58851
54866
41757
6292
5848
59973
37265
19864
51112
41390
53825
37918
19447
14286
59398
8426
40979
47829
37703
43010
18352
47999
7076
29586
53612
37824
18448
38457
12268
21776
33107
58582
54074
13000
46108
56868
46939
16439
6750
59092
4075
5896
32706
54810
31941
54969
42095
48723
26405
33631
51630
9936
52371
32059
11125
37970
7736
44283
58018
40177
28846
18798
33949
54722
8487
25898
18061
26491
42327
41401
9046
5967
57407
37552
14461
26184
17011
48598
16263
23550
33537
58114
17781
44917
51978
17286
54993
22298
37890
8613
54777
11974
4300
52129
21532
57095
13815
58279
51850
54867
58616
39952
56561
33780
13934
21328
56105
26549
17478
37259
42710
50191
41267
54073
45815
54520
47688
57681
10920
27093
4555
51431
30792
31895
30854
13779
4404
32764
45551
53131
9630
27586
4773
43244
39594
32473
45270
45760
6907
14573
58147
15056
57117
4453
11222
5257
28583
29676
18503
22239
3052
36982
33070
40931
52382
19681
55873
38706
33958
49073
40156
58656
49532
53691
14298
32537
31368
19261
29350
47194
53429
15541
56845
57230
32634
29430
52378
9699
30895
54348
58436
29882
16838
59375
17810
54693
6796
51117
51065
11213
15589
15385
24145
23776
35617
47191
47502
49006
4854
36763
18082
31534
14232
56625
12317
5165
14524
3578
23019
26021
58156
45548
42882
24215
26318
34431
29091
28904
50298
21775
9374
8111
17740
27803
3192
48011
40850
56515
47773
38053
46794
18366
24313
43413
54229
33526
58389
28955
39899
19408
47246
6111
4746
15953
12879
3415
29410
7477
12984
11078
33545
46098
41322
40764
25667
50132
24194
11914
14397
37589
47850
24313
58019
51854
44641
30179
42314
45897
3691
20297
59400
50883
14518
18040
12912
6260
24016
7828
22868
52756
13408
15658
8783
24151
52318
16246
6697
7824
53883
5913
16651
4707
33503
5062
58777
44412
35260
47753
45956
24911
5723
26726
19500
24113
19066
40835
25194
26455
34485
39407
14775
12107
36247
23199
5724
4925
16264
53745
54998
34230
21347
57090
5858
46092
13000
20087
18733
8087
26666
10913
5429
55326
27394
29106
45185
7796
51169
7256
3847
40778
27177
55474
13390
40345
57045
16284
7916
18777
55807
16520
9841
40772
58800
11591
47523
46463
59164
19924
4792
34772
12822
57903
4659
18844
17026
28435
9465
48188
22097
27664
23657
5244
29687
48332
44245
15456
3094
16807
14556
39129
6955
39064
49795
59643
35584
53954
24113
16593
35887
16892
19360
43063
20232
23274
45587
8950
45991
12695
44936
22159
55527
30199
39592
34477
18384
10777
22067
22995
21293
47876
37646
35556
44421
22499
48582
17479
8196
48937
37320
52333
55025
59818
34979
31170
27781
51328
29762
15384
34778
31396
38547
39612
37709
43227
55540
7175
30937
51464
59204
17758
5093
56764
46216
46958
3529
15872
12467
41008
46839
21959
45327
18143
41493
35044
8499
6764
46372
58487
53142
10480
54776
42921
55162
51090
27088
40864
57326
23208
12386
27940
16921
31165
7874
42715
24267
48880
15164
27155
49764
20943
30274
17863
56467
29837
57031
22712
34393
36497
39182
9369
19374
48802
29483
55892
46156
13221
58464
48084
49993
44565
20950
34081
53231
32241
19270
50897
24726
13146
39442
38219
24287
44530
19689
15033
18286
54410
15696
53985
38066
37841
55505
56954
53219
18620
12691
59087
7575
21917
41952
11495
8907
4511
11708
18793
55947
14682
24218
33402
45892
31332
47704
16183
20445
55551
30147
37242
36873
5191
38026
54118
10089
44243
4382
46066
29336
46667
50351
39218
43791
20300
37375
7122
36974
50226
6156
24971
35276
58698
25824
57115
5084
46023
24835
18644
49640
58775
56766
55837
43761
14396
59836
14561
20503
25764
49346
21971
22354
53776
56111
3624
35985
22562
10105
20682
10063
26464
40918
49829
21841
44121
21363
11268
13335
5996
24539
57392
55999
23027
59985
57102
17736
49205
9288
36696
15911
21057
35232
48634
52952
47879
42755
17070
25598
26545
47897
42346
29803
39984
30871
26415
6453
29410
55611
24959
4882
57166
5975
47457
50400
51174
31702
41675
45542
15025
12273
44928
7080
52034
58936
30063
29458
52294
28240
50912
13509
56093
5687
46529
55073
53491
22040
28040
35010
18447
16551
14557
17713
17510
15077
5223
14562
55708
7901
55621
13787
53423
53122
56085
15387
52946
28418
3637
41146
12786
4170
4579
36427
53691
58689
24226
8370
5639
24340
52281
13449
54255
25121
33432
50468
51599
20087
24549
19374
52889
30310
17617
20735
52851
42454
42957
8012
20212
58506
18223
57552
18037
49563
28924
49809
36193
18025
59128
54086
4757
20989
52380
52670
29733
29665
16342
42692
10416
8161
53898
26236
39117
15764
53609
41079
41334
56861
8976
55857
10501
51450
36811
59761
20513
10629
14612
38547
57842
25159
45359
43248
28392
51350
22322
31616
12271
32093
38499
31807
29086
27859
5665
55139
36191
12618
37111
32714
6955
25146
40677
49835
44756
50815
38832
26295
24403
46426
21963
25501
53481
44894
50591
54985
48026
51099
27954
4776
45409
14902
15049
12181
20072
27733
59197
4837
51289
34986
19597
21997
37974
36129
44061
31926
13163
57489
23475
6724
38163
7868
50519
13583
10308
3121
36950
45871
53138
16508
4451
11921
36204
10813
7022
42856
22108
11108
6620
5580
20925
56530
51404
50735
36820
16718
33332
38327
48241
57516
42752
28494
29535
56897
45430
11162
7786
45879
37701
24176
4426
6448
49023
41598
48312
49312
33904
5770
25450
35393
45379
51710
59189
15635
55798
49697
6624
33302
47871
59577
26293
51519
27121
52874
41019
42946
50794
21203
12710
3782
6377
11198
53714
16557
34627
4387
30672
13024
51642
29258
10323
38728
21778
40314
32415
20979
40614
26647
29427
23529
47111
35917
32157
45171
56004
24135
30899
35223
23529
12913
48881
41317
6630
11437
41345
12986
23355
20660
45557
31359
44697
36285
31458
13696
12070
58177
45577
41641
39405
12519
44129
44784
3869
55143
20012
31782
45130
26664
54819
56066
27633
5072
23740
36347
17190
13829
9047
34975
29757
4039
54344
33129
54472
40657
40080
47024
5695
17270
57593
59905
21851
53168
22415
49727
3412
6669
37716
9469
27615
42254
36744
13819
32450
8975
39151
49418
21650
17998
45268
4825
14097
58727
15424
4027
41206
21864
44257
42130
54234
41423
24490
59165
39943
52358
32663
45650
17451
5653
20212
39080
24646
40144
24489
43778
44076
5100
49323
56396
36952
3555
28884
42701
41622
9564
46905
42361
3271
57065
20168
44780
32557
23718
7295
10658
5607
30056
12072
34281
38506
43762
20922
55831
32207
24281
40908
10779
25723
28548
13461
19105
3562
22049
15098
38171
42388
42104
19190
32729
7706
18111
43203
58980
17073
22252
17623
22419
41777
29040
5796
56923
36596
33380
21707
58389
55750
34620
46001
39846
18065
38490
41682
14707
13716
31312
8617
38935
24504
13717
45830
32454
39790
51456
38035
9939
16055
12742
3964
13033
6999
4334
25963
20115
11402
51098
28460
3485
42476
47783
4910
41953
32440
55255
43964
54469
19611
29474
54106
8766
17707
6466
46500
35784
17387
21888
51989
20105
27050
46955
26401
17933
24412
33458
41268
25891
13616
52515
10437
51149
32239
21483
7244
56769
45107
17863
36936
25009
23321
9745
34200
44848
49979
59859
34938
41632
29609
30281
12410
53650
11363
25690
32469
46422
26534
47280
15990
51137
43893
56325
9119
33362
5886
29796
13486
16028
11182
48353
50570
26219
27252
3928
50709
27949
19376
20422
30104
52615
48950
6550
49352
52100
39824
57293
8934
46625
34379
45856
29984
9888
10530
54469
6569
27644
56463
52880
18922
23672
24067
23622
48247
29093
25588
9494
28328
32681
47082
56390
49349
51924
56432
44283
9538
18471
48101
43803
48265
26364
41179
34351
48687
27144
55522
46544
51547
49921
4790
37943
10090
55159
48561
6326
55790
56371
33507
36134
15183
58603
36788
47596
6889
40386
30038
22337
4350
26017
18439
47982
15275
3630
57948
32956
59650
38642
15994
15538
27054
21386
22026
7612
47092
45386
8271
8361
23663
17650
39547
36164
52053
44247
31021
29238
45147
32670
26233
30176
14342
11470
26943
57453
3176
24286
59980
57169
31707
29097
52628
6303
39002
33293
24770
16455
13964
44730
21043
43866
6625
56535
51708
20785
58796
49466
47209
59907
54948
51746
22809
29329
31570
58752
47228
55579
39168
33604
23897
19678
25040
32811
4581
12294
19325
4926
55659
14935
53117
15574
54701
46672
47155
54985
30206
3250
18967
8406
21248
9196
7843
31974
41549
55268
5440
53555
59329
29246
15668
39453
20597
10697
49146
42986
21414
20254
32157
22403
29616
10221
16316
15482
48968
18973
35060
28240
34386
3477
51330
8804
16951
59730
38721
54642
57251
41111
31612
40784
56310
5897
50034
59857
57308
6118
43522
55368
50534
24614
6986
12820
15872
5973
33908
56495
49721
14693
48117
40484
38863
4267
51890
56625
8348
49027
34683
10610
19619
49454
34945
40204
39791
35096
4107
59025
4099
4417
51128
50387
20174
5554
58321
47606
29577
53405
3645
52129
59087
30949
49142
5340
43574
49626
30421
26183
56520
26752
47900
35310
23191
55979
20909
19166
32721
49761
34072
43730
11252
47777
11014
36426
8369
46309
23076
12879
37508
51430
53705
24891
34746
52036
59180
43320
37731
6143
35688
57525
7004
58019
44104
54377
37347
4214
33579
19961
49660
10695
4921
28332
21587
59606
37466
44698
24158
49023
55012
19148
24630
58316
25208
44432
47563
48409
11806
28435
54761
12784
7382
56875
49971
24341
23770
13413
10601
53068
57406
28639
42379
42170
40036
8483
51722
10342
24370
3572
42445
3987
22515
25684
15200
32330
37647
30657
43695
36016
6549
18488
41993
46749
24883
49844
3259
13462
39336
39333
36646
53777
57429
27395
38966
7956
42597
46291
13811
45844
47037
21306
41603
21059
35262
16528
9562
30170
30973
37301
20237
21014
8911
31632
52264
30125
4468
12062
16701
10844
22119
16593
13952
48744
20240
15271
52254
43672
31937
28302
51601
14296
48447
50719
51797
35171
57538
29295
12132
5937
8222
57583
59700
7979
53157
43010
31066
49364
55042
22265
25202
30683
39509
38869
48371
24352
45961
44464
6740
10787
5963
56854
44735
43516
33015
10114
45402
8327
45208
38991
17672
41973
41088
31206
52602
54636
45503
55093
21008
45645
19916
44084
48761
32237
14769
53864
25876
38811
57756
30988
59561
50535
42577
43619
33099
26852
16723
30427
49705
45960
31494
20293
40265
9096
16208
56370
45203
41045
22191
15184
29075
36890
26955
7792
13135
55067
27390
55034
43940
48910
44970
21229
8937
41725
38324
38179
57576
36944
24770
45753
10913
41342
42765
10688
33207
18215
27287
24697
45042
13087
16316
34407
36563
7456
45942
5544
32494
14161
35652
40217
14358
55820
9095
59742
7486
27907
21133
12476
56300
34887
21344
50526
57497
20449
49814
36282
41099
58024
39934
32152
48457
3130
46913
57083
3720
53636
56856
46552
10407
15181
49765
16713
24921
36512
33531
58351
58189
7837
26319
35156
45693
46323
7708
23576
22841
50328
53073
22859
44393
46712
47625
20699
27494
30719
7584
37785
59610
49384
40342
34908
32010
53066
25421
40713
54049
19583
17822
5656
46427
28636
25245
44444
26559
6010
4445
31046
56515
10077
11081
8738
22757
51987
42059
45550
26840
13875
29305
40686
45683
28187
52692
8098
51412
48925
6343
17878
31273
43595
43693
23014
27561
52034
44307
54382
47911
36283
11025
50412
12354
45754
21317
57394
56321
31724
36460
8490
24494
54876
31405
18048
43185
55208
56276
57764
20478
12762
43386
4934
10314
48549
13060
31771
58592
11095
8243
26516
10445
7774
35649
45890
10739
50734
8170
34583
36264
35976
38616
5402
21651
57597
25103
52089
45176
57080
33433
10393
41123
51578
17650
37772
12795
29898
13605
38147
31559
7563
25609
3655
6617
44192
29010
14378
33740
21364
55557
12079
40106
