1882
55836
48876
30833
5257
6032
23372
7866
31410
58492
19249
21228
6032
27621
10151
37049
15966
14979
37286
20896
58992
39013
46455
10981
26835
45373
17282
44608
42664
25077
26314
12956
58642
40055
4176
47001
28531
17732
16077
22355
19324
26659
55287
12042
37633
9248
26224
44490
50111
20464
5245
18912
58289
12800
51006
28046
13262
55216
7667
13419
8173
57305
43431
23882
15457
5462
48928
40964
56100
50257
45190
40442
28159
38672
49458
48086
21407
14833
25376
33080
22430
46058
10663
34733
20805
28692
25161
48182
41504
37441
25311
34912
20940
46412
38838
45502
50420
6729
7730
16192
17153
36973
4727
9250
15863
20883
19366
36034
28180
13089
55103
30036
34308
29967
14095
19335
3615
10607
52871
30158
24309
46006
27018
47049
21418
42532
7746
56813
26331
27639
46281
24579
7645
13116
53087
45262
14747
25094
9413
53094
54806
9844
48461
22956
35070
22731
22448
26634
24197
26065
17683
16251
53773
4027
23983
55905
32362
53745
24198
26028
15719
59614
49443
54911
7452
45698
40211
18447
43778
29028
56843
52611
24468
24234
32069
21133
14192
26240
52416
42817
49665
26184
44414
21554
39418
18847
8697
20006
45252
37699
57981
37397
3495
16311
14579
9182
30499
49369
10208
35988
29199
4498
39087
40919
41559
9808
31711
27699
29348
48958
22065
4180
32963
35161
28598
45874
37785
39515
10913
30009
37779
18698
46372
10211
50280
55841
7833
3808
49512
59873
23482
56865
51135
25238
15367
33049
27717
23948
49288
57824
48265
34712
13261
23877
13458
56121
52834
59480
53004
47989
59000
32224
31738
51973
28428
5920
47136
29915
58644
8835
46191
35473
34160
34374
41340
22949
35958
46902
49773
40820
27561
45867
24504
58767
53442
43761
47191
46306
48581
32964
37326
50925
43311
24649
3246
7156
51677
12388
11532
28141
27750
27654
12581
28631
39611
5177
37068
23046
25859
38388
27584
46272
19682
26113
3889
23323
42476
17957
44203
32046
21286
3348
20447
3171
26747
37757
50683
34956
46153
11687
49372
8495
21541
55740
17546
46979
16772
16156
30940
33138
5242
6336
7484
16658
10105
41063
56282
21485
20251
32825
51722
18763
42761
15992
15313
45481
12422
46921
15814
4890
31392
52627
11999
22746
47402
8871
47110
49051
7996
38473
21173
20276
43624
3427
12100
15156
22286
59577
17540
35094
39699
21340
55748
32600
10619
36580
50204
36074
25693
33027
47918
13581
42555
46854
24605
11689
44023
16039
9483
7627
42388
30144
14581
38173
46775
38773
53622
16337
42183
40478
57331
10381
9215
50323
15797
40739
14133
47175
39567
51350
13063
23927
12020
59711
14770
27841
38584
31888
11289
58803
35015
13858
8229
47755
32871
11243
7730
58570
14384
39347
31259
43236
21331
21179
41428
54710
34950
4879
41194
37611
16540
19761
36454
13250
59115
32501
51343
31607
24606
10375
6714
25287
23505
29635
36612
5865
36576
42757
52839
40766
48811
33665
36819
5604
37165
30116
55449
20714
19459
32421
55297
25274
25801
46231
12121
20408
51270
22865
46822
20101
24600
3168
9899
49505
27797
59354
11575
12287
5992
48509
56390
22123
29722
4027
4087
18504
33222
16619
51465
8077
44306
20614
40324
44263
51668
40945
21241
57432
46409
38288
19569
6954
13071
36695
18900
3079
40201
36766
27156
51934
40250
14470
28369
29359
35131
45447
54668
27401
16655
30388
3560
51106
37533
52246
27297
11869
58488
53433
52367
43926
35799
20616
24424
13485
26510
3764
51071
10920
43560
54021
57403
45276
27435
8227
41346
5380
22284
29389
19974
25988
32952
23623
52461
14303
38760
39380
15290
55736
59285
56862
56301
15522
38888
55684
24159
47776
17612
33135
26390
47514
16827
41145
28231
27721
8431
3931
40813
41210
24440
30527
44743
50950
44512
28470
6901
33064
38835
13628
50040
5222
51417
55509
14078
11343
47473
15583
20225
10312
48650
26340
28647
56854
30804
40201
20540
58521
25079
38760
11522
56232
7075
57746
43002
58582
14570
38904
30914
37816
8659
30354
36042
57868
34531
49919
11835
38027
6003
20066
35417
13343
26323
43959
17878
36538
16224
33398
5302
42628
57570
17337
32854
46959
4628
20834
16956
35535
22058
5977
37742
42479
28756
34602
43030
13696
7141
34670
43929
45789
46751
39171
36035
34231
11112
13413
5410
56471
35407
34399
18319
54329
9836
12790
13449
47747
51766
21225
25952
25268
34016
24892
55636
54283
14761
36702
48693
7059
22432
28410
46727
11744
16634
46017
58960
20716
49824
45207
41890
39119
6330
32470
24024
54995
37810
37122
52008
10594
33690
54374
17516
55760
31449
40891
9361
24969
34408
48550
47634
51435
29425
7132
13768
12216
25233
40882
42698
54648
55583
39995
48655
45909
32018
26378
24733
10922
48987
11248
25808
38985
10806
17450
18673
50631
50881
47326
47593
53561
36502
19419
53107
25528
30042
45450
3208
22069
52072
12192
21400
8839
58294
28567
41023
25076
10025
12232
51197
55186
20392
48791
18650
56340
43266
26142
21642
8937
47221
56782
19670
34904
8119
25316
20798
59621
25385
55635
35445
22123
55359
35437
33165
37564
36175
50383
46746
5101
9136
39119
4241
42227
36777
17860
52033
11288
11256
28551
26684
52035
49128
35126
13948
44640
57555
13982
51469
11705
3274
48159
44745
4683
39734
32044
56310
10289
52893
17389
14655
18144
36957
5655
21539
46203
24245
52092
29738
6148
57362
22751
45823
17918
49766
50168
47367
18009
34849
11709
21192
12024
56760
59764
54414
39395
5581
59248
5504
46366
37759
29865
49570
11430
26969
42408
34534
21128
28526
52708
41843
29295
31588
21362
8752
34873
42137
24127
33166
50465
9020
5935
8766
4229
32586
52306
55755
36853
26599
51563
23386
58160
23338
19299
59180
16048
36416
37445
9513
27016
21051
30620
54568
30824
35748
21422
9449
21220
21802
14746
38489
47200
16403
5470
3546
15133
35807
13574
39893
11100
32741
41508
30875
32338
14719
14487
21439
42897
59502
4019
56118
38590
45457
58881
44197
4766
35944
15713
19316
19814
50920
44677
47475
58275
27113
58680
42190
22390
51119
15004
30693
36558
6472
47270
3965
3226
40931
41616
38781
15038
32407
59224
4274
19971
56190
22033
12552
40223
30665
24745
11080
52287
22741
56373
31482
3654
31668
53319
41498
12534
45007
27084
32357
13358
30161
5402
33992
52771
44639
56639
30838
3484
13434
54504
56182
45932
13630
22603
20937
43755
35493
16742
53327
16378
19741
11956
49454
56426
17430
44042
30157
52536
32872
26771
12948
48162
45289
28591
34575
26701
23450
45698
58450
53291
11736
55306
56226
16977
33751
43470
9727
21752
24628
18320
19619
33788
36222
22808
21210
52658
23014
53551
40592
58265
49145
11154
14813
10443
20155
14418
40021
32486
30119
49786
22315
30306
22092
30922
8487
53817
31306
41710
30707
17005
36612
27605
26259
40598
57294
8589
56112
59628
5142
8254
52857
17073
56182
8391
15391
19459
39044
36915
31627
16153
21965
49096
12981
29430
10703
8105
34140
7467
37089
20294
26057
50612
14424
21743
5550
50343
15323
22706
47384
8208
53626
3873
37292
59170
52290
17437
58937
47333
59217
55408
40832
36712
43510
20763
56211
9403
10828
18747
54027
48338
37846
57502
36799
23600
47659
14656
40646
23774
26683
50288
9989
19020
29445
48999
44250
14597
12225
19606
35420
51586
10612
17868
22373
42272
14561
40733
45969
14688
11423
59318
16341
20696
10499
50836
32083
6014
16582
15127
53102
10989
30026
36750
46071
23116
48146
46979
26429
25558
53519
48693
51456
3142
57761
42260
13013
55620
9524
5089
59412
39802
48701
45886
22280
4985
53274
44284
36973
50232
44462
22185
36443
13045
26883
43137
27325
25232
21324
5333
21493
18733
38519
51979
38710
16433
29743
7151
56789
45671
16055
31848
55103
55316
51570
31809
47928
53992
45333
4383
11536
21096
15586
53461
21605
58886
39811
5212
49660
50598
16878
26571
51957
21969
58625
26113
13185
20064
24135
49441
41577
10855
49599
27372
38342
16575
41292
7743
25685
41910
43902
44995
18374
15018
38954
29764
42733
58402
46604
26084
44526
6630
7113
27286
17112
40211
31342
32359
15825
47590
26961
8454
53109
6177
17580
14776
19905
32058
14628
55207
25344
15754
32435
54172
54687
34800
36081
57868
8011
10142
19549
19177
32197
13075
17775
10968
3268
40607
44932
3254
19303
26943
29057
23860
58063
41015
19113
17036
50834
20329
59880
47940
6791
57922
14845
36861
56447
37477
57878
54592
7645
55517
18917
27295
10613
23024
38372
11142
49463
49126
38792
55089
54313
41837
25948
59138
51050
12626
12409
31890
16753
5994
33104
57325
33733
35327
37264
6725
17901
26716
10225
35841
59649
40816
38211
46994
22227
16350
20944
12896
28716
23250
31198
46588
59299
26840
58598
18232
3206
35975
11574
43147
34943
43918
37770
15726
48897
58520
59639
9701
49343
55473
38585
7020
9756
9435
45246
29710
12858
59284
50127
42818
46527
37908
45416
38383
30943
13767
10418
3304
36191
21995
33612
20090
23828
43597
52301
21187
12794
46665
17687
33337
44213
57909
35424
15118
25708
56774
34621
59316
45912
28365
44365
48072
17742
5031
16297
35108
13297
54455
26192
41211
6997
15734
30498
19429
17054
12256
10158
35083
53793
40193
19270
20097
51597
32494
34955
42824
8415
54624
17485
17899
26684
16803
49068
45861
33763
58809
10958
32507
4702
35393
52537
28562
23354
4583
49292
22448
12084
48424
48736
58202
3428
47077
55202
23054
51792
24366
32143
38632
45636
30243
35798
7022
13033
8449
10820
32520
31544
21331
37545
49874
41195
28943
47546
45369
11549
11296
32284
52567
5324
18811
29470
19772
20990
46397
23192
21981
56790
59073
33606
46596
42937
13873
48240
19565
22206
33546
30974
29757
20913
26176
25564
29801
46967
40438
52660
51840
3225
18025
41767
32392
7194
10923
53182
14260
42974
4583
27261
57500
16669
12550
32352
59168
47577
7233
20129
4160
16139
7624
53399
8732
38090
17285
32805
51270
16618
33324
18330
48161
28108
8301
19615
53850
39252
3943
35966
51058
56392
23188
33071
44013
29564
47627
7785
50339
4875
34288
25792
53120
7888
21835
57657
7582
32618
35439
39952
9714
52483
57273
16328
52339
58209
44050
27561
37610
7458
5635
34262
17846
16264
22228
49896
30647
7278
57939
59723
7825
20557
10074
24144
48775
21416
16866
31124
20976
9062
17087
56349
12523
45125
28645
28349
45545
4656
23028
22993
12546
35143
16351
25827
33241
50683
26445
37829
58596
38147
4642
15302
23856
55802
14984
24183
11897
15594
48390
46060
3766
38650
29031
40040
10361
35288
57937
29806
49359
58110
43065
31407
49026
46291
58760
55605
17926
10862
38332
3371
10505
33051
28354
49393
10898
39524
39232
44622
11932
38562
26479
23495
47909
18635
10004
6451
52299
32564
57061
22984
15099
40028
57492
26640
17076
56395
34991
15826
52318
9671
23460
31783
16034
20042
13511
48671
18095
35213
31045
5359
23212
53299
36369
35084
9836
10105
10589
43333
19972
8422
46173
25575
44420
4715
6802
39288
7461
54301
7667
27525
48771
43554
9687
21089
41243
7710
52643
12299
51290
11974
50867
52526
29004
26418
55194
7116
15630
40029
16786
11989
56460
17044
10591
39447
37234
26808
25408
15708
4804
25746
37623
14796
58936
22658
23660
59115
25576
9833
32634
26918
10587
58400
14860
52408
44768
41665
11085
9202
36250
40581
4345
3747
3653
53120
12382
34523
18141
33474
51395
8112
4899
7122
33515
47205
48813
45002
49584
54074
5832
47042
9914
53839
56415
44577
6394
51974
16912
7188
4041
44481
55698
20443
16015
24250
52718
57662
28468
37827
12442
20035
29121
34920
31651
23649
8897
32989
54904
30962
57720
30105
34084
45170
31038
52971
11127
17736
23732
56755
29052
46786
42131
3041
14602
33937
39003
49540
5665
11814
23559
25273
47451
36962
41361
37511
8530
21785
26808
33249
27086
33521
29636
49217
43089
52279
30583
11900
52688
43297
21793
50582
34748
6761
46850
32427
41734
35068
20492
21801
11323
41958
