1639
9426
52048
5673
54357
34600
27088
7252
7232
17519
17431
6457
36696
34009
52920
35896
12223
17016
27540
5902
48076
3337
5235
3799
32442
44609
45596
43131
31602
46399
14900
43546
17528
15302
7446
43527
6699
43516
53780
21873
29538
33535
23856
45269
35563
25721
28325
28247
47579
50649
43395
25549
40493
34395
32268
29958
37217
12618
27308
30395
41256
30278
12119
24060
4287
21375
40629
8192
9395
19304
46353
46330
7836
8738
35640
40689
56905
29065
30715
55344
21295
23497
21215
48710
14458
47165
16961
33181
37735
53885
38029
58944
13886
18851
32931
36597
24758
24235
40568
40544
33257
6798
10894
7348
39030
12933
5159
46130
39441
10943
8656
42821
56878
43428
43023
22372
31484
12208
17625
49112
32473
39205
30856
10297
9706
48264
36837
45994
38376
13856
28137
23202
10426
11668
37389
26053
17019
42243
20551
39978
14915
57476
17410
10174
43196
9981
31188
8945
29680
56495
20057
24800
25746
39876
44838
23693
27171
54359
56887
6176
18963
57505
22045
45486
9804
14925
54219
22480
53503
46859
59218
28087
34695
14857
38855
55235
38517
55855
3078
57346
40519
30704
29827
19440
59821
17751
18549
28877
19656
3930
59886
32418
44729
16383
30165
47259
10324
23021
31768
34994
36357
33373
56300
47299
54829
19885
28553
4997
4622
43712
45138
11304
50018
45427
16936
56880
46573
30283
56895
26178
30935
34749
3185
15315
32122
33017
30824
48644
45472
55587
51151
22770
13311
58732
56822
30995
38571
45008
18818
27236
49786
45242
55279
53284
46362
3212
52669
29137
58274
4429
10395
47646
6656
4563
15020
19153
58487
4030
54639
31019
59091
52113
41033
46968
36649
57706
17382
8913
35866
21266
58471
24232
58817
10942
42391
9777
6648
26048
51737
12033
52474
41081
57856
26353
12531
39187
21302
9501
23053
29982
39416
40698
57821
32948
22842
46194
7790
55380
25940
44781
5121
3095
7743
15654
13073
59821
56645
21611
52497
31324
50655
38755
38346
15556
7312
47207
57071
12255
9765
22644
41113
43555
33844
49055
4457
13235
15383
59237
12631
21881
49753
58037
26300
32790
42541
41537
25402
32902
5237
8756
20221
27327
7624
52991
52795
27873
26489
14286
22422
59487
49246
59097
48672
54941
22735
33577
17862
41934
43633
28671
14885
17368
17554
48885
54205
23662
30324
59514
52639
26465
39014
40670
49431
18140
55703
8246
34492
17353
47449
37237
19197
38870
52642
12133
51296
20454
16017
25356
45062
54718
43889
46638
39116
59274
43426
26132
5489
59322
36330
5072
40133
7792
55236
52638
40762
11333
10974
20907
57996
22275
29918
54795
27489
5634
3605
22633
44174
18126
54528
53261
27345
11033
11793
5726
35309
11487
40494
11471
5342
17601
26316
18933
10675
45084
41448
5994
32736
39246
44526
4709
37486
38524
36579
23944
57279
57131
3641
34676
18545
29183
35870
3504
22155
31899
5417
24610
53365
41977
44730
21904
13444
8622
46076
7530
51993
27662
26088
19261
35873
42473
35643
26087
43456
29049
56618
26617
16652
32311
4384
49127
17057
5812
21174
21206
38408
56624
49724
35384
4220
36440
51634
3921
47509
25512
4032
10896
29239
30053
41134
39615
4164
47540
8876
29605
40631
38508
22918
30231
40279
21409
21063
57588
32087
51730
53504
19513
25129
42784
36927
58141
39239
11207
32907
7993
4008
42326
32037
58668
36819
4172
10655
43981
23985
54541
3518
27337
20585
7044
37774
8735
11475
35026
24378
21294
44885
57604
51752
11482
54601
14869
16105
43089
40955
4811
38845
10711
17978
34959
56857
49868
59016
10173
38877
59591
34633
46088
46363
13069
37063
31252
53068
4114
27237
41623
13338
8763
43549
42981
4562
38919
18652
7842
8827
39720
39634
46390
7788
33847
19400
48693
10159
9348
48719
10181
56653
24464
57816
45692
29006
13159
6338
47503
32504
37310
22259
59750
56176
43897
18704
52674
50922
47763
44215
25870
7182
48212
26074
29458
44606
49283
14276
20364
40542
11304
38339
11077
36876
58781
29430
58700
49794
47949
18359
23139
10871
6689
35020
53407
30368
51397
6906
5332
51617
31965
17729
54007
9161
5735
51030
54587
57385
47262
58581
51933
51697
13184
50464
28890
49419
7346
57318
55054
4122
42524
45636
54825
35501
16926
11052
50370
22445
21541
28562
27722
28863
9324
54897
23009
33587
37281
22877
47620
53645
53987
20344
57004
33620
49004
51712
36210
39405
57176
31592
13452
19905
18116
52105
46293
7831
45630
49089
19257
8491
53209
23288
20267
13321
8957
7448
24258
52236
17009
14269
36686
25673
30205
34079
4109
11292
47014
39703
15116
53098
53160
44949
14905
4925
17099
18538
20922
26147
45114
52305
5588
42448
43406
37416
28394
14014
10527
6181
54788
59877
56066
45137
53945
27992
41682
59806
43709
26075
21619
50820
40353
39668
59135
56206
17017
9925
10443
23686
3969
37780
55899
45577
57853
18611
19796
30460
12883
32704
8709
30025
11180
12913
29074
34445
27605
21049
27204
32016
29308
27348
10406
26736
30027
17350
59440
32358
43106
23782
15390
49308
9286
39636
12100
39895
27948
23317
38709
45652
43165
22260
41201
41171
22209
4590
13221
43254
59930
14425
47114
42697
52757
17651
45101
39410
11580
41754
33621
3259
44106
10330
29125
39265
22409
27966
41525
38382
24149
56719
13506
50410
33985
29414
42889
37906
31863
17736
59971
15412
49062
57201
14340
23123
57307
38720
8731
24659
55314
4450
54357
5553
39355
45139
10806
26908
27708
42908
25929
42413
42139
39709
52977
33103
18166
38113
36900
26550
8530
44867
54223
44861
11778
39339
27838
9289
32457
14842
5914
27262
9582
36347
51291
7961
17683
4819
42171
35984
20349
53785
53469
5981
48852
51656
36662
52519
54955
31803
35319
33087
35875
31546
27086
16707
16371
41660
33678
51951
33150
50845
6035
57281
27162
31006
26432
19661
55527
11790
22973
33310
41089
54513
36399
23581
3410
37797
49667
35610
18927
9416
40819
49018
32928
22209
13871
45088
41872
16027
37911
31235
17490
45597
31847
34603
40712
25226
49089
14452
56639
21717
40103
24739
45479
47691
52275
8300
33697
23539
11471
58267
39899
43208
39162
38632
13217
42219
9747
22553
56922
8671
15406
27197
55613
19658
5338
50656
56520
27456
15174
42367
45089
35341
48171
32629
38507
11259
20080
34730
14894
29900
25996
46427
12576
36695
20413
18491
32294
30476
3724
14431
13852
11633
7743
47588
16808
49953
24723
26804
16262
48215
18433
27070
53083
20009
40242
56679
11488
54532
59449
32859
15394
51839
22943
26889
28989
44274
23501
15459
4555
32114
38576
46396
56506
12137
53032
58890
24794
27624
54044
43842
10560
27083
19502
56823
9770
58756
12886
22976
29984
34905
4362
51808
26617
29814
54726
55010
40957
46524
45727
16912
28991
23505
46277
22626
25291
39884
51955
52215
17264
29310
3236
42506
21322
42631
43070
46580
22645
26201
25775
16782
9516
21113
10342
31857
51496
58534
50769
17090
25132
7814
5414
59530
11350
13961
24450
11587
56845
36818
12155
18649
54469
43481
8243
6521
44770
43636
5254
27638
24620
50939
32824
28941
28567
32280
27780
15826
29868
51116
7955
39067
21222
3085
10791
59843
34876
26438
26066
54735
55387
53939
29205
36573
28351
19645
29570
9259
37084
23453
41740
23496
55628
54093
51834
14068
56050
9438
5247
33519
54707
39083
55348
15569
59714
39865
49895
26627
41595
13638
38555
32324
24071
51700
49554
35626
13722
38971
34438
7206
47805
28146
30760
12285
41402
51293
15691
57943
10813
51637
18225
21508
14947
57338
51902
11296
41760
37296
32222
6624
52181
15845
56588
43992
44919
43122
37934
18621
22174
59382
7776
45563
41732
56261
6108
22802
16760
18691
24391
58987
29293
42677
27441
58003
26917
42856
35011
42533
44619
20220
42785
17795
28831
43846
39340
46827
46094
13432
11280
35059
43513
39400
18750
27549
5579
17030
47279
3818
25860
19789
14550
31906
4399
25322
45596
24352
51513
36974
35082
51209
15888
54935
54333
13517
55272
34615
12059
14142
41399
8987
19856
53824
49452
7368
37085
56934
39108
46789
59832
28237
4801
13927
24934
51864
30397
30687
26705
19983
25534
26051
42805
32288
30910
39736
57576
17456
39980
47386
52835
20036
21335
19352
4967
54413
24725
47937
17885
44707
46761
41494
52264
12132
23884
13569
47008
58019
57024
58484
57004
53523
11745
21693
52028
36507
31036
16539
40866
30232
34142
35485
11592
26523
43769
37943
8898
25606
8751
8904
25168
49764
26948
15220
27106
38503
45636
55036
16947
11130
51090
37336
27388
40173
43649
37369
42620
36146
34239
13097
4769
26385
48347
20726
25105
23855
45279
43024
48625
24781
7981
19355
12551
32554
44755
50974
58080
18332
26510
16811
14156
13627
55976
22505
20893
24723
17745
44858
40081
33662
15127
33456
32346
11194
14077
15877
57573
44271
54319
58404
51304
49603
51194
20208
15449
47229
29949
31256
19031
36417
40873
30660
47701
41697
4815
7834
29455
29792
10938
49558
30299
55384
42575
43854
17627
9377
6329
56690
3379
32675
14043
31052
15558
24715
29304
19769
3380
20389
22057
30029
56022
14974
40103
48845
10970
17217
40338
17380
18763
31592
40659
54205
49738
53147
55441
59325
43633
27850
34183
6211
50118
4656
37841
34690
15962
54668
8024
3413
5401
39222
23252
20548
57061
7513
7080
26877
23505
43702
48957
7168
7981
58320
52656
24455
23865
33787
17551
55786
25069
11689
9761
59843
20414
53292
34722
30069
32561
54576
48318
23664
21805
39742
38835
6420
8674
58662
50693
18376
50922
23583
53452
16923
54667
27395
37518
41657
7445
50221
29473
40365
46309
45321
38955
17958
55346
23652
14523
22337
38782
58761
29550
8959
24753
42287
31760
44424
19949
6076
13976
37354
15687
48965
50687
42660
27292
18470
24687
5148
15671
46325
39948
31297
40080
11056
18449
46742
56945
46035
45033
28814
49750
17379
32662
32714
52355
31712
9363
50840
7097
15344
23628
17049
32953
16152
50838
18647
48244
43395
9760
46902
51074
11099
36968
35953
28948
57788
35955
34384
9144
41733
42694
26117
5273
9317
11410
55522
56671
25899
37801
9396
39888
48636
51622
56786
50777
45954
59665
48675
12166
38294
40777
39631
46836
35871
24412
7327
14322
25166
4348
32977
11914
35249
34605
4184
49286
53328
22363
40622
58780
11175
28346
13406
53304
35024
49682
24507
13076
12275
38111
36081
12781
20602
20977
59089
4120
52861
16023
18816
23063
17260
10539
53968
42213
