604
16969
36570
7529
45484
51943
4820
44768
49070
20705
28701
21109
10277
27243
33954
25617
31457
31135
58633
38390
33204
50315
57860
13197
16695
4487
46177
12052
43818
19238
26598
6397
32658
6652
20336
49385
4764
24952
24373
20859
28825
22891
58769
39687
20294
21810
20764
12843
40321
14720
28693
33953
7243
18507
24138
10878
33079
29377
51412
10182
42162
29250
17181
53607
16956
29402
15315
32889
33831
28502
46831
29586
10659
59496
49476
41646
7669
48182
27689
56210
31688
4716
48051
12548
36726
11004
8874
16148
37151
6524
59359
20158
52385
42768
13600
13416
14185
54004
22772
56561
51005
25241
11425
56605
46569
3797
27803
24358
4605
38808
21429
15021
33805
55498
40332
57139
43237
34537
25149
26442
22032
20647
6051
3558
41468
15546
26805
20811
57363
33578
59120
12716
55606
51292
31606
19361
25509
50029
6035
41429
53291
34908
43439
16982
34371
5426
43408
36812
35972
8546
30427
39780
50604
32741
39928
4918
6558
52037
3743
56352
50812
56119
6381
48795
3257
4871
31481
31687
53879
6596
48323
48796
28130
22080
32860
50604
23742
20856
19026
29363
7177
54245
14032
20840
5079
53348
23299
57590
24379
46846
7190
59244
4109
51946
3369
34631
11179
26540
31763
37357
3341
55247
38167
12518
17240
56900
33342
37640
22740
46626
48485
13729
20425
51741
41716
19712
44390
51906
34986
50862
44134
19551
23215
38995
36441
32998
36887
5309
42530
41290
55310
24504
45667
20430
33214
8345
38670
42044
45176
15186
9972
8870
26152
33279
46571
36441
23042
52470
25689
7707
30359
50260
4218
7922
30411
18976
45839
30706
8695
42873
16218
57840
57008
40180
9117
50037
29554
14275
28982
50254
36982
29880
5190
40807
55924
36009
46205
16512
16650
16639
29095
7677
39074
25150
19832
28670
57312
42975
18208
28405
52559
18877
57982
40698
7628
10566
32279
37575
51770
11131
23883
41662
48234
52034
51457
9421
46052
6238
51063
50252
21570
48179
15248
50362
38831
4933
14081
11347
10170
59017
15319
54774
55551
17654
4264
10874
46010
35013
4905
34599
36529
29035
43517
35735
6344
31455
50533
18349
23047
31564
5091
49993
29900
3524
10498
32543
14751
54480
23276
52207
21099
19529
16213
33227
3537
31558
49859
54102
47881
37006
43762
46428
51908
53373
15200
33518
58904
33958
48201
47285
42009
10854
13303
33530
45068
39342
15169
18373
46970
34036
8794
41400
33483
16045
47153
49699
49607
34263
21017
4621
32872
35795
15593
57398
6205
10809
11762
15678
33205
22998
38335
47912
32203
13259
46094
31946
24253
28347
48617
3725
53148
32148
26289
41223
39935
26748
59247
35943
23179
19769
6820
55436
3157
4762
54269
30517
30451
16223
50760
9130
14371
54696
21659
58782
17244
44152
45676
18800
15263
31713
58629
3832
26986
32271
21005
23743
59925
53664
11125
55201
38302
20633
36374
29204
15080
32182
41345
41442
53209
20016
32119
59188
15716
13065
13001
22518
29440
56608
25165
33589
46852
31643
27712
27449
6061
59810
12766
31715
45471
38609
14963
22698
44734
50583
24868
10356
29386
50240
19008
26449
14570
52081
36337
15846
18423
50796
37255
17878
34847
13060
57996
19788
52468
54686
21115
23013
47911
20980
5806
8816
29414
47999
55598
47219
50143
4489
54665
17679
46107
45234
15677
6749
9187
8105
15228
45629
11246
41454
26118
51693
34519
12302
15387
23719
9039
12418
45201
55967
51397
32411
45213
9657
16342
51572
45889
37837
53395
3317
41299
44632
55582
8476
12151
31999
57266
35542
42254
30165
48465
45585
37189
17513
40429
53166
32142
4518
19860
24286
16818
24317
32547
46390
39159
32512
24738
43089
32887
43024
58741
22303
24341
44510
14338
52883
37704
53191
23348
33939
44814
35445
39098
59396
22483
6086
15831
7039
59392
11642
15600
42331
58285
22722
22419
19621
26170
