513
13523
8928
48368
42811
52235
12336
24322
3008
15397
18676
46635
26186
36452
20521
38382
53900
49978
28860
28288
55495
51207
44287
20744
17728
25915
9461
43890
45043
48782
41961
41844
18465
41208
3196
15436
51392
24052
18532
16598
5681
19439
40859
30937
55938
13825
57242
28918
17712
39298
29049
17855
58373
15285
44489
12008
43292
54467
51729
53395
20162
49634
24282
22582
16693
58707
10361
38850
22693
3390
49679
59972
26138
24521
34207
21535
28607
16538
33139
37663
38709
44749
53560
37927
31612
52221
22952
44636
47217
13576
19103
36806
38460
10846
15009
31730
54812
35134
6402
56989
54303
41599
21502
49878
59554
13429
10234
39179
56651
20476
19555
22533
18255
16467
36155
51389
43749
28782
14604
41220
21638
59225
32362
37891
53202
46670
20611
52351
26232
16421
23152
5254
23560
11142
45930
24201
34354
14970
42450
19164
41405
34140
43512
53616
10988
23628
56892
15580
13025
24784
5015
54368
52714
5513
39888
4142
43045
32898
46793
40182
12880
57963
25518
22077
54336
37712
6662
15397
30841
3380
3051
50710
29862
54130
9149
4241
45300
45747
30206
11485
55015
37637
46776
9898
23260
56105
27813
14072
21467
28062
9763
54216
41295
15963
27865
57609
15217
9033
57493
54466
30040
6198
3046
27784
35930
22179
4549
50236
31246
35306
18617
25990
18328
18030
24269
12433
35540
40024
39263
56105
31762
36936
6853
47267
50626
33921
11305
40620
23689
58095
10518
45831
24286
19688
55385
27653
9270
26234
55085
35986
13781
36393
55861
10651
28966
37416
10032
19830
48046
8929
50483
24241
27990
30982
30732
7449
16521
34679
5240
46975
10014
30271
15175
6756
7207
7161
11473
29564
5029
11429
54770
40928
53652
21288
46793
26780
38099
57978
25872
40134
27257
38929
18191
43696
39681
17959
23043
59703
24377
44516
13766
15851
42971
40419
58711
40801
25720
39163
17748
51311
29489
40123
15870
42010
5681
10209
55469
41105
23838
22900
15020
56057
17145
47396
47941
20843
30342
31672
18762
12560
18938
54720
26035
36655
28992
38320
13702
43843
39545
10307
51033
40860
18732
45386
32520
20293
7599
32189
4097
34770
43240
56966
4278
31498
58178
55774
50282
4521
45242
12638
3318
23457
58802
8539
36553
29190
50214
23285
15584
44240
47131
6569
16321
44554
57410
44444
16464
27525
3377
12179
40692
47338
58876
15244
18115
34485
31178
34500
5116
19996
51151
9814
54695
17441
29644
6822
38348
21939
23332
13655
55529
19721
28909
24577
6079
15062
54855
40195
16624
6533
22092
55111
19787
5973
9597
45380
18105
31992
37898
5497
21271
18756
50903
40437
15920
26492
21956
44188
46177
47773
7948
56120
4672
58427
57054
35440
26574
28792
19509
55840
14743
56074
30302
45836
51782
3859
13631
9894
31968
23381
3690
57422
31383
53252
31745
3469
19534
3173
24775
10923
23240
42371
27891
36762
19455
40401
8019
34406
40762
39008
46490
36671
37408
20033
3114
13363
38009
9741
32426
12267
28949
42300
19385
9580
52551
47165
44727
25882
18448
37394
6257
43528
36644
20172
56065
24934
43968
12313
56902
44236
49872
31861
52849
40387
56355
49476
34120
31802
3136
6797
27441
54796
57429
54616
27814
6720
37815
6532
6848
26504
23386
27891
47562
26678
