1591
38479
20681
3776
5266
43925
12486
8402
22072
54930
54763
46431
39972
46181
6329
17629
36388
24600
36118
4153
9709
52487
51769
18282
4126
32564
32270
42813
52369
46432
28423
48134
26042
19920
24195
24495
6996
28369
16228
36336
46822
53992
33925
35327
23727
46980
16733
6268
22826
11051
11967
5893
26624
7672
44835
9732
37136
24535
55282
23444
35588
11372
46705
21888
29028
50211
41699
56041
44057
34451
39755
29311
19891
28085
20290
19594
47584
35705
26387
20819
14563
12674
35366
30538
50838
52278
58244
58335
8505
12511
39841
38749
25837
45318
24482
37945
57577
53690
30690
27548
18305
3121
8274
6670
24804
19364
59041
9574
11240
33415
40657
56750
38562
52924
16388
6086
40252
44284
21818
51927
58774
4773
57337
16359
50263
56346
3792
3218
21835
21268
54712
4887
17220
38863
11576
19048
56839
22493
29195
46842
21110
36136
35447
27920
19936
37702
16762
32363
50412
13621
51218
32025
21474
43303
50697
6465
51554
55987
8283
7660
55561
24350
5408
6750
48284
15942
26937
55074
28666
32915
49581
45538
43592
19408
27462
35256
58553
37277
46871
29069
23727
36815
45759
3080
18289
8317
59528
37015
8535
28142
47899
28925
9372
8672
25713
35285
23748
5227
47464
13320
44686
7183
15105
53479
55583
21550
37158
3450
27422
15371
19994
37963
45305
16501
29994
26230
35539
37591
22448
34878
59661
10743
49224
59172
35568
29822
44838
35286
50016
53606
56371
44022
56060
29569
24944
30297
41248
9838
36041
27373
6751
26244
32589
31505
56723
34745
26319
8406
28250
4311
23234
43318
42912
33236
7526
6681
9173
25832
24057
12505
59178
55511
33856
52545
58978
13098
45790
35731
36569
35474
42984
57596
6241
20007
34472
28620
9857
52018
58274
3676
14415
53412
16252
44477
54384
26649
53930
30298
14106
13656
10777
42898
19420
46288
11048
15537
17486
49695
23059
53623
17036
59204
9903
38786
49451
15814
38538
11984
41011
22215
52161
43536
21807
59706
42258
36743
4458
37428
53030
54071
26466
41586
20271
3686
42387
42366
52165
14929
43339
47492
9135
38654
54945
44388
57464
29431
39083
48057
39625
9061
55772
10644
15657
48923
47300
32095
41920
57905
38835
41872
42925
40821
30083
18870
6100
36920
4811
23130
15595
29429
8677
32207
34187
54147
34819
28103
13414
34246
55134
20556
4220
5834
32944
42926
30933
3817
45997
10251
17848
34490
21195
58801
39272
4702
24135
5155
51522
53463
50358
24282
6883
33914
9675
15771
39780
43098
27275
27819
5624
14708
26426
24444
32165
28803
37273
34907
56063
24831
58768
7272
53128
51981
39461
12518
35035
37775
39221
49905
53459
20776
37264
39564
53001
44857
52071
42494
20651
56618
59315
17649
6711
37725
5819
22097
58861
16543
30166
41725
43683
37584
12816
17565
12596
25433
31665
41881
26231
57738
34109
20529
6849
31908
21272
34155
14791
52102
49692
56040
15699
29205
46987
46786
7243
4440
16526
12135
22500
7372
29979
24751
11202
26607
17824
28928
7529
14265
34286
44931
4218
36516
48966
6355
6477
7569
13925
13570
57115
43969
19983
7071
58912
5164
4270
51215
34622
25892
37528
33931
4580
37885
37879
18077
22760
29420
38378
28400
7152
44096
19440
34584
14280
20751
34026
42483
54658
4704
20377
46143
36122
42551
54872
9425
14528
8027
25545
55845
11436
50246
47413
4270
51276
49051
46551
18633
22587
24743
52534
38067
20032
55686
46909
36245
31964
57159
23129
20335
32762
22920
24127
16283
45159
50816
13437
5887
50959
48826
42195
21647
25932
58256
11356
32134
3938
5586
33331
47013
36901
46015
37216
27146
12727
23843
5807
22533
47545
44974
47103
57520
46937
22501
16245
38546
30241
21208
15950
35956
52279
49536
22106
49250
28427
10899
59104
27781
23691
55223
46425
13867
26145
56568
16286
39970
59707
34069
18208
57014
25100
56651
22535
41083
6514
33820
59194
15952
51639
34660
43988
8929
46301
3545
45123
7969
48208
18283
15605
45916
31813
56202
32443
52807
43743
56422
3856
57381
59748
33450
34528
36991
19254
33553
29221
54058
27688
27505
53829
20672
9892
54239
6524
44896
27427
5740
6395
12083
24565
27915
48232
6308
48223
4761
36545
31389
15486
38961
58979
8079
23567
11461
35044
59932
12852
38566
58014
46124
18982
47162
59584
4510
54900
24330
31336
39368
38912
21475
29386
51771
32850
15345
42367
48747
4904
45689
20611
55939
32302
44994
50706
6754
46647
29807
50197
21630
51964
36396
6973
45762
6794
27322
15087
4586
36355
34670
35686
17109
23902
38656
13452
59286
56674
24486
33204
51755
48239
49737
35794
57295
56319
57121
37752
47679
59813
48012
9178
47828
44598
8011
30058
9149
19451
48198
21339
33520
10437
21554
32718
56143
33404
53617
36197
43121
10670
58658
21483
34880
23402
9802
47000
25085
47293
14078
40844
23056
52418
54624
3663
7807
7234
24514
55480
35739
44408
40974
22253
31679
5187
7347
29871
16868
46709
5283
31879
11318
24873
35562
41268
14156
44271
21283
42005
24166
53917
33802
28055
5272
58513
41222
34167
26481
5097
6512
32645
23456
43323
48488
54121
24620
38149
43662
15248
52552
29406
51953
4589
3916
58666
51776
54574
21979
53118
12049
23199
34854
57625
59024
7963
43033
25383
54040
38532
4369
3672
25170
34184
28155
28758
58287
58056
4841
24167
7255
37246
24665
18952
51147
12532
37258
42103
46889
49862
22710
13698
14186
18881
13542
4058
5278
55690
49965
34159
58197
34097
38833
11489
19828
33911
41893
25371
28925
29759
29203
25890
57664
34539
18773
12907
11717
21156
16750
4391
9854
26165
27553
44262
59882
38700
5498
26631
50604
53380
55318
37449
29737
17109
17644
44747
43501
55115
8951
20525
10276
49908
30805
12238
59594
22202
18861
34933
54854
58125
33821
48999
28040
37044
33807
38698
33222
5980
14782
52567
57099
28386
20892
14794
27469
7712
16834
59516
17573
46233
28084
29410
56861
55235
18825
24905
46762
11843
40467
57958
5637
28289
44823
53757
48608
7483
35704
38365
14391
39277
9872
51144
25081
48477
11757
32259
3794
36450
44578
58375
23885
25591
46997
48174
23427
44284
56154
14175
42104
16462
38885
36314
47753
51142
6148
52842
15243
47717
39333
44540
18147
16035
11205
25936
44290
47130
10977
7289
37624
27644
21700
7751
50956
23957
52566
27248
46966
16780
32190
10194
10220
55574
56351
23657
25453
49337
6312
7205
26804
28917
45753
3709
50882
44911
6583
20090
54689
25124
26539
57316
32069
39002
41267
48255
55985
58203
9400
25282
41590
56570
27942
49862
4540
11851
44564
45714
58421
17162
27273
8062
4199
9443
52617
34246
19808
22680
11862
18285
50150
44120
46188
5461
8312
42277
36142
20660
20858
19249
15393
56060
52257
39475
32989
23755
21618
8923
25800
57363
33626
7499
4312
48737
16225
7760
5580
22729
12972
39592
25208
10138
19648
35691
29063
27522
34204
45440
9878
39650
38809
58949
17705
3701
37653
26797
18581
21019
4594
43405
42814
49509
4882
9320
31602
21614
33900
19664
15220
40931
35894
14333
50195
11406
39448
46046
21445
57994
34967
48354
39819
9856
30715
40832
33093
47635
18938
34994
58251
16957
42814
32773
51453
50991
44431
40776
54167
35419
41592
31043
54969
26227
16875
55139
42597
31089
21529
41861
41653
17540
31109
42306
21198
7718
8001
44740
34258
15938
27231
55551
45273
27982
29460
54030
16912
47831
38251
13110
8977
19681
49119
7435
4938
28200
43684
37741
37889
31101
31752
27259
13208
15117
10956
19951
28235
18745
27573
35775
58479
10605
13465
38885
18366
42837
25379
30252
39645
42746
18623
7536
45958
54692
48385
59847
13403
47737
53673
54401
11149
41050
14746
37130
4731
11002
25226
44393
23867
24827
20892
36399
26948
35900
47974
21108
19283
30830
12902
3337
15294
46166
28299
8901
12485
37155
45365
54645
20750
47393
13099
36118
31111
6771
23616
59085
4125
15355
9009
46480
9607
23503
24042
31461
40355
55038
39099
51320
30692
7577
13670
12180
45606
51485
23350
49773
36577
12110
45065
54538
53731
21855
42895
12585
5313
26259
45000
41405
19323
10548
50075
26844
54526
51003
15079
21011
10049
12826
40427
42403
3790
48121
38502
8668
59181
37704
51572
51170
18991
30755
21217
17975
26615
31844
16438
34435
55104
10827
20039
53785
23606
39124
14690
17838
31475
10258
44857
41159
30177
6418
40706
12638
30101
20556
6270
15915
21005
11460
40133
6170
16213
51013
12740
31188
15610
28688
3075
57860
15898
45680
27792
24148
16116
19274
36772
44995
55383
47672
44418
38697
8931
36545
19277
19789
58276
39686
15078
57454
19191
47189
41086
11904
6764
47589
5001
50394
23706
47383
49405
56118
49368
20427
3624
15991
28937
37752
30297
30774
29729
50137
32854
10943
34952
50389
54256
57375
19296
21444
35500
5505
53049
9959
33057
57982
26215
48158
57529
54450
51649
39029
14191
37688
29305
57928
4364
30290
22099
18087
6880
18177
30381
21306
6627
43789
22719
19236
59697
32504
43546
15886
59417
15841
12305
46960
47371
32661
34589
42831
7591
13881
8557
33372
29716
19073
15968
27713
36995
28842
44190
47936
36686
21849
41452
16846
7750
44858
20638
14322
51832
47860
29791
57962
12881
24683
37704
8926
7113
20947
50208
36203
21137
32097
42170
11153
4936
54767
34451
9543
30968
52036
10556
40957
51537
40572
39538
31701
32841
4412
43682
10529
6541
21532
35878
33877
37336
56185
46822
17918
34354
9948
59866
33626
3420
51248
8928
53957
4566
49074
25520
39462
24322
33540
26301
32432
22804
59680
28156
18316
18626
11746
28453
57421
51239
18912
52219
44103
3608
3809
38212
3562
8924
27798
29140
48558
8444
53476
29342
56617
24774
3426
50355
25450
16263
4388
30090
35081
46026
16483
8576
50007
55448
24474
3413
13737
44122
12213
25639
46256
53176
42602
29763
25196
58286
42931
38939
37247
48487
22482
48981
33417
45493
37090
22813
13775
22152
55917
47426
20168
48108
36339
35472
14689
58125
12857
46354
26358
50400
5493
39927
9083
10362
27022
40349
59896
20848
33210
33961
53963
38263
35627
18497
7547
57529
10481
37850
35842
14082
