806
28574
47948
6267
11995
33354
33244
9828
31959
44280
41992
11956
54222
59761
7010
55873
17352
28993
24821
33157
15665
26482
15027
29723
50976
10385
58206
57062
47447
50816
9409
52172
10713
52586
48648
58294
7356
57126
43675
53243
33546
54028
33238
31988
24695
14854
35477
54232
49099
53802
48755
45889
5019
25710
13104
59792
57096
25683
30798
40109
8505
47010
6924
29787
35972
47735
4513
43804
47036
20635
59805
29296
37446
18477
55587
37602
22731
50249
9070
45947
25806
44793
23298
58981
42434
38817
6505
33765
46300
21962
8126
19285
27418
3819
25645
48538
32209
37216
56376
49884
36696
28337
55710
38800
59375
43944
6245
51275
45779
32817
3843
32897
56454
11968
39212
51941
7912
20975
20410
36552
14525
6871
27168
13979
53157
8366
17538
34820
14301
16570
53388
53209
30677
33593
30138
31565
57950
35204
55387
22772
32324
20945
8548
39914
40184
18617
20213
13875
14869
27640
52834
38223
33609
47006
39487
20004
52417
49982
34150
30831
18485
9815
34969
35697
53026
26903
28054
42602
45247
46200
30720
38249
35657
10566
47145
12744
21667
47608
41311
42897
39960
44439
50898
6609
26504
39475
15423
36402
13993
24181
34214
35464
37383
7757
15309
34450
41785
5452
44154
54957
44302
46946
21959
11103
58433
46709
12615
27729
41087
3206
15731
29738
55775
5062
56897
53624
32331
56069
46404
34234
14033
24071
28113
56278
55296
9937
32264
43141
28403
3437
29681
17645
4678
45792
8338
22437
58408
22916
36051
29321
6119
48033
57213
5841
8651
4538
42314
4818
39254
43157
15755
9796
3120
26059
30856
11970
55499
25188
41072
31997
31541
29024
32141
19793
58959
55910
23783
44408
39921
5849
55916
47170
58671
50580
29611
17954
29562
30477
32403
25859
44062
25243
51583
28753
35001
12023
44755
3182
26855
26784
34738
57379
50796
15000
33430
19499
50369
22419
21896
55137
39837
59210
11024
27838
56326
49638
14635
6989
5860
35928
10936
27942
14702
56439
55577
30365
58595
48957
18901
50209
58052
32043
5355
22072
32500
46825
10574
21369
7317
23509
41255
27696
28001
37156
55177
35529
4550
7759
42541
27584
50598
7295
58057
26165
14079
17067
51024
35905
44896
29065
59020
18365
40395
20588
47331
28018
8076
12046
50834
32621
25204
24299
50755
8471
59749
14300
9195
14602
5053
15982
10431
21769
25259
51643
7909
59106
11631
8467
16841
17015
26044
26189
43710
3371
44960
27351
8215
16437
42801
49934
31854
51941
16708
51447
40615
41560
44687
13732
17861
46916
10379
28127
40334
33622
32643
25546
20439
46869
33897
14498
52726
28241
39402
53503
29644
8326
40791
29610
16691
20013
29113
21606
29064
14619
59207
44283
20081
6157
26618
50956
53371
25886
19500
6412
40666
51615
24124
36776
52254
41150
34079
27508
51461
51254
28363
9703
50990
21622
24940
43677
50635
23257
9466
40927
34674
40141
38105
17949
49582
52821
12908
50817
53995
58164
18296
52466
49339
13285
6548
9323
59441
30072
9008
20179
49930
41006
52136
30564
19168
58831
55692
36642
44456
15515
38758
31436
26468
20908
32363
34139
44412
19528
22729
10958
36819
35110
41875
48851
51318
25402
52937
44325
45858
15740
48650
44281
17966
45261
47479
58246
56357
28550
22081
56344
26204
37710
59321
29715
55938
42329
34898
14908
31189
54509
40965
39404
55102
27642
35988
57843
38530
52946
27895
55027
56090
15059
46415
10984
24718
7847
19882
49846
7978
40404
48648
24658
55460
6455
59743
42027
55620
33988
40876
26421
37589
52551
5667
10893
7152
4053
37150
22182
51654
46336
56898
13088
42122
48435
21692
15185
18041
47314
31386
11007
39838
36675
43630
3126
12950
13658
42681
42783
4623
53279
27006
55700
22022
47697
55217
24273
44820
17021
33354
36213
52418
49769
38640
3994
56609
19109
18282
53454
35534
13300
37035
59187
16987
44551
20879
4564
56204
36046
15358
17352
30543
29677
22326
56292
18682
50900
35450
29654
6527
10358
22274
6879
11685
54905
52483
17956
4189
23231
56816
53172
32891
13040
15699
19285
49302
31840
43599
22508
9422
24326
53302
39045
18492
10088
12215
13723
28612
11370
57686
9724
53826
51267
49643
43783
52095
42788
44926
23439
42660
55668
17923
27352
13026
3984
36487
57438
18346
57532
34256
18602
35518
44133
21396
27527
30103
49337
44779
54633
48943
49416
50439
37111
9075
34806
48116
6718
37281
12393
23366
11282
45450
43985
6660
8878
20886
48590
3602
4279
29611
9121
14759
26019
46889
57208
9474
6795
32271
15455
17913
14945
25764
38582
4351
5872
22337
39277
18775
9292
13471
32309
15090
55309
26310
44652
40720
27411
33590
23219
10940
59633
55465
5640
6756
21466
50837
50448
35175
37096
45453
37469
25542
59700
58429
26151
27835
10199
39251
19366
52020
21913
36459
30479
24595
26182
29429
48526
28339
41729
27895
24951
35614
30343
45310
3433
40645
54021
30399
38095
50694
14887
16169
23326
59026
11156
14262
8407
32420
7643
9608
59932
19991
20847
28588
35437
24544
15953
57218
31739
50680
3690
9709
29075
21610
37969
23974
10070
49684
31789
39993
32087
32427
17825
24958
