428
39932
18522
45361
38414
46965
14657
57208
14012
43161
44328
57444
55710
35862
39224
46141
22126
20804
16833
3495
5746
11263
48184
46685
43948
21215
22967
6996
46427
36732
44767
26104
40881
4848
33058
26911
19254
26886
53546
43867
34016
38725
19602
17196
47941
11888
23113
48805
40509
48993
19259
21157
17190
15857
16397
10700
47629
45329
51339
44157
41506
22851
11764
35898
32339
25648
37292
11790
19810
32939
25790
57048
40955
27293
34908
57625
39649
15843
17412
46368
49335
36816
43094
36245
36716
22951
45585
37234
45865
29481
28503
17573
53642
41262
40731
3720
16938
8622
35195
5844
16189
29560
54912
31836
28912
39670
5171
36951
35716
14786
27252
15777
19578
55966
38038
37327
50137
57219
45283
45299
41574
30515
55280
24432
23519
59048
28158
12424
43370
30153
38911
32566
29614
14026
12039
25789
26982
31974
56303
53198
33246
15992
57350
30916
57125
31585
21998
21953
39058
23832
27802
17448
58816
4995
26474
9023
29513
21405
51087
33547
33910
52109
34198
5629
8113
32898
25657
23105
4586
47038
28214
46246
9154
10329
3726
51254
40308
55189
22707
37654
39051
37471
57980
46105
43451
3435
28150
35588
36387
52573
10938
26839
20035
16233
40657
36799
8549
16597
33212
7804
26168
43181
8844
25680
50250
40546
31882
5864
37165
12103
25782
58544
5010
6764
17030
5729
13088
13251
23693
39238
48832
56307
34408
48320
5871
25465
9822
38307
55396
58192
24774
48808
33505
22075
14327
4575
44039
42207
58434
54830
55512
41250
18136
20739
55227
42058
17693
11004
59427
15852
33111
16696
6766
27265
50684
32823
15983
12141
8931
26772
36174
44902
22274
33605
54412
24201
12533
57369
12954
15727
56509
49117
48661
45122
50332
34046
44189
7641
52385
9543
18387
56951
39428
37231
55680
13711
5731
56275
40774
26044
54106
52761
51556
54561
40946
16524
21751
22377
46610
24012
22032
38848
18446
41209
15174
51008
44337
30968
27395
23032
21637
35372
55907
5647
37642
34951
42518
40889
38364
33695
18879
56377
37235
3065
20808
10530
48343
5751
4570
19282
27105
13100
38691
4863
59263
53969
21167
51934
56680
41607
39848
24591
40342
5761
20323
29100
40528
16108
19295
21341
58748
29740
33357
13633
45977
3214
27988
29270
27002
46942
49965
4794
18147
6647
10400
17729
21027
5066
14602
9922
31594
11993
26576
44293
51910
32236
45157
35837
8753
20971
13367
58939
33418
27614
53856
52675
52034
23686
41108
5816
28970
9635
18800
51517
27962
47719
44819
13269
25813
55379
32223
10920
27886
47706
46800
59661
13319
18170
7501
24882
39584
36895
37401
43590
24177
12567
23729
18151
17930
49571
49426
43023
51364
57256
27778
22820
5881
30707
43547
