774
28371
14452
14905
33270
45768
15931
40289
45624
25414
51279
28084
7867
54393
16104
46194
12460
49996
40502
59866
46719
10551
26986
36500
42504
49234
12959
36177
42119
40395
10194
39695
42084
5818
36492
33659
7113
57440
46001
58505
16264
19529
18502
17384
57632
23129
43111
11502
36366
42545
48839
9111
28226
12376
17525
25890
32420
11359
32473
51175
8321
11340
53761
29405
20111
36032
11448
32622
57041
17509
25681
23222
43096
4872
5063
43325
52937
23140
29703
47548
57117
29825
10904
35377
9488
13167
38413
44634
3489
34800
9929
14667
42831
40061
40539
57646
53600
11293
25421
46468
23725
47228
44489
27084
6778
14657
49141
29960
54173
50411
36273
29821
9668
45543
20146
28332
12583
15536
52986
39095
34179
27232
36937
10257
42520
49489
20119
59741
25923
51669
16428
58277
32185
25242
25410
45407
51776
16869
34704
38711
42992
4289
5353
43018
40369
27932
25962
53913
39992
33600
4512
24450
25454
37301
50329
55614
54594
42594
53692
59677
38062
3749
6705
27715
21827
25249
24856
48059
38601
29531
32826
59861
46869
12039
6396
35169
39793
20264
57527
44917
17056
22170
41718
57715
45061
59136
48306
19430
38557
11962
14133
31831
45937
6031
55554
37441
50627
35966
20466
5331
49855
29981
55395
6638
52474
15655
56543
22079
42157
43701
45520
32436
40561
6330
13435
8639
31820
22470
44873
4464
33966
56660
36069
22648
15226
9096
57418
44944
35191
52799
33666
49856
47656
47402
41591
50972
50804
48443
28372
33477
42846
20082
13420
47962
33377
42773
8992
21066
13162
25190
15386
5464
35153
8309
46058
34746
55771
38861
55080
34699
30688
34108
6689
31221
45468
17241
40906
23975
6785
3237
36563
54859
52340
24939
43097
53134
18581
18467
49326
20850
3361
35283
3891
8249
24410
55765
53765
6548
36320
51866
31202
47185
14808
25945
32998
46104
29716
27739
15052
40727
38947
49043
4086
56892
41433
46825
21417
12590
39364
5895
42327
45985
36817
48535
30510
7606
24404
37341
27577
23943
47339
31093
33235
35069
59215
59188
49143
21393
49909
27256
13612
57977
20302
17125
21293
55892
57189
58197
50596
56737
30860
35384
23842
12944
22377
59845
51278
31918
54013
26656
50288
25426
6722
7539
9146
41034
25203
40146
52847
16828
42472
17632
57862
4226
47621
31632
17178
41022
18646
9230
16053
9594
14418
53635
18511
39802
50970
55047
3738
39913
9846
43725
11641
52587
18339
33202
26690
28576
59197
25405
52369
21265
47120
57569
28894
29804
48703
51765
33478
54630
18983
37938
27660
31989
46458
6033
32437
8787
34052
33064
18973
58666
54899
17694
35316
38840
3480
14274
39156
19924
36921
10894
49194
14348
28915
54766
15075
4668
29871
47134
25011
36804
5855
39766
41690
44973
47047
15978
50026
39438
15684
6305
14290
15227
5906
56975
51544
39756
26246
3659
10608
41609
28307
12882
50633
6364
36489
54199
14885
14197
14728
47498
46925
9404
35748
37435
16310
15588
48881
4548
38757
20057
52279
22654
43555
33363
15701
45655
42117
14831
39298
16551
30686
9196
32533
12831
15293
30308
20909
5538
56222
27345
32547
9055
17512
42619
29751
49499
53223
56293
26922
54763
31397
27837
28999
14607
56370
27813
50755
56107
48321
49524
57861
37816
59620
43885
21072
36943
16055
28858
47045
48658
24499
45576
41259
59672
45629
15723
43855
56532
42261
59846
30344
24379
38476
42795
8116
56048
13435
43682
26358
5320
54090
42548
51613
26898
42372
31801
40876
14038
28632
56997
23924
43441
36090
41636
16411
51286
36465
12885
51974
45015
57855
11952
34191
55870
54136
29480
45525
40808
15012
56873
12175
16840
8989
54824
59902
47533
5389
38778
23652
52951
23639
57556
43486
29082
31368
27103
8699
59397
23832
34417
54545
29668
56729
30411
38018
48747
43996
42176
55190
49798
12075
18911
4344
58651
20319
47085
28226
29411
20773
59976
27003
47596
27903
26610
23738
13582
20329
49093
12500
49822
12080
16070
3348
3596
16193
13785
47380
50946
40521
39932
11966
51940
51239
29560
7208
21240
39011
22528
42351
20395
31907
40224
6032
10736
20268
44986
48753
53408
49409
34717
18062
16833
7124
52692
26879
51169
44153
5410
3859
39628
27479
52139
59482
58823
31760
30018
13359
44177
58417
36217
32400
5646
16315
33846
6751
13881
49223
10929
56429
30125
22551
38873
13323
39058
39048
7230
42670
22497
3403
46490
8400
10526
18466
58070
42767
9917
16402
57021
39738
8182
18185
3944
49616
38902
15230
43433
43365
34203
49207
40254
19414
7755
21771
8564
20263
39943
16974
8878
5771
41851
28346
44274
50981
11706
41835
49085
56750
30909
41329
8068
52354
21189
47796
57987
49052
22879
6532
35812
33390
32967
59638
11548
25360
22894
6584
30103
29484
20098
29509
22527
28554
44833
49730
7442
47711
31424
44335
42799
48502
19579
5051
41785
29072
49593
17733
52813
28915
20667
22741
3113
40460
28860
56047
