387
43788
49474
42231
42987
36062
36004
46474
28098
10476
43044
22652
56254
19394
42668
20550
7671
8929
4804
34906
11919
3477
57265
55220
39361
33528
26694
30354
4117
25448
47403
41002
34441
54033
32414
44695
7184
22857
32374
20604
5393
52989
37690
33713
47085
18424
33059
25440
41180
32973
39272
33521
38291
9268
58239
8566
19697
49548
20220
54437
58038
26060
51309
7408
59584
37373
22643
15819
55513
25768
32620
33682
12356
23444
20136
29916
44453
4927
26923
23017
43236
17867
27020
15305
26582
15930
19523
13210
58473
12135
38897
53749
50773
6730
40662
56848
41437
56329
20316
35325
51165
44791
37686
14770
45320
33038
53912
23455
18919
57236
26892
35403
20079
26024
7307
13429
39383
13291
54739
52401
48556
55385
26230
28047
36288
30121
32303
49849
8380
18965
7687
36803
42538
30558
13307
34062
12149
17190
35620
9527
43144
48660
21256
31196
11075
3934
58405
44598
13033
9019
4754
14781
20748
10496
20186
39113
57447
18667
23063
55109
5112
17747
24499
12718
35111
47304
32191
55797
22827
40873
49249
46545
56045
25990
11138
27182
55334
53770
51330
51380
16816
4062
8477
17903
59716
39267
52904
56162
29714
8835
21249
40597
14223
3914
21479
39434
8887
51999
25615
30911
44701
50402
52230
37249
39333
49934
50457
48082
18670
13447
49816
54304
33784
25154
29215
28444
42165
29983
57867
6978
50747
27215
6634
35737
16291
42388
12021
27162
13870
7461
40676
24370
14500
27570
3777
34681
51093
43072
29054
50375
8466
26277
43104
55517
6549
41234
58965
40614
37376
53351
45157
21116
35485
46856
31434
16183
3658
44482
41613
42786
19782
5029
6586
23564
46667
34390
18274
47388
46884
34477
10028
22491
17636
46941
40449
17642
44231
40570
28256
36797
17724
33439
55554
38377
21712
13817
12536
37733
28686
6747
45402
51912
20353
38826
4562
40837
47275
23966
28427
42309
23375
51852
45037
39189
50569
35754
44488
59965
54342
29885
47267
12407
34465
59400
43057
20242
42229
26892
54804
10020
54134
24385
37191
42013
42395
43804
41368
45908
7432
19667
54097
40879
59272
3627
19122
23700
15195
22700
35723
33239
12730
59946
53442
44032
44126
20972
31443
41329
37669
59990
41111
42423
39527
22183
40252
47411
8246
25100
27709
41725
16404
41305
58067
31238
56250
58261
19612
56933
25399
23379
28978
19197
48760
22218
38134
31328
51720
11660
33065
26800
28319
31057
58860
55793
11472
19311
53553
26420
