1538
37140
30363
19621
23809
42316
40757
28047
53662
43853
6437
53611
48958
4849
57320
32499
35761
32585
58297
42745
32414
16311
3166
21207
18010
43740
22945
59446
5837
5015
9735
43051
30414
27241
39995
48866
3182
42006
9849
34649
27407
38591
23754
58341
8007
52882
48469
14310
32947
31044
11379
11789
28954
36922
34013
10687
9800
5023
36287
30162
38829
48908
24668
6106
51080
13664
44296
22764
10692
55809
40411
58200
12896
57830
26983
58826
23726
6507
30714
37582
10851
38548
48569
30496
48908
16093
43924
40895
49936
37313
3551
7273
6181
29329
56434
32440
15532
41602
58489
39630
15757
30721
38549
53600
11205
6984
38071
34483
7784
31259
27860
33991
10059
22383
43819
4378
49006
22353
48437
25418
36132
32708
32945
35890
4587
39410
22144
37386
4011
44208
27146
39067
46767
48279
16208
43549
52341
7702
13692
33340
57732
50997
13001
23915
35455
38127
21692
42396
28689
51834
8227
46761
41203
24249
44775
45808
55470
58770
35869
52421
22130
16692
20767
59965
7484
7603
6574
44357
34402
46292
41299
19603
46355
54084
44528
3577
43389
21848
44300
16856
28786
14470
29029
36143
22197
22179
5530
33241
36265
41529
54075
35268
25174
40379
30877
40444
59420
13618
22671
25052
36972
57888
29666
21704
10086
27792
46160
37490
43416
27361
50962
8380
57864
30705
10699
44121
40759
14882
19281
15159
52841
44383
26959
26672
24845
20428
8965
4140
13372
34463
43004
16951
54220
30067
57976
41322
50671
10846
55783
43324
42797
34952
7586
38525
16653
41998
9966
20547
10500
9187
23371
42578
14868
16205
37255
28415
56538
6573
36378
15709
7173
23359
53286
42660
37910
24918
29763
33760
21904
51048
21090
49340
50046
47538
13336
17021
35939
47623
21643
25795
37333
21628
20571
29693
43511
33031
49584
4912
36492
26452
44798
40923
58267
40879
33037
45587
4702
56231
33981
55981
54182
22333
37093
50679
11305
18077
56087
6205
18636
48294
7444
38312
14308
24552
34410
6503
31920
13997
29744
10404
7730
5067
54065
25772
13032
10842
52955
26664
32348
58140
34817
51608
59896
12937
17095
56052
8567
42290
34649
33293
30516
4764
48199
50727
17571
42925
3831
16031
49226
35677
28282
12489
34228
8519
17683
47154
24913
13827
30622
45598
44791
9518
34541
14901
49065
52207
35893
39334
52187
55581
7537
41521
7108
48933
25645
52552
12073
21464
41378
33469
22464
14837
46531
32259
20864
56293
24829
44719
25731
40182
3538
56609
21169
52266
55077
31409
46664
51193
50766
8899
59611
22272
47982
19334
6905
32203
32373
17072
49808
23999
54350
5039
42320
26127
19807
3435
47892
52689
4839
12103
45240
37666
58656
52698
45707
33520
15463
10135
18032
11444
23872
6100
8405
32699
34222
17646
31741
19586
22174
25655
33726
5083
8036
17522
8774
41048
51985
32118
48141
20400
5302
33913
38245
12527
40693
51034
46066
35317
47574
5078
50453
14627
4901
7341
21208
33280
26625
10047
17260
22523
24445
29204
51944
21266
25929
41531
44941
36619
37154
45345
59436
39388
32299
25079
24765
44116
7081
27502
32169
46040
33181
16195
53396
45875
52696
55672
28490
5748
51965
38351
45848
54519
21306
50219
3931
5139
20229
47727
3050
58169
4549
55655
25620
8192
35952
43328
20275
19723
26433
42895
32177
24357
37332
37368
41230
26737
29269
36610
19827
22853
32134
11111
37040
22947
44096
7726
24987
16159
41090
44642
18201
4647
28098
56559
11147
44053
20427
19373
38287
53442
25198
51005
3905
4893
20107
26064
22989
34483
26681
31987
58224
4406
15426
47172
18971
13609
39276
52973
18351
48404
55392
38652
22765
30634
25510
6389
32801
36715
41611
44989
28736
40137
54942
5153
39369
16345
22776
12721
45435
8006
47527
17406
21759
16363
15003
54084
39978
33578
54968
6623
55240
20182
40508
19960
3145
45977
42333
48871
30318
42105
13714
49868
35605
14979
41007
45801
23394
10698
43076
15725
49873
15261
42361
12337
42204
6060
22253
41059
13106
30667
34579
18692
51479
3163
21960
34714
4234
16504
9500
23966
7537
44902
27322
52011
6628
24373
20545
38707
55367
11322
44656
19060
47295
9822
33811
8456
8972
13506
31161
35935
40788
33577
20320
36132
13125
28897
57551
51716
10754
21484
18902
48007
10400
16688
13555
52592
41704
42349
50621
28207
29292
30547
25414
50175
52389
55452
10859
23761
13207
42340
43240
11527
3549
39298
15708
47750
42230
38512
59918
38509
22340
59567
49598
51677
40178
3104
50685
21876
14391
12715
35410
56377
21813
44372
38329
51132
59121
13946
59671
13623
23560
30095
28651
58004
30832
38769
20997
5705
45371
54517
44044
12672
36404
40355
18366
22974
33369
31025
37353
38791
33504
19417
42216
21233
9142
51842
12149
13655
14038
14393
27818
18721
7690
37553
56542
59896
10666
22792
27069
12969
15982
48954
11966
31092
36057
47830
53498
54845
7501
38760
27279
54117
44638
38777
47070
47658
52488
33033
31451
29572
58877
50399
23921
7970
22454
22990
34916
49451
21739
18487
25200
11797
21688
27730
14875
16318
55571
38272
39567
5730
33960
19567
20589
24384
27349
32710
26848
6333
38225
7220
3994
28041
3140
30156
33970
46858
47906
40946
6106
51125
12516
38165
39995
41344
27760
15255
54045
59106
57040
33950
51639
25418
10028
16019
12687
46964
51323
19544
10445
20529
36085
47808
3053
55633
28028
5078
37110
40325
22763
26961
10791
27805
49690
23355
3253
8021
11157
29206
19951
25101
6903
5103
29558
29953
26484
39949
21778
53896
7061
24335
54111
22153
4895
3867
47339
12234
24730
10257
18566
7841
7527
57036
6069
10880
28422
12526
8730
27550
57232
54329
33227
20678
50522
29312
33855
50117
13721
12891
53404
50923
6881
30384
47878
36374
30394
57786
9837
18774
39013
6523
38584
31099
58156
10908
52925
25399
14152
35746
38594
17821
42334
48287
14614
33490
25663
12107
16887
16097
19865
19322
11064
43744
14871
18525
12670
35796
35838
53824
56219
4911
34329
38274
9364
49729
12900
32650
8906
40448
46427
3429
28095
43184
44011
23215
43656
50466
35722
25992
42168
6335
14134
22567
32308
39231
19375
59303
52000
8668
36512
6246
14586
38736
12924
59942
9819
38127
18409
32397
16186
17861
7782
58092
35507
45134
49078
28239
27249
22833
57314
48924
57991
16761
35183
24309
25378
8670
20069
49648
40954
46932
33366
37151
10168
42221
38079
44195
16330
33032
44427
34673
26712
40283
6293
35516
11627
35083
55207
30307
27122
26638
26434
36012
44936
43454
8929
14480
58369
5365
26916
40749
47055
11878
52472
51874
24636
29723
59755
37347
58096
28917
21110
50523
49771
33078
53063
48612
45690
44958
38936
9912
16345
32991
22342
26489
48195
35245
9789
50089
56885
31157
27004
20290
23648
8441
6781
9406
45663
49101
24914
17353
12690
15893
41759
57824
43846
33560
50583
8131
57203
34554
15527
56643
34589
24057
53472
29664
24412
40660
48799
42603
24154
23343
14116
16768
21531
37584
26194
11223
28660
48266
28332
44675
13275
57775
21592
12677
36801
18417
22780
29804
52762
28188
23247
3951
16531
41976
14193
30585
31314
26261
25131
13215
36187
14351
55489
21560
13232
52301
20692
48791
11867
19919
28246
48763
57185
45531
48058
44095
45800
54177
9908
31646
7298
17243
3637
15018
52984
49130
59577
12463
59820
9641
40994
49976
44752
54660
46943
17853
49138
46194
54436
8472
8234
28974
8785
42599
22829
59741
23506
20188
48237
18047
7889
8723
50851
57150
46239
54799
41478
24835
40309
17734
49695
5654
47953
5773
52619
25166
10553
43310
41652
19086
49379
58316
51676
13450
11720
43098
12461
5304
40457
43052
49737
29987
4736
7816
41463
14645
23758
38593
38539
12617
53344
46031
37354
33204
6665
38931
46065
20837
24256
41395
41022
28295
30067
15406
47966
25319
52551
31735
14143
40067
27467
3035
59232
47999
18812
29777
37884
20099
24016
9437
18371
53453
15935
30866
12191
49284
31581
31506
30361
12123
11961
6193
3749
22827
9766
6902
29605
15575
34583
36161
56669
8138
10194
43721
27658
33895
30106
18763
43699
36350
18470
14592
30473
56676
20036
14031
30181
11065
18643
37401
48880
52336
15629
16213
58839
53017
52582
36893
30298
27059
36132
50378
51864
40609
54528
26839
34212
11662
24436
22367
13430
31665
23204
12728
22385
14939
41457
35186
41520
3592
44811
37189
29169
30458
9994
21694
35832
6531
31441
4605
4626
28754
19950
56517
29923
22482
49593
46535
14678
45934
42533
45523
33007
31012
47549
11708
53351
32250
30111
19342
22666
45734
39830
29729
37101
36472
59327
52962
41996
32800
56380
47239
9545
44783
52353
36368
51431
5231
25835
59164
27018
24319
20499
6199
18309
23996
15828
26808
7684
48972
18122
42696
38100
53220
56031
43547
45801
46754
35732
10744
6095
5664
44572
30179
57153
38862
28939
30444
37170
51073
5498
17896
19195
6214
30702
4057
30175
35419
57967
44430
24865
14194
47431
40980
5526
54861
42935
45816
3316
30565
8214
14228
57022
38722
5670
25165
38383
51611
37659
43258
48616
22229
16769
3727
42636
3092
52802
41026
4947
28446
49155
3495
12096
52448
15963
48465
27204
36245
9212
42919
24153
22727
52793
21034
51723
30532
11304
3183
48782
58992
19947
47876
17695
59038
48343
30896
46083
56223
47448
3243
8669
12646
7359
37908
33221
47809
12893
31066
14178
6845
5242
25146
41979
22998
38923
47571
17572
21808
58194
57557
46289
10907
26317
26846
12608
9481
32168
26635
14209
52222
13485
51845
8410
45585
20158
39480
38445
53328
52339
11871
33606
59435
33103
59668
32729
34559
45478
4978
23443
24600
28494
49167
19109
8798
46493
26745
3647
46291
31737
51642
40209
24187
22651
19808
48813
59788
51376
31929
56395
21882
36805
6541
42214
21282
25899
36186
30659
