551
5235
39795
18908
22598
8459
13008
6600
4803
9337
56537
18963
5764
14408
18432
25786
45875
7218
13947
8818
47098
12428
22581
20186
9475
42346
58585
49511
44043
36658
26315
36559
9672
45998
55498
40205
53772
6071
10148
29205
18584
9134
11356
57789
49975
56762
10929
35895
42175
24869
30882
41640
31311
30312
15195
46588
19299
18868
4791
57096
27150
52080
23053
25072
55065
47785
44334
45943
46424
33893
43684
21924
7617
29644
4164
22174
7526
25593
3238
17091
57961
57474
58787
11839
26474
26015
35388
32018
12194
15706
30917
48941
16521
3968
25868
39294
37828
47302
12414
48452
14295
14702
29235
28051
24756
59792
43991
45529
50970
45479
39106
18589
30152
51216
54799
39777
16463
59745
41297
22950
43809
29539
43792
3422
7279
10107
21251
42526
55318
17792
44558
10987
34762
32542
29553
35135
21375
33129
12850
54206
15933
58602
27343
6180
49514
7941
17718
53534
13256
43563
18047
32681
10192
58749
52542
58287
5186
52642
9790
22491
43024
40585
37191
46506
40002
15897
31366
29815
19695
6877
41891
43521
50326
39968
59866
19529
38851
51750
24054
56189
28964
3564
21856
24538
54282
43155
20735
46782
15585
4363
5771
10744
31483
14882
21302
47227
40464
49051
27152
45093
45455
30863
38211
23545
42201
13492
4450
50219
55708
32487
34473
42166
24691
57799
33347
20197
43433
55041
10127
6929
12573
10431
46782
30635
32294
20338
58014
8990
48630
7741
57923
36783
38515
59871
7924
57628
19976
22517
56858
44409
34187
41016
27304
34936
57865
19952
9737
29500
59184
6513
22917
36213
35177
28685
12064
42000
52126
9783
54560
10300
29138
10248
28475
8028
32227
43311
51201
55843
34176
51410
3093
33363
55874
12976
17123
9556
38020
4466
37539
50353
18091
8312
48170
34332
17363
58869
53745
41382
50053
24284
58508
18945
21933
36224
47021
28638
19052
20727
27122
8064
43794
24548
17687
31735
21791
41526
33673
37009
18546
6210
20582
4132
31177
14177
6842
46270
57173
13796
34149
15382
50128
55246
37257
38155
50887
46301
50938
33296
10688
14981
5367
49943
8528
4495
55740
44977
33029
43779
38509
24167
7201
29771
29314
15396
39772
55644
13913
9317
45727
23588
22972
44452
29722
24676
10552
59670
50020
58979
39406
38003
10796
23300
59705
25356
33398
31233
6070
21905
43940
42606
57562
13825
56230
35916
26769
33004
54194
51066
53497
53699
13223
51029
18676
17516
23308
49084
25768
56997
30509
44705
22574
45497
57625
28554
30088
13654
44751
6179
7344
31316
41817
27530
37593
37262
10068
42763
28358
18589
36629
22599
55131
33832
25587
21434
24270
45004
20911
51767
57068
26806
39604
9762
31613
43304
25314
6903
34149
43784
46862
51295
35317
49786
6204
10552
34315
32041
24881
52111
38316
35767
35987
17778
3801
21021
33463
37362
57236
40204
10544
27656
12141
49148
4372
40213
47292
58425
46843
35819
50588
31794
31648
3259
16436
46845
45473
13352
52673
20863
25061
47597
3526
4071
21126
18364
30776
17314
26953
23987
10823
15744
19056
10284
44478
26841
14377
45481
18660
23298
26337
6448
10555
38830
21945
44430
34731
44133
17832
41953
18338
47472
28569
42878
58661
9082
13269
7590
30866
56508
3516
44752
18500
6144
39436
8900
39755
5715
46544
56182
30962
44324
57138
18830
21647
13600
34829
9158
50914
17036
37959
30484
14516
25795
15510
46051
39184
11779
51016
28183
55325
5254
57886
32453
18937
9859
57135
32061
31120
14877
33527
49577
52991
54755
