1483
6767
55929
5955
55356
56415
58398
55138
13979
24473
41159
32207
48526
36637
9964
40454
14786
11307
45495
10390
23051
14124
11733
42610
32653
6001
8777
45818
3094
33238
7276
13985
33448
24717
39808
26920
3249
51954
8777
32119
35046
50928
28310
53383
35736
6770
54932
21739
8836
37796
10298
27597
31665
29425
19176
51462
14686
4391
5906
30489
12790
54465
22708
9669
44083
32018
26518
46263
51512
37922
26533
45046
54363
59552
54407
37481
27390
58595
16334
58822
15906
33871
57225
37791
42771
26331
6912
25902
33196
55302
58740
38242
58412
39016
14630
58721
37226
29296
11231
24739
29366
28259
31100
27427
58647
45361
53559
32168
54116
58742
26497
18805
13862
34893
50260
14215
39398
42766
49734
31064
34782
34016
9902
8176
20727
15008
34830
49233
47967
8832
41517
41417
47438
16058
23472
52996
52998
54429
9287
50879
31032
19687
38106
56030
54448
22133
40655
19541
7878
58195
38252
38542
8664
3219
59061
9841
25136
31106
17400
29720
19165
47367
44616
25346
24428
26394
49184
14413
35833
3537
55882
52748
33192
23281
29486
12664
32654
28093
3545
29359
40503
24098
21082
35762
25838
54977
58636
37010
52812
53367
50670
38830
28366
5194
49527
30196
35806
36834
45781
40145
45998
17465
49959
15069
53285
21222
8484
27386
46725
3021
31589
23735
36193
16392
30768
52132
18116
29449
26672
52696
17721
31239
16299
51676
40906
38026
24137
26901
52501
42675
18958
5699
27557
31912
39254
41900
6025
19930
5439
24838
26345
17759
39864
41348
42394
21876
8610
28242
15679
44455
32286
30102
57178
26404
36797
37757
43416
48287
26569
29825
35269
12757
51560
11625
44126
3695
8098
36071
5725
9243
11567
28390
20120
39360
22249
11866
59419
17085
42108
56504
13501
18968
21448
36358
15593
32018
11652
41337
28400
51961
17421
29669
42399
3939
4008
24716
48652
32083
33183
46860
22989
38560
53793
57001
47580
45501
57640
52546
8499
12062
20646
4259
44101
26923
38069
44321
3470
26316
13611
26654
27241
20165
11516
37021
13840
14966
22225
37702
10234
3470
47565
55576
28955
8400
4749
28471
38560
30968
12670
7392
36178
42008
53019
29465
5245
15147
39040
57853
34968
3210
59162
13986
40133
18624
44127
10172
8805
33973
17117
41971
37153
30885
16128
7447
45379
21424
6712
14147
56938
28082
12553
56484
28387
24722
44253
20309
35942
8594
49852
49565
31104
21337
57633
50394
41826
42336
34296
8098
23842
49410
58009
56421
11428
14797
50232
40232
4620
29662
5363
47895
55309
51643
32908
41683
31021
57662
4263
36083
6589
35073
57013
56368
39309
24504
36579
10263
49569
6219
35487
55621
6065
15534
29842
37707
27853
28600
17039
13459
7199
9056
38877
34207
49941
57342
35003
19741
35601
20095
25501
55377
41754
28597
30442
15575
27096
44052
38916
26268
56864
14124
12703
18882
7012
46073
40018
56073
51033
28669
6596
9447
10895
13002
17378
21869
50160
45429
43382
29242
32080
3886
13858
20766
5458
48431
43323
46169
47526
56310
43874
16333
37559
25161
20521
54051
31385
13794
53701
57977
14199
50331
19148
33764
4381
13139
40535
34107
59451
59879
14768
45271
56349
13038
17303
52119
41344
38053
54468
29585
57943
49737
49685
30904
18944
59401
30795
7314
39440
48972
24198
33092
41796
10793
8718
6088
18188
57760
13029
23895
35595
57239
18539
12729
59849
36963
22525
31762
33340
40471
38513
52504
35929
9762
17722
37998
11367
50967
26808
35077
35249
39948
58598
35127
24443
54131
49083
8532
25943
55003
59914
6287
17339
17198
46343
40627
49857
40977
29465
4445
11582
5693
44090
46641
21614
32392
42765
3676
54271
46046
8817
37482
58386
31250
51288
42358
13994
29552
39376
45287
18064
42611
18203
25425
31492
32233
21825
13945
53167
52333
45599
43595
43434
21600
50970
31803
36225
49080
54864
44809
23400
20324
18208
15609
3635
30606
22609
42784
9783
22034
59975
31979
33280
40744
56643
35321
26225
40835
22879
59799
25108
59316
31902
32306
19958
29483
18873
53206
3368
19474
26730
19319
45138
27073
37853
53645
26018
12064
13093
8367
3201
54136
4439
48795
46580
22279
43294
28212
52074
37389
25281
11962
53401
8074
20787
24758
45167
24103
13308
33969
55913
21432
20769
36720
42785
56407
31002
34994
19701
56435
17407
31363
11323
13347
5104
54300
43599
51682
12483
34187
57849
15328
15321
25079
18030
59728
6885
35183
37397
21221
17996
40629
26614
54817
22848
46555
32285
18781
46212
28001
17194
6361
3999
20392
14029
30690
44794
17128
10256
21814
5178
34951
33065
46915
59822
31272
20917
40671
25647
35333
54068
40027
40022
17735
26801
33715
25129
39822
41481
7510
6267
39639
10601
40249
40769
42508
57874
54356
3143
43119
17561
15523
27059
5822
29100
7089
16338
20960
13487
59846
24192
42516
22061
45566
4485
11157
19565
55641
47565
53207
26422
18799
37420
12305
38382
20489
50592
19948
53793
37967
57211
10054
52465
21519
16172
51318
31096
56081
13178
18873
21594
24858
13368
8855
15559
19936
26769
13841
8958
59913
53360
56343
16766
45672
4543
7830
23494
44780
40992
54353
44237
54465
14894
40648
23634
47558
21448
16446
51966
49500
41515
48549
7701
17390
56036
24423
27499
6021
16746
23120
32988
54448
46582
3421
11905
13682
27064
50102
47090
18318
27793
52550
55289
19155
36263
46999
11180
43402
49331
59313
53326
40076
15045
54501
30151
24472
5221
50160
11154
32180
46913
33730
16211
18626
34213
4475
9723
23625
27910
4986
58358
42929
3799
29572
49728
40017
34342
40696
54163
6164
29265
38945
48355
55943
36072
27605
31460
37133
40725
49829
13604
10749
55562
50926
48267
6658
40414
46736
52693
17024
7591
58060
23132
54956
55067
36900
20626
45476
14075
26392
9944
47917
54149
28463
26385
18191
26745
25352
36692
3943
11267
32559
21907
53870
16934
15960
28089
28504
35197
39114
49066
17775
3509
27825
5430
8423
42883
43484
22628
35084
37978
28712
21519
57585
51640
41770
39223
41774
43615
49076
46561
5243
31778
39188
43279
38394
56996
40584
16783
18207
49728
30550
49400
4975
26132
29926
16750
4502
18038
55480
30236
5026
41901
19000
4794
24399
57068
48016
32421
27424
16937
8415
50761
52746
11503
26789
50230
49166
25361
40767
4690
3616
28501
43041
50883
30593
3803
11028
27532
57691
28207
51965
25860
31589
28761
18412
36653
40845
34533
34634
14405
24991
52181
41618
46934
13926
5093
5450
41510
52712
33509
29946
4296
24307
33686
57759
33063
54062
55797
3806
8848
12593
31669
12892
46252
27516
58585
34890
9810
49257
8275
22488
51078
23975
33700
41090
10901
32644
7894
41849
29144
14587
22303
58627
42107
48050
41275
17612
33352
29633
47336
31662
18916
34560
30850
55701
4615
33439
50316
43216
24262
50866
13022
47171
50684
18509
53293
32187
45624
26589
57880
56704
48932
4781
8214
30699
50199
10993
32219
34206
22434
14906
14744
10082
17106
41153
40124
44783
47675
49172
5593
49285
8135
58491
54564
4460
5240
43535
15068
35075
28356
30977
16464
8117
18989
25083
53249
43592
31737
37761
14566
22528
12575
5250
25610
43778
36156
39238
48481
31815
47713
59029
18769
57694
34915
17332
5876
24491
25618
16669
46772
16739
45133
50798
7047
46112
10102
47135
47612
27834
46411
47969
20424
53966
51505
42137
27037
36624
48491
58169
12899
3536
29730
13523
48527
23367
50816
16762
45016
4835
43507
53094
26977
46825
52036
36172
6965
50637
59575
57323
30460
44541
38745
57664
9898
27457
26677
12018
52869
53895
20529
51583
46531
16441
26253
16269
31582
36183
31819
15468
28546
14812
6053
28152
9316
50775
25452
6150
55738
28419
8552
12506
34115
48522
40617
42888
21992
44251
31694
15106
34448
54807
40236
4830
4561
23926
16062
15846
16611
35861
17700
4970
28800
11752
21823
45837
19315
39626
40933
14441
53695
29267
58945
33170
34535
58034
30960
6932
54041
44530
9989
42033
30276
18982
4719
4236
29066
54171
22005
39659
45008
23308
29298
55833
59489
4577
47443
43715
7721
57441
26556
13620
31047
48821
52161
8783
13003
26039
38299
23293
46584
19521
21919
35097
21005
47819
8182
49088
38321
6259
3841
12526
21735
8937
49385
17344
29994
35794
3334
5703
31256
52940
11018
47236
41802
32320
27585
56340
44195
18212
44303
23345
38840
22296
9104
58906
36021
8792
49355
37518
29096
57406
50582
10101
56449
21626
54087
20640
33138
12300
4318
21789
47899
33591
47207
18649
4076
34141
12506
45784
47682
43942
46425
27526
37379
45798
46573
15223
4084
46879
25164
19368
57539
16533
40096
53249
18755
55934
40224
44578
58338
46796
49136
37218
4913
53998
33107
42994
8092
39717
47223
45802
52707
19077
10633
21459
23002
43756
10978
39328
41941
30510
24888
57870
29465
23482
30962
58033
48369
35629
37401
9438
38728
46446
53432
9109
31315
28591
43344
42307
22140
55456
32383
34510
28686
32575
9791
32981
35039
39549
57310
57490
54856
53084
23027
41692
45510
54828
34004
11971
17780
44423
26402
12958
56453
34533
52610
41276
40783
35419
49793
18775
41915
26259
40707
3445
22953
38146
43396
59119
56078
15852
8209
4483
29450
36794
20762
59352
5800
23538
33731
31173
19289
32605
50223
12261
11525
47615
29325
23819
43777
33565
42744
30636
46391
15686
23388
19523
23727
35750
3757
38323
12686
29716
30748
19634
37849
20063
47508
43207
53401
29419
6286
7041
12998
12291
