780
34430
27478
6163
19745
31365
23845
23890
54183
58037
38614
43253
16365
32408
58002
41831
6420
35132
26632
48077
5334
17947
45619
18211
42356
10292
47503
50497
30514
39996
3115
11035
27719
13202
9866
30687
11762
6549
18559
42102
50251
23174
27949
53653
44695
5928
36634
35393
50448
11023
17760
10406
21450
38008
16570
44822
28350
28143
24758
5400
29009
51873
55756
24738
51509
44054
32529
21396
25525
47117
12234
40843
47080
59557
13876
16357
43807
10582
36377
4873
13927
41116
14827
35251
20391
11529
20195
25977
39118
14165
51502
5911
8535
15414
38986
28704
52654
38928
17122
39295
9849
4073
15226
56570
57442
52015
12338
18656
23852
20062
24283
47977
48809
4062
18788
20011
20405
4335
26399
48297
27717
28679
49049
8702
28177
56460
11561
3021
26301
32946
25152
19510
9701
46210
10471
52400
45635
27266
7956
10173
51070
20993
25786
51062
26842
15706
22260
5041
54261
34750
7035
58218
22382
15232
11941
6897
45112
45061
53270
55912
36699
4993
3494
48137
30283
40171
19114
48468
4393
49689
3691
11755
33897
16148
14521
59882
43735
52623
47261
9485
56196
45971
51911
7934
13329
21217
57955
8297
4857
32874
14414
22598
35974
42054
35840
42240
31056
12434
40920
31918
41961
16101
18602
23234
54870
18757
16474
15863
50939
55952
43376
53041
44321
30316
31503
43340
35302
3841
55508
53033
45367
54444
31859
5305
25683
20511
6784
4261
34003
16554
28760
21892
14742
21420
47746
48315
34756
54472
50118
58304
38508
39510
55627
36009
48836
51187
14394
18346
38237
26186
29762
35814
12628
53736
55609
7357
31876
15821
52236
17461
29934
46691
38235
9105
29315
4168
43670
12047
36915
16560
31604
44697
16749
33389
34205
53977
19955
46295
51146
43001
9804
33242
33778
37332
34655
58261
59099
44268
18578
46823
31258
56237
48818
8771
3024
32264
30316
37280
23189
15592
21764
9175
50735
48084
59864
10707
53355
45387
15296
17572
9456
55010
35139
37553
38265
7259
17737
43363
18554
19638
45486
41433
54864
38695
22227
50363
43023
58311
13290
14225
42058
21931
49425
40358
19120
31222
52114
11501
27995
17077
55809
17658
10439
43450
18662
9210
48315
37493
30664
41779
22022
4096
59498
30278
3891
38677
16655
31810
50589
16780
45211
27862
15664
5323
8718
27914
10199
33646
49551
19042
26593
40965
28742
18730
51121
23221
47986
54923
56027
24173
57778
12950
43364
47931
55426
18169
35040
43672
8473
19862
19614
46429
20567
25929
29257
3005
32447
16462
48612
18700
14656
23932
45187
28143
52154
46591
28083
20686
10527
30765
29917
58294
26525
36924
50712
25409
45745
31728
15249
5154
47831
57547
18584
25212
46259
26176
24629
42849
35333
5929
3119
39693
34133
42170
21615
43003
49642
10695
41679
10219
55078
4100
56364
48699
45890
9438
19630
34473
15820
33593
51179
43345
39734
4229
10317
3463
53970
4316
17115
21597
47145
52728
3294
3065
30072
51242
16139
32404
43064
13173
23715
36748
32747
48805
32858
6366
35137
44787
27602
41368
54187
18973
48412
53051
18997
58225
24860
15540
26691
22576
30750
46408
30774
52718
52575
44278
7757
12273
25915
55667
27844
26629
28400
31255
33290
25563
54562
32677
32367
33051
26992
7081
18332
40212
14226
37831
15777
35485
18274
5529
32526
29510
50011
49930
16083
26729
6228
48080
22342
35708
26155
18841
45821
47799
8131
17608
16911
51551
5054
34431
51070
32687
38959
22408
46805
18889
37732
14158
12903
34541
17136
35331
16310
37178
48342
3514
41238
58787
50908
6311
47644
31704
52340
3829
13769
18116
58079
55124
33826
14180
53052
59972
51318
29695
56733
53453
18495
6584
31604
23630
50395
53071
30130
26519
5460
43532
4504
10712
57496
41480
37336
39837
18797
16390
43773
39465
13705
40248
33107
11287
18400
59156
53902
4211
46315
27366
53650
11202
41232
43231
19166
45557
11327
51066
49215
32264
26206
45056
53656
39376
43699
45567
55202
39920
47141
31323
34433
25912
7130
23455
42080
41476
50636
55883
35987
50683
35608
12202
23222
20431
59746
18256
59345
26321
39935
24206
26888
36845
31943
51445
44877
57387
58249
24806
34819
44969
41012
10965
30596
48506
20101
59610
24374
57331
27932
28454
44211
26917
48555
9224
5046
49032
41261
42441
16561
24687
47244
31832
3301
9363
41578
25432
8684
48404
19020
3580
50897
3807
15228
57254
37582
28711
26973
55456
48960
17055
40963
55641
7712
35315
18906
12524
18722
56448
38692
35053
32747
20019
29978
24128
39124
26531
56326
13352
9200
52111
47072
49347
27617
4091
7938
30632
53955
35428
44441
28823
29434
24151
18441
34673
15118
19040
16765
24942
7837
40123
56037
49732
18682
56398
14872
31699
34639
35222
50811
49407
18306
54342
9786
41804
18505
14958
3588
6676
15708
13216
49663
14204
24109
15272
30774
36779
44080
7602
50059
16098
59914
57480
34243
46259
43901
53687
17187
46470
52428
54174
21800
38700
7340
55623
6233
