1030
14302
57806
31680
22528
48857
59465
57026
40071
15000
46007
35259
27057
50883
4199
46141
36237
24210
29208
54742
44585
58033
25890
36850
27976
38379
44317
39042
5330
33474
8713
50003
24545
13847
43236
10211
57808
42061
14418
41928
44772
31076
31466
22336
20441
6677
50048
28457
41707
25902
27708
12270
47295
11967
58224
47132
31423
17649
17751
48032
13032
49797
36273
13561
50393
57210
43079
15436
6531
23901
8587
26508
42641
23079
55239
39312
30167
59622
55261
30422
36189
18223
30562
36496
56739
15737
12923
56452
25320
5214
21664
54817
45700
4987
56730
52083
11421
16825
10927
34130
5749
20677
25301
12074
16914
20055
41594
37204
5888
38674
58890
14738
42887
35859
37609
29188
10963
38701
26164
47071
57828
45859
48714
52433
55879
42069
6731
22859
5181
50444
28481
45596
39461
52373
39524
3222
41037
35997
3308
9936
20044
8910
40720
24616
56166
17475
53124
37612
7288
52936
18707
13242
38144
55980
32711
48575
6088
43391
30679
16111
41258
12927
5561
16061
52319
24315
12836
26446
13305
12900
56214
14557
42966
55080
4252
38340
34450
31888
14961
47795
51299
20641
57739
55948
45467
49429
56662
35993
31289
31923
45040
50322
19092
45689
20846
27909
19521
43636
29472
4601
31691
7902
11454
51447
48044
53439
34385
28996
59572
6520
11374
36989
38894
54974
58985
35593
46852
35695
8629
36070
54186
21098
47407
15393
40641
59781
13891
51222
43927
58294
6477
42866
9436
42411
48964
30636
11606
47270
59396
45263
29146
17453
33824
16172
55970
16828
48083
55193
48104
26267
23314
31070
7473
16314
6035
38898
44536
3260
35884
22911
28508
30462
36686
10354
15184
36715
17464
52701
44879
37294
46325
11131
18501
28566
42894
26078
42132
36548
54019
58926
48936
15219
28607
54809
31834
30596
23906
59091
42253
24651
52795
3677
16400
24747
5911
53569
10477
57374
17710
23606
21949
8343
45204
38271
59204
57161
20840
29391
57804
17196
4551
51516
37156
14611
6392
35373
48846
38481
34723
56579
48090
20334
59961
39278
33767
15324
58955
39590
10837
6748
48232
57634
43166
7254
54609
59473
30404
5758
22800
32884
36813
56475
30153
42222
50143
29035
19892
3397
38005
36061
26797
29114
35791
45674
42509
3943
24223
36728
24596
30289
41771
48121
41740
13099
51352
7203
22726
55097
57770
44307
36410
17197
26935
32346
8378
33921
32573
34876
5779
21046
45137
51231
14778
12901
54389
13690
57232
7608
43840
30656
29088
37480
30995
8021
4395
58654
59474
52611
50904
29453
35126
25825
40075
34509
58161
43916
59307
34881
33283
46699
52601
37201
20063
36975
31812
20475
20748
42508
22995
47439
28704
14772
33783
34958
36774
58572
40642
8029
6283
13554
29595
31989
13898
25749
16474
52776
16790
22111
26523
26917
3757
22529
52775
37882
11037
36058
48855
56986
54497
32918
18005
11187
57031
49727
57429
27113
5448
6466
25407
47107
14751
27875
6770
36682
13596
11221
19396
37837
23564
52650
28242
42860
55642
46637
42408
11315
49106
22387
53878
52349
22070
23809
39586
20058
29968
59295
28247
12051
52624
37670
49881
11506
31901
37491
49659
56420
13400
4111
27236
25121
42999
7279
28972
9218
15525
11398
4031
44560
4107
7239
55811
10225
28102
6919
58149
19685
18858
5824
27128
19373
35369
17529
57712
33997
35896
44568
49316
27795
5364
31434
29184
16990
36645
29440
18057
52101
57900
45662
4574
41432
5669
8854
41338
42176
48561
21132
41159
54023
54534
52045
31981
16289
34828
47543
36032
56957
39180
4993
38068
47382
35736
55110
37568
29397
36329
8888
52819
11298
24568
40353
25855
57092
24494
48156
21608
34378
58073
55957
28893
28135
59828
3915
22396
35618
53892
19491
22708
5022
11604
58565
59004
19241
43441
5693
23069
30460
44607
34902
51385
7339
16478
42745
41678
40145
58117
28013
24521
45432
5676
7335
37352
53853
59610
52740
57972
50681
27452
13815
50183
39169
15814
57199
49849
34346
44554
36267
49668
43410
26892
20907
50491
8281
35400
24397
39184
17530
40725
47875
49992
33697
16121
39716
8978
58522
19190
45469
43856
6392
8284
56728
45687
42966
27949
47149
54848
22791
15676
58287
3187
5031
41087
40880
43177
39539
48699
56596
4489
23786
33014
33298
13257
51486
32581
5357
23103
46628
27118
56344
53700
18440
46054
14726
57303
6360
7648
14121
54855
37255
34668
47810
54580
17581
23912
31889
37709
46845
38530
43696
43338
12441
3005
44241
22248
46468
15725
30462
38771
27224
36380
20849
44626
58169
6684
11083
44750
50417
7672
22816
55956
58573
53352
17513
24689
11848
51126
3838
56222
35988
46511
12999
38550
4404
23442
45434
14919
42927
16298
8075
34482
21134
31519
20703
31004
29562
40718
34225
54858
12425
52769
36231
9567
11269
50287
45514
9917
50468
30057
3783
4468
53073
17658
6383
34197
21659
26886
30599
46982
28561
45815
36227
12002
31384
26161
10682
54260
10304
40823
53285
59685
35293
58928
25101
52755
16696
4014
14634
3489
43009
10513
36242
32389
20016
33976
16664
40647
26806
50958
23145
50315
6622
25165
59251
41110
3945
37207
6868
45253
59410
53282
32171
22491
59381
50213
33150
44185
22038
26641
56830
4429
43223
7028
47906
59096
9035
20681
24659
4814
39460
5578
26154
17516
34804
24998
6452
58454
25103
47420
26899
49019
23106
33428
54057
55175
14153
30293
7473
6332
22101
44839
15529
37888
59299
51577
46581
58693
42636
43077
29734
8252
58580
8810
43997
39401
27295
8402
13071
45217
32723
59426
19751
16815
24091
24573
29863
53773
8599
3096
51352
29491
47340
55235
23119
3507
22571
55619
10337
43123
30022
56353
55150
36724
4022
10807
3392
56217
19309
30619
53780
49634
28819
58224
17342
38667
37172
37881
7143
32907
49480
14632
42644
20525
51778
28458
22105
53332
15162
12439
44432
56205
4641
47457
3570
23377
37855
47917
28395
28889
52097
41058
51767
7529
11916
9640
42171
28889
38473
56844
53425
12925
59050
8196
21926
46026
47422
26168
43416
8125
52431
36614
17117
4538
29011
46485
22270
30401
50798
21649
51894
37081
24162
43694
25281
8274
22170
37114
52883
57261
44385
57173
51196
24479
38854
25947
18187
8733
34933
28581
22631
41257
41645
26583
21686
56513
11006
13700
47626
22043
11459
54869
57098
18895
25276
36087
40881
55710
40444
42925
37960
3745
9108
31632
58302
5121
26061
6032
48499
16539
10111
42035
56846
7880
10563
59837
5069
47482
35012
59876
16121
11719
3227
42773
44889
7734
39250
10771
36860
3053
35547
16283
23576
24541
