577
53783
14362
12714
7564
15967
27715
31662
36862
42282
18205
17463
12942
17215
20409
57055
53498
16084
53569
44944
19324
54394
45112
30821
47699
8539
16200
10026
40440
28346
27960
26763
52425
38793
33854
15515
44195
53853
53444
7375
40737
38442
13332
10533
58219
12742
12226
38668
30239
34282
33316
50352
14147
4624
30951
51337
34855
10456
37237
22311
18014
12430
28078
41233
52021
39565
43403
4274
55669
49326
39191
25306
52987
38158
37333
51979
52540
54653
28773
22533
32149
41552
25079
16051
56059
56289
22899
28235
48657
35076
10634
52609
58016
27482
48811
57666
50586
33639
13134
54223
8256
19791
20208
58395
10355
13993
40092
17449
20808
30685
14373
38564
18896
29976
25319
7882
20952
43604
37023
6271
12321
13046
12474
7985
27175
4286
49730
25088
55723
20320
58204
24303
4452
14673
46574
57291
58512
8538
26884
30128
9449
22435
11878
39865
27564
47105
43582
43891
28328
7178
44423
29860
50753
19539
53468
13899
41589
48971
32054
41236
11417
44570
50044
13374
44607
54132
14380
38525
13960
43305
49334
54145
20218
32957
49234
53765
12885
26887
35185
45048
53829
6193
20992
18504
5039
16727
40104
28087
4603
24589
26425
45764
46807
20637
47411
28189
23592
51909
53465
18695
8874
48262
44921
9296
52380
44056
29795
52027
6346
55175
51110
23634
49103
38817
43316
14320
30581
9148
39074
41521
8470
36479
39367
13765
13878
35431
46557
5191
53659
14083
55154
22635
43146
22686
27297
23484
20418
23472
3092
16325
8670
12910
5677
41924
29430
6624
24342
29214
56249
14558
58148
34377
5246
50830
19153
37395
3959
35480
16671
33037
39180
24235
36540
12456
27230
3058
38770
14896
36912
18047
24306
14449
33120
24029
24041
36776
48711
48581
22952
27239
44758
30592
37575
49714
33173
34374
28016
54687
45515
18122
46480
21272
30097
51091
32401
24043
44265
15323
20182
55195
39719
23110
41102
13753
40677
11088
26725
59180
55637
51482
11437
43681
14982
26564
26901
27897
13727
22938
22776
34928
59532
52672
31678
25870
57842
51367
43043
11657
40772
30145
56798
28222
26960
58876
30151
47080
5111
19832
15355
44447
53714
49799
58252
57049
3547
3272
39112
12126
29461
47312
23436
9491
21687
45511
3044
59529
45415
29536
35699
30902
59761
13936
43221
41966
24006
44430
42522
53950
25180
54351
56989
31093
42126
23563
27062
48588
41257
48771
38186
54972
4261
39854
36116
30845
33526
6139
42852
24610
27796
21811
26705
30913
33446
34536
43334
50094
11061
13712
30426
47902
5310
16273
18820
54485
25371
36472
15453
16712
58080
51999
15059
15298
25939
13132
8057
25084
58073
49639
52028
14415
26616
14187
11465
11659
29452
38820
47708
46384
4572
36562
11555
50848
13261
10552
20768
43984
54406
32259
57011
31028
33299
34167
54854
28218
26164
33587
13373
8890
3744
52409
28746
21413
46382
20939
21089
18295
27973
36468
16273
30820
15126
25861
35895
53099
39979
45937
43779
49143
31110
54620
57001
25921
45737
44747
24735
7606
57914
28591
59011
42371
3481
31209
55246
49681
24414
49379
49308
42906
4301
47415
36988
14456
59831
22023
30670
55494
42630
4963
51461
56589
38188
12161
20143
28726
41374
52965
48549
14861
54565
16942
31351
26030
33277
16373
28529
31126
33054
44879
15478
15584
18149
13930
23366
40830
43229
42682
54906
25819
20556
11152
10049
28210
53727
13270
19431
37296
50237
6312
13062
36051
16514
24684
46715
59737
36313
55287
51676
9204
21702
54449
54373
12567
18231
16372
18633
21322
20500
11255
38392
27293
33972
39872
29226
54823
46353
33255
8703
5369
50086
16297
14589
48329
10105
58958
39205
8634
38218
14007
