1075
13479
50470
58909
38019
58495
33575
20617
43265
33732
23491
29622
59568
51068
14373
58640
37626
20380
11539
48641
39083
28468
59155
50962
29105
42283
55952
15492
39493
35788
57173
49543
15746
16610
19924
31286
10926
34753
40702
4491
46529
24105
58836
48760
19189
4776
39006
13995
46015
44189
10798
59450
37167
56871
26252
59705
23224
33838
35515
20322
37187
40403
57554
6054
48912
56351
4607
30538
43941
55316
19223
51513
39773
38151
10014
9649
9211
45682
55338
46080
58018
50059
44350
16807
50125
22885
13772
24998
31379
55683
56081
52753
17007
22333
44577
19564
17682
25839
40593
13820
33660
19755
3215
6922
49401
55252
3719
59657
25124
19969
35587
55855
16216
48159
48642
4466
52514
35234
34718
29594
37780
26148
51108
48002
42325
14563
45290
22092
32275
17858
47860
55129
48482
35768
48166
34912
6196
44266
28964
17237
33211
16278
51485
53400
6189
47402
18436
57101
18809
32607
48605
49773
34947
27925
40486
41441
19801
22985
37959
57294
36821
48530
10560
32583
37230
5146
13891
40168
23066
11451
13864
43053
52650
47184
6182
53004
19870
9568
14962
19401
35375
39787
27165
17235
11217
28840
43402
5503
13690
38491
40585
3374
50375
39799
30597
3753
42914
18827
18519
58023
59657
37075
9999
18138
38643
36273
9387
56328
23960
38598
53959
56279
6722
4105
19760
44618
26879
25788
10846
56671
41816
11289
21678
21444
51705
51205
54313
34667
24967
42346
9953
36381
48154
58554
39745
40481
7910
26822
18891
41207
4051
58807
6003
54742
6819
50359
5436
23153
55293
59031
21372
53043
41766
54692
27357
35314
20788
26481
44992
43039
18891
3964
42925
37969
40202
8071
30508
57905
15041
14273
42144
42365
24051
24481
50920
19298
43975
21801
5388
22117
9839
6447
41891
38304
21271
6232
37264
31221
8867
59721
4513
42675
52775
20616
17965
47864
14801
9212
52843
17876
31432
36112
52893
50084
9001
39127
24060
24959
43322
9822
45806
48133
4436
13258
40683
54908
33145
43330
38429
41741
20281
32537
28148
14950
20855
46330
44387
44383
45686
15841
58373
53959
5998
23671
30684
5490
34080
14661
8673
10835
54515
11967
56869
50419
15304
13990
4229
37709
8451
56316
31704
49089
10668
54556
35570
41996
14088
54958
47215
38865
19491
25018
17631
50149
47455
54590
44081
5427
44517
4884
50853
49374
30060
39806
28478
54227
55408
42812
26292
24016
31571
14327
42355
39651
44494
16557
18238
50818
17240
21575
35694
55302
15939
36506
48481
7554
53644
13098
4659
58702
51562
27331
55528
21661
21006
31398
5681
17034
27829
36185
5765
34635
27515
59542
6866
53438
19293
30154
50568
59576
12197
28781
6313
51448
15390
35872
5466
30206
11123
12909
38060
37882
18345
21468
56743
47503
28982
37875
30431
51334
9916
41646
4582
59147
46179
41421
22633
35273
21656
19684
11671
13325
38219
7613
12781
57501
20412
19915
17217
5899
9672
30889
5418
57867
36288
30460
9653
35481
38435
54948
38683
50025
10273
36034
36631
51314
59897
20145
25266
27521
4215
51662
25157
13381
47131
33753
51483
55449
48931
58328
25541
4274
48571
5300
51000
6014
6923
46639
20889
22045
25616
5930
25635
43232
24838
40258
13222
50259
39031
54274
16738
16247
38861
47517
28126
56701
56638
36666
33336
35111
3695
33092
29577
17398
17024
40556
8184
29561
43819
21662
29406
24177
57532
52684
32224
51997
29088
34940
4616
41143
43720
24280
19519
10415
56763
9615
41448
13271
36522
31454
32175
58139
25999
7746
59515
36568
54503
23854
15862
25899
12490
20167
8206
47229
47969
47018
46719
39129
5074
32455
58269
25781
59455
11685
5396
57282
51060
9303
34963
52437
41664
53988
5974
51224
30265
57570
32942
17610
56614
11187
31490
6382
3988
47905
51636
36050
45226
15481
48016
17932
29217
29332
31100
31520
40730
23544
21823
57381
19327
55351
23106
7778
28163
3759
4552
35733
34567
42858
29453
43507
25858
58126
39243
39215
33459
53319
39101
50926
34551
24369
20938
56468
10804
59752
40713
14605
50596
35752
58010
42975
27725
37499
24290
44185
29655
25207
59752
24913
55032
42030
50521
3111
37118
39172
20829
30708
26123
56544
27031
7829
20028
33859
43002
26958
18970
53683
18361
56212
23014
11097
33138
42295
55550
57509
26154
21971
55184
23984
16412
15014
8840
18366
15413
16630
53850
29676
25459
21405
15806
55833
47950
40663
52874
29566
59022
22441
8035
33816
3016
28980
17169
5391
16271
29849
56378
18521
46208
44810
22670
3578
27009
40680
26362
5731
47347
54584
28300
37152
17579
5219
55386
24159
33439
48592
40410
37666
26093
6460
34214
30435
19730
32834
42195
26024
31273
5118
18367
18581
3841
31002
7010
8445
30757
31978
51747
40805
15329
42205
44377
16530
31760
3897
43340
48779
31408
11453
29603
34555
44667
7552
13226
20244
46204
5104
48475
28243
58975
35008
3511
55141
51141
13693
43771
53340
21876
43668
38801
33150
45606
27526
33169
24333
52132
56025
31372
43120
40706
52729
34787
36789
45232
10949
46790
17415
50001
5612
40505
48196
5113
46479
25360
25575
28788
16321
40289
35388
31346
45188
39388
35045
18342
11832
13223
27506
43053
16295
35655
41249
46565
49061
55780
26439
8732
30208
50789
41747
20634
46611
21279
44915
22068
14483
17382
49703
25151
41581
49204
47623
57176
28665
42345
24318
26415
10599
16837
46536
16238
17822
42376
58521
6882
54653
28267
20166
47423
19327
25699
57169
56649
9074
25911
30802
18790
55892
11359
42034
40086
21749
8781
11271
41141
28713
30071
46069
18792
4708
42415
14853
15080
18828
39299
56593
38256
25394
12939
52750
25221
24104
41991
26655
5405
42317
31834
33341
40285
24820
3276
40771
5873
20282
31114
36779
13210
42554
43492
32048
12035
47120
4927
16688
27171
22241
35094
36473
30203
20224
58722
13850
37867
25771
29172
40509
49577
47811
38476
49380
49868
23896
17187
29441
32312
58791
41170
14113
52691
28933
49000
24636
6451
23943
34845
32575
37701
14549
27312
51803
11785
9305
34623
47990
25875
18321
59742
8539
56899
24221
4682
32282
41955
54363
6311
59212
45662
45431
11483
56342
18247
13613
28885
45006
52920
57807
45844
35723
45499
43509
46511
59278
46114
20265
29057
39400
20373
31967
39813
44428
45619
28548
26638
27923
59319
50876
16536
12075
24980
51231
53558
5148
20284
45931
7887
3941
57078
13817
44609
20478
13695
22167
47443
38732
47337
40328
23721
25643
25676
33847
43537
35074
16988
40261
41451
15413
59912
19122
47126
59455
57604
16564
16636
15195
4167
29123
51074
32614
8562
51523
49179
14650
55796
26168
8644
36034
22442
3417
46731
25971
56741
49693
34087
54861
33146
32074
59875
24448
30202
23636
43949
41781
45951
26288
11730
39048
23276
14851
18011
22197
36229
6186
59622
16042
56392
48752
43883
11835
47730
56619
