100
26485
59747
34660
15759
32195
34860
27654
16824
44947
12817
7696
45475
7148
34752
42197
36155
9506
36639
23001
51273
9476
24228
21351
28485
32556
16310
34718
9767
15922
27840
55887
11514
32167
31118
42680
9927
23446
22292
29671
17550
7532
7013
34607
24282
15696
37914
33419
13692
4059
33380
27477
41759
52125
21050
11286
26205
33644
58867
49023
37916
48232
45026
10732
54976
44001
44961
44151
31976
52622
40801
52274
23463
48486
55967
9135
21795
13181
5721
58795
32069
49049
40273
38288
6571
27163
23582
57491
29438
23576
44772
39489
45651
3118
57707
45211
33745
3274
32144
56214
36609
