429
42843
18938
10011
49865
33897
43788
30039
42819
22939
26720
41935
18418
51729
37022
43284
9394
43425
7969
31222
39504
3046
52994
36985
6287
23446
11065
13967
57285
13988
50795
51872
8203
37535
40150
53888
52710
16899
13642
37929
4427
29846
20460
27130
13047
30415
44054
49158
36580
3101
32804
54769
24605
24941
57163
40218
49206
37458
45366
48418
31596
17000
26140
33023
50154
52988
11125
22394
31705
33930
14039
49079
57260
15565
58593
53047
44516
27249
8800
29720
27641
3703
24214
29091
58197
35279
38366
16443
26525
51492
5688
29735
24147
25940
32125
43358
8819
12062
50898
16550
51088
57480
27015
8316
14052
4330
45222
41542
50416
3525
23178
22884
26061
4002
29379
59858
37705
42612
25632
42798
31232
45458
9382
52012
24302
46107
25852
41391
55605
15037
19702
49552
25967
29011
26169
57496
43136
59392
55732
3631
17000
40956
9119
57157
56484
54986
6992
10102
35142
5512
52043
49905
36096
23066
8782
43001
45482
53595
30009
5977
16983
32143
28358
28448
37398
31251
58759
19407
45317
7821
40746
55333
21841
32131
44523
31821
9633
58342
25934
44544
26992
25226
42338
5038
35340
18238
54576
13522
28871
17783
42479
18723
31588
26450
40703
34060
34638
37432
50565
19570
21193
38785
55137
34716
33807
14448
40413
45583
53072
3580
51574
45011
48969
14518
33343
39823
29874
43294
24140
47221
54085
9533
15817
22704
17303
51531
42061
55067
32784
42357
52859
15641
8541
51150
43862
4279
48019
27993
11595
39825
32415
3192
37366
15979
3092
32733
52210
57178
5903
57313
15624
29178
3416
56459
17222
53121
52853
50878
50749
50979
38830
31508
25176
35513
11120
53532
44654
49705
17533
16771
3174
51148
36651
39174
54564
46097
42672
44596
45581
48286
30787
57950
58974
4448
20891
15799
10877
44511
42262
59183
48378
9222
53918
56694
10153
48096
19163
3101
23272
26235
28493
28149
11344
15920
58028
10428
40459
20680
17900
12119
23244
53392
4917
33742
9312
38707
52039
40816
52480
40887
58440
25813
9201
12023
14760
50398
44732
9448
53196
42141
39362
14707
38956
24462
59578
4860
6037
6909
37902
53853
40045
17875
13535
50988
38832
59896
12846
59658
52550
39693
27925
43696
3949
31083
31132
10481
39308
56806
11989
41435
6017
28001
7226
30146
26926
17937
47637
19082
59779
6638
25026
56283
15610
39313
54128
19578
42509
4518
34357
8518
48668
42177
48661
52666
23877
30634
27815
5920
26367
39514
43597
25291
8399
41391
33057
27952
43279
38117
56020
7356
34223
45572
49308
19138
16324
11933
41467
26179
26682
5122
32925
32196
44837
11517
39882
49506
24122
58274
56931
42038
36408
7211
9106
6822
18304
50438
40158
23842
38588
50938
