2221
59251
36328
46199
20998
42848
27152
44994
25714
34994
30266
39561
11665
20014
32587
22612
49968
14146
47271
56051
42339
40089
30166
6770
49082
28523
34768
14156
50622
25106
26895
28478
39767
12875
28610
45869
55101
21974
41191
55079
57901
30589
48651
32779
34061
14929
42756
46945
47836
14584
45038
28958
56617
43211
55728
34120
19014
32057
9102
23128
28669
21261
26315
8317
16296
14731
52458
21460
5383
57867
12079
16831
15153
10081
12733
3052
46771
31476
39260
5330
49935
22127
38326
43081
17525
15767
24482
25927
21969
22626
21268
24816
4032
56251
6116
7436
21246
34796
20423
11684
25015
28364
55796
47886
50264
6991
55757
51587
28057
47627
13728
53497
22757
28102
3144
39232
15648
21704
12667
31868
34982
17567
6178
38647
3132
52717
42896
46367
16152
46204
24495
39476
14104
33649
35318
22160
47703
47074
25396
52171
36004
37356
37216
45664
11550
34817
49158
5636
33906
25028
22644
54539
38680
55459
14140
5530
51792
47076
3261
5637
49288
43794
23946
23524
27963
23412
3932
9852
8977
56494
33308
23535
16850
20909
56018
35623
19528
31674
43015
5563
20818
33451
56414
6559
38740
25758
28665
52286
29523
37391
22096
20319
34048
10710
4347
54590
25424
44527
47525
43649
39777
6727
23629
48308
51862
49437
48598
20134
24786
16305
36941
37928
43544
54996
26394
19712
31810
19653
56717
51220
15696
24642
30170
25232
12311
42799
43871
16905
19999
42332
25855
55830
52704
18698
22937
31887
51844
28220
15640
22673
21797
20352
51308
49930
44049
13741
25293
34221
15141
10673
37753
35776
53978
38460
48759
30164
7803
50275
22935
16110
23064
28053
44882
9595
43240
29501
54750
4016
10730
48895
38519
8084
42025
19805
38112
26286
47999
46237
37669
30656
10115
21268
28542
37257
54743
32314
7592
28314
33054
53117
58975
50031
53322
34007
6715
36195
41418
21219
25460
16549
56193
20096
22207
10441
46777
57847
23378
6468
57030
55036
19263
13708
55908
49391
37356
41586
15763
15044
49380
24233
3636
41198
16248
7728
13156
53367
24651
53722
3498
56262
32132
56435
58361
27551
50106
5720
9479
8977
31200
28524
26486
35569
51641
47944
52453
18487
20528
29336
53390
44780
4119
8767
43664
29868
18156
33090
19850
27651
52461
24217
27360
34981
46815
45758
16997
7148
28944
51631
40343
22822
13163
37436
29532
25015
20046
37476
15692
4464
41498
19798
8125
4247
12454
42434
30574
56107
9946
6882
52992
14975
23453
28399
20504
48094
59359
46186
10872
7080
5735
15420
25934
48677
33319
55938
28986
34886
24766
3407
45577
45567
47775
25631
48922
27105
58717
55106
12183
46321
42544
40495
3729
8693
6756
40755
11743
49192
27889
53223
54956
48690
14318
33812
19677
42501
13359
55435
43388
29737
24383
52802
6323
44464
29918
23939
37940
48430
30541
44316
41885
5980
33029
16615
13411
8916
27544
3232
11706
54236
33730
11666
50227
58941
53820
21914
32777
18548
13734
13332
35657
5918
43277
41695
15533
50846
52659
8826
10013
28420
43907
3046
31525
22377
50750
39652
32978
52344
58961
51422
54116
56175
26389
40720
26647
5049
5900
14454
36202
49501
23885
52417
49877
28699
6751
4258
32888
56961
58204
23495
51167
46178
13948
55218
44658
16863
44709
37483
50047
34640
19977
56924
11722
18987
59295
20677
28357
5653
46824
41631
7037
48657
48071
42193
28653
50838
54523
42105
29653
52921
50297
4688
36655
14538
44147
23332
14926
18045
9194
24060
29031
50308
50748
49399
44970
11472
27905
43218
41060
17443
37897
24355
36305
20546
33880
29665
41025
59550
32652
23980
46774
9141
13003
6868
41041
21539
50993
9659
17695
13577
26003
6669
23561
47831
14662
52169
13407
53485
7483
53030
10953
52984
56825
41076
15473
52138
12193
17958
40153
17612
51797
18564
11157
14236
29903
55318
36005
56219
32815
56575
29632
40308
14915
23699
40761
17759
51090
22897
27575
59094
56439
20050
45904
23837
41525
20772
47612
47010
46224
27418
57584
24291
26483
19747
35350
29831
4570
57153
6288
50848
31091
37605
39117
7374
30810
56569
55521
42633
47865
57767
36515
56545
17932
33026
45217
35447
41589
4751
45024
32692
29687
10254
23231
12501
59042
54064
29671
17634
53393
35608
38544
50271
41655
5321
59785
15901
55578
10198
20190
58044
46646
47528
36963
18748
52763
33119
24208
44699
25016
51009
8043
57614
55684
32207
16277
40503
59339
44808
22955
46663
36427
29241
51099
6295
30282
40726
7741
54113
24960
3443
10372
32733
36237
15591
4274
14460
47661
44418
6780
23802
50355
41793
44064
5516
47947
11108
38569
48040
44732
55726
43970
10176
28164
40880
45098
27910
52321
39077
55996
38255
40824
33325
34372
19806
27786
15802
4847
13342
50515
41039
22730
40529
56846
47762
25263
41011
48743
6060
29090
21664
12671
4531
28928
43497
26095
5261
28149
4582
45852
48442
58307
40423
46885
23843
47901
21199
10059
9698
8908
19498
54904
10232
19059
19771
41013
59824
3090
58431
44658
15931
27111
44791
39041
31936
43797
7264
29384
35852
57291
29397
24497
25672
21171
23458
13471
51432
19469
14186
20530
35030
41400
35312
39036
12504
12126
15249
27976
30060
4509
44222
15695
40879
12586
10280
45476
14112
44658
27796
14032
8568
12519
6675
5664
16193
59330
39272
49226
40175
14506
46649
5795
59718
12797
7150
33007
8666
12241
58574
11794
32312
31659
15026
46654
50398
32098
10906
27696
29015
13967
38754
19069
8350
53937
25261
26673
26009
20703
49480
37312
8722
57158
27514
39886
12119
5031
56058
43146
15679
58470
35871
26746
21843
34424
32300
23275
25219
43294
38175
33051
37349
9553
34813
18684
31485
48459
5774
49430
24866
11986
55829
6959
44952
39260
6125
10973
10952
30772
38614
21553
30620
14189
40153
25959
9679
20195
36704
13998
6416
19600
52840
43059
24862
45752
49241
25190
28283
19333
55254
19726
29680
43763
57881
40512
41138
7989
50279
20223
14675
37257
27914
37360
33554
8377
26890
17683
24807
46622
38585
4678
30087
57779
32639
27926
28811
35236
43771
5220
47977
20988
44158
7115
51067
59970
52409
28466
18634
37348
57981
57958
30320
28837
22790
49609
10495
9052
18888
4083
43159
47785
51709
44205
24020
56766
57997
54331
16322
32313
16943
12180
37246
39668
32452
24381
42421
23107
3110
45370
27320
59385
35417
43365
29316
57396
52600
41285
17141
48844
25922
58097
48069
38708
25149
47212
21159
52839
48574
17676
5440
19738
52276
57671
7519
40269
46545
57194
13762
34976
23878
59926
31411
23303
17158
10357
51051
52033
22860
47781
8004
35173
7922
34276
17593
58451
3844
13908
19030
59106
46907
26993
4154
56254
59102
29107
43303
46533
16087
36355
42431
39736
31098
48252
26433
24947
58181
49274
8968
20956
38206
31856
28822
16003
53059
16453
32139
40604
51414
20864
53916
38597
52405
19955
47379
34298
3709
20466
56024
3545
32940
20319
7944
29168
23159
33704
28365
9568
23159
30116
35818
21538
43599
4277
27611
25716
58549
7136
53916
46789
32127
44373
28435
35651
43236
46181
21558
24835
13764
8578
30853
16178
39980
21913
10359
52344
4231
49300
53172
35005
4289
42178
45294
53000
51370
27758
34358
58200
40719
56664
54170
34794
4695
50274
41755
46859
35558
27516
6583
40548
28395
17201
25114
42388
32989
50409
7231
3998
32158
39177
58582
29755
37206
48632
43269
30225
14813
7637
53673
28209
57816
56779
16928
28780
43594
21392
8924
56269
3638
32550
28664
10983
17881
55902
27684
12827
56943
29347
3704
24749
21458
54418
3923
7303
9010
54435
32601
36757
52553
43928
10826
43556
31928
9565
54350
22852
45371
54013
9636
25308
59660
32705
11630
27236
26179
30706
5022
12399
43341
30195
5290
58803
56594
46661
52485
43918
20295
52725
24243
45852
41440
16171
7544
22994
16861
14798
42279
52381
54376
13728
53862
35072
55919
39887
8543
55836
33830
19921
24604
11720
43654
31050
39349
13747
24652
13684
58820
52181
37483
49594
8334
6890
27294
51396
17431
3152
22960
52920
45777
14320
13626
32841
42708
12466
51888
16262
35156
46685
43504
26577
28227
20681
19070
59830
26840
36035
52674
43205
53181
58839
21452
17859
52591
12188
17831
24900
44246
47473
58652
56345
42232
32264
50834
43324
13023
48818
28597
26973
52016
10145
42023
7178
39784
46714
25589
55614
5656
19981
28889
5492
24227
59251
23467
11461
22372
18189
27312
21854
15332
5771
51585
32746
22039
46638
30113
43095
57097
41031
15968
50145
34856
44496
27659
4569
48126
34581
21449
7312
46204
31949
27465
29812
3714
53845
55767
15671
33845
35495
17823
56969
21047
47378
41116
59296
14729
34877
11459
53121
52263
25361
15237
43953
3827
49687
49967
26391
49715
13157
39817
16426
27290
44749
24163
19351
25337
37116
49857
40164
34703
31577
53237
38676
26583
17068
21592
46940
11201
52284
26900
59139
43804
41815
49756
47817
8316
24450
27241
52421
46757
38764
51168
6435
14090
16904
43358
58416
22367
46701
21024
24326
24879
35988
51497
44076
18531
27658
55687
38808
39444
28747
13403
6256
49945
41356
37937
14944
3394
5771
10318
6426
32646
55085
14427
55766
44838
9677
38518
3906
37897
37614
59522
18265
52264
43292
17254
8926
38586
32075
8200
42391
24079
15364
55134
10239
26616
20585
40981
49997
56775
10206
36027
20924
4739
53236
24227
8701
56945
40058
37672
5791
12405
24822
28650
13757
10043
52530
6328
17014
24139
24167
14735
56810
13746
4479
45378
20407
21897
16148
7755
32949
32649
53970
10906
24591
17579
39788
35751
56405
48640
16622
6122
56780
29059
31171
20928
35390
46903
12092
10387
31872
20646
25512
44622
11224
10215
41932
49446
45825
43716
55879
56368
42294
6631
51223
47864
51795
58752
56776
25101
36667
9598
48411
50377
26994
11072
5378
42105
36676
49857
4588
42135
58969
9080
23747
59642
46075
29511
46577
50626
41063
32811
14338
18962
46601
37543
9329
50909
21257
28330
16026
36218
48718
24437
13824
23167
4849
23229
34963
38825
58894
44096
8090
16666
6230
10663
18149
25911
57731
19038
55292
55623
53339
28635
53919
28174
19929
57384
10632
59037
29485
12598
43400
34230
9739
27332
39474
10152
26617
8496
21905
55245
6899
25311
34425
50215
56121
51175
43959
16767
56252
8361
30357
17468
25128
21277
24873
19494
3466
26259
23446
58638
17201
9393
34196
41713
40071
24450
18025
50035
54570
44822
40485
8346
8252
27214
16813
56899
52430
10376
24017
52430
52698
59971
22783
23544
15180
40350
28583
13708
34936
56283
15722
25258
30469
20105
42220
56029
9508
51983
24748
56720
51639
52696
47915
55128
32679
48950
21583
44114
40454
5945
22643
9666
36302
27575
7616
59482
52127
57678
34211
13822
54596
13977
59293
44629
10484
43107
8731
13310
49238
58666
50804
28260
51144
18879
31818
8386
3751
53626
5988
55155
36703
52480
41684
59714
12178
19306
7953
56479
3270
25990
42545
56216
41761
24452
41254
33190
15562
20784
10536
32166
54991
28936
29010
29317
14005
13381
21402
35761
13284
6813
5667
32596
32155
21492
7032
37422
43172
44492
37645
57818
14592
18608
6125
29761
35474
23619
33430
44316
6156
58488
7496
4877
26266
35411
40276
59320
38693
31859
35799
58067
55211
15295
18717
57315
9198
59244
10736
12621
21269
44133
16171
25737
8306
53286
9797
6380
29873
58470
32413
44082
35202
9943
54107
21582
5290
4076
16906
26676
27328
17480
16113
57943
14500
39947
43493
46481
7300
59386
22898
32415
32406
16288
53122
26599
14612
39269
12138
33576
33413
56342
39268
50057
34699
26444
36470
55084
19241
53365
59792
7267
18789
44686
51839
43402
48877
41517
35071
50219
57528
44927
18471
50430
38598
26935
15516
20344
5561
59591
7275
40908
20995
46309
46720
32429
24478
28858
52094
18819
42223
44885
31580
24180
16410
56603
22267
56485
42378
33394
43792
51717
53876
56281
31714
5620
56845
51613
36213
18323
10628
49396
14993
11985
41089
32794
33366
6098
57467
15973
12237
55178
29472
18128
41022
50353
53446
3246
36648
3660
54111
5831
54456
6444
55742
39797
53331
57251
36602
29567
21842
54891
42002
54235
52760
44407
51622
57578
34052
39527
54759
43120
52514
6691
5240
9073
58219
54550
38034
21413
33218
51796
18232
59301
25612
24562
52255
20447
51712
24100
49378
5687
46016
48455
24180
26613
13433
9710
26506
10929
21810
25807
22372
33316
33978
48804
44477
27343
44434
29463
58876
29629
53657
42043
48026
28885
6157
10034
58339
20361
28425
6968
46905
12147
32788
47585
15603
17059
46905
41925
38855
49363
37200
44092
50045
44900
18724
34874
35300
58130
44497
29378
10345
11560
48496
51858
37804
49606
7006
31092
17268
29766
23256
42893
3486
25785
55026
48026
43775
51952
42807
29624
25563
34118
26511
22999
40664
15577
21220
15380
33821
52331
54206
30885
44497
12423
57394
58136
48688
48949
28440
19694
14443
4724
5682
34242
44782
57224
25130
16005
39238
35460
50733
46623
34819
19213
40082
7385
35872
55703
55360
34008
18605
5467
19155
44017
52698
20997
32131
56156
56646
14740
28802
47960
8671
4539
45410
17874
54929
11193
49167
20197
43390
10885
52851
50282
46504
57418
26930
23864
40669
39254
12267
41968
13635
5975
23582
28036
50274
5669
3769
6829
43182
12014
6412
9619
49527
23354
24663
47621
58811
10559
34486
23975
5459
51241
25940
46017
32764
45091
10951
23281
14697
5383
23443
44123
49895
58853
57042
53946
17945
54790
43961
23130
14683
41124
42212
22568
48474
59753
4737
28067
32801
10539
58663
19462
48521
29336
44411
52346
38422
20686
31061
26581
18894
16700
38519
26156
59298
42655
57963
37260
10236
10845
47729
39101
34604
23615
17949
15710
4660
18419
50195
54588
37205
59514
18517
33063
6429
16573
49156
3655
16878
47055
36208
57901
29765
26128
31451
47704
44818
33352
55573
45030
38527
17288
7678
45619
36826
3222
11219
43456
13777
22371
27010
42829
25927
57874
39853
54917
46831
16255
50057
58555
25292
37675
19658
56824
58072
15277
59262
38176
21239
20128
52889
44936
7823
13769
37642
57186
41255
6052
15850
4620
40502
16315
35242
52902
