847
53533
36188
47342
25880
11279
24531
9862
38085
20727
23046
45623
55550
7811
58754
57135
33940
53717
15492
49395
14073
26256
51365
32227
55516
14453
29012
55601
56692
40820
50611
57851
50711
26790
25078
17976
44641
35472
7750
38294
15753
55980
9024
35443
26634
15377
44421
8146
55552
28386
54227
42743
34225
41024
20367
13406
10038
17717
58970
5381
12657
14384
11967
41570
20104
40437
16249
25748
46095
11834
40365
37456
27368
20381
3690
43904
51875
40233
59708
38007
48160
12713
41734
31650
37461
30792
37547
17644
38454
9285
23566
20453
42849
21971
45304
21146
44820
49819
48788
33609
37950
32816
28170
49847
31944
45946
20710
51826
11174
32926
37386
3195
11882
39938
59794
7362
58358
36684
8283
20357
13363
43337
46551
24792
34044
14662
46115
22936
53015
11860
44994
20040
12929
39367
9169
14634
4543
48781
28308
30297
46439
8678
6480
10666
39359
35449
18441
11934
25852
49210
9985
10377
8850
32902
50688
56833
23050
16709
25239
59852
47830
49204
10850
52876
51188
6612
41939
58473
38263
43913
34664
22390
50497
24365
3569
45667
31351
52561
31181
41917
3272
46293
33667
36036
47528
25753
48803
7941
39886
51535
56468
15872
43354
22102
29410
32104
56623
39876
3331
26595
24151
56684
24856
24758
38233
37197
38412
30014
54731
28834
53664
31891
9960
36305
45105
24356
32415
29605
32367
19956
34748
12930
19370
17036
15455
53708
41309
15497
34796
25013
41468
44912
14836
16058
29552
45298
13229
51298
51676
34557
50955
12501
34113
29635
30212
32023
19859
50413
53235
50243
53497
59491
19527
25571
54977
15616
25208
46075
49450
6718
38858
25075
50943
47495
5679
27860
5742
14435
36855
37690
44056
35776
40854
36157
56029
18891
58504
28492
22148
18406
48136
14100
50966
47217
23184
29423
25220
46789
37531
5190
37834
50788
32294
11193
9320
52288
40631
34987
40890
45077
9846
18532
25659
51620
34118
32040
35646
51998
46661
53612
30503
18036
32352
51262
15447
25671
11107
44690
45334
24556
43386
8856
53195
3658
52912
47070
14200
34051
27832
29093
17314
5465
13277
15504
3578
36499
29166
56579
48027
39465
4943
25957
40991
8972
17401
16618
44041
33160
46169
32692
42305
8105
55102
31556
38688
30674
26118
50583
48273
23549
22079
58972
49133
11646
47396
36423
24970
55870
53997
28807
45115
46364
45346
33215
34638
35935
27768
35015
18244
40084
15678
58898
43805
50781
41026
17021
53848
14683
59297
22523
48316
24766
6062
59762
13536
5834
57997
21787
42993
43947
6255
14143
22712
34529
51094
59463
42994
44303
8438
51942
7395
5927
47069
49832
58919
8074
58255
53264
16653
41479
46329
44037
14093
37484
53657
55027
40143
6504
53977
57987
42310
18549
15877
56682
54182
59035
6598
53015
5867
4547
6670
13480
51999
16568
27177
3004
35512
18114
46600
34643
9098
13279
44540
16230
40520
15093
4968
53163
37125
55432
5464
32109
57238
9907
53238
57586
16766
44702
14206
45551
57284
41316
26682
33983
50649
55152
23203
31084
30926
44485
3512
14476
34765
59398
22315
23460
42007
20173
21882
25550
59415
51606
28286
34824
15893
54304
19885
32164
8520
45628
37735
4826
42456
42840
17199
9691
33872
31489
10141
8830
24263
15794
41209
31952
42048
49911
31580
16198
7862
58946
22537
4211
58234
28874
13012
6625
24319
58468
51863
18427
17240
8475
4485
19751
33262
52061
43336
27709
31137
25043
37774
19881
16737
21334
48374
30404
4727
16288
15132
12451
6700
38265
11939
45252
47733
19503
14871
25148
4478
22553
23218
37748
52338
10320
45013
51150
12163
51353
42634
49847
9938
16003
3899
17681
4291
24808
47763
59661
24002
20745
43608
4611
36900
47101
55329
25616
46005
59674
43786
15373
41905
22556
46025
42960
53839
3154
39806
17613
58849
44918
21177
17052
4871
38760
7562
10886
28642
17568
28388
24255
55443
45749
8782
33438
26759
30311
47897
19624
49846
27001
47300
5552
37860
37601
4364
57997
20899
49514
57201
10211
51399
22742
47399
24509
9962
17578
45525
51665
38898
14072
14718
13353
16817
5989
43636
45431
55528
56097
51588
48194
4059
19679
14374
46993
9896
27888
39521
47258
36572
39487
52400
16036
16610
36109
7515
8793
33722
59446
17691
54119
37735
40955
26320
30577
26647
9498
41287
40898
38623
49552
43178
30635
12627
59293
19267
50102
57298
12788
21120
38505
27374
31069
52122
37546
18944
13237
29758
9823
26520
4869
21966
4628
26796
11541
8238
41377
59589
26360
54550
24982
24007
57918
52970
42289
54494
16436
45523
8520
39978
52549
38133
25231
52349
52390
18103
52799
51489
8553
55958
8914
44512
20264
3446
30355
27387
22817
41015
48577
45469
16376
22576
4530
29027
36290
10829
33966
14144
3856
30036
16565
36887
33237
5490
53603
38393
17922
10112
16476
26709
47627
45455
3984
58322
57092
49475
46860
10919
3219
36253
16134
4899
58616
34371
18858
11243
16517
19122
31760
5321
46947
30419
27311
57263
8789
29944
40653
46985
20397
56377
24911
31177
39995
55206
8337
21295
19569
22604
25543
47517
3671
55309
30237
24496
43797
55989
43896
49384
41800
43990
38619
52908
8927
55814
19415
39869
40366
55999
7268
27836
41954
12035
45984
38877
47352
24408
13487
23959
50450
13153
32363
34033
36217
50650
56519
37702
42300
17181
6330
43370
11879
35698
25338
22418
47850
49391
55229
34924
54955
