1089
49478
12902
43244
37328
39115
11784
19616
53961
55449
20303
5468
38394
14999
35797
29928
18793
25693
48887
27320
4701
41313
40270
21848
30353
57676
35276
3676
20350
46675
36168
45420
57269
16488
55095
13855
8755
48049
35550
41632
11377
24072
42979
12984
4843
9222
42384
19380
35975
48253
55282
36549
36965
55257
38466
52572
20083
18868
59458
34160
56831
56544
18245
25832
50044
15072
29951
40995
17582
28097
21601
3183
17375
51049
49984
17747
39581
52306
22396
37966
14621
13489
11190
54697
3316
35338
20187
24374
37933
6283
21140
19647
56481
56484
43951
12500
20040
32520
26591
20566
51471
48169
4399
20297
58142
28821
13912
45240
33078
32963
45806
7682
4835
18157
7948
12060
17643
29307
43507
43167
33799
42075
44078
16144
39338
55782
45915
58698
26442
32365
22185
35983
25376
54962
47366
18760
29472
37056
50658
43352
12859
30153
3457
53752
49119
17990
6011
38087
13450
49336
57227
28201
8809
7438
53837
11774
12463
22260
30131
56716
19943
23290
9326
38756
12467
38305
35755
7674
16956
35090
5199
38700
26683
58565
44317
11012
42417
43776
5784
24294
23438
15978
5815
44663
26703
4075
40450
33249
31126
25140
29450
7003
34334
42304
24213
23736
8565
38515
35877
6692
5336
21212
32067
12019
25522
59976
8511
39601
29190
45681
58117
37326
26569
44676
6198
30075
20157
41535
51899
22278
11246
20884
56942
3114
5445
20481
56877
4188
20416
7756
45286
16206
48367
50755
19034
41240
57900
45509
38083
3222
17695
10810
40095
46852
40857
11471
42816
20259
20164
32003
10719
59184
3864
14792
20273
20846
37584
50440
42982
41787
37801
11453
27263
36097
20077
56954
15672
32721
26657
51926
51766
23313
53982
53626
17370
54059
50340
45473
56222
57349
47734
23544
44600
40224
54077
48344
20527
43843
45123
47045
28940
35978
10657
29949
4457
20687
48007
17427
3362
35596
19076
23055
16869
38419
26856
43283
27749
35701
5760
44151
15959
37148
23126
14913
3309
56886
27599
46352
7106
16735
38279
17738
27742
58734
17617
44361
6281
59721
53327
54822
25092
41363
15858
29638
53920
55350
32935
22395
56316
3804
6116
29873
9240
27592
52770
21082
14395
9948
17817
38535
11406
59711
56837
11642
25461
23908
36433
9627
57489
20985
9059
51202
26280
27988
17306
28027
28280
7966
58442
50649
26313
21426
29250
17924
56064
13871
15668
12627
21055
10741
13707
8452
39564
43433
30343
50769
54758
3468
37576
53316
27469
10925
37002
58185
20253
40482
43786
52585
31051
52808
53735
7149
59495
42014
50665
27931
27369
52991
47152
48977
33137
21791
45679
21559
45927
4718
20616
45962
5638
35781
20138
28065
28167
12084
39293
18730
15768
17022
23671
25322
50448
3346
17783
54240
39341
53293
23914
32367
37984
8921
8682
24253
55312
24359
57731
42730
14930
3221
25016
50814
48500
37604
43565
48289
35823
5031
31739
58346
43669
29635
50818
44522
44134
49458
14392
45209
22384
51286
32626
57955
37282
22927
9923
24902
49600
56437
32976
9265
44374
56308
59393
5513
34128
54494
9561
59923
51456
13672
3786
12938
11815
35773
50422
36882
12457
58014
28300
14161
38130
40122
15244
3057
59993
35678
42485
58901
10151
30640
55392
29912
9087
34632
49621
3684
54804
55126
5437
10751
41125
45846
43507
33790
28823
32637
55209
28325
44749
17094
3740
56427
31571
34501
59814
11059
24546
18660
44420
48348
28476
10256
52178
28901
3416
13998
3520
31566
25046
45892
48394
40654
49724
53374
52434
27541
53829
29594
31113
30441
10566
39705
59271
59028
50990
52784
53141
45711
57962
55056
25120
9433
10411
34004
53797
8209
17768
57049
22279
37825
54179
25799
28479
21709
6153
4367
14781
11466
11340
55005
50766
6490
13095
16000
59126
50127
48455
9342
26677
32779
35495
16393
50028
15321
35631
11389
18589
54567
49216
25158
18126
59690
30108
4003
20016
49080
36250
55972
47170
14897
6320
38241
33867
35576
42620
22193
59595
45347
59962
26198
24797
16490
6450
20702
42153
54965
21842
40070
28560
19256
14915
38436
35653
40077
15621
3469
53947
42532
31686
46614
27311
59366
45104
32512
51345
23720
39404
56917
49518
22582
13278
39389
31444
10484
30164
13260
14652
30019
26340
38541
43706
11815
13018
33539
22510
30884
53313
34044
25481
32604
35541
22199
37697
57209
57658
22145
51454
48400
29053
55623
21165
42117
22767
38228
13645
52084
51671
50172
39610
53588
44307
8731
57943
6209
8963
19568
16591
26842
25466
53781
45100
12873
57360
7942
34226
35622
56645
12984
20024
23417
8975
6924
33629
7745
43819
16353
7529
49842
35227
7605
31947
35241
47225
51726
31453
8758
59350
48550
35935
29834
16085
6617
20481
24454
52124
3997
54826
8867
45097
15378
23660
25364
36197
26793
19212
39528
21101
43626
14193
29286
56690
40725
27925
10555
15731
44537
51292
31733
25919
30858
15696
54336
51745
10682
39974
17054
7258
45022
33133
56793
28531
40732
16264
25672
47218
48860
10131
35825
38337
17480
39773
58757
11010
14283
12710
42689
18795
15812
27233
23397
24357
45702
16260
51079
41396
9460
15791
48755
37775
27924
32993
32937
4389
16544
16191
17809
31500
54071
3559
6457
45157
40052
34880
19841
17889
13710
50383
32890
54188
42517
45781
6014
33036
3186
15737
38581
21618
9989
31059
17182
18702
48233
31488
40608
30914
6042
8040
52453
8476
42215
31080
9750
9670
48497
39526
53573
31046
57983
10444
49171
5003
5482
27518
33973
57543
22682
54961
46469
24525
4105
44690
13195
29378
54933
32370
18299
38998
57937
17921
49186
33330
15463
21348
45776
38530
17459
37013
36202
26754
34391
43456
50438
50365
19840
9945
5170
15142
30839
56046
53953
17309
22161
26994
16849
24692
44254
25765
21053
54816
52068
21999
25701
59700
34223
42305
20508
21130
31978
41257
44940
31326
25568
38541
53586
27196
16341
40390
12823
34795
30030
45039
45855
40283
12194
37189
23211
58594
5436
5337
9874
3932
47305
29691
56461
46306
13888
45813
7675
40194
13333
43030
56506
52653
23307
34724
35418
59698
32443
16922
42328
30794
44219
36445
10221
39455
40871
33288
8992
24340
34908
51929
16066
11677
3211
3203
49785
23384
22948
21133
8786
29670
26676
33736
14249
39270
19372
24261
15248
11192
31522
38219
27912
5422
39129
15131
5930
7294
28385
58412
44173
41721
22213
49545
27518
15332
29994
28559
36981
19669
24395
5977
36391
31961
34709
27412
27096
13628
56189
35128
53685
34388
19553
3759
15180
11313
38602
55779
52326
6323
14677
15744
56717
9637
35357
42911
50267
15505
31246
50002
5372
9004
48747
31780
18179
29104
9246
11810
4268
59057
35203
42544
37496
54654
28301
26003
7340
41178
24849
54599
43406
21529
11127
38710
52442
42171
36053
16169
30582
32686
29766
49831
29263
41976
7142
20476
13161
9235
4997
14032
51050
6098
26057
25390
59419
12012
59214
45461
30233
42061
31422
55756
54070
