1747
4574
29100
16752
54144
11721
29991
21017
17353
7988
19120
29896
43275
7123
41344
59466
5208
39641
49535
9552
31669
46367
9057
25246
56006
41150
57523
29773
37081
36914
28227
21492
33700
46327
41126
10568
8454
5693
16471
34441
3891
22279
12902
38414
29012
25391
53695
30310
48806
4823
34457
38749
53714
36926
51291
41190
19124
21289
35164
16216
46260
18280
31820
31515
18358
32949
35534
34109
27313
17082
57752
4678
11048
6241
32617
10557
40302
54175
7849
52451
11692
23093
20288
36781
52685
52839
38985
58449
47622
58159
55647
8061
40802
59772
7617
58974
6906
52523
39884
30994
55677
19190
17990
10703
59619
9311
30759
24839
44885
54147
30639
18307
19135
47377
46899
14484
53079
21735
48919
14781
3088
25151
8409
57810
57990
23540
21948
44446
13019
34950
38693
42344
5905
59659
39241
49428
48362
10820
35298
19084
14620
38420
55112
22505
52030
31278
53740
27068
22556
5998
19327
4707
56643
18144
32748
24590
4746
24691
35413
51807
35170
14455
12404
40017
50607
34385
48710
49220
7270
49336
40102
17879
31739
41446
39559
7077
39173
50551
20198
52542
47190
53975
28707
16868
55852
40191
9404
32693
54221
3061
53952
22517
53415
57820
10712
7860
9271
26737
9173
54738
41485
5441
29120
46608
9635
29912
30847
30536
37603
43367
26779
18268
48138
43395
44265
33764
48562
50456
29141
35317
9736
11055
58410
52520
7650
12641
28716
51936
42278
40868
13116
17056
17644
49786
29148
45398
15309
31741
24448
55862
48268
29113
11642
32526
8405
13898
45725
18083
31208
55504
6682
14118
32480
19652
20179
34105
44661
44599
50857
15742
45141
24667
44584
7201
6180
31249
40255
8107
13006
10944
9799
18984
38366
18618
43527
30836
44197
53461
31762
49233
29447
45482
35580
40418
11627
48231
48037
24178
59732
22257
53866
58347
30115
13985
54432
30075
33870
19235
54150
14476
50499
33477
34838
14742
22489
23641
4425
28932
16821
50344
38296
17279
11146
26620
53112
10040
31860
49611
55939
6138
50539
32213
22911
59851
41436
42786
3204
10868
56745
29267
49577
31099
14071
56625
55141
28039
54847
20822
4167
35426
46083
33964
40788
29476
47970
6648
21873
27621
58780
47739
25204
51184
22359
31665
36095
8569
33937
33358
38977
36305
25609
52531
22154
29520
5364
53887
33839
11924
13112
24780
6246
53043
38951
12242
7941
26696
4803
41036
11210
33286
40769
27414
8136
12256
46444
14666
31349
22709
28066
22738
12853
6034
47322
3185
41925
7509
39455
10685
13476
40280
32405
42415
39614
49640
35708
23436
59934
10121
32379
59064
13144
3352
15478
49183
20038
32576
32519
52777
49608
33176
47005
52325
40068
50752
38032
29010
48728
55702
14562
11939
6513
41578
14006
42880
5218
59572
11591
27223
34884
33937
54143
12586
7425
50038
3184
14913
39882
26915
48205
24217
31247
48977
42362
30210
42617
44589
16536
20962
50939
24252
19205
44640
33603
50295
15536
39269
27460
39279
15939
58051
52347
21623
25045
31710
55204
39473
51368
5266
8323
46098
59609
43134
9673
18133
10156
28025
24055
55229
9550
7292
44396
53385
21170
7089
34380
20719
16899
38748
40100
55779
36397
17614
11231
38240
10398
50049
52821
29350
36822
21775
59841
54538
54550
49152
47601
21332
8518
30774
39927
35398
4043
20801
19201
40508
58763
25072
45582
11054
34297
36648
48699
12633
18497
52851
53079
15052
46412
21200
36492
28058
3627
40969
27181
35513
46373
28744
30358
26713
31009
18881
15403
36538
7162
55511
54023
17128
17122
31571
52690
34457
9267
17528
28005
47503
13442
17872
25940
10411
17083
21165
47912
4012
26426
34727
23829
27762
13618
23209
8394
40097
4109
42869
12419
6989
44212
23851
10905
12728
7891
7589
18253
13820
5013
15921
25880
8654
6615
21096
9941
49081
16303
23173
48120
48188
9801
34918
38498
50813
42753
34168
8674
27502
34653
9302
6579
24510
26521
49170
15281
55638
34882
17699
12681
4519
34597
59028
59656
5190
7592
41550
31481
28026
29242
11956
29374
25036
44862
49445
42042
19904
4313
54936
32546
11011
47083
23816
27629
26740
52570
18359
23595
29227
20541
38685
58477
47242
34846
48714
4180
14351
46879
30903
48120
7027
25576
23100
51757
11552
40127
4046
22630
38299
59019
41009
37091
30410
43714
26358
12401
43854
13140
47289
51861
44241
33590
40389
43408
49928
26114
43973
44495
46312
3678
25932
35769
14242
33649
48702
51400
48456
46808
44891
29126
22215
39106
35778
16906
17624
46602
30826
30424
56656
38803
36482
51408
8481
33745
55101
31046
50569
7688
22172
27394
47559
45707
3076
28114
32453
27551
50030
29465
11877
6558
43323
58985
52347
10749
53695
55539
44116
36507
51723
59923
47039
51913
54464
38601
35210
35103
18638
14834
59292
59285
55139
44004
41636
6567
57662
12749
44312
49518
56159
3718
6912
18147
26866
29808
32221
18517
33481
36562
12631
54712
10926
12891
58764
36466
5286
26513
43240
51058
11315
44063
40400
27164
59368
4830
37654
38681
46943
29494
54478
43656
3269
44762
14814
35320
19580
54212
7049
30253
37428
45114
28308
43509
36426
38162
14958
37905
23931
8292
52791
59137
21152
37012
32095
48229
46810
18057
37164
42037
40670
48183
7991
22755
3946
26734
51041
4341
20121
37700
12824
15664
36904
10512
16293
56586
23610
23489
15810
13046
21986
19810
30214
47379
40275
24666
59209
42256
36419
45283
42663
27383
42521
27969
50551
43515
51920
19442
22836
54897
46604
36984
42945
22490
8365
57898
34571
15480
58501
20471
20136
17030
22831
41319
42123
39066
14617
24059
22141
48830
56214
25537
18575
42673
29407
56506
59907
54132
45239
37851
30469
51439
35731
25815
35545
57503
45020
39463
42685
52940
41931
32879
57400
58728
28610
15878
50292
46253
32188
12463
51295
34595
13288
44427
37626
45616
32871
8783
54546
22424
31217
52664
34577
39832
9956
55678
43114
20284
16694
58623
5916
32451
36024
23121
27166
35678
11545
38125
40773
7290
28785
28532
27958
11085
28694
44434
59033
28388
5998
45402
52160
4856
39597
43019
31122
12934
38760
42970
31394
4958
3711
58103
12213
13792
21850
40985
27412
26692
41061
40511
53933
47630
32252
4770
54651
57191
27932
9448
5727
35445
31386
28362
15522
57909
45015
23033
7744
49367
21912
22879
8452
29493
12393
44981
9174
25280
56317
34733
37412
56305
26928
13438
31429
57421
57279
44413
44038
7960
9903
42828
40689
5074
47802
42443
54597
42527
28664
46076
36572
11241
52513
6794
30054
7496
31716
55094
5807
40156
54815
7058
9218
3829
36290
24723
3421
17106
11490
55114
35481
24785
46471
9523
10073
3350
14045
24121
29142
52882
10517
53678
51241
32784
34966
34918
9094
44282
27059
4235
8263
12109
29821
7648
8452
5824
53000
55148
38236
39849
28529
18130
22633
9791
3180
7548
37665
4571
55946
54038
7141
56870
48912
7097
27010
13603
36314
48434
15932
33116
55626
43575
5818
58269
50098
24189
55985
50104
21018
4546
8293
4304
53135
50929
50440
22662
48525
59941
36194
50019
42352
18938
48152
15939
25614
5769
24878
5873
45776
26633
41217
3069
36611
44892
12450
17675
30733
52148
37439
34478
15224
45302
33732
35417
24181
37329
14888
39830
14623
40875
21731
40316
56293
57294
12256
30104
27559
34711
50063
5930
56477
29883
15488
58115
58252
32667
53282
17789
33741
18055
15834
41048
22946
44761
42099
36164
52080
51004
34891
46043
21095
9521
9678
3632
41382
38984
16469
19962
50884
32037
17015
38460
24700
28304
42957
27515
13192
16877
24472
27835
55436
9211
9899
29012
25107
32821
35417
14050
24026
12044
47624
29355
43098
50478
29203
53307
55438
54011
7156
13751
41199
58902
26844
32233
5637
4015
24632
24404
9166
8942
33216
19230
8068
51641
13853
35040
20221
9767
11265
58105
39491
51197
16253
9319
21937
44371
50896
25105
3518
41859
7724
40625
25468
50531
4380
48193
4179
31167
41212
29135
9925
16700
19860
41993
52378
10638
33160
12394
19041
19638
10237
53411
10594
31959
55623
18569
41380
32219
12861
35574
54234
8121
53490
36751
32738
57895
55027
50672
18605
37084
37154
52215
33461
45411
34694
38929
35538
4794
36280
34719
5820
8987
59602
13892
29522
32073
16659
59358
20362
16363
32117
5775
29294
42617
53362
51927
57336
34971
58818
21998
28615
36091
16711
30281
48975
46100
38540
27644
14350
16307
26405
27765
3052
7431
48883
48229
7684
12581
26267
45812
3992
35622
59006
26631
33198
39054
31278
7058
7134
28453
40819
54378
7653
19731
47408
41238
59677
55320
9335
8063
24051
9717
15490
54477
25056
15985
48843
8390
13040
25555
54783
47355
37879
9648
40432
44334
3206
22473
51464
51218
58558
57721
39896
8420
12602
4330
33480
11074
27411
10547
30675
23216
31887
11286
34934
9781
43552
17709
4977
7254
42802
29491
3334
15026
11907
24427
49385
35232
45354
37091
48706
24189
19163
24924
3635
32148
40266
45273
7096
44628
30896
41249
45265
42563
4553
59429
48435
33755
5629
32141
9541
34427
24624
20592
6679
54366
7140
20212
28484
12194
16738
46994
50845
32664
13879
11862
3650
3494
37375
15600
3294
30159
38035
53829
37868
32153
34924
3040
42424
26958
35454
48985
53874
6365
56495
18526
15354
31455
4708
53804
8016
14063
5418
3969
26588
49030
33689
5971
12341
20738
5175
51162
14741
40670
54428
29629
5651
52072
59390
54683
39150
32498
32053
36923
19106
28298
11335
20537
47105
20469
42504
47849
5381
50424
30761
56244
24564
40454
48059
39150
15722
49467
40681
5453
53273
31005
34939
10829
54804
34809
32393
17447
19199
13682
24426
14889
56904
37254
52630
38321
54207
45626
12141
9823
53299
51937
4839
36436
3652
17331
58616
29073
44481
55737
43171
33704
14370
45231
46847
3654
24247
8213
47905
29002
21009
25314
40655
16393
45133
51345
8782
44358
49392
7231
23197
26005
32295
17036
55549
28445
37554
19261
9406
15087
45845
20170
51369
38725
56506
22756
54769
41724
9940
38194
23322
56346
21367
14412
21416
38280
52167
55872
23964
20707
49265
53126
17861
7773
54668
22381
9016
38630
59045
53228
52504
4267
14147
41267
50346
35656
22220
30784
19937
4459
47332
36031
43276
52261
39167
50992
42702
24970
50511
24056
22222
31615
10752
9863
3307
22676
8199
53043
27067
18256
57797
34955
24707
24592
24927
4612
44445
28588
4827
59084
51637
48071
52274
44832
8877
7561
38236
16841
6791
41486
38870
15411
37187
7521
29183
38672
13584
32895
48409
28642
55561
23771
58582
45698
38283
45899
29876
26508
40467
44623
28683
34436
59469
12889
31287
28422
51492
57388
38073
43024
18381
44879
13817
9649
6664
51030
45012
36333
48376
30621
36834
25325
14069
59162
17780
55836
10471
34835
14599
58648
11306
28742
33242
48106
40506
36705
54232
21754
40394
35498
31988
23864
11055
56269
41205
30055
25614
38427
9420
8743
47081
46248
48544
41113
42837
24988
43643
49927
19232
29069
30666
28909
42316
27949
57332
7008
37129
9783
56249
48540
29750
10374
24034
50510
33780
4663
52345
8300
8236
56402
56256
26726
58910
24115
27607
