277
43851
51644
43565
48845
37398
57076
26353
15368
10266
55635
22052
20894
32374
26033
35784
18613
21122
38198
40929
21273
29974
41879
8091
7645
20246
20847
51689
21678
56100
47003
10080
53437
20777
32023
43810
54676
21933
13396
24030
8269
5321
37996
55711
49437
54152
19018
7453
29655
47666
18221
59105
26531
42406
4183
44670
41490
55145
52864
26566
39280
10755
34137
17814
59182
57324
3804
48855
37882
5501
16231
22034
51295
8727
18104
41916
57915
51799
12714
20877
24655
37974
46358
20797
50620
46495
15730
58066
52489
42894
36567
42260
22534
17275
12047
6120
16007
26064
51311
45461
50262
37797
34021
30170
30559
30887
15766
52475
38662
25378
37569
6752
35025
41099
4320
31488
19343
15826
34357
56780
32325
44695
4147
37898
43874
28327
4036
20915
32586
6613
59605
17034
49169
20393
10373
6255
5430
20598
47647
12774
8867
38798
55944
5478
8839
53785
47057
14983
28869
44212
11126
42545
40778
50938
35851
46277
54655
42510
27932
8437
31341
8702
53895
36775
25132
4279
52002
25310
24800
4384
53990
59545
50920
24699
38274
30306
41555
55338
18497
57951
36788
45000
13206
25531
19346
54939
50578
32931
43683
3514
40311
4301
24258
54333
50195
15834
43509
40549
53380
33030
21363
17332
3066
28511
36903
48887
10694
11518
59405
17977
39775
37697
47988
58036
8276
27275
34649
25398
4291
47741
46230
56376
40966
33925
37298
10783
43969
34377
12655
37016
26961
52094
39879
29931
29024
41798
7349
11045
13735
11172
25808
33240
16010
58716
26233
23313
51174
38741
50392
41153
50754
31067
13173
58622
55905
40887
36097
25699
51120
9066
43513
40306
52283
58448
49873
47231
9283
24835
53215
45752
53863
38396
27002
23887
17618
9498
44665
33329
