928
23368
53656
35650
52647
31115
54526
17495
44829
46453
46483
51199
23825
58077
51457
36610
31936
56161
55339
43976
6473
56691
23684
14948
56381
38423
49393
59712
22162
19484
5390
13349
6660
57164
52234
26592
6358
30936
31563
11307
9560
30431
56090
38420
22979
4181
45135
51891
17683
25776
51233
41046
43586
50628
45933
44192
45966
59696
25406
9305
12764
10465
32985
36377
55709
12700
40382
35722
39410
6874
48164
16021
34046
51973
56624
25507
45668
24171
15555
40940
20450
21049
49267
53808
10790
55631
4118
10635
33417
28241
57119
57842
6110
3334
16443
20766
7186
55051
22849
6168
40204
33457
32787
14318
23949
49302
12508
43674
13014
31051
15962
9667
34446
56329
6460
38555
7918
47861
10643
12018
38298
12136
5558
48871
17909
15142
18012
25159
3711
50438
43902
34983
8772
10091
6579
34466
44357
29581
46688
3554
40398
49272
29310
4254
23541
43935
12140
12739
6097
23032
59535
29816
19969
20928
18236
28949
22661
26082
36577
36782
19259
59940
25871
56481
53277
36519
8640
36764
35781
32449
44499
23738
27940
20010
32684
14388
11367
35305
15743
59163
53837
10849
13712
33975
19731
31786
55972
5004
41740
54587
17119
18456
16569
41584
11428
18180
23450
35777
13170
54060
41065
35153
31900
39263
49759
53151
11098
26476
29826
48751
36761
11520
33269
55243
38311
32799
59496
40964
31527
44438
9615
9823
20260
22684
20184
27183
42316
10293
16755
40814
43179
44293
50596
32415
13872
13784
29245
32029
46031
17605
23340
36572
26186
7978
33761
12647
35722
21297
35750
37338
56990
50034
29439
25022
35589
12983
19343
34117
32545
40929
41572
10809
54897
34769
40535
39911
13110
14264
56849
15685
10524
30743
4463
56050
33764
11505
13018
26302
29759
55349
45619
35432
26034
37090
57716
38066
56447
55170
13673
58680
41096
35448
21164
49129
11020
4055
15663
25804
55647
37290
47737
44184
49401
23653
4657
28360
34472
16359
36030
13635
23092
9695
21469
41993
49456
8121
53788
57874
3919
25482
16512
25787
37220
32272
38988
9144
3783
10599
59123
41883
26769
18242
40112
35500
13605
53023
40602
18126
8608
24396
16723
5800
36334
48101
14799
55005
52619
28879
13772
40050
6766
51983
7066
32263
10516
26647
56291
10319
19935
39087
17290
3884
36080
49079
34175
31861
10280
28650
26393
59804
13046
19517
51532
17122
45324
50546
27103
7754
3009
48281
49049
32857
16976
58415
35709
58472
3941
30448
15724
16813
21944
39537
41651
39159
58163
10827
45598
36589
3332
47185
36917
14973
19025
45429
43839
21370
25943
5971
52261
32504
15514
11836
5145
27921
15120
9765
31074
58973
49390
39814
40533
30267
42827
18571
29602
3830
19038
23894
39436
43644
9888
26848
22264
42942
29383
36849
16521
57544
31647
11296
26088
37820
50821
12893
23928
43420
45780
57057
21153
36874
45369
51216
6434
28537
14889
20591
36129
13203
45395
7443
24720
42058
11262
16242
48987
40804
48371
12029
52423
58154
57545
46433
38559
49954
54496
18888
59655
47495
48445
59269
26341
9184
38604
45970
20022
35004
46710
19690
4333
52511
7417
8863
14106
24032
54584
37678
16512
9142
40108
30084
15986
54716
53779
47959
49500
37434
40412
21995
49265
41379
3197
34753
28835
55396
26759
27125
41765
28554
39717
24882
51688
52445
16048
56119
57080
14749
45284
15021
22215
9968
46745
54053
50623
11254
21252
46980
43700
34276
10889
39203
37717
13424
29326
57136
54449
5318
45911
16631
7361
54199
49513
5343
22297
25358
12162
21133
45898
17781
25502
28109
13184
21029
36222
59593
28766
27469
34887
58330
55451
46753
14373
8957
53780
40445
15973
46970
25267
19588
57294
22407
45133
48596
41737
12444
59120
21681
26400
24182
16505
16150
41804
58624
37821
9345
31040
37827
54721
9916
23981
11098
49719
24739
36801
30736
9664
15047
15355
47427
47258
14402
41463
7071
10495
55196
20430
24763
5292
9317
13643
28042
39194
46533
33273
30007
35647
12891
27745
52152
17936
50323
35921
56280
21503
7315
58566
58452
53464
17973
9925
14518
3022
39900
38709
24776
27524
17058
42965
21020
15960
12449
38441
45502
34259
48492
42291
29712
59662
37162
24519
25632
46675
58052
49071
54578
35946
51216
41515
47485
17956
55223
26309
42747
57708
42303
23068
52314
26730
23850
55582
18978
7286
38473
16521
34034
58500
20256
25133
38071
39241
18475
26430
25420
3229
20052
17090
5290
23231
56957
37113
10893
30565
51362
34943
10797
4299
34538
21012
10242
8849
22974
31698
19066
33697
9691
46712
25720
33360
31365
51365
13738
4472
20180
25610
27730
4390
22301
21247
17475
15166
9390
58758
20382
16740
35224
4520
4996
38639
20725
44939
39757
47635
43431
12013
20700
32128
53225
34245
14117
31239
39110
38761
14714
48565
28908
25029
42210
55633
15268
55073
7633
11536
30869
29529
59125
20411
59690
43746
21570
57901
16690
44297
6889
27962
21048
50862
18453
51745
51281
47768
41857
6010
19287
57923
23987
43223
12825
28504
23566
9380
55274
37184
54203
48518
11424
46413
5650
53518
33714
4971
31163
24535
22804
36040
50651
33662
27169
7158
18849
18951
39102
40614
21639
12676
51619
45912
53205
35474
18705
24492
58181
13535
19860
53296
16803
21021
28872
28548
32760
15731
54369
56961
41580
48382
25692
10980
50805
9910
55265
46329
40674
21884
13275
29067
32684
44653
44172
6607
50707
28842
24148
32075
37892
51161
35252
39931
55122
29162
34879
23827
53806
52419
15655
42703
12905
38320
44473
48530
32233
37949
11040
57029
42636
10270
16668
25105
18368
30043
57954
29106
49587
58091
17653
39845
59996
13657
15057
44962
37263
42301
18939
35091
19132
24090
21262
58909
33234
8025
34208
4453
6005
20711
4685
29863
21020
45452
15075
33728
6359
54086
50178
22230
29746
26502
36428
54233
31990
40207
56197
27088
36134
20568
59023
20616
45460
31539
26486
9811
45840
34678
