146
42464
28666
26668
25531
50089
17043
40420
15695
27474
16474
37005
49339
47918
34200
53011
6573
30152
9781
42826
56394
33484
36125
58705
10805
37043
59419
59458
20234
56086
9632
31582
52507
18445
15273
37793
40582
35913
50084
49733
52790
27610
44405
56569
40494
27753
12315
54250
19383
11616
59956
44452
35264
16259
15527
13089
11892
49555
52207
41394
15429
52808
29765
43583
36734
27607
34394
47292
16440
26168
12531
56371
39294
38890
34800
18640
4012
31188
6677
56535
35920
6478
16354
43631
3110
52548
18176
9096
22627
10040
11744
14668
15312
32673
18738
12138
47846
42916
37364
20106
55184
55293
37815
33971
24653
27456
9280
12132
10571
29252
10702
46504
34455
27748
38233
52662
43828
19631
51186
17616
42936
5007
33909
18617
46979
25044
45089
12380
48191
43993
40515
4568
55950
17123
55911
15324
49218
31217
16361
40775
15142
23759
23766
44834
6130
41857
41713
