537
27951
9992
26479
6740
24302
17011
58973
30092
28000
24782
20440
6893
59343
13742
26843
29505
12834
42247
47406
14942
49376
50433
39479
15243
3421
22735
16570
7889
4090
24082
36622
40496
20645
20457
33467
49238
22027
36158
37976
48572
42299
57132
14149
22123
17737
59394
43275
19358
16066
27693
39638
34564
44417
33362
46800
34704
5657
35478
59591
13810
51243
16650
15318
42922
54382
30954
9987
24039
50603
4240
5068
29279
11268
25568
23360
5914
22359
35201
29483
58523
59425
31996
4114
17192
57737
7330
47390
56306
25335
49763
22482
55345
21479
20248
35824
39854
30635
18920
7476
34551
24310
51896
51423
56104
5344
10720
54664
45656
6422
10472
45419
3761
58219
50974
47250
36103
23013
24071
29828
8365
24958
48091
34902
41144
24055
22777
6783
27389
27720
8317
25317
58579
19579
50359
16146
39372
17920
13144
46384
44511
27441
47590
3016
42570
14616
23666
29492
26997
17998
7099
35883
9301
41311
38278
37151
4542
10122
45804
53038
6065
52281
53426
7790
39911
54510
48315
36786
43613
34692
55049
44821
25134
19616
45670
27689
12056
54309
58064
37872
7072
35117
35227
18741
28151
55064
6790
36376
12048
20687
9951
47526
39889
8602
44287
34945
38064
53645
27815
22433
38574
31582
39260
42743
11062
39210
31799
12974
17573
39180
5749
54436
41122
30581
59812
13653
33626
20451
8904
59372
5445
13951
20612
17834
28078
11634
41100
20950
44904
53603
41041
16094
25175
14767
5742
25233
56991
35011
56986
58407
49176
12203
25801
14745
55803
44964
33367
58015
57965
35419
31578
42548
31072
18193
10774
16649
4060
6172
56754
54969
30739
22463
43265
27891
38706
55090
40714
46469
19749
38177
26802
25131
54823
26654
55836
8508
56267
57419
48449
12896
7043
44873
59116
7198
24518
57005
59140
33005
18486
26480
39153
55192
52054
36667
28742
15725
8647
42894
21966
28699
34185
21168
31090
57153
33694
45083
24188
6493
28465
9797
30046
28744
27776
10922
15932
33844
45441
23555
15937
29513
46516
41440
19161
57479
35066
7839
49298
24733
56019
43094
56425
53353
25264
35345
27285
59356
41854
54376
7921
37744
48794
16451
50535
57922
6143
34161
41503
44960
27274
49925
27254
28204
52104
15362
15898
27561
28606
41269
48245
8330
22706
44094
41805
44034
26709
7599
42505
16604
51897
27774
43851
22445
9751
30948
54206
30459
12090
57865
4592
54158
31489
28894
50549
59885
48026
45471
56994
24940
13545
54468
20786
55180
41026
16569
4353
56027
59068
33082
22484
40243
39980
52181
51604
44081
27809
49661
3171
50960
44329
43154
6917
49077
32629
11421
37129
31253
27416
59827
42402
38136
40751
13450
26232
43494
14650
49825
42311
29488
56172
22215
25973
57701
33767
38300
7845
4547
8661
51300
41716
54374
43182
42273
52941
35735
36273
17090
41027
12549
17753
5269
49683
52555
5835
50855
30983
49013
5202
23939
16273
13754
38771
3750
41602
54517
27092
25227
47844
22652
51074
45231
20513
36904
18902
27205
38751
31526
27473
32150
36567
30866
24710
22031
50737
48162
35044
27060
3849
12008
38295
47163
29319
47073
49223
9254
15805
26078
19384
54264
53483
44090
23091
53551
21602
38565
16200
16889
5635
3073
28256
56849
31282
25892
18776
49176
48480
32771
53524
22085
35606
58605
40656
46768
8551
29950
34569
15026
57002
38106
28114
9866
18393
18905
55578
36697
33591
10834
55592
22845
