2096
4054
44924
45101
52858
48739
58710
20531
15132
11331
43359
29045
53069
42912
31800
36017
42749
40112
29836
49156
4511
24443
52856
34547
10575
52016
29208
27841
22844
3788
3608
4255
23245
53879
42607
29351
52921
29322
52896
13771
51608
29721
16269
44478
43196
5581
18440
45153
5218
18033
36281
9170
44024
13521
56763
18313
47288
38772
58345
37686
12056
31411
41514
11049
54976
41602
33359
32118
6455
47720
22514
4668
39787
57758
30231
39950
43797
52192
18345
28636
48722
53442
28480
13590
38060
36309
5759
50877
34418
10037
18987
59211
6992
47400
59099
29159
22634
15320
10247
32825
35070
6981
35012
18025
27653
26561
32999
33529
10625
7361
8657
47992
10507
50094
28967
7129
50630
11964
9810
37645
58764
43415
28520
56712
44895
27349
33999
54569
39844
4699
40561
11277
36405
10335
25092
4711
5903
35948
59261
37294
53069
28621
19936
5164
7227
11691
16913
28762
5321
7678
52912
15498
46893
17490
56867
52787
33477
30165
3144
26943
33267
56974
40423
4620
14784
28205
40247
14575
29615
23142
5765
32793
43227
47924
51466
16914
23477
20773
38195
45132
18197
5040
39426
11537
47906
45742
12154
57971
20585
30978
43559
53416
41222
32429
31643
31739
25822
5552
23105
34395
16103
25689
12559
8653
23660
30462
41410
36674
16510
20158
21372
39449
6098
26158
40524
52041
3402
28967
53771
14405
41119
19932
4785
33402
56116
30705
14358
41725
24246
7621
25749
32405
9045
52019
47512
59557
36519
15790
37487
6217
21341
52414
12000
39309
31149
49319
31440
21969
34893
5443
4128
11985
56704
58789
27502
19698
59902
48378
17904
55592
13669
41497
53298
21743
35269
10053
24575
59941
14126
34407
22585
43838
7702
56088
4638
52929
54988
29074
33093
3306
23022
48430
28598
47649
33878
25578
53185
20163
42951
32389
30908
19698
7474
24944
40213
45669
14157
10994
42939
32343
19466
33051
41585
28798
35752
9729
39577
27607
21171
34114
57572
40882
41061
58505
18595
5498
39048
16952
56473
21741
7158
32925
42724
30540
55791
31781
18872
21517
25684
23123
56108
56784
46954
57528
15088
28021
7187
56169
32598
52967
12908
49244
33375
15412
16701
40337
14475
9755
59754
55266
16127
54245
22635
9662
26449
27566
24468
12695
52508
21407
37165
52534
31840
38547
14187
13193
48444
22478
8529
43290
35850
48106
38391
12993
26113
13123
54402
35882
21764
35224
34440
43897
9812
55797
33949
47549
51387
32956
29350
7383
28213
12439
8508
44612
8971
18774
3902
56249
35507
13796
50517
50865
36461
33280
59287
11108
25778
55898
57178
3388
14367
7020
51734
43546
52997
11352
52666
42273
57138
31843
15268
53061
23798
17708
16924
55925
8342
42350
29861
47173
57187
5505
41960
46421
59187
7652
20124
30873
56191
35402
37678
16303
17155
56836
10812
24125
25561
36034
20037
36400
23661
31046
55852
20618
11815
31134
3770
29442
32643
17171
10552
38726
18331
23230
29343
35518
7981
55081
58894
31552
25400
29016
32101
10924
34901
50886
42415
39415
32330
50011
29599
11496
52451
59716
23994
37674
30423
4080
46496
13938
51104
13231
19757
50552
46462
44835
59676
36346
54530
27970
20679
38018
35677
22419
33249
48400
35337
49186
42180
42569
20772
43596
59649
50272
46467
37168
22026
40429
19396
48728
39293
20706
24294
30531
58047
23158
43669
29212
51033
11708
25249
59553
8441
3002
55119
24530
47087
59152
58556
18113
5959
9210
41910
35943
20501
30074
14531
10355
23720
48462
44817
36591
52444
27978
47206
38131
18981
50312
48369
54240
58570
35602
16905
37989
33375
36144
28038
7379
14341
29737
13787
42662
34954
28889
4465
40389
10973
12392
37032
18944
30754
6453
40826
25044
52104
23419
53671
21900
4077
15794
25449
6676
27558
58535
52641
20237
19506
23469
32523
46304
36463
52909
24092
48473
17328
8131
45804
15314
36975
56992
13541
47823
54455
50291
20056
46861
12724
9017
58885
46016
35929
53846
29961
34421
11153
43516
46318
51262
19194
13747
18170
14260
10724
54539
24697
9342
54778
6837
29195
18200
17030
36433
8465
40799
48125
7471
29718
53349
59624
10911
59056
21255
52176
25198
47422
30609
41640
4340
56015
29394
46188
46500
29470
50592
10562
32832
46497
12586
58711
58029
26805
38799
3564
18710
53381
30657
20288
28512
25988
27679
32687
54299
43751
9799
44611
34204
58391
47346
11236
33922
12809
56495
45628
29945
46198
9261
55734
35471
13935
20900
51877
15214
10755
20876
5392
38070
59144
19493
47425
15708
33581
6416
19910
36012
7251
47227
51799
43783
25338
52494
54044
54568
29735
39318
10153
38865
5745
49493
35882
8961
16784
58451
27317
10062
36984
18248
8786
43476
45462
6642
57344
26441
14457
27832
21214
6093
36727
9553
37711
39357
24865
19316
3753
15146
37069
10769
46040
44749
45517
36909
54312
44669
3087
22865
6313
16590
4469
44388
30452
3458
20638
23716
29146
47231
28270
50945
18873
24456
7838
47412
44089
11240
9842
16999
10862
35657
24971
59138
33712
10977
15071
23706
22835
35667
27783
47522
21628
36034
58033
10534
24804
34082
17674
9826
15354
33239
32518
20468
9273
54563
35349
5393
33940
14231
59747
16886
3717
3702
56815
28731
29526
47313
36227
55181
13807
19637
43017
45404
47194
18620
40643
30023
27140
8241
42653
53534
28625
56842
54102
16777
14982
59262
58395
41882
33650
10477
40759
19758
37226
40910
29037
30905
14883
33787
23231
4658
41962
42530
49929
55553
43533
19946
54435
27420
8617
44647
50456
44034
40700
57018
45916
23152
24794
17824
8935
39651
54850
45327
4700
28185
25238
32567
10571
55780
33564
49613
53585
25788
50568
30627
50276
20777
10789
5477
24949
45908
53402
39234
10774
53434
10932
45133
56349
30410
13972
13968
57313
16883
42439
25372
17146
49131
48432
47144
39218
7551
37375
23848
21494
8521
29154
46256
29120
10635
56010
27302
10581
21083
35976
51917
38088
59283
24895
20361
54049
3097
39276
6490
14239
58861
27292
17929
13889
35227
44755
27764
15686
39977
46925
23261
13370
53667
23612
24227
14799
40961
32810
32232
56688
55096
33349
54266
58035
15843
55162
41863
25564
59391
15493
54606
51271
16325
9727
41051
57128
59662
35830
56975
36080
9270
14657
46415
15984
54157
9848
26228
29156
12049
39770
21562
30858
41784
38303
16579
4118
13345
50586
56372
47665
48597
43916
9211
52996
35470
21453
54845
34769
20671
58885
28034
53023
10380
6218
28165
30654
5800
39131
43543
47763
54379
37533
6093
49998
25227
27179
5524
32395
36276
20188
29963
39854
40619
4890
19019
15645
59670
48791
21129
21288
29680
51838
3900
31075
12476
59468
24038
20743
11231
31133
47804
39470
24214
7158
11967
49091
32433
11037
23966
56230
45227
35004
57650
17517
22995
38103
38373
40662
5285
35994
22903
55747
5678
10621
24049
41561
21989
49505
10499
17283
17590
5770
40955
24720
3898
14317
55903
58950
7640
46541
5802
3236
14742
37563
29343
22171
15980
4623
37642
49913
42557
41364
10697
25329
49432
13969
41590
38258
49341
52163
49761
47673
51377
47738
58735
52424
59841
29442
31904
39357
15021
4792
52264
25791
53922
50599
31755
42108
22168
45779
43641
14388
30075
46715
37782
24005
47072
4469
28756
45935
57883
50555
47340
23769
22931
23333
39067
9142
46869
47310
12804
44630
27260
52905
28233
55832
52024
36552
50060
53991
52700
12240
12663
43154
50761
52605
42087
23083
38887
9263
31109
50207
3334
48522
51178
11915
34907
42232
12711
56136
22795
30685
53917
12443
24209
58713
20077
18993
37533
10407
5075
13432
7381
16697
8171
33050
43186
21605
37628
48211
16769
50960
50448
49969
58587
59097
32509
33070
30072
56183
24207
38538
31447
27239
16015
46179
11659
45165
51060
50618
38924
5964
41845
41692
57959
53255
36168
28613
7068
35097
35207
8634
11043
42399
28513
50809
4332
7522
40273
34719
13414
39533
45039
35800
10152
56872
30747
32965
37915
23972
15955
34363
11845
16293
31568
3233
14324
4261
23032
54046
30786
45545
23221
41217
54460
16746
55923
46736
30049
43798
23645
24552
50745
35462
55650
35832
41911
57205
4139
26314
38272
33208
47348
23213
19784
33085
29907
46968
49031
30816
12365
11232
11566
12301
39200
26218
12623
29265
47617
56261
13490
34242
49894
8327
16930
49906
14116
49090
25517
33185
13189
22527
17264
44489
40864
22042
25854
12988
31311
36065
39758
48528
53275
9355
4203
19031
37605
16547
43486
58072
42744
46600
18278
49094
36244
55841
22003
36367
49437
32285
47783
29216
59859
14255
42967
43699
20938
31000
21478
5487
29510
39374
14514
41724
4418
52165
21598
35459
6996
52781
39257
27147
24893
33449
45628
13595
53846
37699
51137
21721
36929
51707
17309
34841
20654
20013
16205
47746
43098
21512
49023
14551
11369
20867
21188
5086
34660
33669
44735
19610
17456
11036
53390
40280
23417
16309
6264
8389
44083
43646
5086
57906
50136
58971
17004
27907
50429
11245
5677
23471
44304
17547
25116
33848
7888
3309
31095
28988
50533
23461
37550
36512
53930
49086
13314
35139
28846
29387
22792
16440
58323
3030
9321
9365
25811
33878
40524
29576
3221
25514
38819
48656
12752
28966
12446
28036
34956
5261
21997
27061
44620
45880
34919
3748
38102
59238
14277
11132
51073
19753
8221
34925
7266
40547
4863
45061
53555
30268
57948
18284
4300
51475
18747
18954
50642
48973
48926
46198
16819
50883
9032
37167
49782
10469
28776
53019
41903
48097
17748
20284
32798
30219
57492
38414
55190
53454
25985
52938
47055
5032
12568
41643
12572
19583
4712
59992
53095
44562
53763
49402
33524
12725
15302
50707
19171
16506
35240
26073
52169
57028
31917
39591
8969
10178
47517
49365
26826
49404
13874
55834
32764
56932
49604
43480
57062
15198
32906
5010
58513
38435
30066
34012
6709
11157
44169
17351
5474
58805
28594
17283
27327
59687
24253
17534
56987
5857
54562
29006
23924
28302
58387
10512
19316
16767
7429
57182
43588
29697
52338
25482
40565
10525
23562
36328
28967
39646
11482
8470
43029
32797
26304
51192
36528
33448
45042
12864
14918
33486
10931
30474
19932
57195
26017
42050
16145
53091
26232
41863
37351
8424
46518
20866
38695
52347
34890
31924
58306
10928
12420
36668
19826
21045
10933
51192
42736
34315
13640
24708
17140
23537
10423
49473
42160
42799
11449
19680
59198
41237
36143
35273
47661
3345
9584
28714
18854
42434
15794
44268
56518
35840
7521
27580
13190
48728
27247
3539
9610
12529
37026
19250
4402
14454
6474
43912
53327
48487
38215
10601
10977
41354
39883
53969
57746
16416
10474
26078
24299
45036
14991
22877
47944
9214
40313
51644
19206
16453
57227
40522
15698
17040
31982
8668
11616
12760
20668
47963
10589
57166
13694
45278
52378
50842
49435
36946
52251
4443
27454
28766
17185
44143
38569
51672
28089
22911
45917
15488
9577
3778
47758
19691
22241
35923
28769
35703
34790
41094
5191
41076
5509
4901
19516
4848
56488
37383
28059
21455
36170
10459
27320
46186
46255
19034
3387
38549
52445
32066
6468
47762
27898
45244
3601
9362
40868
35753
28469
29308
6577
23581
4534
35410
37379
39895
54224
41877
11493
46644
21624
35171
44384
25104
14087
28351
26847
37184
39943
14474
32627
51627
6046
55611
55855
39733
38837
31103
50107
21188
3729
45057
25295
37528
45688
43390
13654
20155
52224
35045
49275
18299
35545
18671
8916
7114
52039
5030
31977
15759
25447
55947
12216
19133
15085
7126
51999
40350
48353
29185
36830
43361
15704
38712
56558
44269
31160
38154
46981
26610
45145
39155
10128
57849
41159
3871
20011
49080
58216
5000
12500
14003
7472
40507
27869
22732
52955
37243
56810
31047
25056
33556
20003
43010
46922
27305
14069
30614
48471
44436
14693
11761
21761
39884
52939
19730
10540
47819
28613
36680
42082
35534
4120
9331
52315
37916
46315
29655
22363
53324
40471
41136
30463
53287
17587
26879
16503
25280
53868
21241
57641
3367
28248
45248
36498
40587
15206
32472
51612
41334
17021
9929
53485
22711
54551
50479
53922
43509
57880
42957
24394
39648
34379
20444
28420
4636
15379
6535
26017
52650
11533
8466
13470
18103
8644
31346
43028
51059
53160
55213
40429
39976
54399
21128
45439
31912
11067
20387
6701
17673
23222
6410
31268
19990
5553
24255
42036
39323
56038
38606
4754
39806
15419
18620
59572
48343
11809
20089
20782
58401
59471
20139
53278
18593
57812
10435
59576
24788
28803
50746
26958
20593
4803
21659
46789
3270
54461
31799
51253
22726
23310
23522
35371
39270
52236
7391
15194
48268
27358
18637
43558
30660
36216
53235
42341
53893
45740
25388
10737
31590
9714
45143
50678
10435
5819
12727
31394
48191
42933
49561
13956
7354
20979
57318
3375
9639
51198
28856
30663
49627
18078
24190
50341
45659
29125
8296
26148
51000
42522
34907
21806
23596
4711
52925
5497
59126
26856
48434
24306
37979
29275
51159
36991
26926
26493
22584
57815
22961
56270
54568
47774
11456
29196
47919
44583
38001
32459
14331
26600
21527
51496
31887
4025
14512
39875
34531
11323
51051
6192
26645
10116
5579
21828
21266
17383
43777
36435
13805
28183
36979
13174
19946
49487
45532
46278
44957
31901
17063
19598
29080
56715
55365
29726
39170
45101
48083
41097
21869
31141
33287
23843
34806
31406
57801
30160
25649
58649
26352
32264
59575
40915
20478
