966
14688
20470
29647
32935
55879
28624
33371
56626
36614
25468
43977
43572
47301
38019
21877
9983
53426
34573
21033
34810
42803
52099
5280
39233
24342
42057
47557
50901
6765
54978
47718
17692
12503
30256
9623
21819
12308
25516
53818
19782
54681
50400
46443
23596
5409
30461
5625
42436
7505
56077
53345
8333
55104
37061
27580
49779
59478
4863
12684
35659
38819
43308
52427
20298
22720
31484
34051
42965
59541
23686
56565
4014
49792
53635
6468
59535
25872
58337
9178
37661
35341
47939
18579
53022
15520
25433
52768
21075
54369
38737
22688
51964
47440
56495
59401
51141
38367
18728
13603
40198
19798
10994
35326
35044
50762
48912
29010
34081
17498
17444
12392
57670
50431
57963
37348
38359
39232
9604
32218
6026
54795
14963
17184
21375
49732
6061
31301
48653
27024
27599
31552
59387
19475
17494
31134
44006
4814
5187
26510
33698
19897
12743
23990
50136
17697
27845
15387
36204
22727
6542
30915
40703
24962
52157
42037
10613
32928
8545
28596
25446
5037
59483
55014
13559
33394
39964
26663
26263
19806
6983
5005
36594
18399
47981
59484
51828
10508
46373
59002
16645
59739
9974
11833
22693
6956
25849
8393
36893
49790
51097
35391
36497
38779
5500
17700
49083
22832
5990
25878
10250
34663
44957
35490
35555
50451
30151
9822
52616
16115
10044
52638
16075
7958
13339
57867
26565
40909
16563
39110
24219
27648
35322
5509
22319
40595
49663
48402
17750
59002
42132
7984
54165
33987
32856
26284
13462
27110
18143
44534
25917
52113
21748
11888
5989
15449
51577
51587
22161
55530
27836
35037
43877
40432
42797
5689
35989
40599
5625
35410
8091
58656
16490
48254
56435
9212
21424
40454
7533
11274
20559
22228
42956
34183
16234
17683
35667
8248
39774
30587
53580
4801
46060
58814
41987
41268
23344
7869
42445
7986
16574
29806
4001
11028
21717
38259
21378
50486
22510
30617
30108
13977
53540
46467
18095
49795
8499
21782
54215
20181
16153
45785
31489
54659
28845
50270
6436
28977
45040
48469
20386
37501
36897
56978
39892
42998
59238
26925
52934
37153
34200
28493
11894
32954
6455
23702
18517
17015
16941
19773
15954
12451
52832
9868
10957
38085
25242
59046
46965
42463
28413
59030
21517
4966
34178
37455
9280
49506
28195
3026
35686
58410
7475
27763
11759
40697
32071
29844
19049
48899
51404
8306
26925
29990
53064
55666
56184
54315
13117
29967
30628
35085
22413
30504
47971
31272
49148
49127
20766
9521
28976
3305
29935
58739
54364
22030
24006
48008
4031
48273
24609
5805
42789
17569
40122
55303
35734
36965
53414
9467
56276
9674
51559
9688
10895
58412
45849
22709
49936
39571
24290
32985
18539
57410
37740
5991
30674
55809
40221
3046
46901
32416
18695
31739
59416
5715
50061
55609
56282
8330
22902
13165
43034
6567
22942
54240
33265
4055
47788
33973
42060
14778
44463
30489
28542
17975
49875
46006
9517
59079
17711
44543
3749
14563
53283
30622
3001
49711
40487
22791
12141
36266
9338
7892
43818
51422
41962
10261
4973
26953
38472
35570
48209
40292
43342
42161
19363
48290
18749
22356
46931
52990
52487
38954
31065
58303
9403
50472
33748
37259
55037
22944
17877
34069
15408
13429
8294
15197
16912
37700
15172
9053
12922
36680
14898
33825
55302
29754
44354
49273
40347
28108
44563
34838
48791
15374
36676
34997
59278
3141
56155
23902
42248
20712
35441
31933
48814
25184
31556
20554
24481
30266
49288
58391
50281
22573
17380
24333
48500
54345
25701
58018
54400
42949
45918
17950
48668
41168
11199
45679
56289
45551
37953
17251
7138
27935
54481
24898
47637
40247
12322
7025
14711
36524
59320
32881
28092
32450
52698
25552
18003
36976
5408
54164
16976
45455
46598
5983
51832
16132
46498
23767
4220
25348
30351
7248
33289
43816
22722
44335
26393
16103
3013
9820
38438
11047
14483
10942
31938
54956
44713
11242
14124
52012
39006
3421
26358
18949
3140
58966
16826
55119
38770
22437
50027
44185
24637
38053
14046
25389
22807
8040
30530
34396
22052
32741
38948
56825
15023
9016
31384
20011
33319
49831
40431
19704
56374
16872
31652
26725
27991
16425
35658
16357
6400
56753
21370
48833
42817
52836
15523
5770
22911
41944
36471
12220
33949
5716
29116
4841
46800
22655
38830
38080
32785
10569
33432
57623
42171
50870
58761
16050
26718
51129
48079
27853
47681
56302
10973
55320
53024
51582
46677
48753
45757
19809
10393
54324
22139
51601
20045
27513
7873
25945
9847
24648
32140
59629
11139
50281
30131
58683
56050
23225
3845
40804
15894
30748
42982
19367
36829
15868
38459
26087
53853
57657
48406
4010
46913
30933
41147
52597
16521
40254
52458
28436
10088
33600
3041
36864
48147
24030
18863
57916
45278
28809
3886
50151
18276
37805
34001
47080
21664
21928
55139
23580
9019
6643
49740
14058
39657
50770
43616
25245
27211
5388
15024
36998
26776
42195
17813
44985
36347
57882
28854
7737
38162
36487
21372
46656
41952
15808
45562
54133
38632
18076
58635
45399
35497
45671
57115
54491
56513
30567
28688
57608
52626
26027
41706
26683
58276
18049
15750
58417
42599
5846
28027
26972
55615
6480
36959
9024
54395
22203
39397
19803
51787
57106
37881
7148
26920
4034
52230
33637
56264
50461
26360
53676
25048
50418
50219
58328
23334
54222
18060
25150
47309
14892
3084
36907
39592
28080
41061
59145
4198
11079
13845
25080
33905
45914
21459
44342
39739
53387
15776
42633
51491
8596
7233
46243
47147
23242
31234
22958
6304
52000
10608
21343
57500
31756
53337
20291
35155
32335
25110
10702
25056
33037
44574
40978
34734
10984
30649
12657
29846
9133
4337
10945
19379
20435
50942
13766
52204
43670
15993
30248
37925
27213
40095
34494
49357
8789
24744
37094
22138
47330
55635
57615
6088
29951
59817
40015
30366
37419
54865
6397
49177
39273
5213
15562
16737
39054
56894
21812
45240
46794
46432
20039
17082
4692
51236
20277
16553
27402
42265
3045
18362
16646
52557
59516
12658
16599
39960
45341
40979
23227
21952
18618
26606
54890
11530
20679
16532
56665
57068
30409
39848
16077
35138
47492
36741
35842
50676
33558
16782
39543
39060
