1478
17457
34950
50026
9322
31194
49725
56238
59568
51223
21078
38754
31899
3533
20286
15063
34763
5721
12164
16448
56131
33113
21687
37731
26094
40624
46191
43224
55348
52667
15390
7848
20080
56496
38044
46333
28866
42994
11212
59130
25422
7644
18431
55649
46395
14300
49901
18640
13759
56728
17723
4907
51481
39092
45230
57766
37671
55366
9655
27044
25017
23026
27192
6306
47077
19066
4720
13016
54142
41031
38913
54975
12827
33043
26495
24550
5742
19055
18976
12130
23817
36072
38428
4553
26297
41453
3010
6162
36336
8552
57523
44559
33190
37875
39395
10942
5305
22222
7548
20884
56038
9341
3554
39897
43528
19454
48119
8247
41957
13879
36095
29954
25081
27725
44290
13292
49134
36208
7149
51708
59538
23664
32763
11539
6933
24697
17564
5895
20693
53140
16783
56662
16553
47913
34804
14349
18483
41545
38007
56356
26086
32257
7727
46328
57504
5891
55998
13084
7301
13764
45288
36679
52284
51064
29215
22803
19850
48700
44904
27506
20355
33567
44728
9495
26722
39053
3965
45070
53249
12936
52935
49875
14666
53400
30782
52961
6216
45862
42788
10999
54858
28908
48654
47957
58096
28860
12785
19139
36637
31139
17209
34851
24288
29862
41502
42575
59500
46586
34185
18891
59051
52122
37901
10220
17389
15780
45968
30932
45191
40726
8544
12195
42043
15698
19447
3829
6716
33966
34718
59304
50142
43327
31373
54276
57322
10258
6235
34503
49700
59998
55843
3114
45313
18295
38624
20719
11748
48603
35071
48407
48313
8650
41027
37152
57515
52169
25800
25397
18413
24744
28138
21967
52941
11813
54782
23979
24119
22296
11944
59197
57286
40843
15773
54150
33678
56296
38657
59642
52867
55668
30025
30450
6201
49101
32218
25721
6087
38702
52427
58847
52997
10702
45268
38212
50001
18648
33003
31950
53020
36891
44462
10508
25345
7812
19063
48590
38517
32631
27388
47987
59695
4040
32811
36796
40384
48878
8937
59993
11568
59803
56099
12413
51058
58778
35041
13302
47167
12180
23354
22173
45475
26932
38724
52311
59181
46160
27570
33769
37013
30052
4621
32958
30100
13785
30184
57608
23062
52727
13158
52728
14158
41054
56967
22488
52674
51662
46434
21854
17706
33586
5648
24975
49712
29046
13681
9549
51201
24855
13144
29628
31269
47535
9679
25382
7495
6105
7852
16345
12034
35269
49954
46282
59657
43219
25263
5315
59625
31581
23627
25380
53950
30652
20907
29477
40168
27036
33077
30492
21787
48017
52129
15507
56544
59773
44394
21605
40438
31982
3080
4911
31167
3776
53472
38906
8185
11713
30723
11600
21229
27980
43520
42266
51894
30006
49042
52068
18643
42941
5855
49964
36417
18329
40019
9363
22713
42343
27990
3590
55133
3814
48295
41037
14469
20631
14424
3063
56541
53085
20564
16487
7915
41494
16110
31080
16721
30847
42053
50113
41815
12348
3658
15667
35732
45469
29375
18190
7481
33843
3447
16511
30769
35466
29309
50724
52237
43236
16732
58469
41860
44530
55989
48784
45106
7555
48107
24970
35534
37763
15387
7088
49758
16885
44231
4631
44391
3670
37444
32696
55881
33783
52375
33521
4693
3478
47571
13597
14983
56706
49376
16185
11469
27572
25017
38253
19426
14274
51838
22289
22962
29165
31933
52606
36543
17393
24978
58639
53423
40750
7716
19631
55104
31475
21497
34034
17875
58577
30286
3049
50358
42540
28878
26672
5173
44617
52839
24430
3992
22037
38279
53520
58338
25060
28798
36632
48741
33614
28739
11568
36955
32267
42362
21888
31498
35122
16414
58776
26018
31667
58993
33981
45171
11088
37060
28598
51551
43401
56849
19431
59138
47286
38605
28964
8349
41872
29645
7572
22742
46879
51345
12259
6770
46849
24141
7169
43513
12557
30044
55222
35029
50452
25104
57976
54692
17351
46283
54522
15279
27870
13472
24116
51525
48790
44953
57688
39102
34891
27257
9279
38731
14696
6883
27286
18910
25602
29752
27352
41149
27709
48135
29402
16783
8786
14676
57172
21342
55825
17815
49826
40156
10970
39910
31435
32295
41297
34140
48712
35748
25378
44108
52158
22216
53767
39604
37452
40835
50789
15896
53009
27239
34794
41218
45158
27148
9326
14961
19977
37097
33992
51675
3843
34076
43588
38110
24957
28964
54718
49123
57762
40519
55508
48701
9297
4289
3226
57555
38954
4918
58156
39100
6972
9004
46794
39931
26688
15511
57984
41706
28887
56995
35334
4091
4520
34519
11063
11334
50764
34850
40488
23567
41966
32012
17584
53366
45122
44361
35946
4701
38700
55090
8569
55312
44216
11783
48090
25424
14633
19564
9028
19315
10087
8796
45746
50213
20721
19489
29063
10197
44347
32165
38064
34881
14464
49115
59012
44042
6769
35896
50530
39471
46883
15808
42570
16940
50824
36765
36207
5900
3623
46550
31316
59453
20956
20183
43645
37231
37129
27842
27819
14985
5225
37222
47591
12630
48906
48367
16691
25277
20368
10001
41428
18240
8087
41283
32380
14569
50211
33047
59307
6878
58529
16076
17906
37511
7611
22516
35908
40064
7148
31367
38105
3937
44313
37297
30899
20150
24360
3778
24522
15526
37671
42842
32761
57553
50789
19560
9621
52669
57320
38200
41483
36482
52598
30061
20525
44399
15804
7052
21399
9455
7017
20156
9710
28668
55102
23647
16508
37915
33737
46187
32165
4524
8321
35824
51699
18895
45426
52024
43917
20565
22346
53885
25106
14059
19113
6309
32830
55724
50817
3954
34988
36208
54429
46321
57028
19386
11806
49700
58453
22403
16144
13861
35432
41517
26563
22047
3857
25053
39785
33859
9933
10191
42011
42428
3999
50387
16804
26691
26587
12622
23911
17813
58023
32781
25552
27264
56051
16019
15910
35862
43080
40578
23202
13179
7286
26116
40002
59628
27935
16095
18311
50420
46713
39132
12373
15067
6026
18324
21072
26209
55270
30212
57499
23421
22569
27574
11271
57379
6218
51482
30287
53216
35712
21150
34948
58370
30630
58533
29356
24791
30196
41677
12736
57189
59506
31382
21306
36389
26791
54607
47792
46485
55352
20517
15979
53878
43868
47133
31927
28309
33857
10915
41684
33323
34091
8467
19877
11704
32543
26994
33508
4119
7960
46050
24484
46084
18783
3880
29943
45579
49055
45193
47601
7992
8660
12219
6086
26491
31881
10012
12858
23641
47855
57600
18098
9518
54034
43268
32367
39239
44536
37167
31066
11269
59048
8170
36081
19504
38148
51196
27417
9335
6816
53631
13622
43733
49703
57682
49477
3105
56440
54021
24299
32753
28546
36146
8917
54956
14578
34877
6057
11551
39743
49216
27050
57004
15640
55536
33465
55425
8974
17747
38238
3835
49529
41075
32884
49704
3740
24168
40991
3000
19116
40042
19662
3475
41512
20816
40961
18418
30803
56941
5694
19959
17752
49845
54160
6490
55085
32615
17070
16593
17913
49656
59616
35298
11029
46163
21785
59939
17970
57617
30604
12398
24532
40785
51161
11749
27109
31192
43824
7790
12389
6005
33396
44853
47830
51357
12885
56098
6797
58984
36833
7429
37867
10736
22227
11674
44352
3897
50763
14240
41077
58491
38474
25666
44470
25073
7318
57206
29369
48081
3207
22253
24725
43147
36091
17663
24156
5231
24606
51245
32084
48423
16271
36903
46824
18137
34397
54408
46937
5582
49072
14808
3615
11033
39494
11734
17174
45527
13126
12334
39560
7696
58023
33729
27589
59084
57699
47699
35566
54014
34967
38214
55453
9223
59175
43424
40076
39798
36494
33649
14838
44462
6374
34544
16154
17009
59047
18138
4378
58825
32562
28207
19173
48049
44761
21168
24329
36781
36340
58188
44049
11623
41314
25392
37941
19811
55700
39101
52580
33629
23366
15138
48000
37293
21683
38815
31168
32742
41672
58377
6005
4404
10615
50012
40417
57211
12940
9102
26871
48911
26390
54965
15821
12177
42817
48752
31448
6806
40102
56735
29083
44873
5744
29022
6210
50940
45010
22341
49737
54192
50385
20893
23027
7239
5834
33925
52108
52536
25111
42192
50034
33236
15929
35427
48623
39342
10078
59516
39764
8354
34253
54710
31207
55373
7683
58039
4755
35569
58744
24496
4036
6438
54656
30455
59639
26318
32229
52826
54386
21554
46137
30106
56773
6426
19258
42053
39006
8012
23191
55359
10496
21294
5982
49021
25732
34270
11196
11288
5111
22143
45213
3491
17915
29403
10364
53590
58340
40836
33789
11576
5256
40349
22229
38742
56364
43059
35925
9399
10432
25872
54115
45837
53859
39489
41648
43272
7875
57583
17054
11601
55332
53470
12488
34539
42665
52534
53896
13610
19434
16480
22357
27530
36069
58632
48593
16081
55442
55605
9339
32901
52739
5693
31558
35709
47771
41834
43396
25748
51928
45622
22213
24442
33444
4689
18171
52280
52610
41782
36273
31141
28428
21331
39900
18855
42966
42994
54507
48455
50806
29309
15756
34701
10685
59994
6666
7567
54587
43858
33887
15889
59805
20807
9431
21047
37982
43723
52719
16678
10096
9625
9861
45196
4541
30754
31525
19794
30074
10275
42263
3400
55543
53497
9387
3457
49274
6950
20377
35723
43215
5422
53190
56347
4550
40798
7247
20230
9737
5096
57575
45398
24543
27176
17884
55196
23635
3165
7875
50219
44026
56137
21595
50098
5768
5026
52944
57639
55960
52473
30883
41067
57942
21142
16397
11973
36140
41242
29997
8112
8667
30579
25725
35167
31906
40525
12601
6765
8625
3023
47623
56021
56976
51493
32455
27082
28921
48007
14702
58005
33318
45567
31480
20851
56163
14335
52546
18918
51328
44601
