1562
23309
26344
29791
29788
37088
56596
27546
34936
50832
19460
4079
27127
8691
55506
6002
24632
53913
59446
43914
49683
25782
9726
34949
55301
30134
42885
34546
57955
6232
50854
8407
45300
54258
34177
34782
15608
31424
5357
55650
29140
17782
4873
16437
50372
19643
6278
53139
41016
23383
27265
26310
19318
44283
43414
35682
20971
53615
34052
10805
12800
14283
54031
57834
16746
13282
24448
15114
30978
22275
48706
16817
52097
31972
50686
58500
42385
37686
41689
59618
55577
18271
13180
26121
16221
7563
25030
11934
9125
49012
38900
10587
4788
51949
28177
56799
46297
59700
27415
33882
11104
14778
29568
40487
7290
58241
3168
38322
33581
20178
51711
19638
16677
38283
56871
32691
59060
28864
52087
47988
35822
31819
19051
23529
14141
41001
35184
14711
18611
16726
36952
54779
28263
4116
59068
48834
19224
23658
39134
8729
10379
33022
28310
23527
39415
38326
46886
18823
31795
7094
20766
18033
58921
11375
4500
30299
22853
50098
23480
9951
50958
28777
48831
24360
49801
12071
48651
10027
45613
19939
39573
53137
33946
22680
7871
47436
9692
4406
40715
39035
25773
48471
29812
43531
6352
9532
20645
39747
47310
20492
53827
30201
3377
32364
47227
47488
50743
48204
17197
11838
45047
50842
14109
52130
50132
20393
46203
16655
46281
19304
43873
58069
7242
17391
17458
39354
21075
44937
39478
53696
52323
47270
8466
41965
33249
17829
48636
27426
31229
42796
16116
55112
49412
6819
28701
36302
22725
8689
50328
7841
27909
58475
19326
6280
35276
52916
38846
54018
22674
49202
29221
16218
43486
58110
11630
27925
34833
30349
59098
16145
6846
19149
28991
12567
57932
13971
29264
54371
4255
5955
4436
44894
35933
20273
11979
20314
40751
8164
36948
7139
44190
48060
4200
50079
6907
10041
3904
24116
45139
24813
46465
40859
30798
51103
20863
17320
48380
38040
55656
58074
56794
30410
33425
59354
42842
22003
4835
42073
45311
25862
38985
50737
26622
30229
13714
57046
10874
4104
11869
24129
28811
39223
5644
26799
31388
16939
34196
26237
43389
39778
51860
31361
29959
57668
6458
35642
25596
43765
57813
31526
26396
46191
37834
42158
33552
17271
49549
3582
37055
8817
22587
20080
19634
6905
36579
48495
25952
53281
18537
55326
10269
6288
11205
51729
55201
44731
43899
11494
12050
39301
15630
3140
19980
17264
44995
42117
24412
40055
53757
44960
13347
14427
20382
41081
46628
14638
34432
16848
39245
5471
52226
17436
48155
44913
5905
54557
58977
54346
57607
58430
47264
14264
57824
21587
46789
23192
51569
5173
14647
9290
3860
35738
5511
35521
16607
56901
12287
48562
46694
46482
19700
40578
35542
49200
37931
36998
3206
34996
14139
26057
7213
41555
37726
57573
7674
59619
27615
6574
53957
4793
40012
21473
51377
12852
33750
9382
47078
51302
18241
47292
31730
13698
41453
13324
40980
56009
33334
9573
48789
5500
36544
29659
13644
27398
20411
49078
58632
6292
37763
15158
28299
39282
51635
37214
6815
50872
24972
16212
57768
17355
3422
15421
24381
28025
4171
34536
19316
45059
51366
19703
42165
47693
15446
44254
40084
12687
30280
28358
42981
51684
36771
55421
16933
21957
56810
17572
30248
19771
50577
55657
24702
31456
10121
8100
54446
35971
54170
48627
30815
29673
41564
55669
56378
13252
17225
27762
7162
25000
16898
57000
57025
26033
26096
56516
53238
45910
48227
27710
20066
14523
13526
31133
49502
13971
49522
9910
24969
52117
35567
33213
30222
44421
43736
34211
49235
4426
25607
36049
44821
38842
19434
42797
35563
20711
3657
27325
23830
22844
59176
31388
52288
37310
38287
22399
53069
17924
49952
34848
48117
24385
20292
29744
33045
25326
6964
23456
7520
16288
15729
44775
24498
28250
11323
5576
16258
39612
41616
36554
41461
35957
26370
34818
31987
51701
6321
38137
59488
58429
50360
5026
44296
20909
36250
55147
36391
25079
41513
47098
29032
27436
41980
14532
28274
29672
48436
35468
22732
9949
16832
26371
33188
42792
25245
33570
28774
25278
14632
20042
12219
45511
38127
35958
56386
49685
25388
13619
42232
21621
51374
37378
20578
44588
44403
30597
39107
37766
13289
43563
9209
29754
44469
26733
8933
18771
35817
14508
55596
42143
6731
48928
55333
49516
35514
15238
9725
56778
10422
21530
32843
14000
33153
35568
11244
54473
18841
18226
30388
42825
11212
49607
30572
9971
22233
38711
31002
14448
58092
55581
29655
18248
40377
20860
48909
20244
24732
16986
52017
57828
46643
12986
51125
47388
48198
28658
27641
41834
14405
31059
53113
43247
36389
38901
18967
52812
52268
41598
30665
35605
43903
26876
28696
53718
25463
49610
9012
53598
47383
48718
18616
31316
14672
22197
22755
40814
59089
59360
48730
39000
56144
9233
7380
16424
19295
56859
27369
29877
47319
25383
26623
19913
33285
11793
40878
14349
24386
31871
25959
20816
47803
57393
29428
31826
49723
20387
34566
21350
37550
35963
29441
5133
17331
22877
58434
49346
17975
58343
9752
56000
22661
26573
6058
24667
44855
58259
19178
29729
29561
29413
31305
45658
49671
37784
38145
10733
14342
42369
38066
37286
27415
27915
12113
38313
4825
34443
59195
14262
34270
7266
26081
33378
57162
24228
9729
15760
23880
46003
45315
7426
8178
22286
55204
55106
14927
34885
44471
32280
7285
28605
13014
27751
39801
12458
29498
44916
11622
43892
3123
40697
7929
33543
38518
23221
27090
41372
50187
6535
59338
36455
5025
50457
9198
8202
43483
36587
39903
38725
33251
30448
38203
9619
12958
49231
17084
30677
54576
41256
17526
27778
44806
21005
24562
52897
49378
11345
46399
5378
43604
36198
30489
8430
25269
33051
15906
56382
57934
16608
56021
45123
28622
29265
57077
35358
44356
20037
15751
37847
13470
22623
32287
48527
53125
3491
3799
16045
52846
23953
39723
39868
40841
13232
23285
4831
58639
13975
43158
18300
3084
25765
34429
19870
57094
16721
54890
17079
26237
55782
58229
3308
54857
31097
29734
57218
23839
54137
38588
45723
7734
23362
6128
58581
56458
21239
23238
42360
37248
5455
20419
32215
12200
28784
18121
17974
45465
42280
48853
17791
15449
25086
27545
17882
54648
23225
48864
53166
6881
28692
6751
5681
50933
24078
54920
40180
38192
49738
10696
11229
7492
55708
37116
10768
44494
38756
31931
23540
54808
46135
48728
16688
54736
38050
42975
10987
10299
35765
55178
37423
18127
59202
9499
17810
14739
14345
47704
6003
51344
12676
58783
29656
15568
22259
36099
13129
25094
24771
33248
24705
9340
59401
50573
56683
36808
31610
29738
55288
25184
7178
3092
11593
18251
55418
38688
36040
6821
13935
44877
20974
21731
43779
12312
43307
47862
10301
31235
22400
20430
55627
47116
35572
59096
7023
54632
58200
9232
11775
17755
5642
4701
34231
12021
59854
22399
48146
44293
49492
14841
36859
53763
32799
48938
21330
57362
29391
42786
26031
9063
59667
24082
10793
25470
58427
29572
5327
8653
53621
54911
56364
4182
48024
39029
52120
24857
27738
42042
40889
30640
57916
29127
50241
34704
51715
3827
10110
18252
6940
53695
49789
46047
7941
39517
48734
7179
36321
28705
6044
36665
41312
35345
38182
5792
8744
33864
25844
40154
36490
40796
29272
39977
20379
12869
52900
59890
33477
15735
4790
31860
14671
5914
22905
53118
24959
34351
3493
22649
15791
3208
35634
20567
14401
14566
28750
54707
4318
11670
46095
33286
52486
45804
56181
19435
36873
13771
34851
11981
5059
18556
49572
30548
28062
43469
52635
26086
10829
36945
14610
21995
16277
7967
4729
34880
41160
39458
59734
50290
11049
41927
52033
47505
14685
17322
32523
40324
34601
15421
32727
43259
59328
14503
59101
47027
17376
58839
53551
14564
15229
18757
26105
40328
7067
34820
54068
21705
31816
38710
4644
43642
59168
15049
41640
57305
38685
57089
13221
50366
3507
19333
5651
11377
39253
34955
32694
3691
39977
29826
40371
8541
39408
54763
29846
35532
40330
16442
41485
18235
39503
28795
13869
7405
25706
42144
19979
32554
54252
36637
36128
18239
57571
12960
35800
49012
56850
12098
48789
5152
13255
15756
19750
13562
21719
43959
39696
48645
24566
38379
15882
48268
18978
59953
39018
48162
18721
34694
17352
16169
47494
38655
38774
45928
33585
10360
49009
10377
3742
51838
12025
52780
57407
12968
41518
22037
52001
35373
9063
14924
33143
47345
19140
19801
27975
50478
7344
6618
46725
29760
33565
43355
20952
53308
24290
40368
12948
4515
35363
16784
33259
41387
50837
56927
24632
29410
18462
49133
33525
59044
50904
54769
23765
30836
4654
7836
49686
20496
58436
50141
48306
17563
50483
21671
19049
13443
46537
29364
33764
14152
25108
16623
48972
55033
48183
29649
48693
32265
30192
54049
40237
57228
48327
24416
3341
15175
24076
38937
53235
14173
10192
13204
43966
38792
45768
5362
18636
17965
4165
56974
35670
58388
5274
58702
23681
25711
14123
57059
11041
13931
17222
14622
8661
52202
9238
8707
4232
43476
21226
3749
10884
30301
32666
16812
17449
29586
44738
35828
44381
12702
40158
32475
34394
59249
46858
14959
57935
54192
45975
33661
20180
48718
26855
37248
49196
8823
31776
45868
29989
19956
8752
58748
36280
44464
48599
33684
32001
28481
40622
6261
25432
17587
24431
17602
39266
13698
18242
30815
18587
37160
38064
34277
13846
38138
40130
7247
49829
35101
51796
50169
12662
25061
23649
59508
38097
28513
56254
5910
25224
15966
22219
41981
37390
46984
21490
46373
11582
59394
9688
16697
30947
19460
35555
58937
56474
16769
6661
39005
20354
19283
58400
38258
12526
32004
20704
11891
56127
29145
35804
15905
23448
3618
9733
28276
47306
55328
9023
53065
23041
41164
4543
48550
33814
53173
53938
23800
52319
11207
13669
59531
46100
54532
6693
23898
41558
55365
11624
22579
38454
39044
8743
34330
16625
18664
10352
11517
58255
3582
40492
23472
55934
42194
37019
22656
47550
42557
3061
56772
13198
58330
