811
38227
26078
4145
53680
27988
17162
54645
15175
39835
38680
49912
13763
37106
50894
33215
30686
18307
36945
23173
26143
28286
11359
39528
26582
34757
34418
20425
41414
9905
51882
50406
41178
30919
24731
20226
9813
16929
29730
13981
23087
9860
9991
13076
41839
39330
38563
28794
6586
11188
10026
5133
12199
28456
43731
7264
24031
12017
6345
39460
23820
4255
51273
29780
14868
4130
55511
14764
16908
18790
35400
25142
13096
41960
9876
28755
11735
27989
31851
15378
57933
24275
43290
12988
33946
25127
41054
48677
8660
27884
52712
47986
9575
38610
44511
12732
30283
20655
32328
18787
3272
17699
54652
51606
23654
54331
38185
5574
45144
57057
41190
20573
9348
18242
33142
6073
24326
12113
17657
5729
47803
44767
41598
13585
3144
56887
49446
24297
45880
32122
36010
23744
33613
13562
37681
42163
31998
36247
56854
33064
6057
20601
14014
10077
36724
34138
19592
51647
14506
40136
51217
34080
7787
23623
58628
4017
32097
37883
16886
50081
35553
24359
45944
29053
26250
28886
56210
43919
15405
7894
53662
49972
32707
33546
29138
25589
51335
4552
15947
36789
52655
3614
3128
27189
31505
25772
38307
11957
12724
28888
25047
47427
12296
49978
46076
10182
19060
8843
42018
16140
42393
40115
39795
59160
16617
22118
52192
56812
31776
6352
26005
12482
16915
9164
32085
18879
59684
19505
31947
14837
41782
28729
30653
32366
45241
7236
55089
35818
36812
45032
39168
43425
43537
10772
20437
40795
26569
6958
37352
52213
21957
28331
8426
57639
32349
33154
13887
5877
56862
29565
40600
19671
53076
12266
51178
19513
7385
45260
42039
39486
46235
58575
24141
51415
16437
38962
36530
50811
18080
52177
5192
23553
59402
21253
11510
32932
12939
31726
39999
39630
56451
56518
53020
14913
53301
12768
18866
57587
3926
20183
47528
58305
15476
24474
4225
32329
28384
30506
11676
34435
49466
23377
22342
8933
39279
52361
30757
23848
21696
22698
23782
25176
4858
9121
37966
6774
41458
55298
26518
35237
13790
19297
54019
7682
38216
4024
4108
48610
3841
23727
36814
56000
34137
36865
14785
39228
51053
3705
11916
7184
44065
12514
30973
39750
29499
15066
8409
33459
50159
3166
19462
32193
40901
38425
20958
41124
3036
15954
16315
48881
51750
27536
50135
42384
12420
22635
32271
46564
14106
28588
4770
55798
53737
19924
34556
38188
40952
42716
19798
52229
49581
59421
41887
26410
27806
15173
6412
52303
52964
43204
29012
42667
31129
44835
21896
49100
24630
42428
9910
23923
6756
36537
50018
44341
38317
36035
10738
10354
21630
13246
11087
39885
12276
43053
16259
46439
41523
22357
31230
33725
34825
6463
59858
37535
33777
31664
33771
39372
25132
46668
42006
17190
26850
58683
13390
7382
21809
25220
15246
3519
12542
46654
20347
38464
56160
9770
44081
54168
50430
44701
22317
22358
16331
16654
7852
20030
51777
45969
36641
3037
26121
37941
38245
58159
13782
36174
22630
24083
11195
15354
24012
21347
56657
17536
42543
37019
47426
40825
49049
14967
46753
36586
23607
20075
41478
10217
41742
59511
25587
44279
22572
17826
23049
20215
54314
25173
3996
6418
53490
30221
39329
51004
51031
10444
4904
28604
37021
27615
20961
44461
11885
35328
42261
13411
36038
40319
11595
48339
11377
55780
54846
32509
35102
50252
42494
36647
25232
17923
53215
28227
25832
14765
10918
23035
48006
54795
59750
22682
29089
28279
20325
44560
10905
47875
9474
17321
57036
18227
18499
20199
13590
29537
44804
19448
15832
14826
52038
10734
53793
16717
44892
22123
56418
49943
29064
11361
9223
33586
9926
41202
16735
15866
35841
5796
18417
24890
57451
25545
20689
6678
55648
41783
25263
36587
41942
21266
17555
29701
44215
12232
3438
11447
8575
44574
10356
50814
42267
33370
7625
47285
37297
19061
29581
56478
37318
50709
36571
15433
47974
50673
54182
28940
54091
17407
32199
10547
48849
14864
50766
15489
44117
22256
5245
26037
57340
54387
32206
29457
26371
20170
52383
33031
28249
41306
38406
5710
10194
9644
21001
8014
4603
27233
15712
55966
3275
33486
16195
5925
20599
49579
18203
49379
25871
56438
58947
37576
58318
33479
23810
22041
41655
7136
22125
9243
56017
31772
59044
41783
19616
42495
49835
11822
37066
23792
6564
12620
44461
14909
37130
58478
11259
43597
26136
5439
36379
42656
54375
22760
51061
44608
34286
58608
33628
43358
15685
54199
8738
19011
52246
22025
5841
54516
39455
59632
44801
48865
16559
53273
27518
5384
13474
55144
23269
13024
54482
27511
47419
34501
30958
8912
16661
41335
39712
30591
56663
5338
31359
49903
53982
11991
20714
56173
10665
38123
14824
56544
34368
32163
39537
51419
58637
7776
21167
36689
27030
28036
13093
10451
14636
43735
24156
45890
41256
18045
18625
23472
3338
58014
46275
55447
15964
36820
8386
38522
35519
24076
45354
15580
28835
38286
29684
43698
24491
8775
50308
47396
55346
58593
57404
13592
3165
52455
45436
40959
8700
15355
28586
12395
44090
57770
24274
23042
9674
48065
19325
59497
40734
20921
6849
52989
15702
13935
25140
37723
36096
54619
32857
53761
53541
47387
5274
15837
