1032
33005
53278
3477
20105
36361
23546
24033
22386
40446
21316
46305
9487
56785
19231
36284
56234
7466
53570
7619
6300
53514
24226
33442
36549
56787
41487
55990
43716
46699
30844
36661
48196
47653
58954
32137
6920
25844
28967
19311
4964
22597
51673
30564
31730
20378
41265
18352
23164
25685
47709
53967
41252
37256
17921
51229
26917
17520
9204
49222
50298
28317
41978
30375
19373
14156
5694
12142
31898
57501
12688
42287
59098
16341
55677
6123
39409
8093
5869
46860
6610
22267
5296
4496
57926
5667
5571
11550
29559
9845
48101
57582
53904
22267
11325
59422
42499
28838
26561
27896
59325
20474
39420
59988
31559
50371
40124
55900
41583
14539
15120
6239
6169
59805
4786
27597
21962
10395
4547
40439
25503
21399
5183
38167
48888
37375
36443
30898
3184
21209
11638
30378
24332
32747
20592
10811
24571
36366
39928
40782
35965
51824
35893
44351
39966
14041
31881
14546
10636
5930
37583
52534
34142
27090
41983
15618
6554
52498
49990
28305
22741
12862
18471
39972
57866
30473
11183
39879
54746
20788
29679
25116
8846
10681
28266
27417
6022
44845
38913
17326
49610
41442
8164
6110
6554
11084
8840
29251
41411
47111
49140
23160
7475
31685
3180
8719
27998
52169
26775
52147
41711
48880
31005
11327
38229
44365
9798
36211
58822
31357
59202
37682
10931
38716
54800
5727
49169
19651
31556
12465
59453
7835
57525
13416
28952
36656
46276
47878
39409
9728
14700
38725
7261
36496
30271
57311
40532
11049
58427
27129
16371
52018
40023
29692
12262
5554
16908
4958
10060
23245
14437
25548
56222
5346
29450
34560
48849
52821
18155
21232
46694
48644
9524
29038
45781
57639
8098
46181
40493
44809
42613
13405
17136
46903
32565
47556
59979
58691
25529
14407
48729
37497
39526
29805
24789
18637
21627
5813
11097
29553
53186
50796
54237
7714
17802
35543
15674
27003
26084
12482
10152
17840
44725
59845
23122
10995
37800
56834
52718
50777
53352
58419
49881
13487
34717
6517
11005
49176
39537
14556
37879
17683
3553
20034
57866
44510
31163
46789
29387
46792
40004
21122
18026
6633
47156
35607
38106
7272
28692
25715
50780
39965
55305
54650
40031
25360
54973
29506
4817
14745
31004
10018
19705
53912
51699
9620
50960
9586
39434
25667
4265
50758
6639
4333
49310
16400
12331
36669
10656
24083
49549
50661
37419
47573
20155
24147
8286
34368
33147
30603
12806
57164
11507
24635
47867
37590
11092
16777
50966
21043
40246
19146
37737
23094
15334
30128
57347
49099
22585
30632
53171
8185
32666
9235
23106
6814
57515
48767
39095
13542
40583
52772
42235
38493
4365
33317
5460
5956
16928
11433
21663
57253
36473
36633
21822
39998
35158
23812
8529
56117
31189
45362
36384
57759
50022
33720
30290
7803
46657
14215
51607
25570
11548
48999
58928
54027
44526
19353
22504
13122
46469
35968
17589
54551
36288
14536
50232
18306
31586
48677
10451
10271
49320
51518
39366
53166
23018
21205
46082
25893
42035
26106
28039
55950
50585
10613
20335
44710
40718
38834
50820
16349
33980
22612
22293
18574
41489
10953
46934
19581
17152
20738
20160
32557
13406
28013
57229
28871
11764
59520
18761
50907
55952
54955
57532
6240
30829
13398
11952
40238
47855
56842
9346
16240
23228
23842
52533
55528
50440
53921
8009
53519
35073
33707
13553
17204
10052
7086
29484
29748
56883
4446
58287
49754
53244
5231
44252
53646
10709
45744
49591
3867
28761
59727
5288
47709
4000
57371
44893
15705
5916
57795
39570
47061
21627
50625
3126
39688
32264
55670
16691
16041
17032
37330
23404
26197
46833
58675
8405
6995
35138
51062
46793
33977
14202
53878
24526
55010
17616
52897
24446
58696
25166
59525
10513
47493
45837
39270
12027
47818
59907
27000
10441
46015
13993
8519
46515
20802
12515
30373
10331
32181
29794
38743
40591
44618
25329
55866
46369
39668
10931
57475
57025
41964
40545
19050
5020
17138
36350
25224
47459
4536
13728
33665
36931
8198
58763
48691
4368
5000
18837
14427
25255
47969
36233
48561
25525
49659
25899
59216
11738
17187
59949
16004
34849
32837
4555
12978
4006
5197
18942
34403
12479
46061
59202
40248
19689
44737
57072
12902
27841
18263
59256
19042
9133
30645
43759
9235
7029
42905
35781
6731
21867
21335
19613
43129
27666
8275
6697
50874
47698
3389
9421
5342
17274
54911
20704
32895
42033
18036
14137
14338
12760
17062
23016
57744
11173
42723
44895
32505
48007
31454
23338
52933
53501
49165
37857
7063
48253
20775
14978
8975
21057
11841
35735
51351
43838
26908
22847
43238
30897
36579
26059
21488
6980
24135
20739
43047
42257
46786
52898
50163
48000
17411
28316
27916
14452
48700
35528
30674
25437
9010
22091
19847
7322
21964
30953
12211
47824
34396
23537
4234
39556
31081
43455
30422
33708
56640
41238
45167
34997
20701
10503
7246
20744
5532
12768
59773
44937
45572
48274
48293
46322
4939
24049
18841
5177
45941
18490
58112
25575
6426
6655
51455
28093
25040
20043
54928
23291
35466
9512
52524
25904
59362
18136
32196
12182
40749
18838
59931
34321
25357
11075
21352
23433
58759
35834
56276
34160
12319
43710
38730
12543
12311
56828
43749
18431
34175
44846
18586
16829
44510
17443
14193
53077
11723
6438
55710
7984
11119
27978
46585
52421
51599
13406
48747
57557
33979
5529
32670
51957
18887
31721
26371
16824
12902
58961
7115
3780
30474
22838
36833
48273
50977
39122
25399
43268
8302
24312
12988
56524
36094
13183
5460
34986
24908
36173
57428
17079
45922
30387
59334
59882
59009
50912
39335
23106
17150
55329
10530
23664
20752
24597
16190
30715
42679
21723
43053
4252
17255
33446
20226
11541
20071
18115
59232
35116
17912
34929
19470
52494
28538
43041
11857
28765
33526
4595
52973
3561
22578
55934
35516
43992
19968
48974
41554
43429
30288
29495
10470
29155
53354
37379
58904
15553
3420
44765
36735
41597
21584
33362
21794
6197
49229
5592
56088
37393
20158
5449
23254
56655
35645
9638
30766
54580
58625
19756
26053
27842
39923
27198
28347
4382
6112
58392
17869
40987
57023
41925
46607
26555
54330
35123
14191
24320
17619
15585
16872
12354
59578
3328
37837
37507
11573
18003
47738
45828
33568
41330
4698
27928
31840
54962
16970
51411
52818
10580
9663
15355
55440
58030
17414
59661
49606
24813
8518
37017
22101
37940
40270
36177
49897
8321
25477
8711
5060
14952
30524
49697
34722
27490
37680
4959
34705
29874
38195
42830
43785
54499
10792
11408
50235
18533
42283
21054
5572
51426
35390
53077
43166
10360
31576
3080
