1093
20235
36936
41482
18945
34102
57031
22872
35776
14204
27659
25052
44963
57190
41321
18273
23580
28738
27533
5520
49903
17891
55361
43584
42407
5119
40209
12691
21506
25978
43972
54487
43064
42627
28326
24130
41599
14738
51162
54160
48343
17500
10075
41857
5527
10002
23298
31998
20685
20691
33488
52656
17518
21642
28870
42013
23570
40764
52412
49870
12727
16348
18971
11607
19720
45042
21091
15390
31420
44611
32405
44383
55658
55525
57617
56923
20030
17799
3479
30342
34009
11791
10267
59978
43394
10867
8685
39575
32979
28780
33254
11436
51969
24148
36803
14182
33473
27694
56878
7600
17603
54466
21264
19653
16205
28857
54203
59048
54611
58920
33512
38848
22403
54982
43975
56829
5874
44564
13459
49654
8799
5678
57414
19046
24425
33152
42603
34225
56991
45178
29662
57365
41447
57228
17221
43230
32387
47049
44378
51438
38976
25988
51272
3200
58873
8525
57185
9135
8780
22928
46785
15628
43536
52647
38701
53011
48390
41267
12847
17851
43323
51146
54704
53545
11400
41773
10129
55072
17400
49386
19066
59606
22396
39649
25836
3436
49914
32337
12328
43586
21519
51643
34382
22497
36882
47509
10985
44942
42849
35651
4117
3604
42499
49059
13703
12068
15517
39894
3718
15560
52146
36278
55863
27288
17475
11292
57067
33107
40723
31858
18166
7923
22190
18631
28458
13074
30932
15856
37562
8906
43906
30867
33853
43588
4581
9870
13778
41605
52418
40160
46763
50378
20063
4881
56542
5194
5502
53339
52167
25389
20609
36839
19981
9918
8235
15319
55867
54019
32217
16722
46628
35831
15376
28696
24258
47208
19447
19985
16614
13314
55464
46760
10421
37569
30406
14829
13772
10672
7539
25910
6003
20124
9742
14642
53655
17386
25216
49516
58396
10170
8864
40342
40262
41004
50555
20219
34826
29834
9980
9039
14610
49158
26135
7775
41416
19279
4371
8898
5218
36014
26855
34662
8566
33051
6456
10776
43712
48782
41473
20338
54142
39705
12029
7517
57358
57943
31711
37013
55231
59159
15161
40533
30923
43273
54611
41806
31291
51476
55462
11325
23332
40357
43961
59528
20818
8771
45267
49415
25924
50799
21436
37512
35846
34869
27109
9514
35813
10550
16931
35676
21979
37951
31705
47110
48126
24115
8698
48727
53128
48232
13331
43582
46085
6142
9136
13653
19169
20920
10715
52856
48623
10721
58587
34661
26333
53405
33137
50409
13244
33155
58820
25546
37610
38618
17300
56000
8702
12956
46127
7125
24586
21376
10077
34769
4226
26886
34622
41823
38709
49183
18877
23723
10101
41704
23817
11910
19584
31229
11895
5123
28920
52316
3224
15142
21423
33905
31053
49178
29223
11721
5217
54540
52368
50447
55252
20622
49002
43283
32348
55024
15699
39697
38277
8336
7544
53538
45741
39119
17482
43521
26878
8499
34198
28416
20443
26959
8580
23300
19574
42673
7814
41032
15187
24079
49984
49508
54965
5160
29655
13113
3422
8491
33697
34366
42824
50513
18831
49693
36410
49112
59648
41308
11269
12377
29233
38174
7608
23637
12267
47633
13885
4891
21279
47397
45251
16901
31421
8643
18450
54777
43973
8092
5807
20188
34563
29557
40860
35546
38048
6178
9132
53805
40262
51294
35611
23692
15587
19035
54110
48044
55615
24835
48933
27792
8471
25614
44924
37092
25892
13499
4546
31841
17191
6606
24152
30342
45882
7241
44812
18887
59254
16387
27655
15372
47897
33621
38497
47727
42437
34726
30439
13228
20431
9334
23704
28006
39899
9186
5926
47774
14392
40742
8745
3700
23065
48405
31085
55945
8002
36899
27898
30998
33203
36018
44454
41305
48798
50417
29582
20413
24111
58249
19068
49657
20973
26455
18424
47405
54793
29537
16969
41015
26381
44262
29580
54300
16684
16416
16312
51058
6884
39692
9430
11407
12213
50574
35149
14374
36273
52603
59850
46518
11534
6844
36911
32439
4701
10026
28231
38843
31669
28177
57530
57612
28118
45888
37566
26042
14714
12715
36193
31721
37280
55847
6173
3052
31226
36154
20265
12786
8378
10258
10196
9044
12801
56222
54366
4338
59756
22046
35277
4419
8220
33591
23861
43888
36987
54330
34228
26716
15227
29050
26955
21506
35232
29227
17808
31631
19295
45507
14963
31017
43965
46999
32363
13260
54134
26896
27474
56612
26106
5435
49732
42169
39750
22317
10325
57257
27499
31317
16171
48965
38918
22958
10857
8691
46378
59476
31669
38300
26361
28076
37022
51784
17558
44187
47182
33018
56282
27559
55580
14471
49849
9592
55322
40506
19596
44878
13501
5407
55487
9688
44666
54829
24732
10773
24688
49028
10797
29586
8615
31519
49827
54598
51370
13509
13427
20057
53388
42276
30077
3830
52707
19608
34400
34537
12228
27054
58278
36732
27077
23941
25735
40039
37788
35270
58346
13938
38215
21508
26007
16333
16811
10047
55876
20574
21896
31106
29582
34179
11944
49631
41298
40582
37463
3637
35241
38752
39118
38140
14768
57161
28567
56427
28096
34895
16362
12309
32643
58393
48728
44827
25713
51390
7951
11230
24032
52879
34845
44767
43297
36283
11077
36220
19577
25870
25087
22002
50295
42341
16208
35994
16610
43073
29950
35946
51116
12950
55253
30403
50550
42872
29462
19080
12382
58825
55722
24071
12501
27770
9382
20890
57396
10288
28336
39934
6945
27007
47638
16013
23348
16251
9598
6608
49221
44010
16688
22610
11494
44148
58467
46126
29117
47838
56815
31554
57383
39212
23097
13408
5408
8518
26552
24433
20186
57085
10868
15580
36377
24567
57259
54468
49016
11154
23230
32652
3110
9492
6205
47016
16101
38004
36351
41802
56222
6744
16482
59919
22868
33010
47126
26276
8311
55267
23231
41183
12491
49266
49352
13810
52873
56100
59081
41369
46368
28669
35500
5999
44357
50005
47935
6634
5447
27932
3148
26163
49513
28552
41570
46045
14334
13780
18813
54567
58455
24602
4855
13332
47341
49025
51049
38020
49158
57714
4963
4773
19648
48763
40487
27749
22725
23985
32284
5268
4486
35444
38756
29376
40585
42122
25009
36743
58589
59090
48186
30397
5949
26934
3786
13384
46965
55428
56666
38550
13024
56947
15877
57671
9220
10937
21553
34204
31447
52098
41815
42955
54209
16790
32360
21451
35607
25798
6742
34191
26443
54139
41517
51210
5411
45029
6668
49321
5465
48261
38504
50829
48045
8467
36788
53825
3710
46933
39691
30809
30540
4196
47247
16772
45742
40461
58992
10627
39504
6923
21023
49470
44042
50908
53442
51470
27360
14521
52770
5566
50807
49411
48811
25617
18577
3701
57030
36150
24131
4055
49446
6374
47468
32896
8400
18898
28240
21443
18871
47502
56683
49263
12902
22291
28026
15338
25519
14486
18239
57764
39585
14938
23176
58765
52935
21402
52731
31897
7354
59935
16451
40632
31596
52135
12459
52502
19103
26298
21676
47772
6684
16028
38655
44202
30530
29823
58664
39598
55217
52713
56094
26986
18495
35969
45145
56239
45865
59629
32449
32387
53585
30575
57989
38532
46081
22114
55111
22723
48390
22699
