2100
6712
55085
46125
25485
50563
58562
40907
56259
35140
3114
59560
29611
29746
13801
18225
35491
57861
28532
56543
41138
13712
45427
47479
26264
37354
24642
37879
58877
53577
38437
33324
9073
35066
11875
5044
19220
39421
17006
56873
38195
53005
16049
27951
7753
7321
36412
53596
44632
54125
44387
44342
39847
30846
34348
22870
57701
34997
37325
29387
34235
44785
3034
43287
36112
38743
41684
54715
12111
38258
32860
49232
41479
3110
46220
38864
14002
13174
50742
19525
20682
59873
40977
23988
38020
42944
27480
12632
9619
20632
51892
34972
21340
12489
18942
6098
44942
33327
41153
40940
53889
57264
10449
55617
14551
49259
22745
10812
40981
47959
20623
12709
34263
5380
38851
33928
53235
13616
18242
6228
32422
36766
56660
19571
24513
41890
5368
32010
41611
59163
29768
15941
31352
35591
17725
22470
52893
19989
47677
5052
17926
15843
52148
37870
48429
19565
18558
12412
43800
56235
26932
39757
39650
25625
59006
51009
38412
3767
28927
54064
34644
46798
28710
58541
9443
3173
53151
21945
50247
39045
32311
9322
35010
11716
47147
27364
10134
58025
3590
52475
57046
54357
34518
38017
30236
26084
38726
11161
25633
45550
4382
6542
44782
51623
11546
53063
27659
17895
53105
4813
9169
3626
32750
9714
14489
35157
26445
59455
28963
35855
11005
56534
6671
23139
38649
36131
27581
28867
43926
8210
3371
16564
35053
55427
23394
6140
12654
7821
46275
5120
7279
7731
32813
29346
26201
21785
6422
24070
3858
58004
39653
35168
56160
57896
14602
44187
18997
26891
45370
16819
9338
58864
53547
55443
28385
27403
27836
49257
48604
10274
26479
26458
41721
11600
33817
9360
32143
17171
28160
8203
33888
16670
32480
49695
52694
39930
12280
33606
30513
15369
7711
30475
55230
13551
25636
56665
16897
6740
57365
32395
9479
11856
15067
59476
38556
58480
22097
10928
44393
7896
26984
30852
24861
57183
11053
37358
55492
25986
14499
50059
32383
40408
15551
12105
43709
29178
12511
53925
16181
48087
31376
13298
6089
44246
13757
36698
7652
20900
53969
7162
6128
59931
23304
41700
3763
16210
17312
34477
10252
34036
28803
33140
3565
51153
14647
46043
38127
27952
12833
55819
39985
39402
49358
31624
39392
24886
38095
3411
18605
41867
30115
23784
30364
42489
14428
13970
30372
19814
4607
54380
21596
33939
8765
28912
43869
50069
18584
4143
43242
26795
14971
44188
59956
48605
44390
50773
13960
27200
4415
46459
18521
32417
22567
19988
9093
17183
16378
53540
52593
11595
33716
24956
35252
33053
58714
45265
23247
52117
10918
23824
25911
56865
33075
56739
54206
6934
24503
53824
7608
59756
21396
5940
25652
18617
10500
58601
53828
8866
3861
3847
32345
5616
46407
26194
26109
14101
43510
23135
58050
44490
17889
29560
17492
20836
23155
9079
55642
46781
51881
42538
40343
54234
40258
58837
40216
19695
25593
29766
38967
13880
25605
8885
57165
3653
25157
47302
57751
47341
50780
59657
44213
54931
56699
49366
43808
46119
35374
33076
50213
33474
59845
13855
37936
8492
48722
4383
4655
55706
42414
22365
31378
42936
58192
48045
39375
11656
59811
42128
8841
8456
48175
6372
31470
41251
14295
4576
35890
12345
8813
16367
7952
57054
7386
5627
49595
52859
43014
19242
19397
6731
18961
31928
53018
29311
15676
39219
7552
46460
58686
35962
16474
27228
49761
18911
16845
57737
12526
9565
19099
23974
15423
22927
43347
35475
24243
8659
19348
41051
48220
4561
10485
56810
4910
27016
55936
13596
55833
15255
3727
19261
22359
8632
53848
57498
17086
15762
5018
59947
44514
13044
19461
37017
25116
55442
14702
4662
35002
30082
7129
44112
17368
59489
51940
26178
22477
41862
20144
23808
24602
26761
47371
46223
48193
42130
27197
43476
29019
13960
56877
4331
28973
55738
14020
58000
22108
55121
54081
6710
36308
59289
54657
36623
23527
13327
27806
5242
54739
37386
28056
53771
43234
55449
29083
20595
41372
11817
45410
6155
30686
57489
22892
31843
42309
26828
13726
15898
20831
47515
28045
13402
50719
10547
19122
23777
23995
45003
19202
30990
37721
6420
22957
38968
5707
4666
6409
59767
12438
6676
40506
15231
34299
26605
25136
31067
8419
37148
52901
25187
44227
41162
18191
27795
29246
3685
11035
58194
29537
17445
34274
23981
16756
22724
24859
59076
17691
6036
29736
46323
49124
44778
35778
55024
19146
24902
32149
5953
22833
46285
15956
34642
18006
50487
45954
16276
15164
58459
42069
14793
43636
11679
52025
55247
25367
52947
55628
8947
54817
24107
32004
3792
18250
16832
26852
29225
44744
6476
35261
49493
31361
37167
35059
55338
44676
58118
37732
36993
46127
12179
6063
56352
55310
59648
37093
4436
57010
38186
17911
46891
24920
23001
20871
27345
44504
50626
34832
24379
42185
12674
35179
47365
26659
47728
17640
21494
21397
27871
14311
15956
13146
29632
23554
9847
27493
47917
18340
34300
9347
8000
51075
45448
6061
12426
31208
20196
11848
18683
21840
21185
21884
21118
32258
8604
45581
26568
35698
28107
45018
17331
30118
56324
53073
29369
6493
7430
35052
26636
52863
22528
48825
40185
59682
9910
57971
47737
27017
3098
27075
16492
37171
37480
51001
3959
55514
39039
5711
40913
50167
36250
52173
41636
55080
8465
59734
20279
55112
23032
33738
51758
21964
47046
20714
25927
37481
13801
47973
47279
47105
28371
18975
21868
36185
24454
56436
16311
25803
37346
13693
50157
51782
23460
54005
53109
50316
22296
27937
16109
40950
57755
50188
59093
43456
37194
32177
25298
13346
27434
29364
32765
43663
59964
50061
52935
15883
9944
34436
9146
40107
16241
19975
26051
41910
16388
31307
6388
45861
34934
9314
9150
30915
8693
39594
59054
26198
30952
13171
6450
36678
3450
6856
50873
31049
45919
17452
49030
58485
10569
39913
41289
26547
42387
9918
19254
45750
47827
15007
36861
19429
50842
4389
17560
6347
26558
29110
15663
44391
3430
35694
9451
27644
32836
20605
48226
41711
13883
44436
12777
4066
59151
31332
32110
49132
3873
35548
41184
15780
54034
29182
52392
22782
38877
51936
9685
44863
31013
56175
55177
10938
24155
44880
44793
39360
7664
56586
32496
49587
54250
5789
10507
59601
56843
4785
8026
20769
39600
22978
24371
56052
29109
36632
49031
44063
51852
7212
25581
4437
33651
16080
56859
50511
17825
50529
48179
8549
30416
47386
9802
19822
49168
3931
35413
23022
51618
49960
48941
6929
8314
47495
7251
12662
39103
32580
49326
55839
10406
10093
8870
48859
48452
26441
54266
48460
3637
10399
11033
30392
20049
30321
43692
36649
9139
58143
11451
28130
12962
22136
24822
44134
34414
27128
58379
54705
28922
22291
12497
33023
27753
11654
10296
47821
16299
26257
32741
34797
31524
29085
58064
4683
46501
34112
18842
20244
37720
41193
49204
30608
32080
33500
31897
26009
5003
9511
40175
37109
55348
19403
39592
16504
16177
6658
17389
44777
26089
6805
18718
52958
15701
39318
14227
10259
47974
29119
5035
43322
43376
52383
32698
44889
25481
35512
15351
50987
37870
52329
17255
45327
41993
18395
52493
15394
3551
35378
32815
40629
19970
17299
18049
50519
53740
9581
3742
4269
48626
32852
5541
32902
49751
31670
22291
31253
28726
20616
6049
41724
37166
12761
3194
9926
8012
15171
46924
38264
5633
19099
15238
22190
26577
23508
35062
32730
41612
43059
8567
27425
44565
22735
28979
23649
43943
16261
46051
38269
25968
27836
53342
40907
20383
22199
18123
27667
17811
15469
22368
54925
45426
10145
11348
9404
23325
53582
14501
38221
24135
13499
39849
13705
51090
13342
31945
12310
21009
27968
49342
31359
46707
49865
56217
13022
5232
20649
3269
6531
57018
33634
14797
41389
10773
28137
48272
8898
11878
7232
32106
27738
37257
11483
38890
8246
20202
41314
32098
26386
57459
59106
54270
57490
42547
51184
27218
4294
42154
19152
29218
21558
39168
53186
29738
7910
16160
43191
59003
57788
50499
37840
10528
50009
19410
39634
4829
22651
16497
51270
46011
47982
11167
54695
7951
31167
3458
21328
7728
5332
7539
24512
26806
40815
36685
26561
55521
26493
27589
28552
57964
38465
36106
26105
40727
9038
9896
42581
30085
44590
7341
59463
53302
34684
47396
36213
4042
40364
22545
56918
27900
13997
8264
20032
11345
15240
46599
3511
24716
37011
57970
26529
5717
35247
57228
49557
9854
23795
8817
24284
23711
28863
55943
7467
46221
43429
5788
22672
16801
16200
3956
49128
10345
27536
8866
24879
44130
15201
29868
13038
30303
10987
33016
58664
4072
12001
6019
28737
18430
59044
4802
39395
12694
13028
14064
16652
59900
8599
57730
23147
29406
15282
10644
3854
6346
24762
35725
19731
27211
44861
58874
26867
55517
45086
38174
11867
8164
18195
39329
21830
9112
33040
48093
3013
20409
35299
49586
17713
44490
57792
11242
25637
43282
53349
35530
46641
13244
49756
44811
51770
43991
55587
25702
21563
31632
34428
12832
21879
53284
32128
38788
7223
9321
47223
25291
24588
45371
55939
19190
30489
18252
37437
15380
57467
7479
54294
17666
57918
48199
20251
55879
31472
57775
14513
25400
54218
22768
47341
55484
26691
24975
12007
21203
38637
17467
59688
11059
15758
51436
48751
53268
21901
50257
54375
9606
22474
41872
48317
13983
55207
52435
11895
46647
55956
29223
6977
47252
3472
17804
4420
37545
32491
6482
24935
37484
40612
8435
35465
41533
55745
42091
42709
10227
10148
11612
11004
59094
57292
20272
24218
5322
47133
54179
8998
10335
30090
22647
55573
53697
38160
26269
57435
57281
23785
47157
26287
45151
49228
35537
51398
6103
32983
47298
35640
11085
25541
35369
17525
44209
15289
44532
47083
53247
16150
51824
6975
50505
54733
42281
31152
57141
45405
44826
25199
41831
37660
17283
13385
47586
14311
9122
48095
56151
55402
34015
48874
48502
57660
20963
54004
9035
28252
10859
31409
9424
50025
10004
39155
11693
11753
53759
40266
40206
6951
33727
6318
18005
53581
47387
22276
9409
11920
11974
55395
23703
40886
37256
26543
44937
22237
41105
41975
37405
56404
39297
37289
33417
8517
51619
47234
38355
37321
6760
31950
45067
18385
21916
47883
45480
12186
29176
46074
26908
46883
42665
23287
20675
15341
44291
44075
35650
6563
28187
24108
10213
48477
42890
44341
11450
30947
30452
15015
54280
47309
45854
45724
5746
30952
13105
37100
19927
25657
4964
19392
4309
51900
59323
55162
14996
14619
6991
29763
29133
37883
33276
55049
46069
6035
57195
6631
41982
49219
25827
25099
33805
18443
32696
7078
15104
53235
31735
4440
41632
13312
34667
53577
6808
43335
25259
19282
3970
34079
49425
13131
4252
55852
35812
50831
43697
37158
50736
24553
57724
14469
53588
32870
27318
54892
48469
4765
12744
48788
3422
52106
30303
45137
58950
15932
44500
47956
21091
17093
18797
35532
39395
56914
24751
16667
49265
52019
18595
22961
39773
41421
19580
9401
34763
17855
27090
58901
49941
40339
59004
21036
53379
48205
26751
4325
50925
52413
15687
13685
3167
3671
58051
34300
27465
39928
22436
33710
45507
10225
51546
55367
43190
36287
16850
28359
31233
25406
38574
7666
59487
28444
51723
11487
31199
36164
21910
8371
26566
16397
53705
41182
46021
46314
3139
57408
57259
13831
38384
27287
25685
58852
45896
8973
29439
39831
8575
20021
56748
32322
39068
40294
42235
27865
3813
4955
58421
42392
18153
23131
13887
36538
8559
37857
34669
41088
6627
38751
24429
38202
12633
4223
36819
47435
23312
50454
29367
3345
26921
52653
45644
59376
45208
13308
55582
16211
46514
7297
37979
17713
5891
35247
59133
26892
7114
38167
46711
30789
5045
44503
25108
26685
49905
45204
21054
32368
34593
52513
19163
26553
4338
56571
3440
3474
52401
34187
7129
15259
36980
12111
10498
12754
25598
45559
4607
36583
15505
27863
34086
30848
26569
36484
22713
6145
25810
19106
27742
38975
51351
12282
14038
46324
37716
51073
17910
25606
56535
31603
3615
25956
19213
8796
50013
53687
50599
16411
32588
44818
50544
34410
5939
13652
10261
22131
55420
42693
48698
40112
22510
24034
47191
37197
46313
12489
48500
11034
6264
39026
11784
27092
54301
3761
59581
13725
38176
6005
39090
17322
39811
35909
39142
56271
9770
13454
56839
20699
35100
3281
8544
49513
22182
33873
51954
29795
51794
23631
4496
13078
24798
51107
18391
9785
40618
7274
53087
28997
15350
13863
22382
22256
26193
28198
44558
5181
10349
39974
10947
33395
7716
47251
46293
47722
52384
23543
21534
34550
33236
9923
25414
26929
56343
55238
44896
10782
3581
28994
52190
45261
7062
19981
26717
24677
45264
55222
3263
40778
26948
33146
52521
7194
16963
28696
25825
54248
13915
42579
15096
34869
45666
28584
45780
28510
7167
13126
22519
39122
21495
44987
26853
26603
52418
11196
26904
29533
55125
52247
23184
54306
19349
25002
5855
13053
32422
36088
25062
11504
53611
56707
33279
49964
23714
54380
14699
38364
39469
46751
16801
15643
27037
42715
36953
31743
24206
23318
51077
55299
20949
44463
50308
55565
18334
8928
5527
38833
9387
14065
6755
57647
16057
40052
36509
31633
53419
43846
49988
7177
12794
31467
10901
10598
41965
8969
22414
39319
7962
24562
42218
39350
49647
11894
55358
7471
44694
27643
30509
34136
7146
50528
8800
8267
32075
26474
45588
36214
45211
43113
44477
18324
