1874
46079
21089
43244
56519
36162
53906
43218
46112
52694
15849
15835
40678
31742
25386
40408
43740
7464
45731
41851
12398
39615
15829
36822
55618
9251
37143
6153
23626
34125
17231
58956
57699
40387
44949
33889
16878
42252
24904
50615
7883
34314
40070
20811
57819
34882
53645
19268
18286
43961
20557
19439
12633
47564
23285
53604
19195
14971
42667
39665
32343
39153
20215
58184
23545
44062
40560
43511
4383
50071
55663
34656
24044
10124
57158
15216
52388
10110
59130
7576
40258
28030
29202
37946
39980
19437
25916
8376
48858
56837
40221
32073
18321
56239
48016
4764
48696
48955
56248
53796
23974
24523
31232
20425
10116
22351
14583
46424
34474
38740
57681
14103
51904
30170
55202
55100
21575
46554
19446
5899
9636
28851
23591
24142
39061
6790
49211
34510
17582
25015
31557
15686
22501
15933
19210
52159
23023
21086
36132
40365
31701
25921
3261
45386
13185
20400
46997
38837
14659
5352
19894
3395
57387
26882
8588
24650
46690
44245
58098
35870
19214
17417
8207
8952
6840
23587
14273
23557
24694
26105
47900
9708
10157
13590
56515
45592
48022
36114
15232
55486
3884
47222
38257
42205
11086
49028
16650
51271
25136
18668
30011
14350
12703
56262
28059
56346
22189
14206
6402
11754
20213
11303
10830
42783
37098
12831
37360
29707
41149
6514
17827
30867
48335
53729
45765
46427
15609
10004
20243
10673
7216
39610
26408
13223
18962
33829
32436
38142
22698
52113
5542
54356
20638
21563
34418
59321
44196
26992
13084
26010
26100
57836
36821
48158
55284
20178
13570
41298
31028
27595
33499
54076
11627
16917
14485
41025
10079
58763
3503
26712
26641
6635
31739
3329
37979
9266
27863
7630
36275
5799
48002
13621
37914
36013
35460
42900
12865
10279
5088
49454
3897
4627
53244
46914
9313
3639
22576
49527
19184
11934
36220
18384
42009
49044
26192
11328
34961
50880
24276
17602
21673
22251
59550
38177
34106
29662
29618
51999
41037
9513
22641
47455
3084
15209
15646
24997
24167
12857
9152
6086
10847
44649
50508
12517
44596
34846
5953
35278
58125
24307
22808
42042
16543
27479
13915
21529
49483
48303
23832
3401
37614
8273
34588
53130
52342
49865
3144
25631
16648
8445
27576
56680
15150
43200
50299
39261
40974
3238
35693
9929
15745
7560
26343
57413
17982
22211
57358
17308
51602
24980
44980
26488
11924
30192
26678
19666
50465
43509
5799
8633
41513
34278
14327
21836
26318
16808
44978
54859
43837
11713
35342
7841
41227
28093
54613
50573
6804
59783
59777
14598
31081
34564
54827
41769
24679
8177
49075
39586
28643
47905
35193
32524
35653
38240
19940
46158
42442
32786
6018
52511
40075
50179
12758
35035
17117
56859
23297
16729
16833
25462
13944
37647
36337
12359
41953
31596
13204
17582
35166
43399
40959
44568
44981
49376
9653
46344
5940
30841
3599
34426
29438
17849
13485
58998
27650
22032
42871
26308
43788
37458
40538
21210
14116
33932
58597
52586
14936
55257
43708
21146
26508
6985
45424
43883
44145
44133
54961
59758
53201
54898
38483
44866
32869
16904
7487
58073
46083
31069
40473
36055
59246
27625
39602
18574
20093
32204
28882
18540
5902
22606
39244
42115
34577
37202
44793
3698
8774
33879
39663
47081
40053
50252
9137
26554
45259
46133
4230
46097
41609
20868
39305
59748
53180
52242
35917
22024
42949
52396
48629
6388
23045
46213
16140
26589
51612
47692
41684
26539
56908
51263
3322
27108
53067
12234
11521
41718
46899
30977
54205
34193
16023
53299
57438
46422
13060
4758
20006
19906
28193
31795
3770
40482
50597
43496
46736
16642
3977
43751
53766
49498
56655
31599
16127
50396
28392
31799
35555
9200
19595
53359
43120
6629
50522
36557
42572
4207
23922
26320
43599
23609
58815
9345
19510
41669
13267
41475
58225
39384
58934
6206
28833
36073
42746
41146
42765
52877
4865
43220
36539
13951
36377
4725
20314
39126
44854
34616
39346
52692
56573
49429
13561
17520
18331
26552
3963
25903
9243
42417
37793
31164
13566
20978
7661
36730
25269
9795
9332
43413
5212
16502
58424
18276
29394
6958
8934
20259
16790
19879
36208
20094
26367
14526
47469
22733
59958
50464
15166
53165
13219
13532
16663
44764
4025
16360
8119
41653
17894
54521
42159
28523
35792
24491
20471
21184
9908
42931
39504
39810
57801
18482
55035
52656
8856
41711
49730
57090
39724
42632
42601
9387
56390
48945
49489
24626
56679
34840
36032
7821
8558
37583
13995
55197
37137
23414
26426
45831
48357
23148
12941
32877
13699
4826
47182
47970
32977
8822
5656
51939
55020
23169
43543
22751
52279
26401
34475
11451
41293
38727
54930
49077
58141
49553
27861
42397
40135
16487
5431
38021
37088
9972
16488
21828
42429
7619
36639
41382
55848
46521
42176
9662
39287
4146
46404
5470
27929
56864
40101
11467
50441
31651
38952
37885
24479
44312
22987
21175
22665
35689
34553
10241
8265
34432
47950
43048
55387
32020
59244
54489
25568
35139
15539
7569
6232
53356
17688
58133
13559
27248
49734
57036
12195
56430
30689
17996
17770
31360
52719
18305
46050
30931
34255
18576
41802
46886
27667
45728
25063
30543
37596
15398
54033
27095
11754
52626
47069
13775
5252
14797
30440
49212
49440
23100
9263
30160
25989
26690
17308
43419
27681
28860
28594
30012
57503
43958
36131
48048
15487
15454
29081
4326
56627
45802
25726
35760
42652
5720
16500
13307
51062
15641
21125
4614
33330
7943
22475
46514
58693
6121
22456
58791
24864
47534
6574
45010
22640
33537
11382
17757
59932
40892
53915
29460
59549
47911
26012
8632
42970
3930
24339
36483
56946
24631
46444
21799
37057
12261
49835
43122
22992
32632
11962
12277
28771
31634
49621
55971
54560
57206
10640
44751
12804
39372
49027
17971
48653
27355
56788
52663
23244
15915
53765
29728
26187
33467
10487
45199
40369
34486
58645
16857
36590
27832
36269
28882
20449
37076
55846
59438
12490
56744
34694
26085
17263
21763
33163
24254
30799
21674
18709
20889
15067
12161
9110
36530
10060
50756
52989
41073
24455
40516
21841
27941
18085
30442
14624
27447
34595
45569
42190
37155
47026
53917
3372
4734
13389
53175
55161
10926
52453
34726
49198
4563
13036
4008
17374
9211
21115
8021
15685
23381
29803
46830
6092
37382
4528
50350
12479
23510
16930
7881
48325
12501
11384
42178
27197
43935
59242
38178
37358
43694
15018
11531
27465
22290
29164
54599
26460
8141
40595
35268
33165
45482
32503
51587
49445
29923
4410
57735
36657
5145
37173
30151
18533
20933
4364
48155
7144
25336
52962
48530
30447
17477
31400
30063
56972
8528
48619
51097
13184
32389
45040
16138
58843
47412
37048
46771
19851
42630
16121
9544
58823
23246
50113
45083
7989
39226
53567
44635
36413
43994
7768
8620
9730
46418
55923
23390
8002
48377
57249
32834
13135
12838
35885
16507
37633
57750
56839
20372
45133
33964
38510
16261
20679
47388
55025
27562
11494
36392
17743
22611
46864
36402
42784
13682
18961
11836
58614
30658
27688
27402
23620
5541
48641
53743
29593
18029
56598
17691
42130
56282
28166
29514
25322
25745
9640
38318
31018
43171
17071
32099
6848
51141
14278
23912
59079
24005
58791
53758
26230
55192
58111
58965
45172
13803
29198
43871
52022
15696
23945
45534
42445
40129
55437
51073
11279
58483
32606
17808
53747
23677
6137
30543
29121
3397
9393
39954
16275
12692
52126
13836
28389
29784
44048
24704
8821
42513
18331
47447
4748
17055
3014
32305
56957
38934
54947
9142
38263
7522
39904
10702
49443
59401
15695
32635
57965
12304
17139
9241
12149
53587
50488
16400
15292
20561
18948
32353
52034
57578
57760
19116
20920
52392
7390
25709
30407
8328
30685
6488
8524
16280
39537
18399
43341
24849
50672
32805
57003
11960
24226
18938
37976
9976
52484
58895
22286
49013
38271
21761
51198
17523
10585
34559
5798
15810
57994
24904
15790
43742
38118
18825
48382
11341
49133
3228
41784
22083
8801
9999
33013
11058
29769
40809
34551
40246
7738
36453
55363
30090
19959
5114
42881
31973
16807
51797
59932
32240
36440
54132
44317
18187
4212
26414
26842
24146
22632
59592
10323
53371
42847
57885
5969
34300
58031
50828
53664
10792
52504
58496
7228
41456
41645
23750
21123
23732
48128
3388
9352
27001
35527
23230
24242
23977
51056
53721
35991
29372
39885
5524
27178
9117
40687
5024
59097
42101
18159
32361
30240
21116
38636
48359
51193
57688
19454
59673
56285
21997
12685
54249
12284
39243
22310
25684
19167
53377
28772
14025
48078
41725
22682
26209
14973
33825
18703
27627
48431
11020
41798
10000
35976
3963
6066
24046
55891
33477
5774
33215
40840
51492
24353
47868
6167
15745
16809
59005
16236
28743
16125
29855
15545
29297
3033
20415
42610
23134
55405
52045
16436
46314
46587
23486
54396
35320
22872
13516
29315
5490
5151
7989
10772
9930
56575
31221
30502
24497
27371
28774
3240
40001
14123
45877
48700
14647
28797
35284
37785
10438
41406
13610
10375
54948
49511
42291
13482
44639
35770
39364
51571
6092
7823
25232
47851
41209
7967
16997
19119
7586
23981
15908
50578
37396
57788
5639
53669
55812
52643
15182
3345
13360
4348
8892
50267
4494
10664
45233
37663
51796
46964
46165
38760
26854
29848
34501
27702
38762
3012
12093
43692
12136
44911
52423
38154
59761
39707
3802
50435
4580
44873
18187
54345
11474
42634
17509
21258
42093
41509
22451
40389
52224
44724
19514
15845
3730
14087
22000
35166
53482
58897
42245
30600
19681
44318
19286
50493
56541
18734
6413
7553
13427
14425
48870
14011
17680
24499
15035
27905
15102
53378
37776
7289
46423
22900
24729
24837
38051
28251
31796
5317
49736
31421
28179
30317
29449
23899
22940
17421
25523
50241
16381
18829
58686
48271
18049
51592
27274
29180
44061
37807
26805
56190
49917
27159
59069
37155
8256
58311
49462
57870
19325
57031
47064
47629
39189
37305
50327
19691
59310
51017
35604
32200
52933
18311
38204
46393
51577
30589
9902
10737
51515
20654
31068
16982
53597
12912
38202
41196
42594
47404
50590
34870
28425
23392
43485
15959
28652
47188
32989
57422
26919
27769
20283
41941
24269
19611
9152
40469
18367
17744
58080
26402
25224
33627
46239
23769
11010
37150
38671
56158
38590
13167
11344
53717
20085
26824
13971
32593
35071
12952
43488
22473
28954
46547
16278
10171
19058
4131
16010
24163
46428
26056
55102
51464
6825
44734
19888
52784
18297
19324
46144
19474
37096
55412
42046
29231
9425
22737
39153
24222
53493
47824
11672
47698
55052
12945
52567
58259
32515
17950
48132
15223
4445
9899
7341
22475
28586
15016
9782
11274
32352
19924
5782
42117
43489
16716
57768
7690
30785
31349
4435
32292
30194
32753
18201
8905
24109
43060
58299
22477
45467
52392
32732
49883
48419
6512
34883
25835
29519
56973
18216
32184
27434
14728
12138
55687
26266
40782
34771
5935
31537
42611
33273
14763
50507
26697
44939
58679
19266
50709
38681
51225
50985
40908
42315
11877
3272
14109
8762
51910
33602
5845
29636
37198
57736
29543
35792
57266
6873
44093
3599
5301
9169
10318
37448
25309
34177
59742
50190
58168
34335
17418
49286
42478
37254
40605
20545
58342
19809
43549
33340
10395
55051
55053
33760
44405
56104
5965
25715
19866
9632
20633
19616
39688
38998
27552
29539
40380
30726
51046
29241
18074
39938
40429
49574
8160
9028
40711
7058
52420
53105
29319
27615
20887
27184
51317
3146
43839
16378
56237
12067
54895
23852
54911
51034
13624
31806
50030
52940
11791
33917
29660
8373
32622
5427
11777
48093
30947
59977
39521
44232
4004
16731
41762
54183
18760
45032
54682
54198
26675
12406
15229
18252
42428
3383
6816
30213
41115
44276
53459
48581
26255
16156
20084
22224
39105
10653
43889
30828
8665
44964
59425
46386
14113
12551
48047
51537
32747
7996
14415
54209
33026
45169
59970
34299
14787
52125
59666
16970
42624
58213
29929
56036
51264
18773
24604
35997
35193
