822
58582
4482
59209
4565
45067
29643
17779
36868
22026
6868
20635
19029
52715
45014
53586
40527
11155
20004
3059
9217
12814
21068
33322
56436
21629
25605
13208
28767
8810
8674
21564
58797
47758
6268
39017
23527
48037
36485
29389
5445
29181
31299
35169
59890
50618
32244
8368
36369
56268
9424
24462
30365
41471
16855
8937
36000
24188
28405
18295
27443
37519
26683
50896
3769
23141
45300
30423
32019
8472
43953
39866
21106
28003
14200
38674
36207
56013
17659
19338
10573
47393
30840
48350
42412
24712
44377
57532
51242
54112
43874
19315
23966
43875
46607
59000
38327
27867
20391
35580
58424
8124
39908
33328
38797
6799
36522
35169
41275
50681
56059
48167
54664
5952
30472
6311
10492
15157
22585
17854
14281
25971
6020
7218
58948
39343
25290
19316
15320
5558
25746
20954
52906
20200
55311
5724
57549
23724
20250
46972
50182
13768
48916
31590
25674
6705
43891
58145
51816
21474
19887
9987
33620
3150
46911
50503
21760
43369
17216
29914
45645
47502
27642
3414
6676
3607
30995
21442
20391
3401
59631
58312
10429
22324
13791
26103
58097
7922
42694
5903
32050
56745
37707
18069
51420
55583
53672
6317
33086
31407
29571
37809
27997
44994
12879
21148
42921
32832
22446
38923
52898
40241
21355
7223
8902
21691
39604
23587
24916
52881
47274
14925
12837
57831
26350
52018
35497
5279
51710
41924
48367
26849
33540
32253
48380
50874
13655
39152
59984
54163
55099
31436
58319
18309
47703
51377
29603
12011
38956
39665
40581
11309
52149
32952
31095
44066
42603
28575
35951
17625
24860
11854
5336
17073
17639
24178
39108
26272
43462
9560
36175
59573
40598
23992
3699
28781
30452
8189
45478
13915
52814
22501
53498
32193
56942
59685
58924
8440
54865
17334
42443
11464
52766
39625
33024
41785
39954
18131
39363
35540
20002
28659
7455
36713
33549
42470
34158
39894
48969
28006
43912
37680
15184
58003
9426
16373
28777
36307
48519
33039
52575
28390
6623
27382
30530
4885
18039
44664
23755
56705
51337
36323
19317
56762
28784
57005
45230
6711
11868
42205
33608
7944
46016
55305
47012
43790
38203
20551
18011
9719
29582
30377
13215
50110
36289
59972
20496
15621
37875
21233
8102
28522
7514
9202
45788
16179
38570
15813
18096
20885
5195
58622
39204
29301
38020
50259
30130
46204
43109
11717
36772
31928
6686
36941
30486
3878
6279
46352
43992
12070
47457
8289
37755
50910
27940
36791
22805
46874
30989
23475
39553
35021
35271
54144
45282
20146
23702
29875
19944
20468
57214
34034
33354
11304
20611
50857
54129
39633
59978
15243
50531
36783
34119
23435
10863
42665
27045
8688
21728
42405
5581
52911
16286
53080
59177
57354
37928
24814
27059
35399
38838
23996
45173
21698
46591
22000
13322
40319
41862
50391
47221
18163
21003
35857
12683
56934
24956
28618
32597
5348
42741
55120
32863
29283
41346
37662
46657
17075
45328
32884
9794
58593
39554
28406
38414
6223
35826
32337
30203
32158
27009
22179
15898
23050
33529
7518
6762
16650
51221
25065
28939
4510
46113
50978
55173
20147
24384
42655
7367
7529
29317
13100
25113
42453
55955
15368
21547
49865
40946
7267
5348
41557
7421
18184
41163
55624
53597
33652
32187
40776
19872
8401
16132
28263
34064
48321
16307
38626
20009
3839
6364
35722
58917
23630
12681
6416
31212
24961
34696
11202
15905
26322
31300
30530
50443
39430
50319
59296
45715
29928
57336
12597
57839
3508
13123
27385
15750
25237
40872
11701
25477
36777
27184
8873
30517
21049
22371
31953
18911
38036
21362
27779
8093
34909
20174
12669
46394
57373
6739
12026
58465
54439
31427
5540
27886
5322
45174
37101
21689
34303
33682
12589
55293
17382
10034
18582
21573
20737
45220
13680
32390
36265
49072
43203
12025
16900
35971
19022
36808
38308
51996
36503
19621
41718
43188
10803
44226
4569
30696
30800
50983
19065
6971
51385
5460
59640
9497
35062
49101
57050
31039
52844
15453
43439
31701
29449
7721
11057
3450
44497
14677
15029
35468
18480
40029
50266
55904
22814
42823
26883
45783
31579
40703
41087
8762
29635
59636
26975
23045
45163
34373
35455
35388
59366
8315
13211
27830
58706
17628
50209
27235
25124
21415
22372
11006
37586
35115
51171
21776
19916
8075
5337
58670
9830
31324
20821
31564
8789
6817
24796
46283
54258
42206
12899
34689
10376
52336
33441
26922
8478
5889
57161
26512
58744
46663
52043
30212
4793
46928
36353
33392
53161
30245
35309
5116
12588
45004
11793
29101
18682
28236
37638
40236
16058
3922
46570
13710
17076
19328
30946
49568
51288
45200
46691
54022
39262
27744
21887
15862
24760
51913
51821
55229
39503
53977
24922
18413
57411
36672
52635
8631
32650
31963
12010
6528
23351
16672
54703
7747
8793
7223
11295
51082
4243
30227
26922
25727
14627
39181
37682
46216
7300
27298
53895
30995
6451
27523
11843
30593
22368
23800
51530
15938
7635
38954
51049
36029
19456
26280
45742
53613
37185
20626
46450
32010
56125
30166
17135
12398
30164
38134
32363
19664
14356
32598
58188
26235
42054
19805
31365
23430
31374
6060
26705
50934
49312
40060
16293
3385
14950
28278
15350
12184
13201
52554
41379
16766
49641
27725
15757
7219
21565
5807
