1406
48897
51365
51740
25863
8417
8399
19747
21303
46372
38176
37981
21900
28899
34110
58245
22380
7551
5230
28503
25525
23510
36966
34344
45925
41010
10878
29140
47173
59573
16551
7685
52620
55815
6175
27043
53355
25486
16427
28984
45965
51805
26846
3885
27074
10896
19035
5272
14013
23094
46154
54697
48233
39238
4379
58578
17262
12666
55364
14156
52267
43408
59776
9972
52945
14317
33136
12593
22490
35901
36393
49407
7589
7766
35946
20775
15160
18560
16050
39992
33571
48169
23058
23212
55288
36300
29405
34539
40209
27456
44929
53369
23489
37906
10261
59184
24599
49042
58397
47216
32059
7742
6353
40848
12722
16138
18145
59564
57673
49612
42479
40213
27750
26765
52205
32348
55491
58904
25977
22140
30768
28049
3846
44231
9024
31280
20594
47857
33180
18890
26968
35337
45637
45712
8977
52637
9361
34383
40700
56150
14700
54784
10669
46196
57466
16183
17903
36102
37655
24501
48701
54334
44979
59597
50542
14884
23743
41539
16808
14104
47700
23990
35414
49453
49809
13302
29035
6498
39870
26441
26167
18279
59857
39569
21327
8609
30768
45035
40259
24733
34596
22901
37589
7483
12363
43302
17220
7041
21518
55831
45311
27315
30032
15502
39279
15175
8177
33541
29709
42412
15114
41537
45384
28035
28324
52788
47377
13405
34659
8990
12309
3784
13164
19191
16114
12089
19539
36343
25405
27034
11973
30118
44380
54950
41054
20639
22677
37970
17532
46113
14181
44758
47821
52227
7949
11392
38315
33565
25962
39012
27013
5361
59595
53233
31130
13951
35328
12176
3392
4029
16040
10620
19033
21613
35701
13963
59299
39344
23659
54822
15073
36026
45067
40898
5562
19093
14517
31251
43436
18739
33120
23416
31543
24061
38279
43808
16820
38364
6140
44270
33386
18781
51206
18750
57994
7966
14100
34610
45135
55145
31253
54602
8661
40058
50746
43161
38675
56982
47238
11153
15792
32075
7624
39150
30988
42206
45886
27016
29441
11416
34754
13010
57703
29113
35945
19795
14426
14918
6681
6233
21440
33247
51794
13627
24440
13612
53796
26869
40740
45317
46559
15148
17508
4473
38484
15977
56143
58729
50839
13367
26323
43102
23651
33924
3019
42841
32351
49990
42116
22228
54927
55724
58340
11620
44151
37004
35303
41998
59169
32089
53103
54738
19156
19572
18737
13082
47047
23954
4290
13344
39674
48891
41977
7065
24925
55270
40683
46124
7104
31600
30678
50269
14854
44593
25179
18412
20313
49414
5203
30982
10397
32045
55158
32335
55904
15102
49915
12206
6623
50889
8102
44034
53392
52450
6129
13209
25568
32190
51393
17937
25794
51181
29041
37227
26901
27171
35832
8401
20428
50879
30076
50993
50068
39542
52563
28588
56043
6055
29832
44407
8190
14431
22045
30299
15963
45667
42909
54705
22712
36860
14658
16301
21237
19840
53358
28352
33501
4149
8353
53634
51150
6883
32020
38027
37535
16787
5946
14686
37938
40932
14938
26260
39504
18611
30261
14318
57899
36415
51531
22626
52905
14378
19138
22713
29374
53491
39120
42991
24771
37067
40625
35937
41814
9427
44045
9915
44390
54380
7180
22355
20722
42792
52489
40756
53009
43424
48363
52658
39179
59227
51345
43094
48395
18965
44811
57260
19891
11553
10838
45165
48965
25602
17268
9613
26805
13824
41777
13925
5646
50124
55801
28817
45510
5011
29547
4201
7323
12606
27220
7097
44392
31689
51993
45158
21426
28179
58606
7652
25579
6314
41122
35625
42280
4655
42507
42992
28487
53640
22558
58008
47051
31323
10261
8820
59342
27437
39285
41259
17621
7834
18521
17926
49959
37838
30405
5483
46155
54641
41401
19615
41425
4819
18053
11798
48167
28771
50731
10615
21743
21924
45967
12385
5221
32434
21781
33119
32269
32155
26341
33426
54947
12036
24069
31429
8678
32412
11222
9374
44718
21351
16117
57054
41655
9405
21866
40423
4210
3017
42757
23173
45804
41139
49150
34878
43249
25184
37900
6108
22079
24826
54185
21810
45873
20711
7926
55193
13514
36500
29470
33520
18074
35871
54637
29188
19436
39836
11872
31091
17102
13511
48700
25907
39521
33089
25863
12085
19977
48247
21556
19325
8138
29067
13265
27279
48907
26637
27341
13389
5137
30479
4978
55973
45659
57144
49503
58966
15766
29946
9746
25379
51530
3404
17273
46637
4613
32231
58286
38383
59035
44374
23546
54418
49670
36895
32738
31865
17639
32665
21554
17459
55282
8443
15721
33764
27214
53820
58383
17763
18849
48649
36995
25625
43098
39311
16801
55996
57156
47167
27986
50192
47476
13476
56837
3724
42652
57908
35549
9899
3500
54879
10043
15238
10273
54626
42399
18596
10654
4044
40675
9381
57771
12707
49276
48961
8930
45406
7826
21815
58459
29295
33637
45822
59019
23974
42060
40547
22760
50590
32323
26466
51289
50892
30964
44899
23212
55594
12740
20985
3835
33911
20398
13273
21541
22274
54910
5759
54215
53939
31640
55002
17509
53303
10406
6680
14910
44294
44243
36667
42933
40222
9795
29217
20590
5535
24891
59006
22412
55790
37313
53278
19428
33638
23200
18663
25793
3168
8114
46852
26686
20927
6932
24918
34823
40895
17988
7944
34485
52608
23254
43371
14778
4822
49638
51327
30427
53948
41867
18257
49970
29723
22767
26242
24674
8111
37922
56400
38187
19527
32171
43863
57430
52747
9050
17594
53536
56884
54200
24995
28891
29261
9062
34899
43567
10673
57870
16892
11413
24296
18308
10996
59437
25836
33083
16272
10326
37512
28915
20582
42226
43505
34811
58276
52953
31392
49105
56477
37026
17618
33696
59163
33850
53026
55447
6556
24932
36226
34773
29974
4197
24675
11372
38438
20139
9529
33088
30236
51945
14746
45885
22150
10806
25769
52242
54916
59752
18327
11285
17630
29841
58940
28176
9264
36402
46890
57492
54103
29207
57625
34414
8640
48600
4336
57522
58008
32677
4460
45518
33217
45954
45691
51245
19010
39830
39877
33232
52245
19403
46097
44105
6719
39244
27209
17846
22559
49089
21855
47186
47170
17350
56432
38732
53803
58079
34200
18342
39012
21470
12605
5189
6463
16340
25103
31306
40034
22736
28336
35707
20488
26679
38480
47849
29538
19411
6061
11642
33284
42044
30825
47913
14234
41338
7103
5301
36438
57664
15445
49406
51183
38125
21744
18929
37069
12194
29921
30019
29588
21196
24037
59018
46706
7749
55516
25410
56900
3112
49478
32616
28365
4650
38673
42821
37720
33237
7903
17772
42000
42698
49125
17775
6137
58964
4339
38491
32400
11224
7968
18888
36030
19253
19783
9136
19505
38380
28904
5335
35720
47725
32880
37231
23331
49590
51527
51973
43868
17967
3153
22824
48296
51246
52458
49790
43975
4507
40155
29457
48593
19659
20193
51013
18653
14188
28870
31228
5754
38211
6078
23906
42128
4952
25717
24400
57973
49792
11962
31696
10072
49944
9378
15874
17543
43018
19851
32899
12371
53131
35906
46158
14518
42369
8977
23515
34096
34501
23953
47625
15742
12760
40517
21617
47139
38659
43120
58427
8849
15872
38534
23527
53195
35273
40404
54300
40281
18929
44979
29415
4772
35730
56048
40019
31249
48164
53339
9427
22635
53064
46127
34800
7440
44571
56914
9943
7469
39454
36983
10632
46228
14920
49166
24042
8474
58071
59266
46432
26772
13244
23064
16579
40508
51884
20486
10126
39208
46177
43948
16040
34336
28611
33129
32100
12410
42313
30801
58882
57401
46351
22567
18181
7902
34560
55523
46279
35915
8624
13853
12290
49589
23785
43434
7636
56053
3600
15371
32782
54105
11479
5502
57133
21512
45623
44185
38921
52840
46229
38927
35204
50523
59485
27023
22326
19380
42382
23288
5207
50163
41237
18008
16922
35844
32064
33462
13359
15086
47488
7034
31938
49568
12108
7861
7616
8560
52419
56849
22353
50533
28473
12994
55544
24426
28324
22347
28677
49970
10943
31841
35991
54539
6416
7193
51787
31106
28475
52000
25443
42657
22065
57477
28751
35832
49088
49322
36511
21148
44418
10488
23242
3498
15756
41588
24996
58819
45958
36090
23146
35345
9408
29583
32622
49260
15958
40465
16897
37559
13196
29368
40077
37240
28979
6330
18821
45802
15695
53147
5099
19798
6005
31904
23786
36627
6117
44091
19745
53613
14390
7701
18352
33751
40378
3085
17780
55784
43458
4969
53927
8925
18959
10633
57850
47441
40350
49031
52262
27658
31174
27763
37200
43252
56611
38454
19255
25095
44270
11069
32271
32294
16919
21180
59932
53847
48943
51403
49326
46823
3169
11473
18396
7291
28428
22808
58092
46909
44652
28182
49903
43648
32703
39336
7963
27970
32224
24122
41254
51379
28238
14890
15681
17197
38466
56090
5323
27964
14931
4676
36491
4017
44169
55356
58753
37534
7683
8771
17576
59552
57874
13069
52192
53169
18209
39399
26621
43440
8103
44758
52542
39816
16744
45876
27107
8401
31243
51048
18981
32346
23446
7689
52963
42017
27493
15279
20950
36650
50576
25965
58804
12417
57139
47673
30870
11675
34958
36298
48313
6073
46574
29728
37427
33355
6960
