703
30755
51898
54941
37443
23393
5862
23097
30309
3770
23825
19216
47449
51668
15397
25352
6323
34465
54879
39736
47646
10715
22108
37866
44529
28158
32349
51042
4507
40067
38393
30854
27997
3627
31513
36315
25884
28319
24624
11939
35129
6680
23657
9843
57638
52441
10911
25540
54905
19923
53553
38161
17962
36777
38196
51816
34024
49207
5171
27685
38156
13846
45836
58529
59049
10264
22249
24744
14414
33030
18122
49575
38014
37642
32531
13403
10825
25173
19661
13381
21031
50476
38976
48969
13391
41390
44757
28626
39345
47792
23248
38203
43947
52620
44590
56124
15763
48605
23860
28174
33925
58752
48858
47075
22377
52087
49794
31673
8963
59348
44407
17171
50523
8279
28075
45158
44421
37338
32129
16262
4586
15569
54271
47771
25446
41113
43638
43082
40842
38748
17407
33075
9634
20099
26416
23919
57690
26029
20946
20991
56357
28030
35158
39356
36251
56136
36843
58032
18863
15007
31143
11561
32952
26249
13824
18107
15385
38508
41008
22502
9142
29348
41970
34180
18186
7789
54071
47869
47584
20922
12336
46767
52130
52349
23166
4680
18787
32081
33581
43176
42403
33595
53681
16419
57314
51501
55025
15588
53015
9965
24450
20881
15326
53572
51816
36566
42524
22510
30327
17516
36395
43264
18545
12357
40574
24753
23101
40683
19358
10341
23511
17326
28520
18673
53545
55847
58793
35186
58941
13712
36467
32873
56776
42975
57399
16070
59534
52538
8978
50150
13617
44682
17327
25484
17667
40087
24147
44463
7322
6452
58193
22581
47515
27939
55986
45964
24193
59976
7041
42351
54937
15122
18946
15976
56900
33521
35066
6969
28574
57586
36020
51175
51188
57269
42941
41566
27459
30421
56807
55107
16312
19514
52790
36519
28784
34546
7546
34877
18541
55119
24286
9618
36087
48145
45467
55412
12385
7970
6412
22504
40178
8904
49186
59078
31973
59221
13381
21869
55162
29068
49807
44375
21549
34111
31670
57576
10822
11429
31726
22583
6100
31852
8104
43312
43062
33281
56677
15923
35369
9069
3042
20941
59308
21838
31319
30097
43215
29756
42215
46604
46080
23448
53498
46044
6215
8490
24822
33393
46405
40696
25319
20316
39692
3634
28875
43165
7392
30039
10190
57699
19361
34179
22569
38989
43810
4374
22386
14350
23043
49424
42497
29778
44567
14551
23661
52917
33904
56967
30169
39579
35842
48118
5601
51848
11861
4201
3290
57780
10561
18582
49007
51099
18840
32663
8797
6613
33980
36296
58674
19395
31999
41274
57020
41064
29450
4777
26490
24758
14880
43927
18429
55600
44298
16896
54511
58463
28024
23832
55830
8365
5034
43700
8038
26629
11279
55398
53663
28825
35211
42096
35262
29391
10621
37439
26710
56970
6790
12750
8616
28473
9449
44124
44035
41216
32109
28042
48442
57857
49883
45635
54939
6535
42611
52846
59864
12201
24433
40196
26502
11011
3112
48608
49822
40272
32443
39094
55838
6077
37974
38613
23005
49764
22184
10544
55532
14812
57697
51423
30810
32325
14280
51939
12199
48212
6669
35956
51827
59386
24243
24371
56658
29681
54115
47433
3724
55312
25494
44077
57981
58129
12996
16724
6514
16438
33002
34039
5424
29315
45743
55144
22657
58899
36250
53687
35956
57844
8120
14947
23424
55073
18747
57114
42985
9346
57796
47636
28913
17594
49031
11286
28063
39278
47445
49418
30294
31947
42290
20490
58627
35730
50291
37636
31413
39853
23099
4161
47652
42099
57443
9480
28772
23627
55352
29248
49470
8291
44164
25070
34929
14052
45402
31976
53319
27582
41075
42456
59196
14898
6507
19264
30777
35353
11367
37703
5805
50195
21086
4506
32053
43085
58203
41673
9676
28087
50105
39657
26781
58590
47983
23864
37811
27382
27704
41855
19786
47935
42251
47550
57229
27640
5342
16767
50350
44985
12199
7255
47450
57097
4160
37839
36444
19011
47440
16344
33059
37809
34431
11648
32317
6881
55197
25692
48028
37213
9384
22364
44420
56349
9384
38532
11063
9717
57716
53118
24823
37836
20082
16441
18921
27509
54079
23325
14079
53058
5076
57233
19062
41171
43539
41661
28514
3511
17148
3069
38951
20529
41527
10584
28180
21505
30931
38988
10961
38152
56250
14463
18504
10026
14679
55025
16828
45481
55197
4944
29708
30213
32134
14385
36457
15138
21424
13274
50609
57360
3530
37075
39767
3598
26334
20792
8785
30452
35569
41653
55403
32137
29261
20328
22608
44585
37494
28995
55769
49633
36428
48324
23762
31338
17572
28898
48842
53240
15983
55196
