219
24372
45514
23679
25835
5645
20036
40418
37850
52181
9050
33406
16684
14063
39272
45108
55703
45227
41894
43632
6673
6025
55459
48279
28968
9437
19152
11550
9353
21443
16555
50991
28078
37714
24208
23105
10518
30713
55574
51057
31705
57257
29666
42646
53198
48408
45380
27144
17526
16072
10670
46643
22230
8317
11633
37255
8160
43338
24954
33004
33608
57076
52167
49610
29032
47886
36659
55101
51819
43895
56797
48565
12602
37804
47269
54851
53953
10216
17618
20775
28398
36095
3905
32437
14299
50655
13045
29527
29277
53576
41667
48485
51742
8016
43874
50141
24517
36185
53917
4565
24180
52904
53100
25880
25601
5973
19078
46148
37290
23563
4294
32853
41401
5514
36506
15573
8445
26907
9331
4381
24542
3587
22017
39265
20117
40758
52017
34754
33436
17699
10428
26316
12155
58900
8561
58096
13565
52422
45396
16391
9570
4562
59616
44917
3364
40372
56660
35924
14004
26507
23984
17807
36940
35975
46106
37841
17405
43239
17902
14749
55033
47417
23706
59137
55486
42342
17869
55493
26445
50713
56197
33248
52796
11129
11492
54554
11018
11374
42847
17743
21101
55681
16497
52016
30856
49054
38621
9459
53884
23904
29313
49842
51356
21552
28500
4319
51232
6468
46263
10442
16043
59078
45016
36673
27747
51983
39698
22151
18742
48363
45169
59520
53115
17359
44944
16574
43869
56655
36602
8649
