757
46605
6979
8495
28299
33682
25120
27369
49876
15956
37347
12912
20634
13118
39582
31261
11805
49114
36442
46150
51126
33789
56368
21897
46076
15793
42069
6541
27712
46403
34499
52038
52790
26619
7561
25431
51203
47852
53744
38949
11780
27294
42863
4093
41904
11932
13342
16708
31810
25157
33301
28643
33222
24862
31517
51236
55346
57636
14610
42234
4836
10676
30673
52521
42747
32232
25507
59449
18895
25201
40242
58499
4698
28459
57421
48830
20357
40930
51121
39527
18879
31278
58404
18837
49891
44639
56580
22141
58495
10137
59897
49470
22502
17242
52482
34320
51773
45984
10261
28540
38754
6074
43552
39718
5011
31499
5446
41274
38017
53955
31779
12207
44201
50128
46838
43004
18451
47978
46210
57509
18545
4176
35503
9419
26987
4916
50218
40171
49781
42492
48881
17635
22671
34071
18161
27013
30412
12068
23129
59181
11245
6954
20866
25187
13639
3601
36943
28988
45782
51112
27113
15757
47051
47248
42006
11208
52670
25011
35315
32261
14597
42951
5495
51364
24921
49112
44860
19394
40504
53172
28337
21579
10888
11395
29043
51215
52104
13365
48302
58582
49346
49776
42830
58258
35806
39356
41624
28397
24570
41056
51839
41780
49882
50986
14869
11078
5416
4257
43015
56252
16585
46412
13557
31286
9574
7959
52893
47389
45796
29956
42158
39462
44485
50514
23948
32818
12184
38224
26354
43784
56063
47379
42475
36719
4443
54911
55888
12901
8696
31995
53225
5650
9306
16238
19145
51805
20477
48741
7467
9597
11593
17155
39037
20379
37864
26447
8850
40869
20642
12743
42930
43959
32704
48443
53672
27616
23745
41514
26033
17233
55017
28650
21292
34496
52474
14783
15961
44423
40105
9749
56852
10390
39205
20775
59699
35758
36631
4697
39098
14097
43264
9436
27296
56364
57898
53010
3379
31604
43267
24875
48640
18068
8318
28154
5926
27345
41691
56010
47760
31644
21732
47821
25221
5320
48664
38573
12761
9370
51362
29283
54108
22756
45768
4816
41654
52420
13605
18659
57335
30155
8792
25654
11959
55333
29070
48058
46671
55217
19989
22124
29974
35014
19800
30166
18566
45881
5678
42973
47849
17884
45156
23144
45364
46265
8480
35358
31560
25710
25020
42934
9168
32155
42498
54198
10983
35391
57836
46880
49806
47067
46507
13649
40090
52233
46945
54059
45116
12322
20073
12283
59624
16375
10118
54426
3729
6422
20355
39639
9272
39638
44179
16509
11767
9083
21953
23069
25563
42924
40449
26681
44105
38902
11007
13301
22001
12602
26674
49111
32537
18143
31455
40254
5934
34645
37353
7545
56412
44848
6157
8238
22694
51829
55660
19633
46984
10778
17151
49587
4227
44615
42668
12648
49236
43024
55796
38364
4326
33574
24842
31264
16940
16748
14960
50331
10865
15611
52029
36758
41057
57676
48877
25061
28302
43323
21030
57866
41160
13696
13165
15164
18051
21232
53568
51039
21835
14434
29041
36586
11617
3636
31088
57402
53406
24975
30492
40029
22066
58989
53649
56215
58699
48066
4769
23498
48227
39698
21634
35460
49092
51577
33640
44312
4885
54217
28283
3038
17988
17336
29966
45704
50805
56914
59625
15901
25629
12165
54369
52289
22149
54819
28431
28549
51104
10946
6054
29705
24652
12632
39353
5460
25954
20328
38524
5842
14417
59944
58000
56786
27794
11331
7705
3987
21780
49613
17528
9031
3227
31133
37367
38408
29188
53480
12902
28332
41967
43642
15970
14836
24950
50525
36208
37635
9853
9029
8936
41284
33083
35523
9617
22348
38369
39920
26624
3331
34816
53589
43886
39359
52869
48272
58153
32783
58124
54596
57496
8442
22742
38256
19951
37264
7257
22478
25533
40187
8315
35326
59689
49589
42019
47404
20260
15153
52445
37016
48273
56175
33198
15207
44088
26591
38901
52380
54372
42318
18876
56555
39703
29309
54231
11774
42677
43255
41278
58959
44471
42755
15976
46609
59758
53448
59589
6407
34418
13673
16513
36759
45518
11853
38211
24693
31052
28611
5064
55234
40705
40653
15121
36219
17944
51270
29593
48369
16048
41863
12365
25240
29512
52204
21185
16153
32214
9656
6328
16487
9178
5610
54161
49393
36800
38085
30832
37515
36220
39481
52759
5852
43450
36526
34371
57048
54868
56688
50777
17497
7540
36536
22920
58050
27922
41516
20340
59471
30117
59159
14841
17029
10900
15749
13213
6196
4710
32069
30468
58690
13717
53960
31947
57094
32407
32435
43357
48602
53020
15226
6400
14909
13642
50819
41461
41661
17537
50365
40371
56352
48681
50231
23480
19899
23412
29488
46831
21834
24213
5913
24661
18682
31002
34309
11532
18590
55220
46916
40849
38808
51107
56063
40172
48831
55106
42904
13126
56310
45704
59871
23847
52269
5363
59209
27525
50394
11066
28581
18182
42161
58354
57897
8901
44777
27565
31030
44536
50275
52262
15132
13236
57546
6225
19436
