917
32076
34806
31732
53759
37154
21534
16713
9800
10385
21823
29518
30978
4110
41693
20667
12230
35074
58855
55069
56668
10364
27574
5554
46945
25853
29457
53951
5233
53211
42858
7117
4578
13750
35182
17980
5615
27253
33401
37440
43099
25299
56722
35731
42806
32947
43093
18968
54303
51856
55321
42024
56435
25075
41804
48629
53118
27532
45846
23408
23706
27736
49027
38728
5243
34642
34721
48243
15890
53377
42128
18237
16348
47255
31616
18734
52339
54526
21888
28940
37609
50355
18329
10713
19375
37846
7182
20887
55768
27495
31232
9126
23390
31969
42673
40272
41609
18304
38183
25074
49981
50465
41082
3478
43997
12075
8379
42111
19957
54810
20089
19728
10267
45869
30409
53506
44042
52264
49582
34428
28053
58223
27920
41204
21453
45602
30872
36557
32597
25892
28436
59942
14797
8112
27672
32328
22383
42709
58064
16696
11193
45781
18187
11905
26798
36538
17436
21108
15040
13541
10400
55356
47375
55010
28887
23734
36711
24725
49556
30373
23719
39356
3425
58386
33464
41530
10383
40647
7183
40771
19749
31945
34649
35470
41686
36382
17554
35088
8810
31854
20279
50423
12181
33871
41525
8846
12377
55988
46950
32695
17123
27319
22945
37317
44619
27594
45107
14514
37809
25497
6796
21611
50203
18642
16201
28460
48207
48437
54004
42297
31245
41399
9321
53279
26248
40082
25535
42012
52932
49312
7921
38844
21073
22997
30056
16566
40155
30006
45275
42436
51536
20536
47815
58052
23275
32000
33555
19095
29864
12266
59585
32084
22041
31043
58773
6474
36391
33594
7570
4689
55312
3579
6588
38859
24629
35201
40889
36811
16583
43340
14325
14666
52857
40961
14263
29558
56077
22108
37203
36486
20622
43607
8189
41792
36247
18057
57550
50443
20408
15881
18258
34727
50188
28096
54734
46225
35965
42045
14311
46925
27805
32371
43494
47916
41427
42950
24145
39938
15321
40330
15276
53315
4341
50584
15899
49491
32414
12121
23256
14210
30345
34262
58371
11739
33280
19037
55452
21857
15900
9590
35582
52135
16680
12700
20491
56293
21695
17301
39444
38054
57721
38981
37847
48196
9639
7993
13171
56821
5198
16499
14120
38204
44766
33399
59224
33631
11859
26681
45187
9198
19735
31483
45063
42201
56156
53259
37729
34690
30476
44417
48200
22138
54925
42673
20022
56960
36198
55449
4602
4545
18848
24954
25783
16740
3731
37078
13885
36319
33160
46408
44761
37584
8982
31190
37773
8957
18668
40745
14866
17362
3492
18375
17050
45324
26962
39765
15859
35564
14792
25279
29098
32999
57106
44280
11576
35976
30730
52296
6598
5801
48425
6048
59735
33766
3475
44978
46282
42412
38643
19639
35450
57642
42451
13544
7506
38800
25913
12251
57676
29470
55601
52176
53052
19457
46022
46452
51822
12117
44783
57428
30703
58859
16946
17651
4708
25558
15737
57886
26459
7661
25560
15116
14180
35456
45705
26860
12284
35893
30303
5844
14269
39311
39110
10031
24346
26773
29597
14925
54374
47521
16655
48610
4197
17454
56747
44402
30162
34685
45628
12027
48739
29524
22161
30133
4120
56425
8507
3933
40727
9578
41144
8331
51442
18819
3694
45300
23542
14173
18684
26891
47481
47516
47771
13953
19197
44208
32508
44019
19176
44029
6458
25884
12299
36821
21496
57983
45656
38306
40730
34616
31106
38798
37071
26009
59941
55573
20791
9024
45930
6893
48422
50065
26557
36835
19065
21597
6742
7801
58978
31219
27432
41712
7815
47223
41497
22195
50506
6804
40228
23678
38653
59116
29134
5013
41603
24991
13223
16130
24034
39849
50781
37303
30802
40486
32426
3667
25150
3630
48313
4904
45490
38308
41613
58955
24050
3741
48323
5764
22804
18652
55955
44082
26859
21236
20402
33787
51505
55739
49211
34306
32221
3886
8957
29550
15626
32269
19818
9216
25444
33676
58837
46824
30296
13947
16440
8096
33149
41741
13604
36199
36205
6260
26972
20370
34265
16963
46592
39746
25278
43653
48278
22274
27044
55931
41206
26035
25169
52943
54384
51174
14947
3864
57582
38153
47076
36722
28839
22275
38354
51462
27504
38860
37540
39120
20863
9721
44819
11276
28424
14845
23235
50904
18361
25773
4382
37744
49748
15176
51041
49776
19389
15636
13394
57079
51724
54150
12772
48319
50988
33483
34160
57417
41601
46443
30327
10503
16364
51135
58320
42098
53786
7784
48781
25172
36588
50713
38937
59539
38710
44189
17841
14313
23238
6578
40962
32123
16897
41517
21656
22619
40761
3670
5856
16728
54313
42368
16410
51872
21489
11091
42343
48520
14076
23942
22857
50750
17647
3232
55285
24354
53023
31202
42204
47175
4346
51119
31495
44346
3807
16147
49061
45998
51747
20049
31695
54461
46751
24206
27666
23835
58850
59968
47187
17391
40284
43066
48968
13136
38233
29497
50487
50533
8550
33906
10494
16353
57871
58632
4501
47522
8011
21620
40803
22046
12886
44853
49283
52849
39445
24198
33884
50423
15320
48525
51289
38222
27090
55563
3221
18554
19345
40604
21412
8368
54752
6930
51509
8836
13293
53898
44794
30263
12458
36170
18850
8291
41141
56202
47642
36069
42968
19558
53321
52805
9570
35798
5285
11298
17065
44403
10071
38988
50547
17270
43847
52187
5652
12521
35148
25691
55884
28831
40107
16097
43940
23284
28921
27156
7992
26686
39681
44390
41973
16216
22964
51561
51230
41468
22064
34149
37299
47894
6686
15144
36862
25046
41641
56530
4653
39723
34868
30324
7153
30484
8104
46022
15677
38212
38733
4685
30655
47564
49283
35173
49822
55432
20080
57143
30066
55519
36736
30748
56554
8269
3288
13956
40787
32451
21105
23335
26073
35176
19951
3144
7624
53703
4739
8748
46780
16383
13251
54151
12422
13128
24388
50615
52309
20441
50123
3666
24446
47862
14047
7860
59586
47759
34956
5905
7592
18733
28104
28557
18749
58179
32961
15906
15739
24270
