476
40035
57711
44025
57995
50242
46389
44844
31514
9660
56833
28319
55255
20561
56077
33557
56902
52890
41398
20533
20382
39981
24714
14055
55955
5629
12826
28113
31036
38305
10041
53185
51877
7396
30654
44721
8207
36090
22285
28037
21470
50011
17993
22333
58157
57737
21650
15087
33859
39192
54823
18098
39143
59894
58853
55047
29279
36986
41690
21062
48080
51411
36863
24609
54240
7148
5064
42349
10201
19585
17144
43395
21298
39275
46650
34807
54036
44387
49694
4897
6029
9652
35117
40407
44736
18942
50236
46058
18936
37675
28492
6222
24875
54648
54877
4858
58383
9102
31058
46537
58759
15502
33028
21823
31166
25622
54748
55595
39532
23923
37542
23096
41082
25151
24256
18065
46843
31385
14579
41015
22283
19921
53485
43607
32655
18799
55989
35850
3660
16030
54935
10384
42632
11389
57819
44894
44708
17093
41486
27227
33324
17114
24024
34939
27486
40511
7038
21794
18378
7576
9772
7503
22373
22211
39434
55341
13174
58551
51231
40179
50050
35594
13173
5736
47471
42812
42021
58962
6186
22939
57216
34265
24987
48798
46369
10867
29680
27445
11788
29882
43521
59090
9799
22792
38830
38400
36279
36728
24295
35538
52887
50841
27837
32152
33421
29012
56633
16600
26680
53527
8116
9425
27127
18864
37379
37285
12178
17375
26736
50781
38405
18038
42481
47469
14973
25645
46451
57444
7515
8186
20856
42166
36217
35539
15452
53699
8460
55042
21270
38426
17698
38847
12784
56932
35195
23991
53725
14814
18544
18415
39749
59728
7812
7169
37651
26306
19058
44142
37053
41560
46369
5632
47506
50364
20529
33077
25605
25549
6748
20199
13868
22973
48691
41985
5491
43643
46605
4480
29139
45137
37060
8951
24796
35203
12578
48528
55768
36093
25048
52315
22635
18439
54632
37142
9355
7857
17974
45353
19678
5363
24342
22106
45921
22425
3657
29157
53976
54677
25780
38920
4958
40898
29641
57663
59735
58490
4633
45502
57063
44381
15647
19361
59549
28141
8418
55398
27474
16555
56968
31630
38153
5570
9319
11947
33873
55008
55443
40444
19696
52581
3526
21615
39771
26298
38417
31996
18584
31870
40043
19955
45874
7406
39563
18823
41713
34010
11426
17567
31541
56802
48946
38308
25296
58007
21165
33314
45682
18203
27811
40182
5171
59559
37277
53062
42390
46483
59173
37042
51573
58013
12618
33827
9292
16160
13948
55083
22202
20689
5986
7611
46050
4607
18825
22544
18956
28845
21694
16843
41695
47985
10069
34395
27046
54697
54567
56485
24145
38915
59201
41591
16338
11799
32830
57615
52456
55505
4740
47006
8629
28549
3952
29304
16544
49473
10581
42982
36719
20756
21280
48944
40996
54181
6308
32960
36931
27377
6214
11523
30362
3999
37649
13043
27050
54349
55863
16207
46910
32757
46454
59991
14746
9578
29596
21440
21130
33331
7281
19994
24687
42490
36501
48985
29569
44139
52592
15464
35933
46121
3376
36171
40706
40876
11895
47117
41394
12663
55612
54141
19840
50979
12136
40992
8482
14409
36369
56401
49197
