1339
8242
34917
21070
54783
22822
10339
45489
40227
14671
23621
27338
25059
55574
37179
41840
26209
47117
30671
55523
42864
46924
16604
18750
19584
13481
57851
33646
53247
46488
25262
30440
15391
12676
10517
57882
43376
40484
43921
19677
6536
50106
59765
52558
3062
26507
59439
28562
53078
54768
40959
15353
31718
6576
28030
29766
40944
59978
57972
14900
25467
46950
27246
19396
45039
18232
20000
58123
11198
12350
17861
5888
27126
6588
5078
39184
9766
17978
19063
54653
57735
41783
15010
21802
12198
24599
53342
7413
45455
5961
25204
23142
29491
57449
50344
52981
40699
4129
6693
53033
27343
40864
33793
15476
23330
11844
52078
36418
42530
49984
32889
36379
47641
47013
4012
33195
9486
49097
13948
27025
29750
50954
40375
34781
14574
56229
7924
40140
43717
22014
37841
42709
17633
42609
23216
38036
46831
17494
13688
31142
58731
48420
49355
21470
13197
59496
40697
49691
12730
47478
38519
58965
13306
13142
22066
38342
36954
4557
14166
51114
34795
48858
33103
31771
10394
15017
35397
28394
45467
44079
29587
4782
30321
46259
49330
23741
51623
22013
14467
14304
33837
18544
47318
3423
12284
56168
39147
37895
48667
58035
51680
37402
35352
17869
38863
27069
59614
14083
46602
18094
44075
28674
59072
36823
19154
57359
9823
5504
36025
47499
51923
45445
4241
51236
12013
10443
47405
25432
10263
13429
50508
18226
6036
57531
18096
11692
45935
38581
38796
55404
41800
44980
33792
34107
45952
16470
26295
23332
3590
43391
20315
42190
51371
46714
55357
43226
48661
46160
3364
6323
55205
9632
27770
40166
41129
4455
5567
17792
31077
40053
23356
22001
3305
9505
16347
30019
9639
6542
59529
25627
25737
51534
22983
29805
12783
4212
28980
8281
24085
14870
58042
30795
35408
42542
52595
37677
34444
42484
38330
7383
29786
23398
18517
14448
33177
36271
43286
7017
3834
44657
11542
46098
15775
23179
45532
21325
5703
58393
25293
37274
24676
7128
39923
39483
17195
12428
25369
18164
57463
31942
49757
30063
31146
5028
32801
55522
55517
11879
23336
13103
43578
38382
10332
32421
41537
33729
22524
29157
9217
37762
41533
9444
27011
34047
23031
15579
34270
42821
56384
21036
18874
16804
31830
12224
7095
29712
10726
17182
38304
6298
19396
37302
43736
6442
50133
26385
49928
54644
52973
42072
3260
52091
5149
40273
17596
37378
29085
43575
52704
43677
54963
52641
59317
20020
30275
15590
37029
8435
22609
3491
39203
36310
15369
26463
26304
32408
42674
56707
38020
34792
16232
8793
11614
58067
18737
12991
10610
37657
6675
3987
6871
51105
35383
26104
33921
15331
55257
48775
19865
21095
30076
51956
39151
44405
43740
40069
3507
27586
27163
5660
5352
14494
39096
51022
7075
5043
17267
7829
6443
11429
7802
44248
10052
46592
18818
27220
8919
43324
12135
26418
13658
46358
35982
6467
4656
41626
12550
48044
39062
24323
49312
46643
34258
56681
50619
56648
9726
13309
16238
34899
41562
42046
46831
43237
16645
48258
18638
50206
23580
47500
28498
30755
35111
12525
31473
42771
21491
7015
26402
47389
22443
9228
16678
11125
14681
30861
54227
7956
48254
11833
21597
35862
7079
49553
4047
4173
11826
39499
27396
36722
7674
5831
18146
29168
53754
7239
34796
4810
21344
16607
53357
52434
43977
57377
44849
47237
18739
28357
30183
52559
5696
41066
32459
51915
24591
31918
10392
29944
42235
19638
48411
42981
29010
8684
17476
49800
16776
34592
19300
46651
29874
42112
26264
45377
12112
54241
8959
14939
50237
56412
52261
28763
5446
50484
54910
16987
58382
48597
36103
54600
27201
3719
34487
36687
27594
55772
22970
36496
57878
13911
36241
41685
43062
26841
7149
30888
42576
24456
15493
51224
22409
12978
54110
52116
14494
50868
9972
17179
8911
46613
44092
29187
3554
11230
9027
54112
44952
17142
46320
30766
17293
21918
3552
19442
44079
32056
43078
48378
10608
3734
17619
5790
23719
29239
45479
24109
22243
36124
53245
12720
51028
15268
45679
51016
55406
40441
45849
15957
49918
14512
46191
48577
27317
57486
55666
30847
18922
7869
18374
10371
8578
54105
41985
16430
51546
59995
28181
20598
22436
10664
48041
46473
42879
14443
47873
7770
53419
14645
20752
35693
59759
31092
44110
40960
11240
39128
20143
34435
30752
41095
38504
34059
12579
27829
59796
45410
47238
35850
45850
15004
17435
16406
10706
45727
4477
54321
55195
52806
56789
33836
18882
36296
56329
48352
12193
21638
23796
23995
56423
35091
34206
45343
48837
20396
7965
30360
35505
31142
14370
47688
8937
17580
15787
43854
42358
12094
26736
32319
54983
48241
39113
51108
11399
18658
50216
58450
10548
35562
47655
17015
55931
9597
18259
10257
47546
51248
26157
20770
43672
42854
23484
46809
43526
9923
25490
58311
58308
38032
34243
29822
43591
28466
28145
36295
30679
51360
34445
25716
22954
52279
21864
22079
28951
48277
19900
46663
7278
57605
42528
32317
23216
25474
11384
31147
12025
28895
44018
51558
42442
13935
36425
15677
47405
41526
42964
11187
42769
14553
32447
16035
21399
50504
13284
50917
49732
20457
45563
27747
44205
10960
57838
17756
16419
52937
20635
38696
3810
44965
14439
38796
7469
59085
28479
38965
10932
31450
14247
21400
27028
29053
5580
3869
40989
49564
52472
19213
30321
33999
56016
28509
30031
4172
53201
33409
31854
59694
35816
26159
32465
10525
4853
8398
28123
21423
15300
32292
10253
8794
28517
8128
17223
21517
11510
30061
12287
48865
55191
24622
57700
27092
46021
5416
20231
54848
3108
42008
9385
51881
3913
7248
24599
20494
21264
4057
20212
3141
25923
57800
49768
20597
28258
28532
22211
38221
9079
7853
38946
36317
14305
35408
19986
53940
24191
54692
33169
26941
19380
40419
21919
18173
47735
44772
18730
23549
29636
32962
3742
10749
13787
42717
40098
53886
11691
51135
46460
9216
14402
16668
54147
40373
29313
37157
4310
10108
17659
39876
30369
25216
59854
36905
59823
12100
11387
11250
12018
32610
5984
44523
35560
56628
26736
32863
58976
10451
11454
24726
31766
36807
55428
19278
10676
34898
10807
11012
25217
15222
40487
5345
44710
7439
36681
20419
58279
45979
7145
41537
4771
35233
29471
27428
29423
23812
57240
54280
23233
53488
21532
20196
3976
5293
36919
15939
6714
40230
31138
36537
23360
55259
17852
52629
29907
27210
52633
53859
36584
21496
25689
55621
7878
20798
52481
52700
30079
56833
12224
9353
15089
51067
46982
43500
7145
50041
39527
30001
50378
29420
58905
3455
41853
19435
21861
43333
29954
15180
22276
3918
29618
42250
41433
44035
49964
6586
32768
33380
11468
19021
19322
35896
31776
17758
34972
47724
16716
48456
30841
8064
5077
11635
9996
17171
45578
55083
6194
6935
58042
55994
17861
3206
28723
32956
23315
6949
39921
40157
38035
48119
24384
11468
38432
30878
13938
18512
44990
52932
46858
17757
35295
53052
23248
46309
29332
48493
23902
20203
42678
17750
14356
54750
18073
58899
41103
52110
37293
46516
33734
57045
49055
13823
6426
37142
34064
4520
9558
48348
22719
22343
55054
51807
45883
12227
26460
27312
46747
56110
27623
9756
17887
42932
32959
39316
39274
28023
48053
59391
37798
12200
56998
11717
29616
7193
17475
45839
6775
37971
36643
4528
47315
6317
57151
52075
54050
34457
19338
20178
9123
56058
31029
29114
22705
32661
13468
53200
30032
19543
34345
29243
54434
46925
12053
26043
30982
15787
3234
17326
46181
42774
20324
5858
4882
42471
38919
57440
50718
59735
49792
32101
46331
31909
10751
41338
12035
3697
51501
28469
44715
34168
9018
29062
44432
15031
22967
5567
42649
20901
24966
27628
20830
59542
46724
47586
45293
38754
19138
30378
25469
6042
47659
22968
23051
58164
23794
39851
4174
52249
23153
22184
9460
8408
26706
22929
23739
3269
49376
6109
50965
23607
27285
13787
51116
46647
47335
7954
14530
14151
21955
45906
29566
57953
38792
19150
30548
49009
17410
39741
59720
22684
45986
34107
5370
28812
57063
50885
59720
35792
38384
7440
3489
45819
35860
39441
36800
9288
45704
22752
41152
22463
45472
4550
5389
38847
55389
18652
16595
57647
29866
57490
23453
5621
56685
45233
52505
27960
40279
25430
41662
15737
48376
49033
44716
40975
36518
34838
20277
48984
43568
42463
40118
30573
22784
30173
58665
57681
38270
44894
30494
33767
38989
58746
49312
48171
11846
14157
57292
53590
31794
14834
57346
27459
22000
11223
59593
27093
4367
56685
9318
46706
29676
35913
13516
47017
