863
34230
50322
43336
25134
26973
5501
52220
10819
53880
40620
59518
11488
37866
35593
59106
34150
32568
17950
30134
34061
51492
33705
4731
4148
19005
12315
57058
44394
46420
47790
59481
48976
31785
59795
59890
5162
4059
22482
19385
30032
31979
13839
43155
24024
34801
47628
20480
9481
20799
13879
3700
29752
55559
26074
18417
13131
37903
56790
15308
9108
59043
59180
10593
6878
3541
13883
44957
38059
6865
42339
4946
23321
25498
41964
49078
49144
49820
28587
17983
57976
47608
58321
12846
16582
57151
20684
51453
9625
35413
37368
20900
28158
58586
34239
58576
27582
15045
25033
46891
43927
56813
29175
22559
53285
51299
26829
55776
46693
25543
29070
51121
29548
22379
21322
53399
46188
35941
59162
10838
54717
14816
53732
15162
19133
36381
40479
4406
17766
12320
18135
17178
23724
6451
44812
44961
47120
13246
46280
41196
50179
18202
36441
21541
38174
55121
36822
43280
47913
35515
56508
8411
55485
13462
41300
37708
12628
57642
28706
30498
57941
39933
40733
30446
24267
30211
5834
55951
58832
47562
6715
13487
46501
39975
6647
47664
39406
11393
30545
6534
17414
56486
39946
32624
21007
30215
33061
23980
58578
52133
23004
36879
5361
46210
27374
36439
6736
10419
26129
26700
12688
7096
52152
58763
32070
49364
42364
13278
7723
46770
37336
15102
52668
41883
16159
36138
57732
47149
52205
14841
48281
8391
33349
34929
22428
16521
6720
6271
48746
36360
30930
9311
55541
21458
6908
41783
56082
27673
34359
55601
10823
26337
20431
6456
7155
54910
55914
31092
27422
52446
10271
46587
40049
44911
45733
3952
35385
20769
50642
43613
9533
55834
43169
36954
10665
25838
5109
48913
5445
43313
29741
35643
7557
51845
7567
8820
46791
45938
52199
47890
16616
11840
10967
23435
49187
23895
39646
32093
54923
18878
6742
58786
49293
50524
17700
26962
51086
15354
58744
26117
31586
53787
13596
46720
29716
48236
29912
43543
37641
48848
18595
44043
48329
49393
11510
36179
36172
59786
9238
45422
53766
55395
31164
6572
32917
7599
4626
52835
59223
10647
8366
58594
12703
43362
52035
28185
23024
40842
37146
9824
22279
17296
22664
39630
27561
19601
11398
58956
15255
40513
41241
43178
45416
8580
47474
44834
20028
23569
7682
36879
43395
9513
27049
59493
11916
53304
17697
12369
58422
6703
44863
49360
8890
21359
37617
55225
17800
36253
11330
55676
30435
20603
21767
5706
49659
31928
45704
57426
57379
36408
31819
58441
18012
28238
19338
10227
24569
17220
52302
19811
41037
58381
7564
38563
7977
48805
22427
19530
8903
37620
24905
11994
47267
9579
4991
13031
15615
32116
5897
59984
41357
41531
48007
59248
9984
54900
45916
17633
13350
52061
7586
26705
25812
50621
44167
12108
13215
49316
35397
33025
6492
43332
25464
15633
49834
26027
56721
26607
34031
47031
43219
42676
6387
18631
4450
53782
22989
10045
4767
50762
19810
15123
20572
16637
38946
25988
31561
47961
33787
4050
8562
19525
21302
56621
42417
55271
24908
17687
43020
31768
12882
6350
49592
17454
26587
3596
44257
42662
52308
32535
57434
3303
50539
4047
10930
30549
4969
47209
20528
25670
31164
35536
40254
10461
21625
51048
18771
25646
3913
13713
18198
17923
29236
47179
12623
58826
25427
8494
3518
11969
55581
10893
11214
32155
17924
57207
21874
5614
56889
54766
50988
24658
22720
42634
26710
28239
26899
15450
26000
5677
49552
6168
34653
27026
40024
11574
24123
52668
54747
52252
9301
48854
36291
5466
35978
45319
22080
14538
29360
17542
26398
17793
15788
3489
51872
6339
38999
19811
48008
3322
53736
18259
46796
22603
13089
41577
28496
39824
48901
46477
21573
18163
19440
35195
21039
20686
43332
38117
17038
17656
44929
11060
31982
15449
4546
20653
34596
32767
28607
54554
20879
39870
44929
6895
3867
10569
43650
13624
9634
58771
46368
24170
5407
31434
17150
56766
39536
12095
23144
26570
41467
11624
22077
51644
36910
6903
22711
13110
39376
4988
20974
9815
30528
46870
8846
3179
28973
7309
34535
4294
4823
10631
29124
3636
26352
56297
8753
55825
43594
9445
40124
57753
31885
13937
53193
8165
7350
54457
22479
19189
3740
4943
14365
20219
47834
44583
34878
40919
45818
13165
46039
6568
41931
4153
52079
12906
16394
13954
39109
24882
52578
30055
8770
5875
8339
50847
48383
36798
57052
54079
8515
44117
42064
39079
9947
31096
35617
41796
16030
21633
50987
55890
54578
6436
9150
18674
38957
27144
9017
43223
57531
19360
23441
16808
30097
6303
45314
31072
34644
41292
15518
3435
30358
52309
20916
7900
35774
55607
40884
32602
14416
39336
58351
7055
13646
37571
27269
9949
29808
42968
35802
27978
47813
4774
15521
21436
45711
51370
4708
49726
23852
49971
28516
55752
16207
29864
55136
52813
53883
36819
55184
39865
22490
12319
27533
23186
47676
35118
49718
45516
11430
32359
8455
32380
13628
52072
44445
44095
53462
53272
41476
22207
50037
19549
9839
29803
50496
35704
46454
36641
51137
10819
37103
22812
10112
50133
57426
52229
44291
48139
17717
19729
11275
54404
35835
35559
17417
29312
3404
44281
6975
53031
39108
4556
6232
52516
41833
38763
23771
28405
8950
16106
11226
34215
50423
5804
15426
8235
31513
39060
18748
35849
20573
34464
29872
32346
40373
19662
46965
52518
4297
42128
18441
7891
50646
35686
15816
56655
39702
49685
5507
7088
17765
36670
47529
5909
59298
14753
27838
31140
8738
46537
55992
27347
