587
7060
32102
42375
59811
29150
56250
4654
53271
47785
56751
33473
24927
36300
23659
25213
5946
41107
23386
40680
40802
17632
23400
3325
4275
55145
26123
19287
4133
25118
12757
10806
35586
15650
33191
12583
16133
28745
57475
58230
39348
46810
6398
31575
57563
15356
33390
36254
59488
26415
34700
28791
22509
10879
43525
22330
12638
22112
35798
38429
14510
7395
18225
13195
28543
36239
26582
48081
42246
51170
57108
22173
48402
35782
40066
28615
52836
5348
30127
11944
42622
33691
24988
4075
15493
37618
18978
51878
36931
47196
11549
53887
36434
13158
49525
7052
12188
58393
37407
53601
48594
4076
29753
50140
56650
24349
54578
52237
8856
6181
23438
46102
29056
39071
41140
41532
49874
18599
56880
55907
7009
5843
48496
45812
41742
9506
46260
25880
43759
58827
16368
25451
35179
3823
21841
19614
33392
23023
50999
15718
52026
5881
11926
53479
12662
38958
5232
20259
36690
13622
49514
41226
22833
59447
36693
31353
13697
59421
43940
28298
8304
17776
11127
48551
41188
56915
32222
55551
15912
31546
18755
42527
34354
37039
54465
18964
35347
40862
29724
38827
31686
15874
57600
8712
32118
44580
43848
31757
15620
57788
16346
53942
59704
35651
51162
49371
18612
26306
21528
30768
12636
19827
41133
16773
29394
38817
8218
46492
36150
5224
29069
6638
46073
51258
54384
59111
24098
44355
46039
14007
26048
18256
55221
12795
59736
58581
24857
25834
40168
22806
40229
22614
27976
30934
32713
48738
31939
56804
28249
26788
9365
42018
12733
46476
30018
49225
33878
44466
37930
18600
10366
59445
28133
23066
48276
54574
25985
38037
14358
50654
43566
22973
47446
46236
44796
55742
21403
24611
57089
37491
4404
33490
3044
13386
26681
10238
50899
36603
41757
17058
18793
36193
30477
8970
41446
4764
48463
20036
44229
3565
17756
52272
43473
52210
16238
16276
31253
30865
10797
48652
15501
45716
26854
26318
46027
56452
20766
25395
56410
46921
5305
37818
35908
22498
44394
49581
44237
54769
7819
7133
19574
14953
17347
23042
53849
6009
48764
30818
34280
23143
3763
28656
56310
29472
43436
29523
25690
59820
42325
30398
4418
49125
57283
5450
26410
39183
14285
24852
46475
28851
55515
44831
18213
19345
13407
5143
22333
18233
39495
26440
11182
34357
19248
57416
49409
15411
56502
29909
40637
40108
17448
53587
30127
36403
18939
47054
45127
14444
58496
47383
49849
24074
16777
55403
4780
26188
39615
9069
13309
11813
6949
59983
45688
46073
54664
53262
20083
38452
23958
26999
48249
29352
32579
5967
23838
22491
26650
37150
50468
6657
24103
7462
18974
54689
22830
40578
4504
9112
33242
53944
52694
18212
4064
53257
37230
25130
5554
40484
14270
40527
50450
57671
17834
54226
37616
29836
30152
31743
54098
50836
51865
10268
44273
5233
29272
13468
57955
20528
5932
28720
38140
13402
23893
51295
57960
43962
25568
21679
35727
12210
49803
26218
12117
37263
19173
36357
22903
28578
17423
10395
36412
44704
18201
43208
21123
37487
33220
40862
59071
11837
34811
28278
8356
50283
10693
40498
33759
31084
37841
32712
54275
37419
49775
54774
10166
42939
53213
8832
57846
7575
59491
25806
9883
6928
20909
50557
44324
33119
51723
42769
37487
37381
48051
47722
11989
25064
30450
10160
17073
24123
3839
29812
49931
6846
49992
54685
59644
30690
30128
44261
37586
39226
18195
47002
44644
39986
58915
33870
23138
28288
41642
7301
30197
39565
26358
10909
29834
47658
18313
3467
56773
40283
36729
51566
10497
38037
49311
39868
44097
23323
18450
58230
26157
23182
8290
41937
25159
56096
51727
18735
33956
46016
57916
3617
22976
18257
57313
46647
20357
36113
58108
53561
32882
14860
49790
16423
24882
38368
