1947
39438
47973
28394
44599
27635
33752
5569
3098
5273
58810
29002
23677
3612
7697
11110
38004
15845
33112
37760
30465
51251
14450
21072
4498
39210
54828
40034
37742
44846
5895
17196
43554
41187
16192
32310
7038
9578
32094
43285
33259
23366
4793
59136
26355
58455
32670
51821
9439
36270
4663
46429
18582
54480
28841
16073
54139
41218
13190
46890
18239
48187
38911
31093
32984
10367
23911
55022
14319
24557
49615
54644
51624
58241
31369
58610
25658
50041
7850
12816
51807
9467
26686
39055
9666
30754
39190
24987
42337
52299
30663
3574
46852
8924
6706
8456
25429
18914
34779
54329
56351
58133
49738
43141
5062
33199
28443
15666
28876
15463
6305
59990
42662
55434
38932
4723
27666
28468
33157
19788
43932
6985
3479
11722
4926
5177
34028
43859
25864
51429
12669
23523
45207
50828
38421
25619
50495
35593
51490
33971
36729
42402
31636
5666
21135
9730
47062
21646
22034
35992
23847
30592
24994
58811
31388
5819
48528
41496
55664
56092
31541
55292
15059
23191
57770
47258
29731
39945
7215
32564
54227
22438
57571
49452
33068
45272
21700
33669
14277
27437
10925
6800
6667
55423
54202
14649
12032
11494
51980
4734
12741
25593
28054
18668
56379
57517
55820
18950
42790
56775
31136
41905
45660
10286
17756
4845
8046
29537
25505
18240
23701
53340
14077
53852
58512
4750
8835
56730
49594
33280
40007
25840
59232
13904
34407
8114
23555
51681
26736
49015
52065
24192
39883
39732
33059
24486
28322
15092
44159
41664
59964
26102
9892
59960
3631
37953
6210
43932
35688
30402
33326
32814
26899
24252
54859
50999
38152
26806
57056
23808
24196
31705
36775
30675
51995
47199
15964
5272
35052
40938
30878
25414
21007
47058
50894
36966
22317
49224
23962
34802
16392
42041
28037
56570
22389
59438
17030
10314
41349
14407
9939
6958
53153
45534
33054
29183
16317
32269
55483
43108
31141
34337
57572
22623
59689
15989
58235
5294
51194
31208
38994
57964
59543
13979
37596
51829
22533
30531
45766
28993
22113
44464
35658
52784
41274
15156
15046
54381
40646
30235
41802
57816
16041
48066
12003
17736
19370
22609
17070
39697
7175
54771
35021
32512
30050
36091
43684
20687
12746
48196
21741
45810
7705
24613
55168
6138
7761
21241
28804
27643
52573
14005
17718
50924
33775
18722
6413
17130
44422
6800
14553
50988
26678
30700
47717
32311
26815
37271
49571
14072
47666
28573
44828
11015
12828
15756
49830
31265
32341
28138
34686
43168
47795
45466
24398
58993
55060
42629
29899
58914
21103
12234
55472
29745
9304
26176
9729
31046
35042
38807
49571
25588
29170
38579
24097
10861
33361
49714
50868
52912
31827
8863
22604
53718
28510
59070
46086
54281
13423
54554
45467
18912
17864
37271
15406
46011
19162
45238
47849
44407
51138
8968
6809
26905
25976
37556
38608
4688
51167
57762
16401
26929
30014
37517
8703
57262
39666
42291
16231
30537
46738
33169
41533
9853
51260
51430
18527
16430
22562
18474
41657
3379
36548
23080
11097
57174
23487
6176
15539
5715
58844
11022
13964
38425
29336
28190
59901
15022
29484
35854
53570
4961
21032
31544
16030
15639
14566
38196
58079
29865
56678
57982
49610
8380
14493
25962
56974
18548
47300
11136
5424
21613
13303
27524
17666
30148
31507
19443
27420
59914
49014
44309
18198
32334
52653
3433
45726
48068
55849
55887
14688
48309
13384
25282
54237
7254
36520
28839
57178
52612
10678
12121
22718
52778
27003
26904
17788
15722
49395
58751
51862
27415
27862
34176
19296
38316
23902
20374
50541
43106
30511
41091
5435
15249
14135
24779
15544
7136
10845
32012
23576
51616
48690
14199
24561
12966
31268
33413
3219
26896
15176
27419
58961
11706
52264
12947
48964
58482
27123
57730
28938
25565
41230
48327
39916
32327
46614
49680
57424
14433
30095
19820
53455
31232
31451
13206
58179
29303
34556
37129
33931
55690
13922
44940
36460
37301
9056
25817
55841
46817
6531
19087
43425
40617
27926
50232
16318
59832
15730
13685
36578
17267
45185
31496
3243
51581
5155
23786
36258
47974
22109
11125
36464
10625
18746
59338
5814
50023
38359
24590
23607
38123
52012
7087
39132
34359
11762
21509
14460
25858
34852
6484
19983
11193
25761
6506
14298
26796
6702
39096
14400
59212
3564
6068
23445
16797
49675
28667
4359
32138
17909
39083
46889
10921
4202
52404
6495
54963
21560
13798
32567
33463
36090
14897
44440
46431
59596
47252
46785
24681
48022
30239
13278
14007
21954
50515
4466
10294
26880
10935
8675
23667
51638
29143
48825
15825
39087
43315
33583
35371
40259
28177
52423
34702
51870
20658
39772
32245
5887
10720
53363
40919
29846
28409
7317
33508
58859
15143
16803
13677
57453
57336
10537
44029
20752
34214
38057
48628
43277
20939
32834
22496
44714
21229
51447
34816
40558
37894
19000
42417
36291
36515
52711
32397
5028
11853
40856
12094
25402
24445
16860
17906
48750
40830
48044
32744
49229
50652
29395
51495
23906
6093
22101
7478
22407
57713
35812
48396
47040
48071
57772
18457
39435
53267
33807
28539
51817
5632
44151
53901
12834
24112
28270
7858
11194
54516
54951
49328
29142
33536
18844
45403
32356
53335
27080
10953
47943
6209
34508
26879
20173
56591
44100
4249
5562
29282
40191
54574
5205
22081
15715
3333
4907
3812
39435
55811
30919
8942
30909
33521
7704
25207
19677
17197
30511
34597
12363
50147
46369
24475
52984
59397
26536
6956
5670
4891
4982
44799
33073
12121
38316
27387
34894
24608
20273
24292
23142
21585
58225
27865
52996
39377
16872
28282
17402
30801
21145
24568
16806
29552
8506
49209
55647
45938
57137
41433
36812
16643
56032
14000
13692
17478
36004
35353
17839
37677
28423
58758
9078
12382
15397
5216
46029
38773
11603
51530
37183
40626
28111
45083
16826
12893
26744
23838
39362
35709
48626
40213
25996
3033
45433
15122
30323
11785
41751
27324
18970
16014
42906
20826
12833
52477
40315
8449
39050
25316
21535
37269
55857
57820
26479
42063
21769
16480
12923
13065
33135
14715
48229
12424
21077
54578
29937
52236
8327
47963
3912
24144
25968
13716
5457
4840
4932
57950
41966
25896
40522
4349
42087
37574
14945
38550
7746
32388
17655
26842
49028
58661
50886
40304
39155
33302
46605
15799
34253
8507
11852
22037
48744
59904
7403
32877
35995
30012
46630
11721
52171
43923
51618
59588
31001
11638
34562
36069
36965
13503
42918
9389
36071
44693
59635
29872
54352
5125
22708
48704
11656
59738
15262
11422
56678
18761
5112
20243
58175
16323
41095
35501
6007
40160
41447
24734
55927
50519
59546
3207
52809
26502
14325
46191
33835
6968
15625
3542
4058
17043
16361
15342
33330
14546
4847
52286
4240
57280
18116
27105
39608
6218
58117
15889
24326
22196
28342
17102
5257
33518
43275
29919
21620
18191
27651
49801
13288
38522
51229
28409
17522
41897
4430
16016
40527
29738
19285
56981
21467
51410
29164
16308
44333
47278
56507
17054
42674
55978
49740
42802
36723
49401
26440
48151
58855
12003
50172
25161
35318
28369
26445
36833
5192
26564
33345
23188
58112
21337
49644
3331
17496
8181
53424
12766
41734
12819
59875
56596
21023
42144
40588
4929
26309
10293
27869
28928
30708
46048
38481
28965
14220
44994
30240
28830
37906
54675
21054
58707
29387
43102
10843
22372
16583
55494
48431
49997
52972
50171
21136
48136
22627
33953
6787
9935
47976
58330
31329
7568
25621
27996
11329
21376
53614
10040
12430
44259
49414
43841
13919
42851
45635
51729
7373
55217
7976
35040
9480
56278
19018
48577
57328
40172
4608
21243
38497
56190
43759
48169
27756
21038
59235
55011
27446
42425
56256
25009
17757
55260
9967
50829
56266
19192
17814
40247
7492
50994
34519
48514
59320
42263
25256
12725
29862
36689
12807
44645
6285
44994
59153
47596
11326
25426
58661
59183
15284
43670
6757
26279
9241
6717
29053
55412
44981
9223
46195
25987
6450
31378
59693
52355
40195
41765
17128
45113
22655
50149
14819
10095
35188
46657
8619
54542
24227
37602
19487
9934
12850
10515
38565
54292
4320
34734
34938
25964
14504
23179
43190
46754
50563
42125
17051
7071
14675
23941
33997
37107
25859
13938
42633
30253
55231
7645
26185
59800
27284
33161
46586
47005
36439
39516
3589
3679
55049
23800
12745
18625
32983
56749
18576
50667
31453
58014
28028
27891
16662
28847
19468
36410
24058
13534
4632
26236
3403
54937
42819
53557
36719
29679
45633
8436
39267
47151
28845
5003
52350
37829
11070
48478
25797
16370
23662
42428
30794
46675
8122
5964
13224
50231
16458
8472
36079
24219
47893
6411
49733
11845
22990
12492
34337
19330
29026
6297
45926
18291
48329
40697
16334
50231
36911
17013
10653
52692
10018
10166
45858
50455
11279
18454
43166
8752
33670
24149
5747
42595
31122
6183
6112
33510
34922
39668
15613
4262
41116
37178
45453
35890
52962
50078
7992
5701
54878
47773
6692
42962
4711
46266
51993
44856
24686
53695
39704
3294
59570
42180
20860
51994
47534
28959
24065
15331
30919
38807
14446
26000
39900
59780
6340
46334
3472
56886
28697
17321
8368
48910
18282
56751
57211
43233
59965
18700
5191
52880
49711
15231
45722
39207
23994
57785
8251
58273
57103
37071
57675
3329
15258
26204
31705
8556
17434
43635
22657
45052
25102
19076
16596
21353
38181
24073
12008
28595
26758
11342
34679
40391
4362
47058
34383
53096
9727
34223
52875
34319
49533
29364
41119
31311
38340
58851
32067
16430
28268
17977
55484
39067
59365
3238
50478
57699
5858
3288
49589
56168
31013
9864
44371
42023
29909
46266
11223
47872
40841
55810
48500
7039
32763
3330
14859
56834
23332
23492
42983
8156
56262
20917
35936
53511
9516
47558
59375
9564
26845
55067
31039
42794
47262
24105
34875
21938
59933
21230
19681
7774
32060
8894
40282
37818
10746
34103
56960
25223
13163
26298
15721
30194
42653
13987
31472
12099
47812
22818
53822
40338
56374
11211
39235
25400
48549
5348
55572
8084
24397
38519
58249
56475
9872
9219
14434
37907
14419
37317
10148
7664
16269
56425
36404
44641
50931
51271
27210
38744
47082
48835
50006
18770
5147
58390
15066
42128
24659
56410
28438
21854
33749
15493
3791
18882
49028
46730
56416
39249
47399
56923
58306
13928
9440
8767
45370
52735
39161
34311
28360
42264
35212
24711
4082
24641
14685
44623
42593
55171
7824
15897
38328
17987
13469
8220
21753
6000
40590
15462
24903
3445
18227
46168
24990
47909
32072
17948
29020
11363
54627
44037
47479
15186
47513
48536
6834
30083
57750
19677
19650
25229
55417
19237
37197
19232
11634
23861
31062
49949
21823
13280
30700
25134
4104
26547
25839
27414
19559
22320
47665
5667
9033
5005
3650
9878
3405
32502
4992
21796
47643
40611
20801
12907
13649
34715
48532
12793
34378
7471
3366
43928
39731
38965
59413
42180
56299
44158
55305
41733
27710
7231
12294
31059
21246
50028
14926
3546
45159
55510
16248
20051
13644
52705
55241
37552
25247
51447
17215
7803
30565
59240
29239
55524
34487
25866
25821
56275
58327
17752
24806
5973
20605
9478
10980
58902
22982
35877
25672
14924
12587
3395
46796
14852
7212
6636
52532
16107
58201
12651
39497
58756
33375
36942
5554
56642
8242
21337
55034
21669
41896
55743
56835
15973
29658
13051
13363
14787
4602
32023
51317
49483
10376
32246
40388
38581
49598
25910
3285
54774
36515
55937
10056
46164
43838
38237
59890
25494
9989
11287
24350
22133
26634
27583
11495
10117
7530
36331
49200
34673
11634
52748
44696
16414
21825
18034
23195
53177
12990
19149
43947
11395
29935
5833
25951
38881
53609
24275
45372
14073
11437
27940
44841
46318
4759
8629
47806
50099
35015
50026
11785
34044
11202
10486
24999
4259
31059
37212
10825
37233
54421
6671
47137
23609
49676
50800
48820
32366
54359
45611
57028
55625
30553
30407
37621
21343
57824
42421
58054
35204
48092
8389
8336
29629
19264
33226
20975
28440
18503
40712
4262
33017
56346
15550
53617
30302
47434
59231
50848
18463
50893
24170
20473
22932
38353
18488
20625
47241
36038
58927
54307
57951
46464
45516
5365
47738
13039
55433
6079
40990
3394
18462
56188
38833
59215
52046
34418
43312
28461
40136
25640
9340
58239
41767
51939
8690
32559
47046
46119
38313
26030
46172
13670
4283
40928
43694
39141
5504
52116
14868
16391
29290
47586
31332
18356
48847
23355
32146
23935
13631
12517
49213
