1364
55636
35563
32466
16892
5813
45530
39864
55757
51225
17259
30504
5893
10718
53054
24929
16596
17164
31573
30899
28219
57431
50990
40815
43819
44723
49111
21174
23403
19727
21491
49968
30097
19667
28495
50190
49068
16782
49204
4061
55238
37261
16749
20259
25442
7772
30915
19960
53292
57541
13754
58222
4094
55753
26267
40488
9206
15705
11561
48402
45744
27624
52489
11227
50592
26329
43390
51453
31506
13204
53796
49479
52138
48857
42623
38489
45569
57173
37408
8816
18672
3553
11127
45750
38378
48010
53139
3755
57740
46980
4405
22422
34206
25663
56135
6386
40321
41596
6363
10840
40647
22289
36397
4364
56916
36466
45212
57093
44621
39462
17042
32482
30664
34148
17657
24931
49464
5583
37718
44451
15387
4600
52210
55946
41431
46692
59708
33033
16386
6914
12573
37995
54684
15843
21560
39891
56019
5446
44360
35249
8300
21850
53761
37921
20159
16400
27480
46556
42910
59708
57456
42141
29453
30627
33350
4108
5599
6266
18535
55885
37831
55205
23602
57800
9912
50538
42824
55302
26357
14489
10288
28933
21706
7266
15670
44165
10725
45393
21292
59571
40327
22035
27752
36759
58510
58372
48742
45613
20190
49211
3156
52719
36265
40155
30167
27231
15611
9766
9712
34421
17235
59743
43257
48316
9393
39537
20895
17138
59920
36419
17830
34354
39009
14517
23504
23628
31417
4011
48231
19742
33342
53626
28933
17080
24554
51348
22962
4304
42191
10302
49299
49544
51629
35725
16919
52956
34773
19983
17756
17424
19818
38534
18795
4889
38785
41098
34899
21650
5921
15407
47666
31916
9922
27363
20252
19080
23224
51555
7977
52871
59803
48885
55111
42557
59397
25388
18085
53824
25126
50591
20928
19655
4218
59056
53771
13139
59288
36111
13159
37352
49071
23854
16230
53547
3396
31428
7602
31693
50490
10193
13244
22687
33412
58571
31561
49116
15005
31500
31900
26603
8593
14641
4576
16920
38546
34046
53769
18457
21581
4650
41007
42464
47063
59130
39034
5491
45178
7070
27055
57010
4782
55189
45156
31638
29541
9027
18519
24481
36812
6229
6226
15860
12429
19501
46341
28153
11248
22362
52955
43591
55738
28024
58761
30926
34778
10435
58318
13165
40112
14819
29410
50193
10153
16300
51954
12077
15865
51821
40950
4363
10026
14392
17236
52019
21225
39053
20838
4138
18261
34471
15146
46616
45527
54562
23944
15722
6249
46715
7603
20055
29490
36632
52921
4626
4302
25958
47341
17956
51683
49379
8872
41298
5294
13441
48784
50525
26997
35495
54181
39482
30952
7956
57836
37524
43647
33734
43055
17090
19018
50607
49600
32459
30266
23932
37403
41395
40839
56292
13697
39622
7435
22123
3371
58529
42410
19895
12474
56936
19479
43593
3951
44886
32939
24809
35926
41707
31127
12493
24158
58752
16772
48276
58791
19733
34800
31724
12743
37233
13842
28967
15830
50503
42041
40959
10156
36347
32003
31313
12641
45060
53655
13910
10661
53398
56184
20627
20679
46929
41970
24530
32818
11565
55715
26371
23199
14768
40141
49259
52455
18963
26646
34688
15316
6470
15459
30368
35374
15758
59437
46627
38725
54956
7825
59961
10453
16612
35748
9188
29328
10334
54301
22147
56743
11732
57281
19598
3158
11206
13618
41954
32002
29513
16927
42341
56736
41116
20007
41755
4693
30770
20136
36881
9198
21291
20727
24461
3123
43025
41198
42191
58692
49047
3165
23671
22172
36544
3562
38171
5395
29076
38430
12848
14963
10083
56885
12485
10476
21228
44540
23555
37141
55246
37701
39301
43390
37534
53750
20026
23488
3660
49411
49102
56723
10014
42832
45617
50691
37773
55246
48128
49420
24743
15254
21147
50734
3979
21877
4416
29176
54483
35799
48025
36291
17343
49100
33232
19474
52466
42226
49879
59940
40419
35170
54643
15362
56300
36004
21677
51139
24107
7405
32133
9425
55947
23763
58884
22566
56921
28165
15964
17952
6212
20720
59263
34361
47866
10175
26202
40074
36678
41952
21606
25439
49149
44289
6442
58057
57498
19641
6152
14447
10204
50536
9845
50963
18647
57630
20397
31427
11467
36453
57810
15039
28098
20072
29721
17667
39850
9386
22520
16941
58588
49705
31673
28844
53365
18217
38372
5963
42078
7950
44774
51305
29346
37704
42321
56918
21688
13859
56038
54998
8915
32754
32434
10244
48132
35757
34250
42011
10966
12355
38264
28793
5461
59411
29316
38138
43958
6428
21356
33284
25422
41280
6214
37859
30579
55946
41352
12110
13211
24515
9613
29616
3503
22135
31117
51171
24006
27333
27152
52699
18931
29955
16613
38953
49730
13882
39497
27489
58973
26763
4355
16430
31746
27879
31620
59853
25345
34922
39421
26791
28085
20651
51426
4087
12648
18569
39757
10517
3021
11885
36560
51176
59215
25849
57313
10114
57225
31949
30065
34716
15560
49802
41014
33954
11842
56167
29214
30419
22022
21880
28863
46497
22110
15049
51395
59533
43698
48234
34577
19198
49450
35686
13247
24426
26535
13495
28080
36137
32748
33628
50375
19047
35023
40306
41748
36368
9907
21007
24509
47470
37264
57464
38406
17368
10534
55037
35544
23912
32075
36188
19247
47929
30552
44933
7688
45484
51023
13992
31948
14927
8851
42428
35674
10861
17497
38412
22725
14403
29384
22210
17412
11136
41275
41148
49928
41757
11494
46190
26369
47589
44721
8443
50053
58500
5162
5404
30230
21745
7488
22138
56793
20293
47653
52083
45540
34985
16493
26288
11610
32640
52932
15377
24836
52342
11790
44848
3663
27351
56860
15530
57536
42332
7539
15081
39110
57537
35326
51584
27761
17371
31058
36854
16956
32247
4898
6079
59162
57870
40079
49578
50713
55368
17893
11521
57296
34259
54095
45374
7121
35341
28709
55456
21162
56198
27926
14735
17208
26171
30624
48724
22704
3790
29198
18317
22249
41320
42153
33242
36610
4433
48428
9122
4885
34177
39214
27257
6385
29644
5794
26092
41855
27278
30610
24276
21205
23158
19012
57671
9398
21695
47431
32764
23305
14521
4590
58649
38531
8317
47679
20186
11698
5239
56560
16497
35846
34034
43117
51704
35003
32285
18581
26039
55286
48545
34865
39839
9040
44866
54762
36603
45003
5918
3636
28430
34625
29655
21479
22345
36293
29515
55821
44374
23080
42197
10014
11830
19135
25374
20682
43560
29623
23413
56492
25296
48466
55939
58472
59968
53493
37137
49785
56281
35088
34374
47933
35433
50966
11131
11892
28708
6079
8943
31903
18058
32002
52988
31757
15765
53536
59380
51922
26380
54415
11406
17687
20033
51686
7289
31263
34711
46398
38358
10378
42859
47530
56168
37556
26775
28945
32167
12770
52939
7685
32830
30790
24093
16901
55124
51126
46306
55318
25053
12690
56260
46837
31454
52764
3755
37016
52367
18476
52038
12292
30227
53658
24938
38758
56272
30768
52545
53174
38469
13607
17372
6593
39751
7030
11207
25009
13730
32583
32146
33631
44422
56521
17406
53696
3091
3376
7987
42527
56220
38500
37717
24261
13211
16078
54895
38605
42524
35008
52255
18548
15198
19716
47986
24866
27022
30520
33928
29916
52721
57798
35658
50597
29032
10070
58879
19304
22201
9240
54859
41262
37204
10947
56356
34598
8381
37081
46452
40493
18111
42137
27524
59630
27074
22729
4745
9843
52192
59816
36882
43199
21591
54355
23769
35266
41996
59603
52540
20155
22882
50678
56737
25016
59926
45002
19544
53503
3575
44061
5752
36799
43008
21014
35862
3515
5759
44591
59855
9080
32422
13248
6301
51167
49305
30424
21059
49312
59794
23448
31442
30682
7355
52506
9611
22913
28859
33255
35550
4185
55819
10978
53618
29688
36628
43323
49647
10570
27116
26264
37262
39001
8809
55087
24807
52649
41830
52957
35482
40223
15546
19431
3288
6467
40549
21725
48303
47892
3784
9590
19771
16132
17780
22855
52200
8968
3960
52296
40350
35928
26271
11882
37232
54046
26850
29185
19837
22894
47959
31774
28285
16405
29738
6131
36948
38775
3464
9648
6229
19938
51408
44645
47551
3297
44988
46886
47111
59630
38936
6419
29015
51528
36308
48831
39876
50434
14129
17275
35456
40802
40618
56980
18914
16257
44251
23181
27970
18634
9323
25445
57201
10548
27125
20036
52897
11464
31662
27135
57332
50220
29751
3926
15121
4350
39653
33810
53702
20451
29938
19659
31867
33117
27910
13288
34381
20844
20416
23051
3227
46031
24270
43585
47613
34449
10374
47156
47165
14200
49725
19201
49342
12059
53834
50505
59062
6592
13797
41738
46362
8466
58653
40326
44999
8080
55746
50561
37215
49453
38127
49637
38513
17856
3901
41235
40490
14637
24000
33994
58926
59961
33646
32951
46717
20822
42153
29702
38893
8897
45244
56972
9446
13766
27522
43312
17296
22863
52247
39013
21329
37082
11101
33242
5623
