1770
37511
52865
44037
18125
33052
6800
4065
6187
34247
39989
39431
55661
46646
21619
49937
59253
15524
28546
24743
55285
10133
46464
24647
56992
12326
15908
11867
15994
13930
56201
40624
45907
52231
19479
26132
4998
5748
44223
39593
13442
35192
57488
12038
13590
59611
31711
40705
30087
37740
48681
50561
18974
38988
11196
57873
55604
12217
52985
21030
49036
5852
50938
44877
5181
51843
15034
33331
17100
11313
16434
29683
30176
47068
18980
55365
31114
28913
54731
22971
39274
5505
36810
33182
6380
33570
46669
32843
58788
7830
45118
52899
41079
38510
19764
13182
27378
10006
11025
21748
23891
21343
57675
53665
13642
30514
36409
40723
34624
27072
53536
36657
35539
42354
25098
24784
45957
10866
27462
17893
33909
22747
18098
26397
55474
21099
8610
40832
32323
45793
45580
54568
9692
14454
54031
28862
31337
29763
51539
40352
54218
53027
22753
15529
36594
22430
19150
52701
28058
13738
13707
51909
17808
58320
28540
49339
35515
26993
17172
35098
55296
31691
58216
11772
11148
56297
48099
40645
38583
3514
15643
35311
54659
17927
6885
39023
57757
10266
39159
7653
52553
37136
58482
28886
43592
35154
54370
21685
45683
54621
3702
28930
31797
36021
44173
20422
6075
31807
19003
44903
26351
16608
9975
14059
47941
38081
12790
29467
9803
38046
20418
6120
45715
23548
45572
40498
23373
45429
55073
22624
28561
32835
37901
58988
11778
4660
46505
15327
58951
24053
3340
34951
41056
38759
47725
33342
37188
5797
4788
5263
8554
29685
8642
51070
56531
18695
57017
5018
36131
22618
14061
26392
41835
26371
43856
11211
23171
58985
37887
14911
15643
34269
43100
24327
21608
8950
52101
53789
11567
20670
6438
14520
57979
9141
41895
54122
5504
34218
57570
5576
53470
52103
28067
38193
31202
40559
34447
14276
4012
32644
10172
43453
46790
24884
56676
45069
5336
7477
30884
55735
18575
20340
28122
35410
34205
20053
53303
40701
10586
55824
31096
59700
39317
17148
48500
34709
58605
9525
47375
14654
48570
15173
53873
5495
53436
3362
10438
16432
24347
42461
45624
9624
48001
59669
36128
10624
46630
51784
9896
47364
20274
4188
58379
51052
12678
24873
41906
9842
47676
24380
37458
47005
24583
49490
54389
5703
14421
31136
46847
22836
29290
11974
51472
49049
26261
49116
38270
41810
38637
34773
23938
8291
11852
59300
12968
11222
27109
34029
24070
32896
29197
17872
53647
33888
39964
14049
52077
23760
37706
39116
23772
54670
7400
7693
20785
29245
11714
39741
33027
7894
11241
44672
13503
30260
29470
22272
9667
4058
57258
38610
39869
50067
13710
56064
3948
48017
56448
33900
53405
4518
37205
49482
27766
24782
21598
21997
34369
36005
26576
28275
38660
32597
50987
19886
6528
15237
18309
24385
21557
24829
20160
46071
38194
31313
22552
49586
48543
38472
21962
44063
17700
56429
45197
17743
35536
33118
8380
52300
58019
18067
31701
31580
32040
4796
18123
25651
22589
56456
37479
23910
13928
16619
22306
59403
59209
7680
12672
21830
19255
38869
11548
4308
46723
30123
13051
10073
26862
57285
22663
19701
30033
6347
6331
14293
16108
36932
44225
57110
43855
26772
50180
14826
12461
26422
18685
15203
8031
21652
41171
25947
7645
11364
31292
31632
45354
37314
16166
31019
35103
52850
40332
18030
49360
52552
36189
55155
28713
22036
15106
47170
17619
50782
44926
53608
21343
34130
29425
16015
49924
9476
34213
25833
50961
46102
57981
33241
15218
39134
15469
29752
46140
56412
30603
55803
25335
42141
23157
33246
50548
44816
46522
49975
36661
9684
6299
6522
34410
24902
44174
54786
49315
7460
36534
15296
20791
36304
25526
50832
45852
9596
57763
14498
49618
5717
21379
24510
13899
36689
26481
58727
33500
28320
56205
18416
44680
50424
43402
44153
45089
32427
7342
24435
22910
31619
37876
24830
42758
51886
26539
16229
46609
53570
30783
14077
12537
45593
17161
48542
52065
5421
18350
4854
39399
41233
50913
10360
42374
35133
34366
21885
30320
31371
16718
27593
50115
17905
49546
22431
41563
52613
5443
37849
30229
11586
46689
32856
31097
18970
35861
40408
20927
22312
12632
19163
52605
16380
55737
35873
6452
12567
16870
32582
16250
25779
27347
7962
24599
56463
57618
52433
40556
37193
27771
33948
48189
23149
4879
34919
34604
41866
50216
51270
47006
24672
8720
52448
55454
35633
9235
6960
38950
19153
39156
48755
21263
41578
23833
46741
50739
6083
59857
35800
14263
36732
53375
11484
5308
23884
33584
47336
25022
16771
31614
12045
17167
46987
39284
10184
55406
29902
7391
33323
19821
9887
33833
14966
48506
47522
27721
50069
17643
55717
32480
22673
58615
26644
39890
46868
3948
5273
39615
40242
18320
13187
17142
49258
33326
24216
15346
31793
32887
42417
29468
54802
28417
54177
29249
48006
6781
42081
23105
11327
7750
35484
43069
5694
25064
39047
5892
20244
51719
8397
54013
15539
50873
49266
32858
7623
28263
38353
16030
14655
49625
59483
11958
46206
17765
42178
14248
20911
41520
33277
15922
27801
45707
13366
8583
27834
36656
27374
57504
37371
28550
11810
13828
44955
50909
40691
40898
3827
56417
47701
42238
4883
9535
15994
15886
8337
3952
5680
20203
24955
13827
13338
56720
11367
39064
4201
9806
32055
48762
6480
17987
52997
12139
36401
30833
58510
3498
24290
23295
13021
29547
15694
58523
42139
43238
56010
15469
18105
41307
38308
43249
24884
3541
25434
14997
38453
53553
54819
4428
23348
55995
27986
12382
10549
24325
18096
46997
19636
12890
51122
41529
51501
42444
13391
30868
38008
33352
7297
30191
21528
8560
5625
16625
33421
9888
50887
20618
50471
4465
40090
26152
57160
54298
42464
36977
18624
12492
42945
7771
26115
56484
36853
3130
48760
29767
41922
36184
3386
14726
40516
5077
40123
31963
18073
58368
38433
42975
59635
34758
44209
12937
25227
52679
46929
46417
51751
12595
48743
8189
39826
48168
40493
46674
16245
44466
52592
41454
27271
36720
32083
59765
44897
41543
29601
42680
3176
3525
28169
17202
29986
14678
20245
30562
48536
48656
59092
29166
21939
20795
27932
23628
12225
54008
44862
47299
50089
38257
19875
12657
15155
24346
35615
36044
51493
34918
44663
33899
34946
8788
27488
51196
40249
25147
8812
52887
37566
42415
20431
58567
8481
15941
35133
35040
57486
7271
37540
8695
11526
43572
21718
58270
20132
54861
44571
38204
7456
57017
59179
31646
9711
49992
38574
42145
54460
21761
17341
55931
18187
56111
7155
45128
47579
7782
44290
22626
12034
24930
17285
30387
23429
42442
22753
43909
55300
42042
24122
13502
8824
23556
10146
14112
25839
45424
54544
4633
20092
35517
38753
18949
47800
7327
45995
9855
27656
14805
56634
15988
30120
58362
58106
36542
19750
40528
34534
51574
33952
6280
43813
7202
47201
14167
11731
38999
53083
52198
57101
44712
30392
20284
54227
58708
49974
21531
21373
3170
47646
25680
44719
39215
27743
20114
32793
32123
14709
58243
15996
58730
23786
20839
56497
20040
59663
50263
23187
42053
33327
27351
4677
39656
19865
41876
37186
10650
50388
28161
4123
31009
41235
58589
12904
56461
35757
35745
12953
17383
58172
36214
4993
6108
52364
58369
55717
55468
23338
56202
40029
55099
12710
45736
57646
59377
59300
42502
23028
39992
54607
50079
5113
53654
31101
55998
44351
44936
7460
39521
16603
54583
23357
58253
48379
30443
53149
40478
43886
17654
43556
38843
52899
20292
37853
46269
32363
54083
37156
57912
55886
51570
54403
21571
5142
55087
17981
58857
41808
23381
29816
45300
6031
30927
12460
58850
27777
16979
29597
43712
5243
18588
50422
10502
22141
45101
34423
41503
54430
15312
39843
32899
49457
22873
3245
36704
26410
11878
36620
24792
42253
4577
56208
48428
57668
58279
25059
50887
15576
51809
36390
26594
49462
13888
48005
3933
9617
37602
12081
45694
18970
7016
18939
22191
47797
42484
7663
45404
47693
34101
53448
29932
19072
42582
25412
4444
56592
15119
33366
19135
23825
57110
25991
27065
55379
12455
33571
25804
50900
56093
51608
27969
27561
7588
25294
52172
37836
11912
21595
37667
26107
37360
58394
33721
53452
6201
30333
13886
55054
23846
44718
43079
3253
52582
37882
48397
3850
37577
22071
3021
39220
15163
58844
35440
21787
29301
59208
27203
20013
38229
53081
28092
31121
58242
40242
8636
10012
41279
11019
8785
41901
43502
44873
23741
16420
38886
25179
23330
27909
38529
56378
13447
14525
46035
24441
54368
21154
30224
35073
38839
25462
51862
40410
49119
55159
55345
35631
45766
33574
21821
44454
26287
32345
25171
51194
50984
59984
33985
59287
30522
54642
17860
48927
23151
29113
20957
31493
36817
47098
40147
55298
56493
19743
23489
53594
15090
7139
32124
10138
37501
19284
37083
46742
13888
47182
50377
31406
5489
50373
17308
24547
28177
47571
12644
26085
13029
47961
25076
45992
3201
30350
27842
33434
22928
58612
19816
17347
54261
11113
45291
5486
40328
25978
7015
41622
28747
18530
9984
55056
43183
25112
4130
13401
24695
15364
58212
49372
55780
18992
24859
46401
22243
16984
55185
55777
22575
37184
45591
56815
48582
32494
9347
54974
52869
6261
36524
59342
47302
37276
42619
24513
24599
46314
41450
51956
33282
12379
51753
21296
30428
39385
4546
36580
5797
22125
29781
26201
4252
18567
33845
11158
13348
39082
39490
59169
17295
6189
46376
18971
21225
53714
55565
7400
43581
10514
39440
19486
37242
22693
5924
57017
41814
30219
37706
13941
53983
14666
6746
25702
53353
23164
37993
35187
17184
4351
23931
47760
34115
52250
25587
17044
34534
3245
14273
50358
55788
11220
24437
43930
28884
14921
7569
29338
59834
55804
51047
48556
54886
43357
24307
24663
26283
53725
13525
28756
36240
44160
23817
24224
43187
3988
49638
5641
40192
4683
3081
40879
37713
36919
22028
23772
20381
20890
19046
14327
20206
24295
6166
35916
58300
58075
57055
13207
43785
56999
26907
19480
52411
28426
34616
58266
38847
56154
59944
22025
44613
7792
31650
35804
5361
51841
18603
57553
11274
47420
33642
58087
35775
51156
25870
12956
16722
35530
52398
21625
19437
19684
32832
56248
57088
54660
24363
33046
5537
17871
54297
16931
31966
41896
48744
9604
23561
59178
11491
55798
56286
35087
59568
37719
49442
33873
26556
15175
17459
15965
35427
53629
40689
36228
15241
20259
14467
37387
21533
41009
43080
10373
50656
51611
17235
39807
49088
21886
25641
51089
18232
59800
14542
26416
59409
42342
7828
25549
46112
28143
34750
59033
21684
14282
9393
11666
37317
42013
55569
27473
36377
39764
26493
38444
28832
58060
20609
9071
22298
42151
7103
23501
19276
4140
50948
28619
10808
30130
38003
30830
24483
13162
13973
40343
8907
34325
12253
50688
33150
36016
37337
8670
51637
21019
31134
39725
7468
10601
25468
35490
28464
11443
32818
26028
17024
30578
17638
59730
26314
46348
16762
5265
59915
29098
4639
35312
38848
50492
49230
52865
38205
46487
56912
29872
36436
56746
39165
49227
15914
23289
24320
29806
17246
31775
23989
23855
37936
32328
6461
51701
15496
37013
41708
23317
36327
6865
48530
58637
8198
34175
34823
5982
12397
15537
39733
16225
33873
25094
3153
16895
21223
46841
13737
31843
7262
27468
8558
4156
7258
