1647
35571
6615
26300
11106
53479
46861
51923
9299
8464
26261
19202
32900
29562
36620
32261
8382
14256
29963
56674
11656
55099
28108
56828
54454
6946
25404
39454
22225
15285
26536
26985
22990
26701
34167
24076
30616
32573
25440
39554
43637
16439
54798
11477
28143
6043
24267
7572
29937
41143
13735
7536
32749
57853
34142
55298
8440
26899
52660
53315
13381
30394
50018
33534
31714
9643
53600
41930
53400
37534
23928
18661
24240
5077
26165
55909
32958
53608
9840
33037
38632
16992
12135
15337
17431
5585
18549
34374
8004
15530
45081
26543
21774
58386
12111
23375
15327
33073
11601
50212
16302
24125
3340
39659
4784
44839
7772
22568
20019
16622
6216
46908
53516
39479
4802
38831
21029
54910
5729
21761
50095
7402
48852
22915
34577
7616
59296
39128
41220
37954
32000
23871
50459
8056
17363
28127
24208
52073
28423
41312
25549
38557
20487
3969
39985
41128
9633
56640
35647
8818
23966
9868
25441
22105
24441
24031
38245
41125
51638
26264
55697
22253
30245
32865
32729
3007
37498
54763
49942
16931
52664
29124
4853
35549
17414
35041
35464
30693
42215
18504
49906
42539
25199
56968
20831
56121
43186
31124
11824
24104
27688
12289
17580
34360
45224
10578
3257
18198
8409
52156
34678
24788
22820
28839
47871
38533
46747
50923
19450
31637
34677
25793
17431
8245
3470
36482
10130
8548
56173
20919
30248
47401
36079
27160
41762
55202
44305
33792
47787
47762
55915
13648
34246
42491
21546
15519
14804
7971
16697
48971
18086
30812
29412
26505
15295
4222
25188
3907
43755
15605
47196
58060
59247
8739
12006
27937
46262
45544
7534
39115
51554
33259
24890
59928
54353
54852
52263
25297
20417
20033
5537
17161
4445
16636
58113
54098
55605
17041
25417
55244
21944
24773
36274
51755
58543
47894
55672
53021
13540
51877
35695
45865
52916
4935
57015
22917
11096
38193
29967
18960
16714
48983
19404
19328
40676
42501
11069
34251
17761
26618
53737
51723
55116
11919
33778
12016
7128
4741
29840
6753
39330
10478
51078
27274
30995
45639
13708
14952
19333
12440
36211
29978
3017
54956
52953
48436
56784
40247
32016
13012
42457
26483
21230
33038
23086
58455
43122
59161
14032
20706
5563
3153
39533
43999
34228
59834
40446
17272
36701
18975
29308
23520
41647
59057
19592
10919
39215
47583
30858
51426
57399
28104
25133
25459
24842
53350
24263
49533
46061
10963
29140
8042
11697
53228
10236
38592
32865
15287
37198
17779
54324
26724
27043
38311
13428
4433
45323
33211
35871
8653
15175
58789
27496
5212
22235
22613
4585
14318
28901
25959
23905
13466
45185
22271
47622
50933
24494
24185
46795
46954
8191
14084
33047
31241
12941
44693
17530
41766
38032
28990
41082
8520
58959
49658
48786
6445
6860
57899
54194
46307
9792
50516
56936
35212
40724
5914
47699
17483
40612
53671
11508
57164
26709
31416
55609
8124
45939
19160
11907
38731
9968
48506
33354
58507
27099
42322
43337
53978
35201
23435
35854
13359
17282
5129
58492
17500
40677
14163
9130
32690
8313
40374
44307
58966
16534
25493
31209
6436
17169
4603
57931
25051
47992
39356
29684
9359
13302
3063
4598
23635
33005
43831
36229
55832
58300
53817
38242
36139
54981
27847
40604
7519
46524
44494
41046
32591
27053
3096
46228
36834
52394
18313
50608
44410
55530
40149
23708
51863
51464
44724
44157
32452
56937
35453
44094
47118
52229
57020
5531
16559
44542
42861
11843
3161
53777
4585
42506
10636
36375
8083
37632
40813
42916
35170
36837
7587
30453
36434
55694
56474
41496
7557
39777
57464
39074
19686
51153
49709
54967
12460
20364
51739
28926
21382
53246
51878
14741
46848
49441
39122
26169
40557
14973
59255
52382
33573
39708
56368
3883
57330
22924
28230
4469
40017
27889
26208
13461
54650
33073
13114
16228
49052
9876
7716
50051
19078
8235
43472
50188
16462
17894
45440
21942
21772
41268
44334
30580
29937
59073
54488
52427
35208
33061
59824
54292
40507
40956
46887
40934
22896
4285
29520
13345
4825
9066
23014
18386
34383
35349
57223
17428
5150
54352
23681
39285
46395
53177
17625
20959
39164
5867
44086
18504
21682
15143
8476
3999
21157
9565
22416
55566
41037
28459
53490
4289
37922
14022
54888
33067
31049
15684
38719
45510
19220
36855
13921
19218
31769
27019
22049
52321
58650
15276
19054
54761
46088
56921
44340
16575
13967
51007
46101
27213
44381
35657
11880
59613
13851
49737
50906
42381
59457
53314
54886
21229
46576
39054
16218
54613
22227
38134
21011
34501
56129
48418
34266
11697
19723
8035
41380
39281
30096
32885
44681
33490
28285
34671
23417
7829
58408
54153
39362
14896
39855
51294
45821
43512
56097
57979
25014
41871
27375
49953
8399
18160
19113
32864
51899
22896
28022
21998
25843
3253
9187
50730
4174
21739
54916
31102
3400
25335
19828
26113
40356
45704
27697
41678
22200
36553
52389
27876
33207
33493
55150
27336
41476
45526
59475
34819
30025
26031
10131
41946
31628
51263
21034
23589
50670
31961
18541
14327
38948
41097
27311
9167
23619
12882
46544
50813
12524
25099
44239
31675
34661
35690
47306
27942
51556
29810
41206
14281
49443
12569
46934
15715
54010
52091
18677
5018
43880
12040
5123
49945
46811
44361
27785
7127
38492
4818
46517
43698
6971
59402
27625
30210
53552
7834
12331
19280
28711
14519
36737
7685
57961
31499
13703
50548
6233
26160
52144
9003
43769
20797
31855
12191
3399
50969
32215
3825
21609
6822
19971
31488
36199
6838
32891
21041
43214
11693
56765
57435
47860
35351
34030
24676
7807
5491
46247
5731
56945
7688
14982
54048
25345
22236
25156
12714
31535
47862
39826
9591
53795
58833
13286
38760
51315
7651
31045
22601
21640
3901
7024
34566
14124
21655
17563
33427
29327
11928
41257
26363
48499
41725
59859
29425
24746
21568
49095
42787
29425
45026
13190
3016
58509
58115
45292
52451
31029
12770
24637
24086
19454
11311
20974
19953
24531
57389
44909
31768
32025
38682
53206
21748
39269
24043
30455
15961
27207
23011
12549
29930
45646
57562
10580
28958
23355
48717
6008
55932
59852
42113
37194
9014
55576
43639
41884
23913
50605
9950
3705
35319
39332
55827
22595
24481
20125
25165
33801
30625
47593
26262
15487
10611
25215
26099
46219
25308
35715
22604
50837
15526
31935
50774
26719
4740
22931
37392
31783
49646
26734
58456
44634
5786
39314
16548
16372
54415
21305
35364
21637
46950
40626
13127
10915
11571
30097
58482
48711
53486
28687
51332
5632
3598
23183
14533
52985
23960
8720
6503
14109
48432
58800
13999
23328
52794
8748
49072
30732
30675
31846
3142
38655
28784
48948
43021
22814
37077
34261
44329
58339
4478
34514
7433
49166
43078
33409
6932
57847
39286
9586
12827
40967
45299
28246
31247
37861
46000
35019
48061
7017
28368
46255
12673
59060
9511
27090
17044
25137
19629
27079
17326
38093
22179
36315
29657
4398
29040
4329
40708
48743
28857
37531
46988
56314
52680
34209
47008
3751
17383
38611
28822
41240
5724
10482
25668
44660
59854
25347
42970
18836
48851
8153
59456
44070
22800
29695
33544
5750
55543
58708
25202
29658
15488
55443
35995
58221
25210
5585
19367
31288
54652
52952
45386
9667
17216
5072
31536
58959
16640
21504
41966
53927
55286
35180
45280
42908
17655
5325
49186
36292
32887
41421
10733
12078
25742
39804
30012
58574
13295
59200
24082
36852
13651
31947
12834
22857
24115
34729
58017
15776
42451
30384
57873
55319
5423
51607
50862
49486
35129
21200
35659
54023
57922
11146
31608
24081
6182
9283
50452
39148
9007
36118
11692
41187
40330
35548
10816
29227
31012
36472
36307
35355
38013
38331
33337
49251
56895
48087
40604
11548
33869
29018
15411
18686
38549
40226
15184
27739
16423
58131
35654
27282
43036
54192
11654
17348
27405
10157
41708
7397
55237
38364
57304
18646
31516
36316
36519
18369
9383
38597
14909
21589
5693
37704
49343
26813
53484
29124
52846
13467
27384
15124
37597
15529
10252
40728
35538
27841
13111
42313
8234
10663
53708
35317
38380
11477
7742
52521
23326
31613
40596
23193
55860
42014
28069
39688
21744
25163
46242
49348
7898
53516
47195
14305
8793
49582
43708
10881
18243
4487
50308
9369
59334
36765
43411
49056
9584
26969
22316
3328
10539
53913
9729
42710
30252
42422
42961
18807
46559
53176
14659
42225
40759
17682
41640
11870
44264
29856
30585
51679
55147
17778
44896
25391
50080
15246
28970
49170
6277
39373
24900
51778
36503
35009
31360
25544
43008
56014
7585
10393
7551
31635
33785
51263
31369
18714
20762
59604
5548
23933
5667
51353
17884
26360
23589
47817
45273
25144
20911
34299
12511
18069
35368
51052
27063
59362
59516
14765
52968
11195
58105
19076
46336
42117
59606
11841
40818
28832
23996
15080
24053
39978
59079
13613
23781
52328
7242
55260
51071
17446
7917
5644
50539
39026
3894
5551
57803
38653
36111
12464
13405
14728
35015
49628
10396
43084
23509
53925
26515
3281
10154
54544
43048
42118
39489
31463
9950
52579
52672
29392
48336
59907
44788
15356
45828
42434
31839
41543
37969
45034
19956
50312
25764
44385
25576
8683
53671
49251
28167
27641
35921
29182
15742
32766
48887
40957
3455
58376
15431
30999
46288
58572
45096
53341
27930
44591
32456
58649
24155
26375
5609
8462
39992
17584
53493
27987
59621
40801
37796
18355
32216
3502
22133
3038
20569
29611
50122
9405
31779
54317
37020
59877
43388
49574
9966
4885
18892
47382
11359
18404
32435
29498
27602
21873
33631
34770
56681
24792
54966
38714
7894
48603
56429
26770
50606
55059
12476
30588
56068
50863
35731
56260
44052
23887
22923
55543
39964
43058
57625
27437
19044
11861
16499
42284
5698
27648
19762
6004
31940
20633
45848
51639
43780
32894
53449
57270
21562
42141
30183
46936
57415
4823
17554
42407
30703
35058
40746
6556
38059
21314
28200
53546
38171
22099
26706
34565
13202
19915
44659
3906
54546
43899
51631
25525
8560
3437
14261
26360
55910
5777
5839
4299
42031
47940
54102
43427
7468
9169
22745
54346
23992
18570
16365
40432
13737
49536
31624
10628
39779
33652
26744
35446
59438
6979
7516
27946
51525
52669
18516
54560
28142
7285
47648
49971
30390
31255
51544
32084
31012
13981
32927
13632
37140
33246
47078
4904
41825
5599
26498
21678
39679
36080
48687
3443
21772
12481
54159
9441
19109
37513
32305
56463
8791
27363
29424
59704
17241
44097
22421
28216
21192
42253
18032
3419
27043
8119
8730
14029
