409
41406
6770
29514
49517
34092
58931
7716
16964
23439
18512
4802
25195
15488
4472
18195
40990
54462
8214
8386
43821
40641
17226
59542
9200
54076
45655
41228
32870
19552
55468
15125
58840
39127
39545
4496
54509
23915
40810
58200
23249
22786
25485
51616
11812
29512
28387
59538
3227
17436
9112
15230
47929
45798
48047
7105
18467
50205
48765
12233
58817
40159
41824
23231
29010
17021
50261
28169
9743
51360
18536
7582
6425
36342
25127
40459
51409
59423
35106
8336
22607
42859
9110
15654
38929
54069
28257
27927
15062
28314
49354
19229
6404
19140
36427
5561
44681
27983
3175
52959
54876
49905
31401
25878
35142
13109
38873
40787
11242
24398
45314
29051
23999
39976
23334
42312
32133
41967
19739
36537
31087
6194
53956
56034
26395
8026
34929
19151
14782
45571
4155
6745
47332
31405
21435
28150
58333
9463
8464
11155
5184
57651
28725
27174
57714
58582
22329
37403
5971
46292
32752
57418
26745
33789
59531
52609
21387
42161
49622
36489
33158
6267
37194
21572
33341
57441
23638
59921
29438
59219
59528
25623
29649
39778
7705
12112
41946
20191
37091
54439
48242
8991
25750
43540
9591
15188
17939
18496
44079
11193
30517
28708
49005
48296
37960
30815
21153
32612
58042
32706
30158
33819
17394
56260
39566
55750
18869
58250
40262
27370
6543
52961
42472
44976
26741
11661
9270
8503
4980
17435
30878
20047
48959
46455
34283
17642
7199
6867
42467
41605
52156
51893
14490
57244
54838
9800
38246
4657
12874
48915
50640
19972
4111
49531
32288
35403
40795
45081
9689
36525
35120
21149
21722
56199
53425
19504
53657
26611
6264
6263
6530
45456
16176
19269
36896
35771
28419
7414
32351
22112
17645
53480
22952
34642
49750
34292
43290
15957
33814
59339
16737
6341
16184
23651
13087
5220
54612
8769
40052
24241
46895
40424
28133
7422
9013
24665
14925
4931
30097
31865
40028
32208
41842
10888
23464
30768
22310
34079
59490
20717
58372
47648
31815
9772
4834
6859
8318
35599
50981
33549
29180
33829
41048
15165
11067
33579
15154
49133
11117
45332
35546
4874
47625
37550
9027
28929
34947
24653
52880
56756
53246
39033
28424
33823
53990
38634
8070
40234
22613
49572
30613
44486
17944
4231
44983
56106
53744
51187
6915
31848
22877
6844
23698
42356
43424
56457
47415
23030
24463
53558
10343
59470
32300
13503
40384
21231
8693
22027
24638
27327
15259
7388
30009
33389
41873
44426
48592
43304
31095
27836
38519
36295
37489
59678
20147
16066
37126
19358
47232
8288
41051
12084
10761
34299
46646
4219
51326
54363
26199
31942
