1832
5042
6534
14686
8001
3148
32970
23595
13583
23517
34668
7002
8737
31512
59677
53146
24523
7162
46236
4121
22134
11491
29716
21580
8569
56493
51642
43918
23406
43665
13093
7042
38828
11726
44258
17915
28442
58803
30625
19793
5025
8234
13151
55069
20257
48107
55318
54982
21704
4115
26226
25825
30612
15885
29720
48845
20555
25711
6091
11546
9322
19755
50518
38207
43637
39062
41709
44959
41580
39471
43121
51454
53976
9171
13252
10855
5347
11850
24272
13443
6837
5949
26674
52136
56380
58171
5533
25465
33291
10963
55052
4127
38486
23177
33550
54543
30063
6390
38390
4621
56088
41145
28095
12476
57205
24852
37062
58264
51151
26727
41543
9720
18801
44536
43396
45051
28130
42152
32776
5972
41788
12470
8523
54162
15350
43020
53877
44304
52056
40075
39241
34572
40736
38247
24825
8328
6611
39833
28976
27339
32325
57607
14903
31389
4072
53463
35531
34105
17483
42420
52708
47092
13864
41978
33122
30928
9394
43393
40610
5368
17380
24985
6588
45895
13815
8076
53407
9731
15902
56742
57330
54034
52862
46481
48716
42224
37580
41608
37163
51377
18490
22421
56059
4327
48653
52290
58955
24558
48454
7724
24582
35525
12589
42352
46597
28679
52328
33953
20328
37373
54718
45640
33893
26367
55709
24423
23508
56924
44205
59591
33025
9095
52398
57946
34538
9241
15139
41696
24774
56596
10165
7427
51794
4211
8601
47593
37082
46265
19878
37770
20506
49915
37875
50937
35979
58801
31721
45294
37133
56912
49826
54759
47371
34509
23797
43615
40093
39625
7120
39199
43930
17244
3318
35398
19675
11922
10590
36639
6573
27894
47998
10738
11686
51163
26056
20239
20827
33434
31432
28394
17668
21941
9341
37820
39430
27317
24027
51500
25206
6189
4089
26913
18957
57459
6024
42874
32673
56475
18589
6281
20688
13176
15585
12836
46131
44372
56100
33738
12410
18207
56666
57006
35984
36411
45639
55641
29793
5329
41869
9203
30084
57217
20013
20358
50495
54313
59687
14085
16294
32895
53301
40154
30937
3278
20838
30643
53571
43042
23445
52454
6788
36435
52793
47853
30803
39212
9078
33989
21716
23223
38901
53083
22081
37760
22370
18261
32031
43362
17593
27327
19299
38710
15820
3673
56500
39051
20441
22197
7790
33036
11712
10158
20189
27064
18490
42857
18383
20140
12644
37511
41134
10285
56991
32320
29436
11980
8271
51487
40382
37269
55351
27472
28532
40024
15850
18276
38852
8125
40259
43155
5177
37694
18465
11297
13224
59977
29853
39445
23321
17459
53395
28189
57538
13497
37481
25669
54481
48482
54272
9688
49593
35911
4119
34558
19928
19753
29875
7374
20141
52452
35014
49493
24478
52896
6976
52033
8621
27178
47948
22864
27707
32928
31428
59304
13360
50809
34028
11137
32597
57208
27618
18509
25116
34760
12394
19272
18633
43896
22073
21602
49765
44304
49422
36468
32132
13099
52674
16923
17394
54164
57414
35614
15462
21382
45290
20345
55824
29390
6174
51620
28494
25304
58210
51743
24526
5887
56918
32830
14908
11681
27022
24983
5556
49891
55393
18958
51338
21018
17505
3825
14402
33848
29559
47484
31261
8512
27816
41716
52183
12092
34894
54674
15344
41743
49606
52406
23243
39355
8777
41877
12290
53513
3197
33441
48652
10863
15483
3594
32146
7866
3037
21649
9237
42266
13241
44847
16700
8119
44784
55349
23013
59698
30803
45132
32589
57193
34335
22566
19154
34214
12453
4986
33609
58208
21436
35666
22442
26049
31876
57153
27784
49349
47463
53870
34757
16144
28933
58981
51725
13080
58789
47090
33034
41086
19072
58698
45542
48221
53143
38110
23697
39203
39993
41501
55077
42699
49866
23766
3692
49991
27306
30408
51085
11938
51108
19380
49915
50279
49567
44496
16673
40387
41146
10305
54076
33459
49377
14027
43024
37445
9761
4231
22328
43833
22180
33441
36119
38839
24663
51930
26858
42527
7780
42609
34382
10196
16862
50732
11339
30807
54487
44253
5970
37851
33425
12535
48169
49089
44594
28477
34108
47777
47471
56914
11760
46636
34203
8671
41737
42520
24043
49034
55247
40984
25502
45747
32305
17765
41162
45431
55121
47731
15269
40767
17217
10794
57551
53606
43679
19817
39233
34225
27573
29827
36748
49494
51362
52818
30636
44472
20850
56118
30095
39740
56222
54298
41038
21945
58353
44759
58947
55839
37219
27289
40810
41667
26196
47895
13292
52869
34216
4647
32603
40527
43644
17692
24346
30998
8063
36836
52113
33873
20087
58076
15876
16533
56833
14343
57355
6513
27308
22804
48534
5491
16563
55505
58789
58285
40357
6729
3869
55891
10076
47089
11361
27773
28810
17463
33291
19112
5088
34900
46106
20386
31313
15377
28862
33585
57031
21433
44741
52653
26534
28442
51063
37451
18369
55791
34647
25009
36717
36666
6101
15120
7111
57692
10436
42693
43332
5730
43416
59498
22990
39116
29687
46211
10010
29848
43711
14141
49618
51571
7710
34019
46049
49079
28394
35849
28178
20835
14383
25952
44526
3232
47298
38403
23607
10124
50268
47514
7624
18744
8083
59276
27420
37085
23679
38845
48179
51927
21475
50416
8505
14949
46914
8144
43091
30366
30401
55190
10312
37716
39232
44236
17760
59952
45606
3128
24758
53470
29854
32031
49857
46705
20292
52393
25368
51859
16258
31523
52659
59575
38014
39213
16489
9842
40360
7138
32327
12467
39913
12180
32423
58427
35290
18639
12692
32801
42984
49064
3501
35877
55168
49111
25832
24825
3369
47873
36535
17295
24556
37826
12159
57952
55586
53307
32376
56289
57358
43991
47916
31112
9247
56432
20336
17233
53993
17895
52923
12235
57825
6646
38588
56146
34505
25582
39235
49917
53024
45755
31157
57043
12651
8362
12564
14022
9688
53090
45556
3751
27344
48758
23032
49077
12352
25198
59774
23985
31347
52584
27957
19493
41469
24674
39484
6259
37667
46709
28843
47166
46206
21675
32238
4370
43730
7370
29428
21067
25044
39444
46503
55531
57973
27972
5854
15810
10850
19230
35133
6795
37784
47597
15645
33335
55156
21008
11252
50339
25681
33609
52056
39762
35673
23978
46708
11116
10386
52940
45501
25105
40233
8892
21360
8169
13660
51762
37967
11054
21483
18287
43747
54622
33891
34677
4884
12862
14810
21397
23372
11504
50622
30990
52977
7540
46738
26282
17883
37792
38466
59212
7899
21451
26232
22203
29221
18353
57770
4714
28454
22347
8263
52767
37501
40802
17517
24766
31407
51138
51660
31381
44618
29382
17740
43524
40558
45051
42392
8693
35706
58493
35161
48703
15014
52968
14874
39486
20063
16913
48483
17301
46030
40956
26348
4469
27979
43075
3524
37117
56699
59968
21388
55256
4498
46517
55623
59012
36812
52169
46553
17153
45204
49976
57573
55942
9833
15798
48227
4012
23707
37326
57296
14547
5323
47698
38997
10318
49376
35606
28606
27816
34883
24461
56858
17186
11501
12585
28596
25481
56335
52809
39519
19877
57065
33220
51789
56634
33786
15429
49613
26840
33566
52346
39603
53338
23871
34120
51739
15429
30824
33019
29192
15178
48596
8593
48829
26880
10417
32347
30763
49346
51260
49021
41209
16596
35715
26434
18955
31028
27786
40828
33015
32695
31398
34582
30892
3126
46111
20427
25735
49382
16386
46387
55429
4329
14746
26615
10898
59606
53514
29080
29252
25850
32504
4495
16785
51336
12674
21735
31612
21506
7868
14311
12491
26045
30414
45912
36186
58122
27819
34848
19152
17650
37312
30036
10486
36049
5510
44816
18066
36687
16410
49651
48840
52189
6522
21085
18588
33227
16782
52342
55397
53318
37029
40690
28914
15420
15468
49557
23272
49679
19619
10804
29557
41685
21275
18223
19288
21664
49868
43245
55756
16708
50127
5386
8377
32778
5545
23440
46991
36165
49782
54607
12274
38547
8855
53280
22025
40129
32983
23695
42236
18129
21251
46732
22073
16814
40917
54427
42592
32731
6225
43896
12630
23796
59200
12824
49493
23501
33822
31381
39792
12912
29542
20936
37414
55722
13580
18466
59548
56622
29393
26599
55358
28756
19089
7593
3761
51181
34638
13607
37872
41924
42135
6679
37276
14684
48372
16022
10605
47146
38346
17112
37891
54650
54040
9157
5025
27680
25011
44307
46534
16356
25476
48705
49789
20859
9554
14966
39701
59285
29979
31079
30332
51250
3391
16109
53450
9344
56392
58255
5634
30026
34195
56449
23071
25435
4338
5782
50108
30503
45567
13464
46636
15690
7981
55824
49343
37422
59308
28990
46119
6058
5836
30726
35697
34423
52953
13263
17096
3539
3431
22149
57812
11357
19464
55268
8712
16124
39152
8389
41192
25575
48347
59307
38202
39374
53041
5719
41174
22053
6193
6984
25118
6140
59086
10979
52156
57305
45352
45310
40645
9221
21845
12238
44476
23608
46570
10720
29003
34127
17886
7513
41627
8144
42877
20330
19680
11505
52496
40659
31293
56881
55733
49776
55579
6430
36487
9334
51918
43216
9791
46151
22025
31208
26880
24645
19066
17988
11711
6795
6946
9178
29918
34209
37864
21162
23322
33412
55948
3570
17624
15864
42712
50141
14959
14543
22616
39518
8093
11634
4455
23604
54332
42006
25394
9611
45238
13366
35431
9377
30068
8979
34844
44600
34536
45569
45354
23371
27010
29008
57675
51438
54295
11676
26253
20788
47851
15880
48596
12049
56855
10478
32984
4535
5230
30317
53956
12002
13409
26576
58575
27478
59887
25917
16435
44451
20612
35879
7418
54686
20380
51896
53262
11961
54849
33553
42546
11382
15228
26709
45758
26712
35232
31340
11013
8348
46360
16968
11826
6173
29744
21888
18419
45811
43400
16109
13616
7282
33551
52598
13720
52979
58783
39257
11053
27545
5008
41091
3814
15896
20931
8137
20573
57224
25345
59498
48913
9525
45048
53380
42298
29659
25850
52428
17374
47247
34266
26466
55406
14467
51523
48788
45701
31061
14684
3421
16834
12093
30925
19664
4007
53121
8743
51907
35056
46787
22283
11303
29241
28938
53170
41769
36593
18359
24140
42005
55573
59177
15092
30013
7691
59749
37816
47562
29321
5514
45955
54275
15542
14823
47321
51644
27042
20177
48821
42707
47015
46625
26631
18862
19299
16850
20994
29958
12944
28284
51943
36767
11427
35754
22229
23748
40622
53807
31272
5064
20130
15660
54201
47985
7032
54363
14296
43418
53375
28811
20067
33561
14988
29722
37195
45537
38886
8261
39723
10951
17419
19437
26856
36382
25998
51437
13042
29061
41864
22801
34826
23227
11182
25121
43906
36786
5676
42766
8506
41445
27875
16085
38239
45932
16201
19965
42740
57612
24006
25626
43800
8103
4113
48978
30066
40433
47907
41963
51902
25281
34453
59945
27917
23755
49063
25826
30676
36932
45731
44404
52625
45015
59743
24616
19247
27322
28038
19653
16517
49504
47792
7470
46847
14601
24228
43447
56401
37075
9538
14148
26262
58019
38554
26194
26209
35230
6934
24067
46334
10230
32903
43350
48560
53922
40529
28516
17488
38194
58569
55854
7851
4835
48130
33723
52234
20723
35533
5631
48367
44331
47560
55645
15557
6978
54829
42337
32530
34410
53586
21766
37217
49059
57551
8501
23837
34482
43171
17909
28099
49053
35186
45385
5898
36965
11183
16776
17548
55159
46647
10563
37339
3144
9412
14681
13402
27926
16156
7752
31395
32960
28101
29183
54868
36740
12274
41948
46436
38940
8433
12772
42975
5927
31489
46026
11155
26509
3566
38089
25791
8717
59575
14944
43767
17532
55763
49244
31132
44764
55941
43193
22185
53302
54799
3769
16292
7045
10721
14381
15593
56580
56330
3078
9071
4132
52591
10415
41144
12829
31776
11868
30308
46348
5945
45777
52962
53966
50132
37937
53696
15993
12671
13772
41809
52991
34032
24572
24003
20431
52354
50058
6279
44668
12849
41981
20403
34819
55244
