1442
23064
31478
59667
25437
27207
41132
39532
10800
19856
57741
49028
34518
10055
36348
44653
44927
54686
10070
30860
36804
48730
47506
46771
14594
42298
7687
44742
38649
51143
38741
15351
41539
17854
24656
41617
24971
13757
14281
34652
9894
31254
29082
6458
17363
10598
23982
7336
7436
6684
31865
15431
34753
15423
54893
9760
15790
37426
53199
48193
25491
47935
36480
7790
24657
59282
24974
38536
31197
42891
50322
5389
46864
22009
49555
48343
24857
47953
57744
52158
9551
53186
43462
24910
21337
15875
49468
45702
32122
6869
29429
25793
44007
46275
18938
24158
32613
57480
31208
52929
42444
3409
35623
30416
10028
9147
23196
11094
37595
43098
8401
45093
19995
10554
26155
39368
51887
8362
54539
10198
15336
37783
34450
22258
25137
30490
40541
50496
43049
48978
19858
51981
47053
4135
25784
18896
33089
36305
48509
47582
5198
34085
28019
43832
44238
54368
32645
25163
19725
8950
10901
51333
46507
4241
17781
26107
34586
50576
13868
38478
4060
39978
15469
14174
28361
48537
27425
44632
3300
13630
39092
43332
50445
18806
32238
46974
3247
58596
25835
16029
5755
41341
38502
35764
27146
19977
27027
17088
8479
31917
16983
14657
35510
11716
39973
57141
12085
6811
5596
49709
21962
5877
5944
24581
13079
56550
56502
58892
47865
5318
44890
18843
8713
34673
8294
36861
40097
4489
17195
32793
28610
54203
4498
23174
47882
23857
17699
55724
15691
24464
19995
21507
47237
42931
34328
35906
7168
57206
15993
22362
58544
23778
26325
21034
10562
57918
51707
18982
36025
7528
41926
31860
24927
59251
11526
55693
35074
20840
33570
11826
10887
33661
7856
11953
25779
26553
17186
28030
34233
20291
56647
33153
46770
44935
21288
35130
41776
7418
58114
56819
56939
21549
30646
18315
19503
14810
33378
33953
21860
51027
3544
50989
37434
8699
3499
43444
13391
38449
54413
36802
26366
50394
19734
27084
51657
38539
35257
21856
13789
34775
33819
33937
52792
30740
23632
46553
6022
57060
27573
25336
14677
37442
56585
27056
6136
42906
33303
32599
10553
59565
22805
39554
50673
9390
29740
59169
6907
26507
21891
57752
50821
28107
41506
30117
12482
16544
36854
4253
36239
34064
14246
14942
37643
8062
20179
29980
25836
47746
15589
42755
11439
57100
44337
6855
52931
24490
32326
54170
57273
3073
22201
23381
33522
21928
19726
16684
33935
29593
8661
36166
49209
48935
27685
13953
26509
52709
36533
56339
10774
41987
58776
15966
20484
45313
12110
39333
58097
4244
12461
18569
36454
42734
49596
17909
8848
43415
39889
7297
53193
54599
26108
52647
35160
6963
9899
22069
7396
40850
55984
16856
5223
11350
5466
35801
35128
39135
13079
21074
48411
24945
3243
12805
15591
5911
45459
13326
30152
18056
57550
47234
5411
26594
29804
57794
40136
36131
55944
18107
40304
57772
33010
8032
50097
15078
6408
7868
53075
24960
53601
45471
46591
15296
37316
49958
24276
11696
11523
14649
56503
45401
57380
48495
42308
53365
18857
47347
25508
54663
15187
54442
5723
40894
56364
10794
35957
45347
57570
4444
28804
12474
20174
39878
33292
43240
28340
57000
15911
46201
17543
50569
48905
19787
59566
5532
57218
44389
56591
56248
57503
11682
15987
24503
44276
36447
13764
37165
29084
52027
44203
41344
20641
44735
55405
34451
49569
31890
21289
44858
55750
51354
59092
59778
7948
39210
43544
26902
10829
9572
47291
12463
24608
35143
9127
36141
32275
12634
59536
47994
50180
49853
4810
50375
38026
48228
16509
11873
52205
16500
58650
7174
44554
37251
49238
4056
45260
33397
17381
41808
59106
42600
28558
6253
11102
50146
46062
9443
27061
6493
25318
27333
8574
35696
15116
59134
57016
10709
32548
21094
21467
55498
22134
40461
42930
41000
8735
5343
35358
5465
39109
38707
31579
34563
13090
14157
26342
52212
59701
10315
4376
38062
27692
14562
40153
7127
5751
59623
43144
19286
28703
4068
45128
47840
20155
17715
17155
3056
14573
52539
4740
26256
50564
45265
35635
37799
32276
10611
51978
27449
49395
32197
21274
37010
6969
4185
17658
27503
7847
19886
17315
10626
34969
40061
39889
30469
6770
10348
17388
34615
18253
52969
58367
27198
49180
55268
35736
50312
25620
45068
51668
40631
20983
3713
44138
57917
35890
20216
38530
31274
39732
35235
4125
39749
7363
17263
44307
32001
33086
24982
51822
11343
17848
44810
36476
13188
3086
46532
10340
26986
8023
58676
33995
57237
26851
15325
59069
51752
12146
4554
44807
34730
46191
34426
35102
11690
31105
26589
28514
21927
34202
57267
15255
14623
29560
32321
54992
32574
57977
47906
41678
31337
11948
57958
27987
47225
4257
28934
27386
26383
47202
15303
55781
59683
19800
35270
3227
36974
53095
28885
37091
6302
22091
46666
33060
8001
51786
6357
22924
6118
7555
14846
56534
58775
24402
29303
42185
41291
42527
26761
14126
16238
55561
41911
48752
24848
10563
48613
46844
31525
45497
10058
25681
45217
41282
48468
47654
43640
3770
42751
41569
23177
15718
58389
35627
41839
56446
50924
23512
27810
19564
18393
19180
26738
10065
14666
56322
43544
54068
4085
11209
43036
24194
22451
47687
37775
12211
5648
57372
3929
41799
50881
12233
32756
57837
55505
27114
24827
20244
56483
28891
48646
58471
52552
29253
34489
24319
32449
28337
47684
12794
16467
53666
9750
39758
55325
33077
28839
4919
49776
27831
59312
52396
44389
38448
25582
39973
25475
38677
46964
57017
11486
5585
14715
42457
52793
22969
35286
13950
3735
11874
33207
25713
14941
31118
25812
4182
26886
55144
6305
34249
27782
5891
17578
17129
46790
30988
12365
33051
3879
48975
45430
16964
13778
51317
29520
29262
50668
45572
33712
41376
22701
52141
57138
3575
33998
45190
32583
25580
55485
54980
29572
59549
54419
15203
46435
11429
21115
47457
29592
30124
18043
35134
54592
47568
5893
9460
56855
27252
12347
8502
46606
3142
13050
27614
12445
19985
28538
41879
21860
36668
30891
12550
10514
19770
23823
38825
48273
22720
4020
35451
58548
40889
5866
8825
42476
25812
18276
28071
59538
38696
14499
49128
51240
13669
52495
31584
55570
47056
49118
47537
10972
48067
20852
33094
41702
53461
4159
11288
12823
53645
59531
32239
7279
16626
22824
12348
7985
26455
48536
51222
23003
23382
29470
31801
21601
37139
45362
20606
23471
37518
54382
19999
28026
19720
54568
33230
22837
56135
48522
53972
58669
18749
44313
47682
4746
3569
47538
24181
36999
8194
29794
6976
19938
50455
23043
55815
8495
22475
47575
29574
59405
33194
5617
15680
39875
7129
50985
10056
27730
56659
49778
54457
44569
12077
36489
37611
8496
25322
11499
39193
42808
46931
7032
23051
50796
15949
4994
20870
56092
8421
59994
11712
36220
11493
45415
19294
24349
59160
39676
42755
53705
51599
20374
20962
10908
47123
14555
25728
49964
44500
42309
59296
40906
56705
39379
58349
17614
31196
11624
10136
17869
5562
5677
6899
24353
4992
22654
31061
51955
20295
54867
22447
42428
6857
24882
23193
22453
21629
52880
28765
24751
29826
38058
45514
27053
56035
43777
30122
8200
50690
53588
37983
42774
46346
42050
38080
43633
11965
48607
9074
12568
53934
22449
5378
36490
47948
59190
52786
56647
37748
54665
22785
54363
23989
55408
58880
16867
35289
56741
4408
54123
49958
55662
27683
53538
52720
30275
27360
24302
19516
15491
12575
47974
12057
55932
54158
39840
42349
38424
57890
22555
35160
33932
51778
17456
19873
5122
17830
30616
39269
12315
31889
32850
44049
13540
57109
48754
56985
20531
14494
19498
11085
48900
51792
46518
45862
47083
29994
54052
14857
43034
11523
33436
48996
16341
27290
45749
21730
40247
51192
18382
35835
51541
24223
59038
23441
6173
15204
12040
7285
28171
58160
25424
19690
25471
59416
59664
22198
35068
43161
46837
36213
33960
39143
48343
57384
12648
38022
18311
45238
16615
25264
27921
40900
40217
3766
36099
24745
48053
19051
34126
16939
36961
46690
54334
11442
9126
31020
16352
51601
27496
46020
59432
32855
6706
50836
15939
12388
52166
51543
53222
47961
56205
5626
31268
22822
21490
10346
19451
45805
6817
16748
16343
59337
49785
8407
54652
23941
50268
20799
50730
19699
14945
52596
48341
39094
14746
12692
47431
48866
7307
43412
17871
28096
58866
55431
33149
44676
49743
28837
23234
7454
29886
36199
22895
20354
18968
45706
45281
55017
24097
40296
33508
56556
45990
59731
50295
33101
20724
45591
17681
30472
21608
49010
32596
36079
42444
38318
27596
36626
39535
53007
5605
11204
38637
5908
33993
40393
41251
53374
38815
4614
29319
28442
32654
23304
44456
9235
28387
40289
38345
56780
56524
55395
4603
31350
43253
49750
41006
24702
39929
55855
43680
25575
35658
53895
41460
50083
39237
54850
18156
9675
54243
31644
8064
12842
51735
12131
58688
25541
21884
22933
10225
16285
51082
57648
17513
28793
4327
23654
51181
40255
4866
5269
55527
37498
50585
51337
54114
40086
41583
17713
14659
11692
59183
4028
25513
5887
16079
41354
4449
44570
28199
30005
33791
48299
25227
33857
36206
59279
51986
42828
8773
37441
32379
48690
53874
55350
17511
48728
11326
29917
34245
37299
