530
57431
56774
7267
56781
17601
10301
18490
22060
15952
29081
17684
55061
36811
6259
11386
26934
59708
31832
36642
33839
12288
39577
26490
13462
24157
56252
31064
55099
30030
27183
26519
21035
57841
31648
58191
50032
22028
25559
39086
30871
7048
15783
56560
6257
42885
53169
54037
55709
44633
51914
33064
16114
34576
11457
28716
29865
35762
39040
50148
47996
6120
22469
11910
24814
19863
33196
9512
20862
41050
51282
52027
36278
38285
39421
13170
59020
41560
38873
10337
42646
42491
53992
18081
47217
3792
27412
7034
35111
26325
56088
46933
51810
11642
16717
32570
7635
4915
5542
32894
40530
16672
57615
38220
8927
5449
44766
19635
7588
33178
54747
33975
44560
58894
44936
6185
31903
38917
41218
10091
31112
35938
56600
47173
59698
7137
33812
46194
7621
50946
22090
33216
17622
10790
43011
18200
57095
26923
55657
41017
20837
59243
40366
23917
58903
39072
48247
55509
56515
6606
25911
9623
51151
54365
38413
3844
56387
4799
38533
9641
53864
34489
41630
28978
51550
3049
28096
44450
50781
43167
11691
27343
19474
57785
33708
39550
46717
56082
37454
7706
38163
31329
37469
43434
24169
27697
34710
57094
47492
11709
34752
29637
31623
7989
53495
9003
8125
18525
15718
43963
33909
35866
41552
18283
13839
29429
54257
39054
32001
29585
17201
56269
16882
26975
8483
45738
11272
3069
9057
39800
28880
10953
57119
22839
12338
41307
44059
53038
20600
16286
35726
25623
16779
43189
53221
5542
47168
58145
32069
20434
28899
8161
12391
45680
45977
14396
6236
12320
17520
15163
4415
23201
50704
27768
33745
57870
32070
25461
26880
44519
9519
55488
43599
9087
40078
35208
52112
28916
23641
59317
40313
20895
21660
33457
40100
58719
41585
5112
22197
10736
52210
44884
25273
36140
11345
31621
52634
47518
58194
18992
58318
29109
48109
8852
45408
52082
36974
40355
34021
48075
8303
22231
29315
59004
25871
40418
19500
5279
24775
13143
52530
4926
53427
36096
44972
46885
54263
15704
7469
53467
27144
20061
39181
37213
24315
40356
26772
43918
31333
8468
43957
18203
52005
59382
41214
51620
12016
20888
18792
36778
25494
51995
13636
23547
14513
50459
35579
53189
16700
22433
19436
13283
48292
57615
34248
54527
47726
12066
23538
20389
50656
12761
18051
48012
51402
29695
12938
30318
45895
24776
4626
25115
4867
56361
31875
37017
35212
59540
37711
9182
29257
50037
12484
29217
12307
44422
30981
55429
24664
11437
52553
24369
34854
44128
54868
56364
56424
42561
44925
31712
41129
25379
44913
53500
33742
21315
30848
26735
46050
40679
22879
4182
15170
25053
6476
13965
13809
14991
8252
44878
42352
56517
49908
50300
37436
38793
21175
27387
48708
26257
21174
48397
56664
14403
45589
47087
5064
53988
19938
22720
22587
4327
38431
51970
27909
17895
14611
16541
59664
56000
17838
36690
20809
58525
43672
39516
28046
18007
57233
13250
34177
36117
6747
15733
26180
34690
29309
53600
39602
34544
9939
11015
37653
49744
58289
21606
37803
49357
39014
46862
27933
38952
15980
56687
49052
44319
23840
39676
24728
5648
9157
51093
15627
57034
44148
27663
27400
8078
56495
20055
49610
45903
57178
28874
51430
25122
36670
45184
58026
19933
7840
28996
21683
28668
41071
49472
16266
39382
12400
29739
17910
35521
30551
8283
55817
4046
29935
31099
10865
51243
27111
