836
30818
52041
58932
10895
19477
16047
47057
22102
36470
34594
39423
44087
27375
7098
33727
58611
22314
13146
6711
17309
4032
27015
11651
49601
12608
17491
37938
16843
31458
22572
21244
51019
52442
39334
56968
56671
54612
29402
30389
15518
37646
58301
49349
18732
32650
48763
32991
8563
25297
17629
37291
53762
19101
48341
57724
49412
52358
48707
11108
18003
58489
35723
39659
20740
56746
38075
42343
17047
14189
24715
57140
37462
50196
39285
11767
3689
31981
26395
35144
34693
8807
53129
59011
54231
9985
40909
47127
51461
37111
16165
54996
53772
57374
13119
43852
18386
27693
36678
18473
52350
25487
46045
48150
50342
14417
6984
26788
50704
56593
51130
10735
25292
11680
57582
30699
16733
38342
15745
12029
14104
47852
13343
56901
16042
41424
36786
38003
12023
29237
6754
37092
9184
37992
5416
35816
5364
5347
6583
47826
37889
26315
14585
25362
12408
48594
25281
38180
13173
5136
15926
45488
39424
55183
29702
56844
56221
36818
47061
17284
29642
35297
35006
11341
31880
46764
19361
32481
22883
5123
31076
35084
18283
49075
35898
19628
39286
13019
36502
29280
49944
28157
27209
21901
26376
59819
6851
54725
16892
38728
30422
52907
18401
35030
59858
35532
54565
17684
6221
11173
51499
12278
22231
33880
31531
15860
17700
36570
16477
40253
34440
17607
42479
56084
51250
45611
45022
52579
37077
16780
38470
39247
32323
48982
10193
23194
43591
16743
52362
18391
25918
47341
56656
49234
16480
40205
42372
28125
57863
4733
26221
46775
28390
27656
37553
7470
8475
41633
23890
41770
9464
43073
32934
41565
40878
30406
50931
28181
57132
48392
33356
52961
37347
50055
26547
7356
48061
26738
30685
51027
29130
53151
50837
40418
43895
19480
34452
8894
46605
28627
14658
47372
46559
39389
36813
33278
55272
19490
39453
3633
41199
6121
31122
56741
46925
4518
25454
49954
4927
17807
17737
42023
23471
4277
41500
53309
20901
27755
3982
5061
12441
45168
41809
57354
51080
24246
11942
39971
28940
21819
50486
43209
39779
27851
48463
36569
56907
53781
10913
30414
24909
56793
23060
26647
9273
11361
54472
46894
18056
8623
55852
21242
34823
14424
47995
50699
27227
54330
32938
8740
8189
3123
32130
56577
7808
58323
25277
6139
52174
22677
32466
8745
29114
4578
8423
17679
37131
23212
32750
33958
28343
34600
36632
47366
24941
7104
27902
5709
45052
24290
9466
17276
40220
43568
4510
3570
23160
7624
8102
43597
32807
34123
10090
11992
23308
3854
3157
41737
32260
28061
47344
52255
35075
23207
46372
5750
29602
49240
20994
16605
38310
55179
54848
20939
5859
39933
16854
41355
20533
58333
16799
43415
49996
23746
32138
29220
44696
17167
10460
7236
24200
6662
28091
35078
25249
40380
48844
9785
25965
8389
13838
50525
56267
34850
58764
24717
46644
13227
14361
13095
10415
4065
37361
10203
21748
53470
53112
46663
37978
19292
28853
25651
33574
3109
45580
29383
33512
21889
51041
6862
21144
11521
11888
14925
53891
25431
30955
42144
48372
50923
15695
26005
12272
13053
28534
14291
9505
59216
44133
13455
59456
6961
13709
4389
58009
16130
8794
32593
12837
3811
43052
19218
12074
56307
16373
26133
26254
11678
45560
59574
33351
6274
11058
9288
32171
55493
18081
5884
7204
37254
11489
7772
42644
39666
32198
28756
15381
38099
42230
52893
13034
3774
54860
55722
50027
24538
3205
32618
24762
25203
38527
15777
25787
58010
30130
9783
20909
18321
18540
4162
23760
42866
28985
42543
51057
19601
41815
52298
33107
30025
20882
21324
46763
21261
50744
51154
50653
31853
57061
21289
7948
36795
28373
35726
48485
28008
8762
15343
10203
18592
23246
18936
54505
47507
6205
55191
42596
12373
4151
29544
53415
43050
33166
37617
58118
54628
45283
15919
9591
17804
35090
22550
20218
8235
44273
19759
41217
54209
58434
23690
23152
11929
37495
28056
22258
23921
44468
5640
33511
3438
29078
41276
10416
5469
37227
15110
46967
38203
26815
3408
49572
35746
26803
10764
18726
12931
26075
56587
20911
15272
53774
29219
5292
26149
27627
14262
25919
30060
25944
51242
40738
37977
30363
37892
51909
6992
5570
13039
50161
44753
28447
45876
10600
47626
46137
57437
46155
58105
22287
11218
5697
18086
55031
53761
11545
23131
37233
17670
58506
19077
24814
28356
34920
53011
46836
16845
35963
34639
58818
35281
8650
32151
43260
40178
32174
56641
33813
11370
18456
36074
36760
53090
51557
29508
37501
25486
5197
54165
17471
30661
25266
20944
17673
54301
46596
57490
53693
29740
27158
55529
32273
6099
49416
59651
35938
20084
56487
9641
31271
35246
11368
56801
42863
9234
50683
28362
51060
53946
38248
19831
34070
20683
47998
20196
31442
57291
58514
28696
24592
28807
17756
59099
51237
28732
37783
46665
22442
4049
14483
6829
55144
45878
54450
34160
48399
51244
34102
54747
49024
25774
30304
37976
56241
4195
39149
17020
4808
11996
36807
16765
31240
11998
34538
35639
49977
25134
26475
38948
49830
23681
23460
31174
26900
29509
6663
23782
12234
32461
45685
17565
45812
57107
56752
42243
20460
21099
11535
32024
31151
18375
29612
38609
16088
33024
27733
42375
20392
39322
59341
30903
27001
23109
52608
40302
36733
21748
42977
6352
9585
58147
30503
24354
28447
23352
29862
32950
49913
