2106
31660
42110
53574
59826
18028
24247
26443
16669
49056
5295
52707
50282
40839
35977
57174
34275
12236
25385
24590
41224
49315
3572
5901
7009
58302
10140
32065
6117
13323
49440
11363
3011
16711
50606
33380
33481
27425
44437
35166
36355
42248
11942
18975
41595
56568
47011
13598
19824
53440
59505
43699
44596
56114
27546
13090
58513
4496
49847
56483
8156
36047
32960
39352
50012
43873
22129
47067
49612
7592
11304
15963
22825
6071
58450
10935
54322
46294
28568
36274
26933
3815
53812
23001
30976
13856
19003
38299
7063
17087
29634
44781
56825
43295
49810
15659
26175
36835
12540
43713
3503
26426
59124
10860
15638
52432
32507
21550
33869
54168
58956
3300
26621
25786
4652
48260
28653
23298
47435
46423
39444
22298
37288
29681
41723
9039
26641
48014
41657
37831
23615
30986
40307
6677
59212
45348
30372
57824
23745
45159
8464
6645
23027
31569
51052
45831
19605
53728
30875
15826
11447
58970
57254
20294
25017
44452
59153
32205
26309
54132
47046
42006
4355
53754
50097
50784
19408
45363
36478
48325
52222
56399
38810
20916
52362
25003
11120
14000
35284
53758
32289
45031
33337
25231
19601
41021
45132
27611
18700
58306
58321
57446
26751
36913
4539
14768
57044
25282
24923
48940
53208
50830
30182
39100
38061
42662
21635
38729
40345
14200
21686
53257
20419
38443
43879
14428
49510
28786
33757
13578
8015
44759
55709
20797
8026
41487
29781
42706
16336
21571
36361
56141
42862
20566
43816
39795
42852
11007
58416
29792
19028
27095
55569
10041
5787
26489
59047
59293
14484
30121
56559
56061
14358
33995
37821
35834
23033
32544
9173
22902
36096
33573
47125
46108
25647
4361
58146
51709
22566
18575
18417
59709
9642
52875
5288
28863
24619
32799
10189
41917
14887
44332
24139
55864
29499
51070
45355
54524
42239
26398
24841
4830
21566
11021
40015
49922
8938
36053
36984
49723
4186
37576
53679
55388
52927
6767
33762
26329
23215
40267
55314
17076
25931
34392
23778
33919
56634
44577
36566
47798
52367
43932
47679
24224
54832
12440
14866
15840
31417
48387
7583
52172
46006
43595
36789
57673
8469
40756
25719
51625
31428
47486
30157
4660
17996
13367
13980
15269
10249
31970
25211
5101
57366
15808
45367
14458
27400
51147
13304
31606
53955
18305
21887
38740
39754
14473
36641
51806
48828
10805
43266
11495
14861
8310
3442
3356
11529
6034
17191
49958
17751
50812
43536
11036
14773
57986
45127
18905
52644
14520
8104
39828
41181
40910
21472
52474
47229
17966
52885
46411
40411
58098
56922
56275
38508
10347
19215
52773
32408
19482
59301
26307
10670
4941
59496
37933
42795
5403
38456
43143
5125
40823
50773
16554
28064
32038
55502
26853
4587
35547
9700
59324
52384
22498
5173
38671
48264
56905
6269
10079
16680
35497
32157
52423
6052
11676
39282
56033
59898
3842
25968
28162
30842
19086
45609
32801
10216
5853
55330
4512
33157
6355
55281
37770
51800
7868
10207
40248
14548
56380
55565
38638
44210
37975
10110
30424
43575
21916
47415
27990
48244
52564
15345
45239
41488
55118
48470
30964
25049
7661
5297
50959
4802
24775
8492
36013
28505
5078
49522
47173
23065
11533
26175
26823
19497
13511
59965
5555
14873
51659
20877
16481
28922
28345
15535
38966
19268
43971
37868
55512
28124
8065
12814
56431
41638
23780
46449
13900
14931
26593
18022
15563
46549
43766
6879
11118
59447
54678
46001
28609
57915
45262
54604
27530
18958
18415
42440
45195
27638
59033
4412
57054
30321
56057
6264
36724
19320
31353
13668
46952
25075
8998
44888
52399
19463
25428
46889
6501
18920
9996
21117
13518
11337
31500
51281
15443
49278
21169
30888
28484
17539
46056
35214
42309
44709
8430
9371
42704
12944
39768
7325
58796
8817
32446
34933
59380
14815
20648
40885
8757
40982
52864
40212
36207
52672
3700
11933
29423
27988
27138
33754
16013
28509
3076
58380
43789
30529
14926
12307
40494
13625
55363
20689
34806
13513
23073
13659
19964
16568
54808
57461
33240
19734
22198
36220
36752
27354
36657
22337
21409
53391
51795
21994
11272
21907
36599
16813
11820
40752
56880
26091
22323
55089
15624
12782
36536
51543
10787
42707
25813
53851
35488
19164
5819
31954
54921
38918
17894
29772
11803
9086
20616
50081
22910
33583
21974
41297
46496
18947
36163
16363
38878
12718
48855
39991
55266
17333
22557
32073
44473
26198
12395
35083
39725
35955
33951
44020
16161
33142
31889
9597
44500
56515
24275
36486
7460
25295
40546
10848
55002
44406
28875
58742
20810
12514
18544
12629
28932
4452
43130
25715
54672
27384
23029
48038
8849
22100
5797
49630
54856
41517
54761
6479
37290
18215
15642
10534
36347
27918
5842
36139
13951
21101
40256
15912
12680
59195
16978
19410
9590
10293
22523
11162
14753
52492
42903
12334
31100
15353
13059
41896
39460
7217
50155
35067
51474
28718
11968
24036
7883
47511
29482
18555
48829
58433
8357
16830
56107
8608
40634
24405
56457
55960
31531
10134
22540
57133
47951
33827
16543
36739
51220
31693
24491
13581
38004
48544
26152
14487
23730
41001
55067
57766
56976
10331
23394
44277
35580
35212
59522
36681
16005
18826
51496
54827
43950
9320
13259
48838
56998
24438
6631
54850
31291
50340
17320
34953
10888
25927
22223
48364
17411
55337
49187
58926
21530
50731
54490
44968
39322
52457
27245
39997
27191
39853
26883
9548
25998
6693
3410
22931
53936
45847
8227
27483
44026
27604
5273
28352
42038
42938
57350
11848
5388
15624
6174
56531
52134
8634
50709
25936
20713
20955
38330
57449
59366
18263
53005
7447
29738
7099
37675
46534
27252
14865
6454
49521
47738
21982
15213
33685
42682
34615
25988
14602
25072
11973
27684
31607
28268
49640
14767
54864
30727
14935
16318
27676
37335
34530
57347
45320
46462
18507
29282
18828
50353
27807
48021
5148
26288
54769
40549
46932
31229
25772
58333
59295
38813
58353
33220
27096
40746
27174
54983
21081
34108
43635
41108
14328
52428
18054
22181
53293
55877
35964
26360
58064
47365
13158
39167
48282
29465
34877
32188
29002
19153
24451
31611
25538
23066
7949
39950
32890
55206
56412
44867
36514
21291
36296
38264
22571
31016
37957
43223
21283
49216
25118
12667
38838
27382
39754
8936
26426
33401
46974
41160
59383
35420
47069
16224
52988
49819
36422
56975
45902
20957
18973
44588
40900
3955
52833
39776
29371
9419
54200
35028
24562
10971
19776
47539
40671
46261
17654
25459
18010
37421
48867
20973
57261
55750
40724
10105
59068
46190
3945
45487
26107
13336
33236
51041
33985
20816
49977
9101
24621
38875
11006
35256
53229
43398
13964
40764
32346
22494
50877
12517
58249
57658
33942
16070
17998
33568
24021
11495
17963
38636
4129
26976
38988
32961
56367
24701
43981
47212
47074
23522
57266
6128
22223
28301
55189
44849
35676
7112
52833
31185
21658
43836
56701
41749
10985
8564
38994
48766
41013
46309
58751
45101
5304
22173
54351
28373
23053
28068
28433
47258
58929
5253
38173
24908
36161
51027
18520
57177
16601
20476
52550
44039
53799
47554
59866
32636
9660
7433
56228
58526
47473
39715
28474
22241
25463
12781
37307
54822
49766
5414
47367
17759
23206
46757
16418
13434
50265
14654
43330
31475
17677
32333
3465
43383
56432
52315
29153
39241
39712
19453
26844
37979
55086
33908
25678
38330
56991
24255
11813
21309
18086
30127
55538
26739
3115
53966
23012
37428
28438
49092
6688
37346
58784
27963
4108
13503
43134
16634
21172
9656
53550
47850
51337
5838
7914
11592
15365
43963
20979
35773
10364
7290
29884
9713
3317
48854
7740
26190
40958
6528
16221
26759
59229
25977
40603
54590
55391
13397
58874
50391
14254
55476
38725
3253
26808
22898
23430
16488
39245
19442
46184
34733
13488
23215
25240
10452
58821
30535
30569
49861
48558
36063
26406
21350
45911
28983
48692
50347
18864
51152
20046
6109
6239
49200
8450
13368
13936
9554
23726
26069
32374
31609
40990
14040
25082
36961
11770
34920
28562
52264
55971
58221
12603
3672
31688
10098
7459
24752
13254
36844
5265
26257
39535
36909
8233
30440
6388
5083
5601
35244
23147
4128
58313
42693
55905
41117
8509
32252
8228
33919
37190
30365
38140
42964
23964
19823
22038
51831
33866
36690
24916
9382
3172
36261
53022
45830
46290
58033
32314
45976
22855
51857
41554
6301
19762
27909
48900
3051
9737
18367
40493
51632
29040
41366
42942
36969
22606
29152
54124
39213
3227
16038
33681
56663
22387
5145
12849
37506
28012
8476
42611
11491
54899
42648
57821
51149
52177
17370
14160
34246
19609
27024
31352
7329
20223
45203
24284
27843
17550
18733
59115
18793
43067
22959
37360
46438
34830
8803
32268
23443
5881
27251
30256
44277
59272
35765
12572
36164
6522
36062
57672
49862
5001
22276
8888
49755
51191
42529
4850
54674
6033
22381
32306
32454
59049
4407
46292
9504
53411
11685
11487
37986
23805
23725
4132
13138
36580
50972
50505
44510
22183
30754
35830
27925
43915
58367
28637
33923
43272
7245
33820
34508
13531
24827
48767
59497
43057
40803
36970
4228
32550
56915
43983
35618
13931
51765
9748
50965
15927
50689
37126
20912
34469
13978
31010
29006
21563
54524
58947
5297
35030
31762
26569
19681
21191
9278
24773
33423
34495
43462
25574
31661
41915
26403
53954
57864
28216
49004
26503
53673
41063
49136
32306
57483
43019
42654
17281
16208
26899
54128
43614
45959
50025
52219
4654
40969
57553
34288
6880
14619
27685
16490
6004
30386
8945
50985
22248
23964
58922
16084
15602
49966
29053
38768
46079
55372
8293
39623
37763
17178
33686
9319
29812
12769
37853
3519
33439
27847
24219
33171
26115
16998
40788
27435
30025
25193
43241
14424
35729
26456
9203
43522
56300
20773
50902
12409
37866
57748
15717
3552
57485
45290
25701
23191
19863
25914
22117
42018
29548
11468
8574
25579
40055
37693
11331
15332
49436
46680
28445
11794
23712
21196
36035
21028
46467
17461
31039
48306
40123
30073
48412
21144
36270
40505
48684
40682
54889
18883
35743
58305
20144
45591
49770
3419
51578
35571
58984
28649
19698
56543
8041
25374
8350
53200
10358
29203
35308
55053
9082
53548
12581
12415
11855
22032
22135
14908
50273
7769
21899
48605
5461
23571
7674
18523
47284
10048
30272
58576
44359
56989
24439
28764
3275
6545
22399
8858
56205
52941
5311
37664
58679
26188
28268
58711
3054
50641
45370
35242
29058
21709
32551
6284
15436
48115
17819
21829
17630
50439
19611
21314
44061
10929
31561
19557
23541
53082
41398
14352
49916
21558
5092
55691
41468
45712
22283
41445
6036
49530
54691
22685
18519
42516
21502
48073
11116
56587
31701
29310
31166
13404
54090
57361
43050
6858
56767
56984
48846
42191
29407
16937
53843
51183
30955
32526
39463
33720
7605
54184
40385
50070
18263
51195
55950
6467
22719
11650
12042
51489
7570
49157
43549
26560
7351
45013
7375
59868
11709
40949
44352
48630
28308
12131
58259
57572
57852
36252
28826
51752
26316
59112
17694
43381
42626
54150
14781
5150
10302
57370
27365
13231
15274
53107
39941
41961
41192
23300
46609
10622
33212
12262
56448
31835
26868
55110
22222
7546
33762
17832
37310
39740
29023
55517
51643
51051
26390
20894
11078
47265
35964
50245
8843
29353
39540
35128
36549
37769
33340
48295
24629
7149
20509
50092
28688
52050
11364
22205
46149
58718
47364
10927
40029
26924
35786
15721
36680
42031
13312
6523
32805
42137
13435
57310
43926
48375
39857
26102
55506
46872
7951
7754
42552
56607
35034
19541
58663
26425
33241
20663
13988
24395
21395
52508
24080
31867
22261
38976
56471
55202
15198
55710
20919
26708
13575
48766
5349
58024
26132
41518
25088
40138
40398
6936
59193
48906
51930
51250
19587
53973
10300
33359
11893
3617
59727
59900
27205
28104
10269
22549
54608
6176
7067
16345
17703
21907
3754
35981
5071
46950
50903
46714
9376
45985
47106
30818
5233
51090
32123
49615
44235
59221
27476
46668
13541
18413
53279
46853
9096
51489
26520
9502
8087
32994
20976
33935
48541
23276
47788
44822
41574
7456
16427
27632
8199
48011
13386
42938
3607
43657
58982
58449
44476
35948
28116
53324
42175
13491
39310
52060
18433
38915
47367
5605
55730
55152
47039
16541
17418
57169
41106
53326
27257
59131
39132
3675
35461
50169
16648
53657
38190
56628
3738
8799
11292
24123
5099
26499
37096
22730
57549
40498
27260
19438
51721
53103
15716
48596
56433
20453
47642
3568
21253
17827
3912
22651
18761
44489
19462
6112
25865
20047
5889
33699
44244
3108
17962
31163
22133
29088
38748
11147
25165
5508
17000
11467
18635
51753
46175
33101
10455
40085
55288
9345
46025
42432
18980
29971
29938
11273
22861
52247
39168
6960
53359
9447
10036
14311
38050
30081
4247
5400
37024
41710
20510
21201
16247
50302
54320
5044
20520
14179
45030
50216
58170
17893
37943
20311
54756
16421
52731
34987
46509
45194
9130
29574
15434
50914
38529
59277
25482
27999
17593
46822
49998
23033
47053
18858
27973
28996
53633
11920
35464
58437
3802
14185
15884
10316
21201
39115
4044
7260
25461
21190
18769
17477
43237
18164
20178
30126
10228
42887
43544
19987
45338
30485
44817
34640
26803
12408
54487
37781
52867
12134
27687
44949
16581
18261
34539
9696
44976
51635
43504
51181
44107
12294
41610
47502
4859
20579
28582
22829
16348
25131
30426
43609
56610
33275
14385
52267
40382
34894
17259
