1354
29516
40643
46175
15319
16068
52519
35631
44322
7227
30933
9530
31930
45766
46614
59952
55471
52781
25470
32527
13991
58256
23096
48551
5146
35738
41343
38483
16635
27930
57366
30100
6787
5050
33095
31338
22442
33868
35335
6130
29949
28596
50251
41556
14919
35993
53021
16873
27661
57783
53114
50879
28709
13422
45632
43576
7714
59271
48436
15578
34497
8219
29229
52923
18687
44550
58496
47735
49888
17536
25896
24497
19498
34037
21248
8041
38419
23009
22332
43858
36282
38339
58069
25964
25944
13963
6259
22177
56660
22028
22927
58286
28344
28570
31780
6797
24371
32566
13404
21164
20444
13470
33543
15428
6855
20227
33857
6478
17238
24832
13636
57110
39222
54279
23869
18188
56748
23050
37363
32549
46120
30880
39079
56849
55647
45099
33201
38663
43993
39205
50754
11174
50522
31309
17341
11697
22574
37199
26854
11654
15776
31028
37282
42844
57604
37961
15233
3373
56727
7540
14526
40542
23107
24546
54943
30604
53822
45486
19279
58088
38857
38651
10347
36353
6875
53612
15738
36692
25148
16194
47347
47222
9338
46408
59966
11499
45256
22521
38705
7843
35968
12372
4069
30209
54323
21800
11073
5055
55342
42790
5340
58492
28554
31935
4473
18271
28108
3467
20529
8779
40224
9816
51168
45314
24067
59586
50958
20795
48581
49147
35860
17130
25208
35439
34103
32746
43839
49175
29451
34242
30725
15234
52081
29202
16185
48291
14046
41254
25378
24057
57488
28107
48998
24832
35486
24802
9610
18203
26408
32134
54251
50654
26510
11409
11672
59230
46845
58641
3149
44602
26043
40096
40573
7778
16723
49186
4897
3866
28170
51603
52580
40875
24852
9894
11774
53703
46789
22564
16035
31247
7701
26612
51071
28666
30696
29350
48047
40031
36509
33329
50801
27101
31104
27039
57836
49928
19757
25998
34661
38940
42215
19997
56740
52986
36909
19121
41892
4703
43461
34302
16810
5297
44135
10136
34899
12575
48154
6028
41575
8642
47325
46607
13262
50519
8710
49929
18625
48458
59556
18993
58251
35685
52266
59253
20115
7024
48211
19608
43719
55693
20023
22038
39477
37043
15661
22008
55856
19038
11342
18582
41884
46657
38608
12995
46263
14083
10486
36465
44502
11205
19482
21301
35216
31106
14493
32847
7677
3943
15794
22870
38645
18738
26229
57371
9869
27845
43480
9486
33977
18820
34102
27140
21704
7913
52265
44489
14122
44461
3478
29703
52776
28295
18409
36977
7043
56452
44223
5050
40928
36207
11669
6877
38345
6181
58135
52335
28733
13582
15355
24070
14631
25460
32356
3201
13444
48726
46720
8894
21513
39403
21586
48739
54916
45582
43774
35055
39379
31509
55502
3925
42672
56119
4020
7260
18197
50028
43790
32532
50209
15643
18804
8871
49426
43596
30972
33002
51201
12852
55383
39224
4136
57669
47585
21211
8947
43653
15554
17512
46153
54571
9841
54281
50585
15572
57377
57779
49156
53134
10804
50590
55710
50828
18323
51167
47133
54703
7182
38942
25692
14817
48423
23242
46656
3577
57696
12927
29022
37354
42043
28542
4383
42621
21916
52381
13284
7091
3289
5258
54607
58394
23387
20056
30424
32261
6513
43526
5273
28787
45281
34099
30663
9768
53180
18532
11815
57021
34562
25312
6375
9617
8312
36738
4409
20139
55072
12513
24325
32573
21815
11735
48160
18085
42153
35154
3522
59222
20898
8773
49931
29055
51059
16092
51571
47836
45665
46155
16002
5664
34016
18068
57145
36498
4962
29942
7833
46245
54439
16192
45679
37940
19642
34385
35820
37520
52916
42367
51981
40229
7066
26489
40713
29753
10428
30813
59031
9973
11405
30004
22725
28388
37597
34312
5692
31220
46846
3103
23024
30510
15010
50525
47191
55766
48706
50506
14581
41122
38291
16332
49967
54508
59181
45782
40439
29258
13735
25409
14278
19612
37645
18393
49342
15479
5454
5890
3923
38448
17839
27301
28399
5703
3968
58040
51058
16047
26069
45617
28717
40578
38124
45599
30885
11632
24789
17375
46846
30445
23831
6100
54026
16490
28357
48725
16708
58502
26684
49531
17682
15221
8294
18734
14435
12927
46168
25956
12999
8746
12496
43216
26955
9481
45063
32111
23002
59384
38981
7259
40495
59828
3700
18564
24697
16146
54176
38380
33213
4324
55598
41994
11549
6783
21613
40024
8728
28587
57577
15820
28265
6750
56576
38374
38265
18280
23227
43366
28031
5406
39745
39181
12510
38358
6319
39533
28491
45893
56704
7673
58820
24492
57161
39156
48224
51357
8226
35185
20831
55689
29346
46218
10851
24724
37705
30508
34485
20398
18242
32147
4751
22811
14786
4274
11356
58781
35388
7573
5098
50096
38229
40283
44044
14613
39946
34567
35875
57317
42392
11244
3186
15709
49794
34512
49139
29153
9974
53428
23588
3349
40025
18477
51714
54861
57952
12402
24311
4418
31434
3301
43552
52138
39516
6195
34505
10224
15956
53226
27449
27077
16976
16732
4720
3404
13002
42043
37815
12168
4545
24465
31011
11248
53362
29968
50598
57992
45191
19943
29372
8882
13939
11700
53914
9987
46982
15379
37700
16390
34738
32656
48903
18989
59547
24637
57019
18705
3494
7736
27653
25357
42108
36187
5699
57301
30264
33514
17727
38685
37973
39842
3715
30583
24251
6211
57788
17124
51724
15780
20647
53298
36563
25600
22613
9601
50374
18485
41809
7293
15697
49661
20035
57583
17563
26547
42184
20520
7786
8053
41780
19224
29996
37967
39605
31340
8662
43858
34326
32882
5316
27156
50800
51589
33858
49529
59600
22825
45084
9427
51750
23878
55022
39510
10971
57846
16584
25609
58005
18805
58214
41404
19450
51233
27680
46960
12367
45970
51027
12480
34698
48028
46708
28848
22315
34619
53897
31192
19673
15853
27665
30657
37906
46956
14922
12922
21789
54645
39211
13358
36241
11950
24891
3308
4891
25068
5353
15966
9923
13101
11355
13787
4431
40584
56945
31521
27661
42951
35934
36216
36440
25578
22235
54241
20355
12752
57945
48550
53740
22433
56576
34854
29782
40686
41542
48649
5504
3800
14008
21601
21963
26070
48360
12795
6388
17866
43864
20872
14563
37194
42045
6587
50146
3697
37302
7528
45931
54249
10806
57851
36775
55225
25225
16709
43955
34513
27968
4952
14059
17399
48571
38971
7061
34194
33236
49643
31607
31013
21530
30187
15285
59508
24976
49991
30799
12700
25179
30561
51173
36718
42691
56992
5773
5782
33429
22965
11136
47923
23152
7362
16699
44704
41968
28646
48705
41205
9294
35080
25152
28996
32839
49246
58797
25999
43427
16134
25561
56154
51919
55945
13879
31574
30027
56235
57225
58255
21931
43589
40412
40335
26175
52570
15182
31675
10635
46095
5781
36347
25612
4920
50545
4273
34355
9769
50765
5087
40698
57179
34007
50094
30163
46011
52054
33160
13799
14507
5015
31441
19454
55764
13749
50269
40424
30808
58750
12125
51488
17976
39449
49875
44102
56518
38199
19205
8699
36172
26556
17478
58172
9625
33728
10683
45259
18108
53818
36248
34587
21066
15365
11756
23250
27762
33611
58344
36403
13547
38643
7571
16392
7197
15657
25833
28388
46615
51343
14886
50198
51566
11014
18569
54896
32967
4349
25641
34636
13615
37573
17001
40626
22562
32425
43433
19753
25118
55066
40466
46137
26660
23996
51102
47756
19994
52047
27269
52812
16210
15043
26886
11126
4139
27400
16980
46875
20535
57690
25176
59090
11676
55033
49990
20709
4228
58496
48872
16087
41954
27338
43838
45150
59166
25544
4609
43030
35315
20889
22843
52035
18740
25606
34675
42700
34422
34649
23251
56193
57576
27276
21528
5164
4557
21614
23457
52304
37774
58281
45061
11350
27721
16433
53525
48086
23555
11594
4898
23998
8579
29432
24752
35449
4458
44616
4803
14980
7756
15875
9455
7676
12106
6309
51278
35243
42027
49958
53364
31960
25259
11079
15089
15020
37086
18957
20268
11461
55064
20920
47402
5009
54709
40133
12343
47152
50492
4760
35027
56343
36960
6262
3670
45442
58750
34325
14204
36880
58905
29070
16730
6948
23632
45704
15556
48184
16346
50659
36429
39452
47518
26476
57531
52690
52952
38510
48024
4422
41801
56070
20074
21330
48159
34656
13419
55558
34325
36959
36908
38180
39360
43734
37531
27201
14971
45073
51728
46010
29479
20687
4804
53086
37805
44267
47130
32716
31714
49006
19564
13493
46792
26617
20531
15173
33217
58607
17862
48814
26091
8787
6580
4579
53654
32908
42378
24498
18087
59132
49633
21891
52465
23494
30167
47785
28777
54527
22114
25554
38198
34914
51123
59118
5947
9775
9603
10048
27830
26385
39120
51545
34889
33728
45813
24557
12950
44695
33278
49191
16370
25382
44052
3428
30992
12092
38161
37422
