1599
30000
53134
48874
45419
9466
42122
7933
50428
39876
59124
48213
43525
18062
7742
34646
30188
53318
8056
25219
54776
18301
57438
34817
27820
7277
58194
12257
18519
41175
35410
5750
48097
15340
14919
54015
16588
38887
17475
39997
3252
10514
57866
48160
7454
52917
58652
10249
13456
8623
47546
53712
40164
14290
41414
21052
55287
24733
5280
18270
51922
16031
54535
32886
20499
29655
43811
7827
8461
7320
3470
3367
16272
51333
12076
53442
21975
24187
9404
18209
18662
16372
31445
13670
21279
39353
45760
56861
3720
59874
8114
6131
52710
26087
7277
49741
48173
27293
44028
25408
30487
11284
45926
11903
39274
26621
5795
58643
14731
51892
59880
31906
19805
24005
12996
12828
36441
30251
11470
20636
47065
58561
11506
25344
31743
38635
52238
41006
33002
32400
7089
53055
25263
59687
28002
17473
21400
20293
18460
25170
59212
7167
42034
31799
24440
51979
39185
43031
14347
33858
21974
29055
39330
53972
47687
59691
48918
21511
43971
8427
48229
13769
53043
45613
56569
19849
38091
28290
28962
52548
14176
27327
52788
3685
45157
21269
8323
46040
12975
27776
19563
23974
21370
57968
57866
56658
20975
28288
34457
27170
8127
29859
35821
21770
19993
31530
22407
6238
50287
55424
22305
29033
44215
29554
10153
30140
39861
29052
12033
28047
13247
53930
45235
54965
54951
36659
54949
40290
20844
11995
27342
41940
11794
37096
16299
24531
27010
50773
51204
28623
29008
34529
53451
52187
3473
45114
7776
20027
32756
56303
22928
58470
36626
39054
37336
32381
8012
11786
53231
36140
24170
14682
19508
11411
34965
37245
35169
24657
13661
6694
17360
45769
32364
54278
27213
25971
54893
57872
47790
27367
56678
23604
9159
18139
22732
25680
54293
3929
25622
57593
59707
8170
34286
53820
36848
16749
34763
27110
22039
20749
10414
7951
50264
19059
12014
14506
14185
47808
48729
48689
58886
12251
5704
59812
22239
33395
59983
39957
26237
37292
26036
50055
53397
16167
3520
16093
53683
25249
45458
34833
24003
49644
36006
22430
16991
26486
24102
57380
21789
21579
40594
21743
34536
16907
54082
32285
54092
26403
57016
4231
12787
12309
19367
30687
54220
11932
38140
5852
43792
20268
42098
22581
17760
20900
20268
39385
35866
7642
31299
56851
40422
31745
53287
41427
56982
13023
16896
34318
4990
48770
43839
23127
36113
35205
58414
18062
16408
28225
7982
58042
39790
25872
51467
18604
59100
11146
47413
10070
55676
18433
35310
58906
25090
29577
7328
47113
16339
5973
31979
31428
12992
59959
40140
39556
21096
12886
17815
13433
19369
51280
3899
15015
41299
7048
20281
31536
20870
51294
26765
28100
16263
30014
55369
9358
11745
6054
47418
18575
35424
21858
58700
24462
7522
55928
51260
37815
58475
21818
17508
4957
24117
54808
3441
52714
23032
55422
5076
45462
36206
12380
52436
13883
46886
22077
28110
9862
24771
53094
43065
51777
8447
45002
52680
45863
48454
52867
50420
56380
22048
32918
45849
46473
58651
42839
18317
18469
46537
21891
32703
32141
9106
6552
33020
23502
20635
43132
44571
54683
16577
12576
5660
57664
15832
16507
52487
16475
52130
16126
14859
52275
4961
58577
23613
55837
51605
31133
7052
10274
52910
48526
55968
4555
5970
56165
59436
27670
33672
56552
53951
5266
58502
37974
43997
56633
34971
39854
24980
55574
54235
45400
37832
29701
39766
27034
17308
30970
49324
35716
5331
55664
26568
22749
50137
54991
34018
27899
6776
22024
52707
56290
39284
41489
20365
22374
51943
29078
28628
22987
8908
9253
4496
8432
11875
33827
48784
58483
17215
19593
21041
3396
56816
55184
21763
6396
15694
11979
22626
52911
9134
28694
7540
37201
39066
51429
20248
55443
9576
50617
45128
38569
34411
37258
17107
48963
37756
51352
59042
50727
38895
8862
56682
17988
30850
45392
7769
52270
46501
11736
24658
22837
51861
31046
13443
30024
10712
36488
59483
31254
39067
29528
52464
52375
45286
26979
44378
55364
33201
26663
17963
37889
46079
22132
18840
50655
35995
36293
53912
52643
51643
54129
10341
7486
5690
45769
32146
28041
6498
19807
17523
18846
49159
25503
43281
30953
29847
13697
28026
39290
57278
11355
26251
11366
17101
22435
42136
15870
48872
52229
18694
24610
31500
41386
15476
57583
50106
38541
51036
11161
45957
36178
55996
29477
50082
48848
50910
7258
18319
18631
36978
4349
49399
55553
8628
50212
21169
6722
34417
21855
46798
31513
57848
53925
52522
20325
7511
32378
8965
27781
4692
19040
45989
57892
28811
23800
13865
12456
18926
52666
21557
42974
15304
4001
43571
28544
47715
6655
17330
21904
56128
54075
20843
53867
38074
58111
56741
35549
26069
16114
7286
35140
13600
32801
6863
13765
57138
36493
57909
21407
28327
58114
48244
4621
51201
19661
50987
11023
47595
42703
11977
12112
18981
3448
46560
52922
15048
14798
34413
9672
34744
9881
15263
52715
10760
4267
19443
16962
9191
56810
57672
34464
9170
32601
25703
48028
16568
3622
20794
14784
30493
47129
3389
23661
22127
57291
30238
41664
3280
20750
3944
59920
46030
32442
32507
46596
22946
10765
46264
36979
26662
9305
5537
37926
57001
23678
53562
45097
4727
29035
15144
14928
36053
21763
17741
21148
7731
22443
55739
17404
9104
16424
56213
54635
25473
26956
3823
10244
24444
13701
31214
7488
56962
39854
45677
34966
37594
22039
13528
37793
21527
41280
44089
21626
31802
43811
44214
27943
54617
18651
22766
20845
51380
22127
34962
46347
46260
32351
6314
54498
11256
43581
17083
5472
7059
55820
28723
37300
48750
50841
14834
19818
31437
53792
11624
40957
21139
14266
5984
48477
35175
32085
41778
4050
8299
41274
23582
17907
29279
5123
6124
26668
22508
32479
52002
27654
59608
45521
34855
24654
41461
16521
45427
18089
13921
25311
47789
27304
16889
57312
10132
18957
3587
28165
53663
11690
7543
58620
19792
37046
30224
28385
40818
21330
46567
43390
25352
26534
38840
38275
12897
46501
28124
34852
3889
32924
5501
54161
12220
51326
6979
43458
38029
24682
25579
56287
48872
3294
10298
8521
46626
23085
36426
53613
30729
59252
27071
36981
31695
49880
11504
59640
10903
5832
58274
28076
8658
37223
13356
22051
11057
9729
31232
9331
23991
20940
31856
11666
50359
9283
42585
54372
24474
41164
46893
35792
9067
38793
42783
29634
28591
53761
55729
18517
50320
50516
38218
21436
8283
11305
45874
27257
23800
18914
52256
26149
28592
53620
12068
15511
54294
21774
4286
52632
8874
20606
14570
5980
12384
8404
47943
58793
35191
7682
47604
47209
34264
7081
27694
49639
43401
50872
34257
47008
13309
48697
17482
15596
34444
38745
13692
8442
4047
39834
21173
32071
35500
32910
38229
5712
28743
29648
42823
45160
28438
17332
58321
39358
5061
22906
12452
33668
37188
33563
31114
10934
5349
11123
28809
44041
21896
59730
22180
34155
53664
23141
40345
45067
47626
34854
21183
47031
12040
14137
35067
36012
7719
33950
29352
27778
4655
24397
9379
5473
34429
48616
21384
54315
11233
49656
19515
57915
49789
59804
51348
11162
25442
34060
51711
40639
35261
49237
52275
47463
16777
23040
42521
11968
44031
49867
26287
22156
57071
15397
19414
9420
34312
34317
16759
7982
51024
29012
27569
5134
13815
45588
34678
23498
23355
49853
48118
22759
45816
53239
5785
43940
39709
52953
36119
43225
47651
44309
48860
53619
48137
3158
14042
35651
7695
15307
16160
16012
49690
51605
41135
32580
29135
48181
48429
14750
16014
56121
48893
34752
23352
23973
33538
58154
50993
48939
25712
32659
43978
10883
7362
35067
41978
27973
6485
38654
57522
42229
27992
59246
45890
4182
43247
15230
29105
59191
12889
26062
57618
31350
48981
57875
31173
26756
47461
41776
20096
49369
35442
15130
48316
45431
17492
57999
19655
3564
59928
13641
58709
5334
51109
24651
32275
18137
32968
13417
38504
31841
50687
14944
16211
41452
13196
12850
5016
47672
59162
3048
5864
42394
7463
33816
50649
22859
28876
56230
44401
35110
12038
39736
35168
33977
41887
27437
41750
28088
10256
45360
10171
14701
4495
8616
23523
9881
8230
8234
47237
58486
40849
18429
14111
53157
3224
8765
41758
48637
7411
42244
27672
21966
49431
51776
39994
57577
30666
35795
49574
40133
29673
44667
50920
55735
56428
23291
23535
9157
13808
54604
6457
36345
30183
55874
32166
50795
12040
53980
43801
14735
57094
6640
40984
19081
14936
27157
39017
31636
15338
22952
50745
8434
48673
46579
11969
51079
52069
52537
25555
11475
38329
43820
15457
51466
33044
30669
59761
24385
33893
33024
33407
34368
40658
24389
11092
35242
14560
3294
10107
36203
20483
58040
45429
13923
52622
32337
25187
11063
50602
52238
45485
33802
23649
24631
11680
45763
26370
19337
32293
51295
30206
55178
27883
53496
54242
7342
16782
33034
35381
4319
51334
16721
17613
30055
33947
49818
39336
11319
11536
53417
42005
41273
53219
30514
44162
12338
21449
21314
17642
44417
49070
26194
31233
5423
7829
38688
15906
5386
59765
25214
6908
28642
8621
34643
36128
22656
46621
36486
13862
47631
24264
53477
50700
15224
31211
55401
3913
17886
12546
11713
17606
55793
16804
39560
4692
23628
11726
13345
32442
46153
55976
44191
43866
47833
51997
56459
10978
5822
23478
10114
21402
38465
11824
49340
44386
13443
3272
47072
25788
19047
12551
14653
12148
25055
11982
6907
56108
39660
4359
52141
8367
20046
3940
55507
56678
5338
59138
4903
44970
33531
19390
47746
22561
57285
35829
55167
40369
6768
26942
54572
52121
22301
58821
19884
14609
58132
50584
27067
17670
43653
23416
13873
21924
22062
32655
29484
58384
7742
5076
31480
15136
40741
19911
6089
19111
13791
29917
34487
51653
28873
48750
48611
12510
12356
52009
59234
39287
57691
39190
20467
38609
15925
29593
34817
20520
55470
51802
33453
27164
26007
57670
49661
7414
25180
51831
42300
36521
12865
16147
14326
32148
31263
40747
18380
24109
53066
26345
23761
37477
7022
3548
5621
52559
24623
41959
47466
51210
46933
51507
37823
36322
50036
35833
23038
22283
24948
35863
58774
55605
44552
37365
6818
31685
36931
3030
10939
30889
20085
6444
48689
