1612
35433
37416
21823
20688
7468
41893
4966
56154
54352
31899
6495
9598
5600
24290
19367
32918
14901
52479
30998
17612
3367
44598
20951
25377
15039
59179
53528
10319
20297
12265
40089
41590
18407
17842
9570
36899
47457
7183
56430
53633
33493
42117
30499
57574
8824
51853
53295
44761
28692
11553
45824
56924
18199
54873
11187
50601
25942
16200
34791
32114
26456
18334
21731
37455
47990
29530
10458
32904
27142
49448
22295
39271
10761
3546
27013
31669
46961
38241
48730
50228
57282
35888
58619
11420
12202
55729
33368
5812
9590
49942
25593
53014
30560
30886
53463
51440
34044
25122
38187
33021
17944
15332
32474
58162
43058
3751
34849
47986
11541
52332
54005
16628
32641
41506
39021
47599
7878
48753
22926
57073
55380
27189
3483
20937
32154
8328
28251
27868
7673
56565
52383
16225
6480
30825
5047
34633
39479
27152
41638
11508
37324
7717
29457
27004
38196
30179
20874
28055
49076
22899
28170
42984
22004
12346
24661
37409
59438
29052
47830
36972
29309
55763
16262
40974
6925
13986
49865
51698
44845
33699
18165
32484
23409
3002
21408
4877
49539
13680
24013
5244
5825
51861
38216
38238
11648
56015
27181
27191
33505
38351
54511
28221
22883
56626
54488
17382
50578
42229
38859
47518
5425
44645
20966
9642
50473
10937
46632
44140
7029
16732
8915
49982
25529
41507
18228
56099
16226
49793
16968
48126
26904
18111
14704
12174
32232
35904
6379
24466
54650
21867
59411
35305
48699
46763
52444
21894
19087
33071
26392
49113
7815
24363
46077
6533
4697
34760
29748
23526
47471
19966
46937
34796
39861
59617
7441
27755
29587
45692
7519
14834
34199
36505
4299
31702
37966
47690
54002
24058
26100
20157
47090
57716
14014
28080
31559
38699
3406
48742
9439
39407
18253
35512
27716
55375
54984
49088
8793
18391
16362
24604
9440
3731
36192
35960
38935
27889
34374
56115
57644
33849
44769
56696
39925
24584
41268
43339
11894
16923
23778
30909
48963
54334
25804
3784
48157
13498
37423
9331
25107
46407
42114
13407
22209
32336
34025
43834
40808
50529
38181
59147
44643
42505
41749
38299
59970
25866
19133
6815
25718
20751
41831
20780
23872
47379
18450
6048
55963
16592
28529
28014
42075
36853
59682
46712
22194
13208
59924
52620
46592
28772
57821
18847
10358
29963
56136
56999
22856
20348
39824
27547
48250
5421
26807
20521
55813
35670
36928
3535
52815
43253
7010
6601
20917
59222
54440
25798
42107
44625
12825
9815
4967
20013
58546
27417
17196
12269
17322
9401
25360
26685
52668
28774
8825
9144
12673
41701
14613
3131
51002
48015
57115
50278
57181
55381
56984
52181
10757
33064
45100
4874
15575
3430
16641
28755
25838
8299
21354
57113
37042
53955
29366
47420
58645
42549
48559
3586
7954
46647
50337
57471
34718
48086
38748
49404
15123
36047
43339
25329
28931
9227
24545
58636
8363
20632
50521
57244
16228
20706
42144
37438
45666
46145
49544
54772
39308
3799
21163
37437
54346
6637
56323
21796
35402
4426
13506
22328
59926
34144
34130
21158
5744
46334
59438
53127
15111
53499
42998
57175
50830
36089
52286
58852
15149
3780
55866
30607
5784
49555
59998
44989
42799
42577
24347
24347
51268
57817
33679
52458
40024
38178
9128
43922
48530
7739
5170
55602
22492
53815
4935
42404
31688
20086
4494
7253
48995
11091
18594
45667
48409
6014
54181
4352
37857
3708
38004
28785
39283
6158
49670
24999
16169
15222
38532
52601
57745
15995
38137
24911
8668
30729
59295
15703
4386
6906
34765
40641
15634
15501
41752
16128
30409
21847
29608
6274
16784
14444
31126
49277
4100
43149
21807
30867
38697
51848
18126
15749
49950
45772
12988
11805
55339
34098
16235
49171
50807
11743
9250
48520
45170
42799
44380
33986
50797
38265
59707
30929
20323
23869
8376
9617
42952
17449
16050
16457
28595
57300
58837
58994
49387
4305
29038
34879
46414
19532
45073
58685
52413
26592
45789
28527
14356
48378
29578
16615
20344
9608
3507
50117
6100
49841
56370
35553
44389
25014
22432
11043
29823
38125
21129
12180
57314
44713
37099
18816
51421
42585
39211
42349
52114
3732
28727
13653
59872
30419
27707
11468
4377
25142
49431
5017
12168
27856
33862
25747
49999
53515
6070
24829
27979
13000
24439
10710
44683
34185
8596
3456
50473
23209
32245
40578
53008
54500
15173
7711
13737
54881
48244
47033
19071
53264
14554
50251
51243
31620
43752
16496
36277
42798
41766
34644
8421
12640
54728
41614
46635
12289
28979
48429
11073
49997
12922
27381
50064
36084
23995
38962
12276
3056
19155
26948
9776
15002
56963
40859
23197
12248
32894
22719
32672
41020
59252
23152
21514
4916
54821
43988
31219
13243
29361
9843
6482
25261
55386
11640
11050
15208
28979
14193
54377
54632
48810
43317
25388
4999
38621
50732
38497
33006
55562
38943
43972
33826
13114
32911
36901
42802
54693
59428
36063
39601
4913
31630
31137
14723
3429
55574
6492
39867
49078
45748
36866
27591
16944
43890
29327
46767
11762
59056
49413
14707
4042
22279
11668
25454
47998
20682
40882
3342
50143
49783
54464
45669
47679
57764
25212
33992
26380
53945
28238
35949
18042
43591
55557
3454
36382
55757
8022
27300
10376
39663
45749
48646
24604
49039
5653
31328
21936
37222
27892
56588
26038
25554
15420
17625
46584
26191
54790
34870
14034
55009
10769
41530
43367
13817
5686
49907
42964
10996
36057
18615
3142
29451
11837
43247
43475
52761
5956
19505
33206
29012
40440
42284
7858
57109
18103
58242
19192
13922
50735
22296
51660
3402
36158
27063
14576
9384
35066
46527
17411
49442
21238
29840
43573
6968
50652
18416
15782
19328
39987
25759
43681
7252
48586
3454
57683
33071
23441
40164
21931
55558
33976
37835
41604
17907
49331
37263
20206
12836
20590
15283
28250
12127
42130
40669
33501
27493
29848
16886
18922
38116
25901
31202
47370
42260
15901
37601
36673
21060
42416
47470
47552
23833
4782
59041
37024
37701
51927
32328
31638
29635
28832
43255
3630
8400
21743
28861
45968
46937
50567
51580
51870
44310
31344
40442
32489
55877
6610
4009
24973
52129
57862
57097
10075
38908
4383
31650
21201
40038
50880
49852
47006
36404
26622
27991
8447
14147
6016
13703
43924
27241
25242
27685
10519
46286
17507
55793
25865
22524
42827
36110
6339
8092
29904
13240
46430
53241
49174
42974
32782
6867
38427
42976
59664
55309
45549
55572
35748
45511
34177
51707
21707
57863
56177
25718
7569
51669
3106
27822
24518
12347
59821
53335
20417
6679
43677
17385
9616
40346
6004
52977
7263
21963
22692
30969
16425
19117
51900
51017
48558
15806
21869
39531
4235
21362
48271
8054
16454
11395
10781
7587
8183
21550
55338
41951
18777
36630
47073
55763
8434
9882
25789
14688
42023
51081
17214
35358
12068
4668
41807
17373
52967
12580
51121
57495
9202
57222
27494
21896
19796
30219
50724
37586
26725
31162
29271
15200
35031
30390
5564
34235
34966
37388
49311
43560
8224
58530
12683
52553
21425
45270
38507
26981
44131
42710
43690
35355
53146
33058
57464
23974
52544
16278
25606
40274
46246
46627
15384
30336
37193
35945
36286
50872
39841
15062
48666
8442
11793
46076
46230
35083
26876
41394
45046
37510
26690
21787
18586
50906
20760
26625
3250
5898
42336
21573
41025
9967
9262
16510
5339
28306
46161
50086
35942
43766
37237
14210
21912
10759
8124
32997
33097
5489
24180
25041
9841
33403
8347
18499
43674
44155
16472
46240
28526
49701
7730
30894
29676
19887
16912
22189
57834
40775
51387
46631
32550
23635
43590
51209
28248
17347
46404
30823
48881
18344
42416
10930
29490
40132
30552
20317
11325
37289
54681
30508
58709
8721
3334
33695
56977
46787
59502
42559
54363
14931
27287
13974
54056
27520
56375
54747
58486
51156
29894
34318
56171
52211
25841
20887
5095
22322
6864
12470
24699
4144
56298
57932
12409
52086
51952
6293
37243
48237
16966
56512
9360
15894
36702
9378
19747
49070
3153
32323
9062
19729
24000
57124
27374
33049
45761
26046
16888
49148
34201
32611
21615
27833
23770
28976
49531
56539
38848
41527
34148
52473
25628
47754
36022
51796
43318
15061
9449
42021
51993
49433
29373
56939
37835
35671
16008
23695
20347
37056
23786
40330
48167
14449
58918
52718
5245
15317
8945
25458
43368
5021
53325
8560
46322
39905
36958
46844
21214
23132
20975
48494
32457
44826
33694
18628
16368
20036
51953
27635
45696
40260
36183
3751
10417
30523
44075
58078
22564
40255
18697
30054
4660
43030
39048
54366
31091
45937
10614
58372
21491
46850
26970
18569
56822
43580
34294
36215
26926
46849
22753
31533
42654
58865
59322
27267
33247
39676
29038
4124
55838
27940
59112
29388
19685
42248
32894
52563
22811
54270
11105
38514
22630
49881
48609
50574
3306
21363
42093
27709
26405
21873
21446
14218
59008
57785
58900
56407
50431
6223
26851
7611
38147
29354
12222
53540
10331
54991
49406
18814
41046
16078
31326
50276
35588
34114
38619
30468
6524
57660
43600
12062
59215
58932
23862
28780
16853
3353
37342
13995
50955
7863
7864
39980
6959
16522
12800
35646
33387
29987
56634
35049
49483
16813
25053
38217
44106
19931
28007
46537
31247
33693
39259
21148
26270
24803
5238
16160
9488
20080
56445
28789
25499
7265
32946
23322
21416
17730
41329
51027
46087
44530
41779
9150
36771
20610
5719
58596
3045
34340
43832
52431
22547
56586
15038
18486
53288
4836
41888
10810
19210
50250
21981
25230
36870
17060
23167
43844
4917
43326
41598
29482
4185
56257
42699
25759
13848
21684
3786
39975
44357
41991
31574
50401
43619
57550
47501
37975
49018
37934
40787
14197
10279
33001
3259
24107
18694
51292
5355
16367
25268
9193
16029
28293
31576
32883
49211
30102
32029
26884
46612
17067
51988
8772
51934
20352
39897
59642
48478
52200
48992
47669
55092
53825
50637
45564
59234
47164
53936
55467
46693
32867
14347
27149
18385
48257
59050
26213
58479
11789
36088
50786
49469
45842
42585
41434
19503
57810
34360
34395
12663
35701
42964
48385
59575
30392
58963
28602
38553
49269
27267
15958
8370
45493
59754
45287
34835
47844
22919
18843
20444
12255
28482
13301
10654
3780
33332
18873
28892
41848
3392
21979
13512
54451
26520
46872
42641
42394
15171
50561
