2211
22267
11298
8673
19156
7372
11211
37591
26201
3673
43490
18960
50771
49901
3898
39763
44822
6601
48403
12324
50653
35012
58699
6400
16006
52217
18237
42834
49449
23242
52018
13880
47287
15324
46665
54709
43487
7643
15485
48111
30737
26976
28711
4732
38648
30553
18182
8212
21878
36890
58004
53694
40271
27914
56990
48533
51784
59025
43562
8108
6429
47740
4140
16272
10502
43329
22175
10699
33774
52960
40217
30421
43689
3052
14706
38488
48003
52728
7148
36609
55538
44849
10825
19395
29646
51865
26343
16867
50377
34052
39758
24263
33577
25668
36285
45360
49635
58306
28919
8123
24704
31678
31022
13431
8245
20047
56705
56714
28309
9194
5546
59372
21160
38631
23649
22093
8545
14813
40776
9479
37312
48697
50644
53728
27514
40731
32148
27301
5942
36185
45377
8809
47063
26717
14706
9430
43732
33919
10994
58085
40984
5465
11203
9484
42516
46150
41839
35013
43736
7464
14833
28833
22250
7335
36048
55344
37166
31281
15250
45208
3480
25088
45971
49211
38271
31473
36101
12739
26702
51354
32094
15749
18984
43017
57894
59668
28383
17244
56347
22859
54853
22474
24714
25459
37386
30743
3648
19062
31789
28224
44219
57788
18932
22158
29594
5177
11525
52468
18915
31442
23805
4709
18435
13655
53695
24414
49389
13291
12276
22553
46572
51792
38805
39122
31016
35551
55821
20603
27652
37537
22335
24860
45798
38154
14748
35033
6318
25592
43287
41243
19330
8978
3293
30524
18888
53014
33617
43876
28710
53486
38295
54231
15235
59948
29956
27454
46239
59828
39735
48699
5099
30453
38617
17513
21545
23180
47260
15644
4368
13506
36526
33838
22151
13074
24210
20701
55342
23598
54428
51516
13900
6769
32549
42635
11561
20359
53251
25710
59917
28362
36890
32807
16233
57526
19165
56411
11488
43902
28189
32431
10861
16222
14689
29504
11585
17207
22808
32984
46900
24099
55470
48718
20947
13574
20973
47484
34494
45046
12150
26305
21518
4282
23263
16792
8458
13492
13287
12137
36838
11660
58112
44054
38707
7378
22128
46648
52609
56997
27666
58526
49854
16645
35139
25486
47771
19859
24757
48346
3984
29934
43104
37715
50478
51019
20288
50455
50312
6917
19012
44933
22738
24010
23855
12587
10404
17762
10534
45657
6337
32132
8550
12224
3778
9435
39372
33591
47722
4124
43024
16941
45435
31040
9932
47527
18409
10349
23546
15699
53217
33770
23448
17884
5148
22977
58857
22102
57944
27925
12566
24425
57135
19096
52554
34210
27729
54027
32451
58446
53101
30455
50968
43701
28342
7824
38753
3345
55065
11993
35306
26836
21717
45408
25439
42018
20671
10862
3658
30832
7016
50116
5467
58215
36136
42571
59681
50799
35674
38016
42324
36945
6344
47947
54172
54676
50257
16803
59819
47663
39093
34664
20059
43907
17885
41520
31860
10203
31041
27453
13751
25502
14506
44334
28056
40345
58496
5738
39011
59999
31193
44022
53831
57310
33225
32683
19111
55722
27718
20064
14603
19796
48440
34439
46403
5107
7908
17242
19613
38856
54248
49722
21547
30301
38215
55727
16196
45938
48470
40556
50650
9651
57212
53785
49013
15134
40755
51641
5422
48628
48858
31299
19035
14583
5405
9804
33149
7393
5642
44846
24156
49529
3298
3603
10483
15970
3362
23597
19754
25092
26101
43390
52550
19545
54567
38252
56633
31436
29543
48872
33919
57720
46645
58747
48625
37985
34581
39114
48042
38088
45375
40303
56374
5491
50134
55716
36617
50845
44726
37899
34488
25108
11712
47384
45704
53507
31161
8505
10674
32253
7682
45154
25807
31761
32703
47537
24165
10336
34687
24024
6156
37433
3870
16968
20229
34806
36112
40119
25624
10617
47456
41336
33828
29647
26797
45600
9745
12582
40022
30231
15061
22669
38755
18543
43988
58132
6456
27322
37624
9106
53197
3150
35476
30036
56021
29336
20556
4134
27232
18329
42298
13094
12081
41855
13475
39996
31576
51223
38341
12099
56067
31672
47591
32874
8625
52490
19717
9540
15863
49019
22892
56681
58767
9247
17301
42706
58196
3327
9322
3521
48559
50076
33553
54031
34307
54262
14569
22738
35016
29728
13451
20511
8275
47182
33396
28212
33644
32005
13686
57657
34052
39322
36262
13688
57113
10722
33413
36194
36309
6569
59580
11126
48324
29711
18661
40477
43237
35104
29601
25384
19540
54673
18158
38169
57487
52193
59335
36450
6262
18563
33232
50157
58603
51732
40469
48578
23153
8454
15205
16005
55489
47496
24285
3933
21298
17103
32433
41935
23482
28868
54141
3009
16902
4133
54982
59984
7529
42919
21999
38674
18782
51201
54662
33281
21554
38729
51114
18880
59245
48965
46572
25088
33156
29340
22141
12526
28762
41806
48174
16956
38140
42002
47178
8914
13863
47292
30276
30430
42602
45990
32559
48670
46787
37954
43300
36030
27038
40281
28107
37999
38767
40736
53980
39894
31637
7485
49752
56883
20845
20277
37695
57080
26335
55177
11250
29847
14587
22434
31260
51677
46848
42238
43733
5877
19064
32270
49689
55734
20683
21954
21336
45138
37500
58020
28506
23620
58194
54866
47287
56431
3995
53019
30735
17282
5445
13872
13899
45146
29023
57978
11098
19464
25901
23812
52811
56776
33661
41832
36049
31186
11407
13877
19330
50042
6249
44249
49735
35888
42800
15667
55580
34766
15030
13282
50037
7019
22787
24431
45899
53151
7983
5912
35898
5508
22447
4794
13898
46654
30802
14952
45851
44167
57481
8878
24893
38749
59711
32920
5252
20856
40013
3358
39094
59580
56731
54376
14193
19174
16580
48450
4325
35987
54616
44267
46058
51064
49640
7574
58049
35590
9279
18051
36015
19966
27125
37999
55519
45944
14852
37115
34517
25231
44956
4084
59534
50882
33412
39711
29031
18600
53560
5560
24093
43269
26837
22448
15756
56017
4900
49923
24576
44113
12379
43459
30249
27023
52630
25988
43653
11636
19204
6765
56442
32245
26454
46985
25592
19694
41374
24710
35673
28772
44937
56718
33939
54928
10629
11281
31321
38165
46210
28968
42729
9619
59651
38049
13636
24292
53994
20481
24197
15148
44992
21973
33824
39332
30730
8014
18488
36531
24072
44404
34746
23248
6670
18811
58050
6704
23027
40400
43991
14798
56091
16593
29111
39997
7032
22190
37193
25542
17742
42083
25405
6384
33988
3267
21227
38097
18009
33901
51273
35426
15267
4756
44999
44484
22320
21309
42366
51796
56932
19202
54764
4045
58182
49964
31034
18930
50117
38916
22218
55438
38740
42014
55877
29383
32155
13215
57380
35143
31336
11850
25053
30547
52159
9761
30510
33939
11009
13423
10187
41445
42294
49430
4695
17172
38867
5311
24448
22879
20310
47284
26267
17234
46980
37948
44576
41002
56070
36288
9504
37725
25223
55268
44243
58102
46586
46278
22657
42599
18835
32431
45408
50445
27452
40802
52706
3504
10396
50830
39884
31378
35957
17925
19385
52008
25590
42970
12894
28345
13056
23866
10265
49264
45262
41061
32488
25595
56681
30839
43927
9300
27183
53870
4301
8035
36269
23639
21621
52360
23687
54656
50850
25251
9858
40670
31085
49099
18358
13451
59826
59620
48696
45318
45217
28552
18842
48059
56105
10305
52936
4764
59854
15472
50335
27315
3917
29346
24828
8208
30459
9119
4949
39985
38826
34772
11618
31205
29964
23738
59520
14469
18852
46671
24088
26765
23340
46539
49053
40999
16964
9145
52832
40069
45684
21626
50362
13063
18431
7958
47346
4256
34115
49921
34948
14470
5254
11355
50703
55095
26504
9932
36527
15693
32830
40657
52403
49846
17422
29894
29514
27537
31543
44247
17124
9460
21726
55059
32862
12916
33981
31640
38369
57230
11198
51883
50826
52326
46635
5271
26454
45549
52937
46510
30582
14615
57162
18009
46365
10520
11363
25718
24284
15685
22888
36164
36245
54905
45055
49304
58193
58498
28986
30275
24691
24087
25079
19525
33732
15993
51972
50658
44772
43406
5996
16174
17730
20425
55168
32295
27973
59549
12822
59754
41398
11814
30327
51251
27556
12163
59073
26772
21107
53363
21009
45126
59667
38570
56460
58143
8341
6109
43832
16864
36080
29550
20835
44163
55700
45945
46763
58746
51342
43218
10150
29381
4669
34600
43743
8573
12536
56295
6209
27530
19585
10176
17836
38299
41426
35133
54199
34723
36027
58425
35313
47074
18828
41189
45572
11768
58170
7036
27617
20206
10776
32289
48235
32611
57349
48195
27047
30535
52308
20037
16687
21900
3344
12693
42927
22757
29125
44625
26810
51274
52291
20470
57700
40056
10041
14155
4285
24962
17520
19850
4530
49507
13599
20307
40833
37684
17305
56877
22746
16352
56817
44545
6171
4228
20181
9453
53368
20825
12731
16610
32413
15185
20888
19361
25402
59334
38289
16533
23283
50144
48120
10500
40117
35555
44761
39326
13891
45069
49619
49236
25608
12638
35506
32272
37148
38452
5462
51359
47235
9141
47046
26822
36545
42237
38837
40945
28745
34796
32711
16208
49179
23811
26626
4824
16704
57378
38820
39187
5866
16627
40893
19956
58407
13167
50654
8312
34237
46131
40833
53090
50809
24166
29571
3852
6816
52034
43601
56886
11273
9463
51379
53704
43475
43599
16446
19358
36477
6598
39701
47242
36245
57957
18962
6966
43075
13753
24275
51395
10676
23423
37705
11280
36300
17440
18212
21605
33294
8587
24529
8492
51113
31588
52526
55053
33223
5244
46246
10678
48445
14738
6289
18955
45181
53730
44213
48008
4927
58124
29138
36654
4817
17768
45183
30245
47757
56906
19276
31723
48180
34514
51091
57531
17037
50230
47867
33665
54555
18432
28323
9998
37119
12090
37199
28301
20903
13638
14126
45453
53984
10723
58166
22472
38022
43957
14954
55283
5922
9961
25915
15060
8199
16803
41006
36114
34248
57705
42356
11085
52928
21101
25220
25739
25064
58905
47098
32444
55469
22817
49735
6710
32545
42011
48809
45194
51340
30488
6964
44078
57697
3574
6026
17657
27881
44486
58693
31772
23783
34073
6274
40373
21431
10245
7142
24634
13542
34373
3148
49616
25860
8434
12700
18215
53199
12190
16477
58703
38065
36998
46443
37920
15118
8489
5335
49616
27057
3151
9680
36527
15663
21503
3868
25067
45683
45081
32495
17819
18087
18965
28477
18206
12958
39659
52135
55715
29958
17415
43460
19154
37136
12394
14734
48122
47521
47174
25580
59934
54822
15371
38422
48600
36351
41085
42646
31369
21492
34655
35992
49084
29962
5316
13278
46476
25189
42437
52538
3009
54882
45686
24354
9027
23758
41934
12810
33546
56445
12331
36604
50907
46005
46451
37580
57894
48376
22673
46600
40030
10627
36296
22682
8946
57530
54259
30136
6858
36265
59275
29245
43992
54693
59469
14184
47090
49251
38433
50111
44665
12435
34899
30733
46827
27163
13577
25504
22850
49206
19471
28348
14117
17445
4330
4050
43069
48580
28943
28688
21959
34310
15738
46074
3918
56522
7739
50075
10642
13831
4719
6282
10213
21555
41361
6030
35200
7151
58993
56391
51782
11049
32053
44080
4409
26852
40016
18551
10020
31681
25548
46303
33821
37446
51039
30629
10233
17956
4074
48529
27003
54013
58993
52084
35828
8572
23769
41289
19702
51428
22884
5820
52895
30202
52463
18897
10689
24862
22174
43266
38030
49491
7829
11938
42989
23061
14274
48722
29511
7255
27090
8307
39037
31419
37361
33702
10170
12535
20836
59000
45776
58637
9919
58835
17789
5488
34661
22634
56852
18345
54950
3176
11337
50905
4196
16299
8673
24690
15961
20485
6218
12145
33568
33691
19355
13203
31683
53893
19147
55981
31395
3525
50981
26800
38638
11806
8178
11016
30532
22714
16099
31812
43657
28732
47844
10897
35978
54653
52726
59563
26212
11633
48308
21663
53104
52855
54135
7101
11644
14049
46729
57221
40074
56892
51414
9250
36852
5762
56415
14270
3808
56136
44225
55227
29181
30192
5625
24752
20765
35936
6645
18155
11646
41728
3349
57902
22547
4268
50569
5029
35093
48200
58232
34768
42477
29758
35673
42981
11698
55580
41609
28243
32814
24348
13242
46583
4911
32347
25050
50568
31158
6526
50650
7586
26106
3951
5266
13450
45416
12040
41565
31218
26559
14630
57392
10861
9766
15306
49159
54811
50233
25818
48886
15213
10648
50593
38420
42543
42795
42815
45981
47093
24923
27093
26349
33230
49041
9988
51225
31732
55049
30786
39166
15112
36142
18229
34282
3034
45359
37417
57061
46971
30727
25692
44114
18347
35858
7124
17495
46596
29405
39681
39838
45097
54051
43812
45341
35000
9475
59258
36957
55749
9872
5775
46113
58479
42057
51926
18485
32900
34574
14304
44295
10589
24676
46251
16771
36634
44222
17287
52905
31218
44415
24189
47953
24239
56919
7796
8356
48538
16895
6366
41698
44270
21003
54021
7431
23838
18792
5731
54020
54537
10952
24177
11092
17596
51473
35211
23872
40887
4926
43938
31307
37614
32517
16196
43073
24230
26609
13841
58379
53333
33834
28514
34194
39186
46330
11175
53083
39361
48999
43199
33297
18932
20907
47666
18655
35060
29664
13495
50738
12126
26349
10918
54768
11799
49988
25250
22512
44173
46698
42147
58197
35877
54057
54587
55948
32252
39720
50848
25846
19789
10690
10060
22670
53068
25103
26602
28287
28306
20664
51561
36305
23861
16803
18654
27456
48618
11219
36616
13177
18308
43824
52883
20832
56627
57252
14833
15710
29379
36272
18712
14197
7074
26194
17205
25324
32688
38076
17309
36040
35078
47566
11748
39041
52554
42273
57267
20259
38780
12323
46305
53862
16632
42264
21547
19646
26718
59483
12365
10352
12493
13526
21020
41808
29679
14182
55980
57001
19530
35902
48961
42776
26866
22448
48565
3831
34081
55178
28125
45286
27382
45685
57579
3094
30534
17813
48469
55643
32581
10366
39430
18367
56331
58455
11020
31573
57690
15655
56498
42709
34133
31788
35209
15139
12089
29849
46115
43116
58433
43682
47583
32650
7703
9128
13861
57373
6980
10205
13261
53680
38343
18508
20625
29781
26492
36691
48012
52109
45902
30721
55504
19020
10577
21028
34346
45168
26826
53048
5195
3043
18091
18598
25973
49989
6857
16869
8012
26637
57614
42010
10759
28636
38574
23845
57899
49245
56607
32124
44401
56210
3732
22385
34867
10008
