2242
49083
42655
16656
44575
13180
49811
23019
11809
19857
10413
32556
58785
25608
36087
56577
37932
4882
57544
51382
42479
5928
51779
38638
10959
17002
30515
38641
24495
43370
44718
42858
12862
22411
8206
40146
5066
28880
51770
28615
19942
44703
34309
46829
39012
59658
48848
23410
9124
56194
51398
39284
34748
50354
40285
22840
31953
54132
55157
38405
35359
40342
3284
22061
34597
52569
13459
50590
32562
12681
23845
24311
34220
47601
40061
33477
48404
9122
32207
18420
3220
49096
48963
43069
50577
37570
37262
51699
44457
20538
37774
12011
18797
35254
36932
5782
53614
24735
32768
10287
59178
40357
59027
40145
3464
36537
58387
57134
29465
8284
9736
34417
18766
5775
37943
42639
33328
56800
28559
37266
44143
30776
44450
36757
3275
5312
57106
42426
58318
52133
34780
52508
56988
52196
3496
16945
25156
41019
51485
29463
3427
7972
26104
12765
6490
10721
15303
5011
9070
34725
45285
49354
35544
59413
51688
37629
24981
9054
37478
47125
44312
34213
46589
14933
55566
32284
21116
42928
4572
52541
28101
11646
5087
20583
3030
10105
34101
11890
41435
28173
52662
36911
37204
9839
46973
39262
37314
46691
47722
41861
56069
27858
20282
20100
15468
36082
41854
41067
40380
28897
39470
59527
24377
32661
21771
10453
36260
16437
28789
51246
9947
3877
35103
47082
45259
48936
32523
6367
50617
36459
32801
19320
41394
47801
16575
13164
54713
31527
3600
25430
36553
27256
53669
27881
7086
4941
22219
39194
47813
48980
16632
5847
51247
58944
7093
16865
16841
54338
26506
4503
54835
11176
16250
31481
59564
32707
41952
13632
29367
26835
32816
7317
33665
6094
33813
51715
37002
25372
18268
21107
59138
34674
9394
56186
3839
25994
32327
50605
44134
43293
41767
20817
43194
41175
56636
45706
12874
26888
50639
27143
48519
25409
54129
44083
20812
26068
41126
30592
13563
42833
38243
13045
7291
47369
26706
4251
19280
13570
7847
45488
45170
20533
17139
51107
23546
29901
8273
4131
3974
24496
13618
6542
55979
57479
35983
6123
59778
41183
55174
24069
20208
14460
9541
26027
55095
8044
29826
6057
22034
8599
29795
5986
53140
7705
49271
27234
22238
13502
47487
18565
34611
54466
44854
18780
5365
12929
26424
15413
46225
35747
22354
7951
10741
38200
27998
36578
18130
42941
47743
57550
50269
7387
25321
13843
23152
50348
39633
47338
55276
13640
20802
12270
11243
26878
49695
7233
50856
48500
14434
49301
57953
36248
4264
20323
9378
24955
32836
56478
36867
32228
9336
5541
43423
43849
45728
6154
22745
30466
33843
15825
49210
20298
29237
55230
39609
40792
35822
18914
32475
55430
42050
52406
9780
8589
23058
40682
7377
13946
19038
15929
19701
16879
33854
31072
54604
50154
47032
59735
24952
23408
39381
52615
23137
37769
24922
41714
45678
58750
45807
32005
53178
59163
35700
40419
35264
15126
9088
41596
10316
17808
41178
8628
18354
35478
22191
7372
22889
9159
41015
45626
12476
40510
54721
47855
5531
37117
43949
59555
32857
13620
42648
48430
29266
36092
25065
20648
41753
59212
31684
31145
51451
3045
27138
58608
33942
23942
34171
37394
52389
23550
19472
18016
19409
32483
8864
22960
41012
45400
49789
52590
49814
51743
3021
33777
57332
3007
24700
32392
32081
32392
30031
14626
48578
41309
32387
38506
16214
5560
46278
24427
17657
5825
29150
33419
50413
28310
34615
8437
53079
17709
5375
51554
17975
44783
54055
46611
13167
19696
29920
58291
34022
46867
13103
28912
15181
12259
21108
19194
57274
14823
40178
13800
19182
17433
21837
22231
43236
49824
50213
33286
12800
36390
24505
39726
12021
49441
27125
6297
5578
41329
23325
31590
23949
18324
36251
32823
28634
52848
56668
32328
49020
10313
27279
33285
18134
24890
41518
6179
17591
17434
15611
8927
15965
26372
59655
19737
6902
30622
27845
55698
56697
41374
8708
6376
38412
56769
46097
44434
3027
56618
56507
47141
38439
40472
22551
3456
55351
12973
9224
16346
52110
51558
24463
40336
9716
7932
51997
45620
48088
30829
40782
57500
10346
41701
46934
11936
8300
21109
47747
27573
30174
43809
10542
55896
22159
9206
8320
17111
56153
13123
25927
53893
11209
25991
38267
14468
11288
23248
50866
27756
11592
32102
32482
19822
46282
43154
6475
47131
41366
56596
5190
56115
39612
28968
57710
24154
34040
38023
8665
58613
6233
25088
34185
52101
31640
28487
40168
16272
21700
46269
26111
16112
21493
37723
13319
44582
4497
5313
50556
57683
3665
5580
38345
33185
37901
11066
37298
40271
12178
55292
57770
57041
35148
5112
9771
50253
40501
42142
28548
57871
22907
43382
5159
14296
9091
36215
26914
41069
35759
19113
50103
31751
18694
57631
4765
14731
18767
54475
26082
15816
33569
34814
52254
16580
5552
7795
35012
35405
38456
6412
52144
9938
45566
36764
39315
59722
11159
43663
11972
44547
3636
35509
31714
58007
11718
34447
28001
34427
9000
16823
29543
12609
26385
59850
37931
29787
42782
3017
6338
41795
44209
27395
25334
46435
49162
37917
19744
26381
33399
27142
32544
36062
29823
9354
29027
41307
35861
50870
19596
17562
9205
16346
6601
44281
31124
5955
18866
17125
22211
56297
18785
26127
48840
31790
8267
44279
39880
59334
44685
49063
55759
26971
57614
27822
55601
17959
44462
13243
32608
23659
47737
31509
55767
44774
49690
5002
22589
27852
38572
5387
40562
10761
10224
7683
21595
35063
4687
31173
36206
18645
42177
35018
46217
48542
11087
10564
59588
6712
32225
47644
31346
43146
13732
21330
8170
42225
57355
12891
26442
46855
25971
48996
33770
49445
42416
50516
5317
33192
6499
55616
33151
25567
47182
57013
37636
9022
43965
19220
52481
15727
57075
37686
21300
22719
55638
16936
26305
52327
7362
51470
31572
19931
59180
24486
30313
39920
17905
32259
44445
36503
15834
59780
37693
28273
25393
56688
6393
49602
44474
45890
25027
55193
32216
54631
21561
28640
15058
8437
18679
4445
36276
41751
37751
52842
55101
3154
58426
14757
44891
13099
40844
38327
56313
31266
16427
50692
42725
15229
15699
11479
19553
20273
26388
54596
24249
42624
11839
26634
12904
30261
54086
56946
31839
46912
44062
15495
36339
4638
16478
37172
57395
19918
20353
44949
38050
3918
46190
3863
55399
34063
43118
15737
16668
44281
22345
21985
59826
43011
50488
16719
25372
9995
37570
57863
58115
8823
5261
13777
46344
31383
54835
29339
26422
20813
22444
8734
47468
44283
23545
33252
19615
11826
46535
45962
23120
14765
7479
47188
43617
42757
45760
4032
12473
18671
53782
33846
39843
42682
33641
6797
49363
45117
4170
3515
30560
58593
42285
28829
32816
44887
6452
28483
56291
12422
54308
20261
41710
57459
41186
11950
42043
48374
58292
25507
35969
33940
8057
37381
40315
46772
16362
11495
16950
13588
18758
3494
38623
48077
12152
8559
12253
49771
23007
4650
42856
57088
13697
3631
17093
37835
59989
34520
11043
48743
50807
5919
43712
47415
56250
52739
15674
53703
50679
9677
23025
38182
34792
33981
28978
46482
54370
28925
12309
27727
22478
39594
15082
50077
17137
54512
35810
34394
40767
9964
34267
58030
39389
14159
41297
6641
20449
49957
29335
18984
23639
29312
24468
10071
12156
5628
19686
21612
33383
17168
39647
14404
11011
25689
27674
27203
50339
43532
35666
14951
31758
30928
9786
37429
45321
6408
10532
26998
16237
14636
21260
44139
59117
38839
29815
43685
52663
22943
4313
7085
54580
16545
55488
37037
19328
35326
56808
43701
41030
17762
38401
38891
7951
32942
18892
7286
26370
35962
44538
22990
49105
16209
18498
49402
20438
16026
39619
59967
57119
22713
43655
8571
4394
34104
5614
23107
52876
42057
8174
22859
33149
55960
30803
8214
46920
57943
3047
31024
41809
36719
51078
33306
7896
35917
20078
39888
14519
50864
48042
58839
33497
52725
42199
49379
34273
48152
31596
34991
20288
42080
17355
44828
13509
12063
16601
29575
46698
26086
23194
46824
56295
41205
15532
40019
32712
4258
36733
26652
17104
38862
19904
47520
32758
36542
15679
54682
21007
50609
16133
24274
32782
35704
14366
45743
56884
19061
11903
19331
27912
3028
31600
10974
4174
21125
59600
59307
36642
51051
22058
13729
29663
34203
55749
37562
12788
48538
11015
22556
3008
27675
34246
10648
25107
53486
28394
54708
47452
25012
43737
58347
14127
55623
49014
4786
37213
9239
57976
7444
17397
38459
46186
28431
36397
14312
45707
8417
51185
36509
31344
16558
55476
39424
20782
19656
50363
23281
36140
38730
43169
25440
11297
35868
40313
14701
5142
13529
31080
3083
59491
32971
16209
7983
59906
54871
35712
39228
50745
31444
49595
20655
23853
36553
11478
47555
25303
54511
48109
31536
26500
57990
20416
3339
3493
56945
28972
4860
15203
28319
53234
31352
32165
8880
20730
4975
39064
55602
54981
6738
41638
59459
46380
4958
52482
7293
19047
32892
26770
51239
31977
7425
45035
9329
35968
47747
5866
59260
24988
9742
36621
45618
41224
21721
32061
46386
6065
24916
53195
33174
5306
43105
57940
28522
14870
26169
41771
22992
47270
43276
35469
35958
10610
29547
7326
37739
51319
55461
20709
14385
7140
4465
16293
15144
56955
44038
31088
23166
28002
4145
14714
25925
31476
34820
26281
47751
38929
36091
39680
40810
52857
35073
52884
49619
4070
42472
29068
56776
44877
30603
54903
59710
6896
7968
18754
51316
44066
52055
8139
23346
10652
4803
40119
22680
14080
28211
47836
23954
38138
21283
19276
24721
50872
11068
34285
27454
30397
32523
54145
54747
36387
47342
27517
32370
24189
46992
47360
6549
47330
27757
15207
37642
18286
11848
57171
14380
35896
18901
45341
10070
48186
3981
57723
53991
11356
13512
29802
22035
16304
9791
3284
51730
27641
4989
18931
32158
27108
28113
40731
24612
15750
46716
19723
40628
42066
32246
14564
27214
18868
24473
35167
4270
9160
11841
34745
5554
24699
7067
29135
41409
46639
12332
24714
27693
3231
8789
31393
16334
45857
22889
37407
46054
42332
24927
41142
25394
57876
43883
45140
24751
12261
52939
25697
7385
10243
12280
10840
43760
40221
53506
38961
46771
25361
6232
37768
44154
49120
22481
21709
40143
22876
24823
23825
40832
58762
5584
12066
25977
55945
28935
46257
26871
25834
55868
12155
16847
39086
32847
42066
45753
48298
25266
52328
35428
41772
12990
39497
42236
41478
15129
24233
51955
47525
6998
16957
38477
36859
48097
59866
34250
10342
18352
53451
26461
12453
19381
44625
37728
9087
14776
51597
11553
7594
43182
39133
58909
18101
15717
52999
9010
50367
23271
54873
22938
45125
18764
53824
36416
54977
38468
31190
5947
22234
11890
14041
19128
35111
36707
56613
44194
32295
16981
4519
49642
34462
36304
51520
19790
44874
35543
46851
7789
10899
31394
12016
49176
8687
24241
52079
26287
55796
20309
20151
52422
24432
42116
43021
25189
18085
32032
58679
45943
11091
6452
4915
9850
10537
4726
23392
31931
14348
28696
24997
30360
56492
34023
40993
17907
17023
24361
49583
54071
25783
17636
9268
4953
55113
30831
10051
21797
37393
27518
55460
50297
12927
41968
27055
23832
12224
11637
38589
26840
16590
19464
17106
51229
23061
44434
49598
34492
4973
44783
58774
41704
38709
51183
35010
14077
7338
36619
32482
27394
29366
58954
9635
4371
4329
25988
3974
25519
10710
53033
32844
59376
27408
50655
45568
9447
15308
32659
12390
7979
50887
43580
21154
20544
14837
27060
3877
50697
25111
26390
44286
32657
9801
34353
13926
36802
38950
44510
24684
33118
59924
5835
25683
37736
56288
54470
37756
13321
12166
14583
44369
16541
49857
36511
18110
49316
55538
6757
20074
36350
55817
46695
10586
14498
22411
58596
48938
35408
30317
29019
23641
53465
55070
53558
10816
46529
44369
26833
33695
20208
25024
56683
26593
16228
24674
38061
40525
14337
22361
58648
41946
13310
21753
30656
32913
7177
27084
10952
16625
25715
4835
5811
49309
48657
47064
22243
21833
53557
9622
23570
36533
28630
17497
3570
18089
22224
57097
25234
9442
28579
44490
30279
55304
7936
51108
8359
9813
16104
34408
18534
9272
6759
29631
3718
32215
48971
7956
9647
33445
8560
35162
56175
54393
14803
15493
51469
43120
9599
41425
34686
35963
5948
8335
44824
37038
9238
32501
50338
38586
45357
10303
45063
6913
30356
12684
39116
25377
31266
40883
10186
28721
11153
39479
26641
3479
36307
47633
49814
10053
36131
3934
34437
19915
19559
22249
29069
53595
4117
54534
28168
25413
11603
31831
9541
3894
51468
17014
27937
23801
15744
31908
21876
39861
57269
37605
16238
31290
58119
56021
57752
5472
12749
4559
57912
8407
29314
29592
5225
57617
43966
23051
56292
45449
29897
36503
30581
53013
56457
21574
40894
41339
38307
36985
37709
37847
46856
46391
8015
17480
51425
51645
28556
19640
35420
49523
7028
43811
6947
10053
11104
30981
7607
19254
49324
52302
13843
36685
35351
48767
21391
5243
17610
51440
16971
53175
22475
44705
56024
36515
21817
32701
46651
59129
40835
24658
49179
29240
35103
27415
30080
20213
35911
13542
28366
20302
25355
22678
53185
52439
30277
20970
50072
48425
11293
43258
57715
37356
48799
25758
11865
16221
5235
18714
50117
19661
50978
5197
19281
10292
3710
9289
52427
23245
41196
20591
11802
31455
14760
17064
11396
9580
22018
50452
26238
26747
15940
56273
35546
38717
58353
44103
12361
36024
42048
52556
45108
18439
33599
52449
24564
53656
26507
40843
16032
19024
58204
55659
41051
21542
21138
46621
37832
51762
28179
50533
39546
51623
20539
49870
11171
57934
29371
42490
4311
40546
42849
18775
26285
53034
21493
48699
30651
12476
57287
28195
36602
55994
47987
37827
27225
6463
37793
39487
7644
7009
15572
45609
39687
53191
16141
22902
47645
26471
19725
21204
3877
17473
6625
28142
7312
23426
33314
55611
47457
48835
34238
51815
17363
35685
24089
16760
4217
37852
6782
41239
39047
53687
14545
7377
20179
4885
6274
8539
51615
56516
21942
55779
12011
55452
15811
51201
16513
20320
53234
29006
53180
52211
49358
39680
45026
34592
13822
31726
13650
4140
16200
48962
55947
28187
33988
24782
32134
39313
39444
6281
9552
47603
59434
56622
27746
21708
36426
18442
17890
24825
33134
38198
56878
6179
