1138
51961
49115
19475
11014
53251
24038
5769
46033
54326
11248
58761
15839
39015
18341
25671
46210
29994
54226
52722
45607
56382
31058
5003
57051
37151
14607
15309
5237
30776
7300
51723
27695
43032
39807
41389
38062
44055
6757
17236
4340
27812
15766
36705
35182
3672
12678
34713
34686
28979
29547
18210
50786
13090
58169
5853
28192
57424
15569
42021
45874
57143
29859
55114
56245
36486
32344
12005
22103
18718
47460
29018
5613
12510
38450
20752
7435
46324
52832
57639
29325
46120
37024
55100
49523
18704
40350
7859
18496
48082
13952
38733
40485
18982
17851
32830
45072
42839
57244
3708
27694
18510
39893
10180
50169
24038
29468
58465
28542
47233
50422
48775
34104
36765
26743
28524
50512
14710
42310
36786
43841
56022
32241
32453
35540
32511
42369
40517
12389
21201
46028
43939
7630
41907
45824
15384
52403
59340
42421
35569
38125
56737
50370
53128
35041
48706
29574
38390
52335
49025
36795
16480
45924
21206
50256
41629
51646
45457
43099
56596
23264
47044
16294
19433
22054
51885
12279
23031
12648
33254
52797
46812
10638
42457
24195
51699
3880
23010
9853
52828
3967
46686
38855
3891
37597
36602
42985
18066
6450
30867
58934
25052
15408
12465
29932
57561
14305
10258
55311
25549
8307
3276
43407
36477
19036
56116
19952
12445
27645
21599
8105
53485
15577
12457
22288
41279
27828
10640
56359
39771
36825
46517
27900
42924
31168
9579
15659
42403
16622
43281
47202
48184
31883
27019
58685
41183
56423
57284
42758
5996
40696
31249
31678
23979
3107
13358
41396
32325
11957
4805
21049
10146
4134
13624
48187
10905
38811
6301
6882
54416
55264
54041
37045
6952
50850
26417
7964
30625
44966
55049
26500
5344
12420
40704
37684
30950
3618
8395
55551
50905
45903
3569
28625
31638
46159
34498
19270
57117
6770
6335
34512
41520
41139
29038
21919
30072
47981
3628
4501
14169
28759
38290
50459
16277
25758
40059
25697
44402
6873
53439
10736
48620
16668
57272
41895
21355
52862
28204
23369
15633
28236
49680
54209
12359
51529
10813
26920
47960
8076
56327
10742
13641
57379
33686
5158
54401
19079
39744
44780
32065
7429
27420
7079
32191
21127
4595
24954
55973
45175
35318
7932
23944
53073
29958
59744
40933
30301
27759
8314
54488
43414
32369
15878
50712
24119
7988
31818
33792
6975
58118
3149
53527
14904
38787
42399
44093
26063
39956
59906
59334
36871
55582
34503
18145
57389
24186
39199
7547
49010
45111
50619
25366
50142
52246
18604
51155
52238
20101
9849
57492
42584
17285
34364
17675
7857
32732
41447
58683
23831
11629
44954
19301
49887
28236
19800
53269
18633
22993
40407
20795
35210
49682
52331
54223
3427
8295
3488
56195
42909
44614
7639
10553
27693
39870
39203
21856
12231
21588
47603
58339
30382
24930
53216
25853
37607
34430
23716
29158
15363
10073
51943
22743
36363
4491
25748
46498
19139
34747
17203
11931
52327
50581
21898
38282
14755
13074
46692
55370
57084
12697
59749
25861
57024
20235
40646
48116
7311
12406
4726
6027
29450
35997
4613
25844
9488
13355
35102
52967
45403
51525
10616
40986
10874
6264
30401
51288
26168
9681
10016
40467
45815
6057
53325
56161
4670
57992
42708
33674
39772
9019
16893
33438
34856
5523
58191
35454
53798
47220
6847
9159
15813
22760
14266
46709
37938
36386
30279
31035
12178
27760
43118
21247
13317
29345
6787
3086
15529
41960
38841
28247
51188
30474
18859
48376
36710
30032
14872
16239
8368
37864
46973
52860
40135
50283
21522
52863
19035
12107
5734
21210
40460
17888
41128
15905
6589
18620
45937
14445
17183
20865
42918
55844
36467
4968
32243
35357
29048
19303
17792
50238
17362
57456
44816
58387
17807
14636
59211
27908
29574
56705
13456
7440
28165
20194
24591
47726
6114
44811
38523
57568
39817
47061
21773
36882
23868
30774
5534
47593
18753
7895
45868
55708
49766
51665
47466
8214
9645
15015
50680
4797
35541
51546
3014
32056
49169
19409
48227
59742
34035
31444
4465
12082
15222
39703
50185
40800
46564
33325
24883
39090
31485
26323
4713
46112
18350
51944
8996
25569
53305
53088
5338
12951
20512
59447
11543
24733
40599
26441
49791
6595
51628
52835
34105
38747
20127
38530
38063
7542
53238
35318
38960
47523
35934
57404
8363
28692
40899
12163
13360
12718
35975
22728
45001
26745
12422
35761
10419
14066
39341
30969
15042
34852
51957
42885
43637
9088
9657
15263
3859
15065
8963
37297
32214
10757
6768
9844
38618
33412
56759
45128
15359
57523
23313
43124
12331
28605
3394
24217
42231
34428
49230
27465
9024
15358
27520
4344
15766
42426
19288
15548
10735
18945
13046
34393
45614
39587
5679
55827
49467
40537
31193
14379
8280
13573
9727
56443
53077
57092
30247
30549
24482
37619
57828
45052
12462
31506
9499
15567
5716
15550
43461
6663
38647
39589
40959
10398
22576
5950
46129
41875
33729
46744
26139
53399
14958
23468
41782
14591
16994
56187
32659
38889
19836
31430
35188
12838
53967
26687
33539
36320
42982
25680
3908
14643
18240
56331
11116
3953
57469
28653
17082
27895
11428
38209
43162
48740
45147
25341
32439
33859
26731
5376
18825
35804
19331
45763
32896
40651
40973
50957
10483
57104
41453
47494
52103
31150
20400
47208
17905
58497
57744
37689
28896
30254
49199
11716
5939
3425
23839
9448
7224
22024
17619
27369
4614
29209
47019
47017
56861
44223
41421
41634
48702
18867
51523
16076
24512
13017
47725
11406
54151
43513
4707
52211
48762
22918
7482
55272
50218
31137
25754
8256
50438
17315
45219
33393
11356
23276
43595
6938
44910
52394
17634
35115
43184
5033
12843
25625
9274
42009
41233
34633
51584
11008
57648
43143
55400
40297
19440
57575
35963
53955
15851
58614
12593
58864
20387
25063
27946
6131
57734
27042
7747
52333
46520
49747
49412
44677
27935
12348
21741
12394
19967
57453
29323
27225
46536
37950
44655
44901
25316
53387
10322
22973
50935
27931
39546
20245
24492
29144
36472
51468
34839
35169
22402
28671
7193
4275
52676
20323
59915
14204
19367
48541
34894
56141
42631
56796
54081
44380
33802
36966
8999
24520
18917
59923
6630
14634
36939
57252
17862
52979
57413
43927
27653
36440
26384
52151
34316
59795
56775
10522
6965
33039
24377
42830
37417
28449
54946
32669
44892
31556
55502
18433
7157
17849
14368
29246
3733
51134
32320
37585
31984
37298
46364
8665
50672
43662
20880
34264
17410
8893
44050
31538
55122
38921
15434
34761
42045
22948
8334
30033
49457
4166
33613
52607
17465
27880
17412
21906
10048
25786
21337
22840
18357
20788
31188
52838
3944
31070
11018
15473
20057
48772
51210
34223
44106
49943
49567
56884
39126
13226
56615
48009
26439
55442
38192
46206
33427
16248
17960
54100
31233
42495
16832
11724
55285
27219
40944
51046
12267
33312
10107
57832
41182
5322
25796
57913
22268
57770
52616
35421
15151
38861
38829
11132
54085
53679
15253
5072
41400
46315
32395
20110
58830
32713
57564
41517
17195
12736
54565
40929
31811
37486
15447
23145
9787
45500
48535
3915
29181
8783
10954
11098
33983
40741
3096
8148
32801
18039
48182
28544
29907
16489
40372
14303
17893
52514
29242
59504
20665
20293
17332
45913
36935
37289
8267
11865
29502
