1878
4467
51234
53301
13455
31935
57350
32132
39906
43910
7176
36829
15507
11238
19575
28670
59954
24597
42380
38113
55665
25068
46180
6508
29467
56992
19710
9505
30045
11441
7927
54009
52746
31174
28765
57737
49090
48416
13969
8410
19108
28873
10570
18714
8479
36084
53899
40229
8329
19733
41614
37700
39064
35921
25523
44111
57409
15909
41498
15079
55419
57814
5341
57937
14775
55672
40032
43392
23337
19271
41507
42275
35571
20602
19124
54907
25222
23290
28759
28206
24503
42767
7399
46817
13795
28946
15061
58878
48291
46615
25423
3379
37989
15963
54974
54618
8744
59620
14110
25774
45753
3537
9252
59059
22257
48839
20240
26165
23641
7909
11141
23749
55363
40117
5149
59200
56194
51195
58865
11635
8226
27108
17672
43936
6228
33750
20338
37240
5667
13731
54588
42149
35710
20712
31261
11498
21363
19823
27382
16889
45174
43729
4868
49527
58642
57797
47536
40670
33645
43559
48312
4164
28472
14256
54323
57909
6622
50110
57171
32888
10607
26019
58424
13061
25698
45550
33017
7461
27871
44693
57733
3816
51330
34658
31999
35305
41648
9628
32843
33764
43637
43672
58729
21265
14164
38043
46714
12023
38361
5047
19768
41539
57910
25686
47996
12445
50731
14661
16921
24347
19383
44423
41179
59787
9378
18007
8541
7998
33251
7133
6807
39924
49817
46956
35445
44228
51885
30074
34465
45338
47454
20316
4097
37070
10683
15517
53911
39172
15515
13691
20440
7965
29816
27681
34714
18853
19079
45133
34687
34287
32621
48792
23752
48145
58159
24835
43683
36594
15867
45960
59693
7787
54070
20720
6306
24442
58102
32066
13301
57102
30583
9511
49882
44673
38702
12276
18404
38330
31701
13363
54480
42848
58872
20636
59492
9677
25073
40138
3206
8139
54339
35556
52017
30985
54233
5675
3524
38604
47430
27089
47193
25555
16532
32699
38983
19088
56611
36229
32828
34976
18775
29269
24296
49107
5769
51616
10622
46741
18298
34976
5062
4349
33586
37765
47297
41499
23378
25644
43625
56753
50419
42392
47206
7607
7948
52263
51617
9806
38548
40757
42941
24057
54865
38707
6330
42401
16759
46582
54096
16955
23400
22779
56142
5830
33990
8956
14591
14085
42566
26918
7160
41832
37958
31320
34056
42359
7379
43194
27074
3174
13508
36599
32055
9926
5993
44278
31141
14918
46898
35991
48177
38885
3128
42854
30337
48592
9138
38589
20228
57822
40838
29835
34253
35824
51266
48564
21755
37979
8275
10791
57364
49591
11820
50099
39181
56594
46712
20395
48355
4079
30794
27883
15511
47533
41444
10185
32003
25023
46807
17111
41924
28265
14167
11317
51894
20906
11498
24518
25624
35507
27231
40087
38393
53772
5840
26695
37657
49942
54200
51388
10999
50910
30630
22858
23116
31892
49001
26647
34029
37047
43178
29443
47023
21882
47901
10527
37973
34847
39100
19677
18694
6315
42200
9648
13229
47163
31553
14163
15981
24365
18788
41258
26485
23229
54157
6549
23496
21239
21837
54851
19827
49729
13705
49602
33276
59349
46523
10291
38383
43137
11123
25310
11930
24910
45706
10028
56475
44735
41478
25736
24724
7144
11733
20756
5786
17244
32173
47291
23086
50367
31093
18662
57347
15655
25125
43859
14625
37599
16213
43570
42604
42002
8022
36020
9533
34403
32922
22970
18930
55870
42552
46187
3538
41984
36987
8242
54054
18123
7776
24234
11417
8128
50154
5398
15648
59021
4109
26477
27768
14177
3526
6800
16149
24475
27385
47565
11870
10624
43590
37743
45429
55855
26628
26482
50940
57602
31392
56849
59005
29136
20401
42002
58628
30847
22126
55142
10539
43102
8574
40105
24069
17260
21443
58927
32626
10631
43501
38013
39290
45810
25981
3127
59741
5079
20493
44395
45286
41588
43123
21973
58574
52280
50648
54753
46552
3244
32287
31273
46441
42579
45338
14031
21806
42053
42452
53613
17866
10512
5979
58935
38277
30760
14154
6885
10892
51814
31057
52904
19548
18078
46266
35309
39975
49358
57443
21244
38683
19992
6603
35313
7735
32398
53758
28488
34796
56340
34210
52713
56648
20765
31533
54008
45166
49066
4532
11970
51465
47041
30765
31488
35160
10891
28818
3993
50059
52767
46792
36998
28029
27713
51732
6390
56089
15152
38887
59445
43325
24217
55400
27205
43102
5558
58264
34384
35515
22487
27116
37222
32199
51475
16802
4897
50875
22220
47660
5681
7935
11442
33805
50905
18078
34866
52128
26751
49823
16426
30232
14533
50266
47528
44433
42032
25187
16355
16601
28444
54955
42795
34003
13667
22963
29330
12680
43148
9294
6416
59988
4104
34301
23194
12597
34864
46735
48458
25880
4736
38383
12983
16743
37003
41241
46463
28726
9827
22722
22847
3994
40146
11848
39379
43236
46659
21436
49640
50975
22860
19212
27773
54741
30052
19232
45285
45093
46238
36148
34074
20298
13599
41876
23769
4641
37981
13413
53477
41189
22699
44763
57719
11698
49743
7294
47236
48184
3212
7374
22990
32723
33134
5663
19603
18198
23520
26896
35254
18828
40959
41931
43445
56523
9298
42392
23481
45115
40689
36774
58916
31081
3144
34378
4897
51254
35353
35167
40223
33234
10945
58489
20429
24328
54691
37005
12291
43067
17005
24641
55572
5728
34871
44601
10483
22101
29541
58088
37937
3542
50415
56773
7825
41037
12338
8323
55653
42036
28088
51713
8863
59829
28906
37160
46496
29536
20194
50169
31875
51185
29987
11835
18214
58749
56236
40978
4400
4023
22588
9829
44688
29268
28585
39580
12047
6182
33035
11346
56951
33878
11517
3084
22618
43499
15990
24900
16643
34336
6809
14549
38343
7445
53163
34318
43355
26610
36564
11804
52248
40008
42420
45917
23355
4983
11452
29139
44291
11182
54039
12826
17563
55479
58567
6469
50818
5219
44912
53740
10728
14343
27705
7741
46196
54440
26295
36458
37019
22092
55160
38256
57186
8953
31272
34749
36185
57124
51773
35203
56212
43375
16292
41803
40198
26788
43590
55797
35962
57585
45819
55544
55662
32068
59029
28906
15793
23846
14336
33654
17216
45325
27525
12181
39935
28463
14969
25485
33057
5092
45742
27265
7317
10168
8890
12550
23776
48808
45452
24642
25053
15039
23067
45331
13583
16272
43849
10967
15577
37439
14526
55884
33624
28139
20891
17391
28860
17400
33387
52425
7268
3475
13293
57746
44862
12002
10901
42694
26667
33435
53803
13868
53400
43878
37385
42222
36324
44037
7696
51301
17309
39569
7076
30022
9967
14490
3482
51527
14816
53870
15670
54216
33246
15032
26192
56512
50501
15657
55055
12147
26327
59560
5738
49422
37720
36452
25932
17534
49821
59390
58072
7824
44491
36792
48162
33505
11453
24290
53171
10742
35017
11031
47599
17396
52746
23508
54869
18725
49675
33837
19343
33558
35677
43331
36584
12170
19503
26888
48710
55143
3090
37628
55726
54065
27096
56310
29364
55336
8204
52914
45086
15817
36193
55096
45789
22733
59058
31819
42940
5934
53944
47126
29901
46234
32114
10878
45953
36243
32354
52991
45085
20464
26948
17986
34355
22555
58147
31955
37110
16187
53097
42892
14717
19123
6931
59585
34396
30569
54568
11627
52532
5283
33617
11491
13702
23563
3528
58848
26091
29697
25048
10970
20031
48483
33651
25570
42451
54009
56556
23128
6817
22636
29011
10493
7203
21474
53862
21541
37142
58604
59308
33254
15536
59709
3870
23016
49141
45050
42915
8062
44717
4659
29721
45345
36547
55601
12566
53544
20968
19737
14638
30096
8516
45618
38844
37123
16739
20311
5945
33982
56585
59522
28272
15703
40329
30306
54172
38766
13711
20122
6744
36895
32151
14191
24407
12701
16770
14944
5210
35666
55742
33833
51849
15789
49397
24963
8612
39417
41878
34502
29340
33051
47222
31117
18661
26610
31704
27109
21631
15006
20154
55369
45857
41895
30878
24499
36492
53928
29215
12888
12212
9332
37428
21720
33048
23405
7024
41913
49004
29862
24410
3657
15728
45679
45576
20313
42088
50215
43249
3541
44450
44559
6945
51588
28574
13966
57384
25000
55567
50624
39333
18872
59740
5442
14325
41443
20830
5065
40146
18478
51171
40343
35215
41090
7416
53332
40842
43598
28969
50780
56685
41783
6444
14741
21553
26988
46167
7602
48245
47432
11039
40239
24021
53141
5784
11857
43951
7106
10526
6941
16452
18486
6448
35808
31904
16050
45891
41243
48682
34502
46469
35787
16059
12655
49727
23486
49047
7828
39842
10088
38093
11403
8602
47898
46179
53848
41263
41007
40344
20616
58272
47950
15732
22605
41111
28494
28316
55562
58279
27565
45099
27439
23299
18503
46063
32651
24836
4629
40866
7223
41042
50733
39746
44299
6725
33467
21778
3301
40488
14223
28026
43579
51700
33853
59573
10633
9520
37479
47674
54935
39420
6939
59143
5269
52726
56152
39996
48801
6693
23049
7668
14150
26918
16974
23623
47293
21751
13386
35374
47992
25605
24409
14426
17308
49790
31379
38978
20848
20899
38524
16094
7300
56258
14259
15267
44316
19715
46535
56161
13889
36220
17071
7587
41851
6162
45124
17895
19473
5990
22991
35247
52801
3695
51005
59170
8070
32851
59256
3260
15767
56879
42866
34605
3114
5910
28354
13571
57439
55267
50747
23916
49940
37372
7432
4594
31400
52366
3771
20727
3408
20707
40678
19573
15143
32767
17808
55786
36584
9217
32683
11924
58963
37639
10677
22597
9605
30349
9249
27595
52517
23120
55980
21832
43592
52622
48428
47561
56956
11734
47203
7636
21833
3180
45549
41744
32410
11065
27509
45225
42933
18087
51989
11275
57152
38356
58098
4966
38844
59548
55066
27141
36098
36812
23625
6925
56458
17463
44338
35984
19684
31536
45620
29503
53640
6910
23272
44470
18775
57362
8958
36179
34595
14430
11728
12553
49720
15824
48558
27362
57502
52787
32473
51724
17599
41933
33060
59496
40100
3818
3406
3127
59687
22235
10435
31956
33160
54319
13415
24136
48891
46581
52924
38677
51034
5231
39573
6563
41681
42672
37915
54016
14366
24328
25238
21648
22445
34345
55819
26556
20939
6805
20333
33977
8083
3915
59065
22626
56284
51763
45057
42017
26500
8144
31729
28785
32476
36551
57191
18554
56725
45650
16955
8821
35356
21087
21453
35346
4636
53905
28207
40044
8386
48769
33060
14756
46800
23331
34764
16486
43882
23698
42522
39981
28456
12488
37862
43032
18179
58579
57436
12526
29505
47206
59274
18208
23861
6805
16676
8633
56190
15024
48968
53583
18026
22878
11142
47019
6149
45697
56558
30461
42750
26492
28371
40219
10951
35702
29630
5684
58101
21442
26274
56746
49546
3940
12232
6698
45051
30403
35461
56684
33570
36708
59490
4914
8053
49373
29777
15191
54708
13100
14066
36054
27446
59916
45528
54298
25546
55023
44103
8149
11941
4969
27985
16652
12507
55840
10733
13746
26238
17630
11477
48191
35420
51449
28297
31032
48272
12915
9676
45894
27741
51625
26675
48723
12957
21751
16198
6030
54584
8690
18939
37060
25386
20494
43714
54886
39083
41395
45349
24795
26658
4734
42980
12441
3069
55495
52752
10726
48037
48380
31138
31467
41255
20274
41102
22507
49188
31389
24809
46487
17845
55319
23971
32233
23149
35564
41993
11312
50534
35378
20258
37148
8667
25014
52803
54260
16715
34872
7939
48217
6529
51233
36017
58809
51922
12839
11169
56761
40572
56800
37123
47864
51648
22711
56920
10190
47309
22494
25301
58604
38920
14382
26892
47128
15731
3631
32961
44264
12806
13525
27876
37227
35779
39247
28955
42602
32801
57099
15305
25801
56003
41321
24015
49219
32064
55435
5414
48807
15716
39518
41671
17547
40980
7408
15288
8048
59237
40881
45321
53305
24749
46951
59844
20471
56623
31306
39762
5183
21296
17889
4055
13337
52018
28545
41486
30293
25978
26471
37647
16132
24853
56177
19742
34758
14538
50416
5507
56325
36449
56295
56721
16220
14873
44528
47970
57160
32010
47215
52789
34020
20962
40433
36160
37497
56020
40056
52766
18207
39898
15139
55144
23381
56295
13241
9962
40004
56423
5198
22538
6483
51826
24430
41088
40246
9453
