451
47549
29039
27879
47232
27831
34967
47123
54477
9760
37173
38946
25016
40502
3223
12246
30791
3043
25111
24414
34480
47843
12508
15112
55248
55717
56844
25275
27866
58317
44529
15346
12354
55973
53688
51673
45079
8327
9417
36708
25684
8793
26535
28662
18587
43758
53139
49139
29651
14860
31647
52686
51710
41827
54992
50162
59040
51606
57917
7199
21715
38671
42857
14432
49118
54136
4343
53084
52369
50455
50598
16214
37731
47543
33255
9804
3422
30685
20851
19163
25135
34184
7581
47423
45292
26462
19048
56407
3274
36509
24324
58647
37246
53837
6329
46428
57422
5981
20796
44105
47303
52658
16833
33062
30260
50477
25449
6186
53194
3976
24695
27625
27485
43411
41376
49507
8977
46987
40606
19890
6261
55576
19555
41540
44357
30115
31538
19606
21155
25723
6081
35016
29183
38204
44276
31466
5237
30546
49511
41912
15097
36285
47925
9571
37006
19842
59835
41972
24589
13302
26812
8801
38730
11614
29202
30500
5754
34240
28141
7879
49250
13178
21896
25921
24855
54780
54744
47313
45830
14663
11533
42686
15089
4589
4498
19817
53734
54963
20245
34117
41444
30978
54098
10638
55329
51402
9479
30157
37418
45227
59144
7536
43257
55887
20675
13946
25062
29404
9723
15032
29819
35494
26577
4010
7889
44699
41469
18109
12966
25795
50586
51901
45519
31158
54186
9613
38812
41811
3243
24052
22100
5435
39279
54852
18490
14915
51477
23617
50953
28818
52650
8028
52000
9378
7016
30391
43342
28520
11294
3254
17994
11141
29816
53764
32629
18245
12201
26988
38839
7840
49743
56183
52308
27272
50035
42468
5018
27324
37406
33732
3286
46360
16379
24805
48413
28564
26993
46342
46389
54015
54486
36134
16958
42135
37229
18469
55560
48719
41395
8516
16546
4349
48143
42401
40101
8491
27362
13691
38647
50845
47941
57690
37948
46033
27557
54032
8988
32366
54799
20274
49200
49481
36593
15823
14637
44945
45040
57695
12006
27705
24543
10940
8915
24163
53669
58373
57104
37201
9474
38777
14838
23114
20173
46901
11514
5271
10439
25947
32229
51920
29546
9227
47355
54432
43698
45980
17069
30051
56129
56788
6940
49379
11656
33219
47930
29521
18660
11933
38055
4880
44633
46821
10944
57717
32178
23006
36304
22078
43085
34341
27436
35199
40975
45925
38183
29341
27319
16413
14331
34198
46114
28452
19341
13866
13126
55035
38435
25467
37284
32924
14326
11345
36936
8019
40946
55041
45879
56412
45255
36307
16115
41545
51189
51194
27431
20750
50107
26312
3780
52647
4883
16042
18868
7552
55087
29109
10445
54263
11299
24757
6231
44828
15193
12389
4592
36778
47196
20676
12552
4333
58082
47616
41339
6287
35826
55943
41191
32940
15371
22678
18203
7041
23287
4012
5158
33345
44762
44807
6499
16839
46140
44639
3657
46353
22629
21351
50839
47389
58936
31507
18088
31355
