1884
35415
43982
6485
30991
36187
33019
48650
54638
7875
16578
44951
14877
44993
27494
57183
37001
9372
36994
14677
11722
14574
58492
43192
54497
18974
59140
22456
12436
50645
13201
23817
52685
13972
23420
49762
9801
14243
35574
17603
40112
22793
52492
58030
34707
43177
46502
21796
18591
14050
43539
50556
21013
42574
20631
29996
17335
21319
8215
30478
8733
49495
53028
32524
4192
9058
22145
26543
6275
47870
31788
8826
28265
10166
16433
55069
18150
29629
53303
7045
37425
41666
27744
56793
36854
17877
57303
52373
53372
47602
39839
49643
49080
16465
57075
22302
54155
6001
44819
50949
44649
36561
26409
41239
57631
55223
58380
24998
33595
11157
58325
34359
32475
42171
47308
43221
29325
6991
7580
43902
41247
40317
32977
19828
20764
9009
56397
51470
57468
33063
21372
28566
19060
54295
53941
51672
3989
21228
37959
41566
33381
12307
59613
8024
55308
18388
58069
43223
46451
30201
3359
34296
50893
26958
59300
39163
13654
8653
23701
13336
59730
29439
12207
31929
44885
49486
40345
14510
27403
56853
7907
33018
32844
39917
33833
17304
57144
22273
9896
54881
29141
14239
38707
56592
12127
37208
4994
38159
16556
40183
15895
18579
41732
13366
20769
48461
13757
38172
30643
37616
47506
35965
30613
49758
43371
14364
22485
17117
33483
44384
7577
51935
11598
53252
54231
28483
48052
40409
17937
11311
58693
12821
7153
42939
37874
25136
28827
42855
31420
59491
37608
54955
41477
11542
11419
51765
49475
22260
14413
10299
19687
50672
30448
50571
56117
15440
28972
25915
33199
35715
27254
27158
35591
58379
21031
30627
7390
17069
10749
25912
33916
25253
27760
57334
34033
30936
29642
18935
23773
56651
34959
58741
28577
22796
12675
44063
39354
35068
20295
26363
4146
44982
20287
35364
24376
9713
49962
28371
4891
10209
38392
34074
39098
18110
8734
13766
31778
8805
12682
41840
21454
56369
38906
15349
28337
54301
48735
18222
38906
42038
17022
17113
40978
25908
9222
20876
8747
7313
23037
45015
25302
59425
30259
24037
5186
29341
4380
35146
28318
49213
24628
56583
22537
20411
12086
50712
15049
32426
30722
40951
33653
56567
11470
42737
15699
27217
7219
29732
45685
58048
13415
52203
23167
42304
28015
9256
58294
51896
55044
14808
52347
14882
45508
58097
50791
53124
57291
34247
46320
30899
33609
4318
3486
20428
55236
21271
38113
56884
13883
23949
16235
7086
34215
14179
46712
31462
41431
54619
43264
6143
38746
27018
26239
6273
56626
9114
13300
52187
20961
4470
36757
27420
22552
9067
51435
51594
52100
12791
46057
11938
3146
41037
26604
13880
13900
30249
45224
27648
39142
32561
10017
44667
42799
36745
8010
9852
27274
26370
17287
38536
33262
45460
38012
44938
25610
31340
49933
17772
10904
17513
13307
36920
58888
24318
12246
31917
34253
23037
9496
55860
7924
38363
31225
24374
45116
31022
26805
48898
42246
8255
40745
49258
40947
8104
36637
50659
5970
16390
23993
56483
18495
5539
57032
50712
49320
3183
9665
5558
52185
11969
22108
52986
49159
31723
20025
28115
12726
10734
42509
26851
14574
36677
35581
54939
24758
15749
11351
43763
35231
31922
58049
6158
41028
5565
21509
40225
12917
35501
4605
30375
45093
4630
41034
47110
31256
44390
31960
43136
37980
54927
14321
29948
51969
15397
47888
11339
44601
31975
57441
6135
22131
38748
26107
51202
20008
45631
4103
45261
14406
30723
8767
59938
46658
15432
57845
22104
7253
53997
4554
29397
34790
18194
52985
50331
44981
31779
29429
19239
15620
56764
26014
12864
31678
54410
24685
18261
36576
3495
32235
48885
43721
4057
3570
29700
32359
59081
58097
3158
7654
31757
40304
24361
19841
33637
12913
45987
34600
31671
4299
20691
50305
39203
36980
9744
12891
21349
12190
12702
19307
5317
8227
36842
17855
12121
51978
54874
12098
32685
39237
37739
51461
11011
50870
40305
47489
30118
17864
10895
42181
10921
54117
13151
59690
49830
7992
55884
34048
48886
26764
57389
28798
35230
26538
32210
14470
11927
16320
10967
11412
43381
18864
12889
56935
42370
11148
48201
5522
12049
34372
15284
58802
34988
40040
57104
54817
33896
35574
52208
30048
55942
12804
25554
28668
15770
16263
42382
31597
10083
11870
50226
25717
59630
42789
33921
16448
45055
23678
47438
46716
4243
35939
9578
44209
19642
8699
57307
41345
21193
42419
40861
16309
25280
47855
48281
43593
8771
34680
47121
22700
47045
14940
35770
37120
23081
47689
47026
54441
5205
20628
29761
21644
14448
12269
17268
58657
13469
12213
42393
49020
52215
10770
53625
45268
44037
33501
57701
10205
50824
35558
12092
44503
32577
5801
26302
17364
40238
19853
49634
48455
58885
40037
59767
44157
30915
43229
14041
21191
49741
20506
39158
55405
52453
16415
3624
45226
11270
36858
40104
41700
4187
7142
53015
11893
50874
28745
5566
33123
42114
33028
47886
37291
36191
34198
14505
12996
10483
38358
11593
45961
26116
40189
50492
17305
35692
27997
54064
51711
50550
44312
57346
33315
35074
5954
38120
31947
16254
54834
19356
39825
8591
39473
11769
39070
47531
22795
54445
34391
48887
49935
12136
38617
9017
53345
49316
4271
35271
50802
43834
20512
14699
13881
47194
25888
32004
24530
32456
27142
51745
23003
36775
51784
27395
19557
16873
46405
47975
10458
52603
23673
50493
56116
56059
4401
58403
51793
18526
4995
34632
13624
42551
29716
58612
24259
14861
43330
54866
15771
19508
52316
11547
42095
54112
13573
44569
52698
39190
43651
27325
58191
33716
9578
23254
10537
23992
19939
14455
52509
43634
36664
22659
50633
25133
47209
29561
7403
18883
24928
11290
23327
51290
13662
51972
51343
4609
45030
25404
16539
58315
42043
11470
16130
11998
15844
47822
18839
18211
46556
57896
8380
22215
41089
46303
26632
4632
20640
18454
43870
44020
5065
50209
14206
22454
3740
41584
8344
13331
47389
20063
45562
36618
19931
57842
53860
12769
50043
7791
59242
55318
38053
20571
16650
38439
7089
20147
17498
29062
29846
6350
4127
31135
17775
15223
57299
41457
18231
43227
52548
42831
8649
53527
33037
22865
48255
48602
51047
28406
24213
8562
31501
8724
29303
58764
32296
6198
40248
42521
19448
21548
7148
17988
52734
25000
54056
17868
50533
28850
44163
4509
18172
43273
36360
34773
22300
42465
31071
59852
47201
52649
28196
28466
5674
48575
7892
41445
41581
8174
3178
3495
36014
22509
22599
7279
18399
26997
34054
24180
53514
23922
13638
5159
53078
6108
50862
46211
44455
38520
18473
7952
51616
58997
59753
15972
45926
22805
47715
40772
6119
31099
12194
52768
12775
48525
39051
54271
30677
50331
10439
22715
22324
35660
23477
53108
10139
31064
7899
34146
24350
48970
9811
18180
36338
38921
39223
44510
18336
50618
54123
58310
52397
46791
8904
48738
54358
51897
20250
28690
53844
42350
7749
14909
30495
18181
32675
28299
49814
36579
37150
35260
12160
6516
59895
10093
59153
27614
14996
19777
36236
31376
16588
21778
42107
57008
41244
49313
41436
21367
9882
51482
17498
17580
39766
5924
45541
52252
51873
3529
18641
5872
18964
40787
59502
55305
45325
52159
32045
37086
56016
7723
6312
58954
20892
5913
52157
50901
45407
12182
18785
41638
29669
20774
47986
8323
28107
53723
35103
56238
41314
20352
10448
45380
40962
42986
45746
39592
9219
56428
11151
42630
37068
40756
19904
53639
31897
46928
39659
39095
54355
14419
36708
9817
4459
52497
11446
54576
56935
49172
23855
59689
6272
24874
44220
19908
12818
39672
35684
58684
15545
48972
59583
10323
22436
22968
37488
26905
53051
32715
47712
40719
28526
4618
46107
47084
16891
36524
28460
36321
44333
44163
6749
45646
33302
57648
36964
58774
46191
19131
20550
28071
37867
17081
17369
40057
32993
58246
21213
18973
57570
46869
30403
28855
17554
16931
29465
32158
18911
24335
50750
21257
11443
44309
6551
30451
53465
36850
44885
30436
31089
21308
40471
53508
51998
27846
43261
50948
30693
15178
44749
13210
22676
20077
48301
41578
52481
22020
19987
8769
8192
27790
21697
8998
52253
30174
32287
42357
58679
42459
3998
19497
44338
49949
50421
46961
59089
19139
43651
23237
25269
57935
18945
18413
38161
45104
9095
36227
59622
53435
7875
24094
24451
27676
51277
17085
38727
4291
28227
52138
36819
11549
47578
8527
38659
30131
13027
48540
25263
16571
9466
7460
13361
21094
51467
42349
15450
54851
51567
43638
29115
31989
9257
10509
42696
28645
53569
52085
58680
22848
18162
6179
15882
6885
28670
5453
31359
13556
35641
48547
13925
46503
31374
47541
43095
23507
25244
26062
21962
52441
23331
36160
6637
26409
41195
26302
12298
58935
8992
49811
27464
19909
25580
20889
12070
16540
56704
41362
50329
35023
7783
44096
23951
22986
7301
40403
42350
35841
34227
51384
47495
3880
49477
51143
30639
7594
16844
10224
20391
44999
45317
20384
21615
17654
10720
59561
15700
38705
5675
47433
25247
23160
43613
57682
41514
5671
41973
39832
43824
6284
37477
19000
35067
58747
34372
29038
13332
30835
58152
31335
13850
7651
6214
53569
53090
40356
13505
32592
49375
30268
21429
54404
8367
27245
24568
8056
6477
56605
10768
3985
31486
13797
17186
56435
11848
29649
19561
57074
36005
24211
28721
12576
35472
56693
14788
57661
22444
42591
32387
28268
34008
56231
58570
54346
39474
45025
4248
46305
37935
27141
36971
36672
43520
24050
45329
45823
35748
35426
12069
38553
40475
26470
32863
47678
17302
15519
50593
26736
30936
48818
33895
17496
22094
23118
49854
58660
8292
52127
59372
58862
47989
46723
11036
9887
14608
49683
42818
15107
33224
55191
10858
27831
29388
25769
55166
7829
3876
57867
49038
23217
7157
17303
22314
4864
49499
40616
17289
51835
34550
26058
35989
29504
32049
3546
18879
14437
21398
25914
8322
18833
16176
3212
29782
30954
35582
11818
3342
23845
54789
50330
23450
34573
53276
22343
12807
18453
10137
34652
38213
14846
18000
12658
5658
39107
42970
46440
59448
8663
26489
28784
57764
27437
19374
45547
53617
54384
12569
27385
47255
28014
36895
24880
18404
5152
55158
10731
53909
59287
35306
33853
41099
35594
37927
27504
39376
30599
3834
9016
22251
47014
14512
45293
57372
39158
34807
49173
28569
19871
28703
32005
29119
33476
14402
10777
41769
26463
12172
49840
5918
17683
15898
53032
34911
42327
10868
3488
50747
17791
53325
34401
36792
22318
7662
44582
43084
25903
38533
34198
50029
56755
19861
38541
4881
3212
17154
45432
59391
54600
6914
4821
48215
8577
16729
53812
48008
54367
9423
11264
29292
23223
42486
9524
40078
31930
41738
10389
23229
56228
56174
4763
26084
28347
34800
17113
11471
46806
54715
55392
41966
54126
35249
59393
24987
31912
52555
9437
45965
30336
13349
27042
31595
29957
44139
23779
12012
7418
3730
30832
14373
35611
57145
15710
53097
32332
10114
46542
29414
58338
7005
17398
24658
43911
42573
21812
36398
20034
32330
31298
32930
6070
51563
59796
16779
50349
13533
52023
23364
15299
42408
14327
24825
29170
16000
21592
59640
5241
44566
50509
4447
36893
50276
57106
57575
18480
18541
15634
19126
54948
59379
33374
20064
23974
19355
59829
54833
16805
16286
43869
58076
58630
48287
17422
11938
30343
34311
22271
11407
39126
52287
17661
59028
35722
59068
6786
21246
10787
20844
18886
52494
5188
30104
31235
35956
59294
33880
42378
47411
32317
48581
48577
59597
3019
25589
19425
26136
12442
42266
28904
13844
54376
13402
31964
49399
29544
31953
12426
42477
18373
32251
56539
23807
59277
20545
41533
42563
45316
6803
19893
57792
40006
29077
39703
42022
13418
8076
48216
18192
20858
47460
3782
51844
20349
31547
37508
59929
4166
5006
44737
40684
31740
48037
33545
44206
25499
46886
46788
14423
28209
12495
59356
53233
27961
32031
25571
41914
11699
25184
33887
4359
40683
44127
58600
59488
27786
43262
59458
47376
14088
15609
36346
5214
23848
24037
34797
39912
11639
20215
50831
36044
