1631
18869
12004
42836
49014
5981
24686
40015
47938
8986
34479
56035
7583
59711
45051
23777
47660
32560
12155
11551
40259
56182
5539
14575
43359
5528
11893
26867
21272
37704
40485
47445
55178
38016
46478
13277
32695
55039
27765
24549
55200
44058
24581
10190
23747
8223
56580
4075
9447
14742
11702
18981
4202
20973
56731
53982
8245
54049
51355
11151
15825
46510
56211
8122
8599
26867
57319
18253
17139
45017
22307
34204
22425
25147
12771
56613
28690
32822
3005
46808
44260
12673
9439
50573
11439
47964
11291
57617
34537
35423
56891
35247
50829
54845
15182
37597
59798
30238
8707
8988
57852
28124
42749
48666
13273
54768
16253
52040
36680
48336
48497
11867
43931
45815
31140
54272
23788
48225
35316
4346
39420
50084
59631
55297
6920
17569
20531
7012
26280
34326
52511
53798
44868
48569
10621
50147
50411
51779
59168
19728
23834
27965
58305
50260
24428
41074
31067
44529
3560
11112
23143
49249
23133
35120
36135
45666
9222
58632
55994
18802
30582
36385
52761
49465
52898
43420
17591
53413
59073
13955
11905
34771
10091
59729
40087
38270
13663
12296
48279
5075
5041
31456
12762
32973
21371
56984
52425
19156
44706
3743
40233
15106
49797
24487
33307
30803
20258
22827
38981
25165
15446
59630
19687
54310
48020
34853
21770
52556
29025
23009
50770
57081
37855
19736
35387
44791
47939
37492
36367
10693
3703
8812
59682
10350
59482
56568
49245
26594
53211
22951
4943
12869
11906
5370
21729
12973
49480
35152
43926
17779
56611
8647
25756
39926
19465
46896
52593
12205
5050
7067
46900
30149
6997
15686
22545
50601
31114
46535
24083
5412
50565
3073
28523
15566
38710
27022
23684
18652
50009
50438
58002
25109
44985
39660
59287
58366
12540
29435
19098
30652
57473
55828
56106
7205
19809
36929
37116
4798
9927
47450
44753
53001
20648
33075
25670
28792
50461
52769
51666
16219
46244
4143
51158
58969
23692
25229
17006
39690
8811
53521
58769
42669
17142
15737
14268
14260
49324
27075
25332
10674
14038
54124
56289
39009
39257
11701
14948
33430
7216
5446
17496
56729
28441
34834
36847
29453
15219
37892
22066
29479
3887
58826
54424
43607
47203
26483
27744
31682
31676
32169
27848
34915
13895
44175
21218
13941
41188
5711
29719
17534
56695
7391
17771
48685
45881
53207
17096
55314
13267
28264
41960
46740
22133
14411
14046
12615
28610
9879
45314
8160
38562
6106
48255
46603
33388
59578
52483
14886
27410
23243
41744
41923
58315
3835
30074
47514
37817
10978
59066
44345
31185
43578
27420
20158
35487
31388
23721
18772
3749
10361
23582
20221
3112
31423
53434
20640
17799
10678
7101
11131
22208
8983
17176
31514
8844
50400
3078
35641
42278
22453
43007
48990
3663
29918
20038
34391
20347
22139
44593
39426
15568
27321
43089
50224
9304
25317
41358
55467
55960
59037
23382
29958
54486
11527
54545
11925
47818
10423
56350
10213
18643
33627
48955
23033
35997
46652
50545
46467
55906
13769
24813
40861
13629
12157
28301
49338
20336
8429
13078
16850
53811
40153
33656
5376
49251
21892
20093
33376
27788
56397
30835
19242
55683
52707
30999
53193
27714
11605
20306
40798
49338
45342
56190
4527
7863
3426
46076
47061
44412
47094
59913
11074
8472
22492
15617
28030
36992
47906
14502
21443
59305
28475
5397
21248
58697
13767
33093
59623
5970
9735
48737
45740
31834
48812
14656
46187
43442
59283
3668
21179
14261
6880
29521
4994
44042
42694
38554
49772
26216
34484
29342
40822
42596
33584
50358
33383
4461
18578
30362
42962
45221
35847
25307
45449
24622
21187
6416
35549
22636
35088
11082
19457
17445
51392
55302
8493
55863
10068
5270
47790
19664
10558
53795
42595
10496
12090
45667
8091
50176
38244
38774
49096
9715
36426
33079
6250
45532
28159
59307
7655
24961
57209
58967
11093
47886
5259
22037
32220
3817
24358
46563
57070
18253
18159
6676
8544
54777
56042
31331
46143
10966
46142
38091
52785
58992
31368
11269
36990
57600
51802
33728
56075
8753
8840
27376
4463
11678
45859
15664
22483
49558
43118
26829
16321
26452
29108
8583
3448
30139
21349
55369
10937
10695
32637
16246
18418
42937
39577
11937
48148
36961
30793
50175
33886
59712
5048
21119
57521
30600
31898
46762
5148
18993
51410
21181
36681
32180
20003
49429
48971
8072
28093
28570
55027
36357
27199
39164
35820
8870
23553
43603
40580
3900
16385
24790
13924
39917
38391
52899
15261
12182
57123
59143
34198
35918
49617
38709
13086
58648
48633
16304
52739
39921
11271
11526
50998
50292
59357
4646
49567
12878
41358
13524
45003
14591
43491
18046
44645
57552
34813
31081
6501
13219
59693
38309
7547
59579
46475
19787
27766
10835
35601
27822
22877
24107
37834
10052
44366
53419
23308
27024
21380
29489
11174
53240
18058
38066
46284
18888
40267
37423
46110
50542
10628
7869
51217
5747
6074
49915
48058
8190
57719
50834
6084
8437
9844
35430
17532
42033
8116
27675
41300
51604
16765
16688
57426
9018
55583
52244
57259
26288
56433
42507
32871
46937
8204
49084
39897
58143
6719
26316
49163
39962
38086
39383
12127
38512
37760
22928
35570
23016
39520
20726
21574
28024
7066
23726
24955
5927
17885
15034
19221
24663
27290
58345
9583
23732
57969
30491
16126
58906
58952
58755
15117
41766
16109
51986
8509
9194
3984
9231
54899
23900
21348
29344
4379
16618
53746
44656
40821
34963
5473
14379
24641
23285
52256
35825
3800
29797
24948
31765
7670
32795
41793
7073
34436
45912
35276
13828
47404
17105
16909
52772
43162
31545
17542
12477
57403
51669
58693
33259
46388
10320
31925
24041
10682
57069
51198
43051
20490
26734
40095
55309
56173
31588
13733
3382
28595
25404
22059
56989
30726
22608
38478
33778
52979
59449
25860
54847
34922
59585
32238
52660
9915
59158
34269
53273
32134
28420
42145
31218
36665
52280
18496
12981
56136
53518
8465
56529
24264
58927
5435
56931
13000
12865
24457
39925
39361
35630
30197
16372
17367
5658
7422
41147
15181
49905
28257
56935
58834
39278
23750
8620
20861
47312
39842
29167
37287
33890
11320
52435
18289
41625
53236
58885
13344
11503
51786
48846
32455
15246
43501
52315
29663
46151
19458
23374
32036
34120
18933
25397
20318
52213
18605
19561
59904
55494
8244
50960
42572
28339
28420
16947
30215
45924
40753
53719
5444
38830
8327
19862
15751
45706
9910
23810
23215
44293
48401
3532
17392
3855
14002
54883
57538
19039
26329
5582
52744
5467
39306
7565
50232
37407
50271
9588
58293
38311
7647
40662
15289
10064
54860
50705
3579
35036
5192
7021
24718
45251
39808
11868
50344
50521
47364
27396
57573
41511
20862
5978
13863
44341
27806
59419
47606
42890
47044
52678
23380
41344
23072
15435
30063
47464
14453
52744
42361
49331
41190
14010
26914
45573
12841
40125
20643
29744
40182
12598
56354
24723
48093
43109
45622
40149
16034
33723
53173
54935
16527
17316
17188
12968
53661
47012
14959
21669
7505
49836
28292
5732
55558
34906
40400
41772
4626
28698
22459
5368
24220
56963
3350
52716
59231
23082
34405
22236
44517
36511
32018
17357
14328
39673
38651
28624
35923
26092
49132
11699
45327
21118
48916
23788
42390
30226
14190
47992
34923
4509
44985
18460
20711
35618
30005
8804
7804
33211
43243
27198
26902
55016
6216
19068
34279
12382
48007
53216
52312
39643
18862
20293
57203
56751
21653
41498
29727
44476
45188
20846
20110
49672
8763
29427
14256
24622
7784
21220
42302
57360
18604
31523
42421
8247
21375
49000
20243
12381
5062
33144
9074
4821
5052
36762
41466
52599
31220
15751
4724
7821
30803
59179
25095
10418
39683
40682
49460
21100
32630
43337
30361
23731
3661
6684
27966
7890
21536
22030
45133
50252
57689
14737
39536
53616
40012
31929
22998
39678
37678
48991
51413
18717
9878
5677
3377
17052
46790
45261
4920
3712
23943
28908
6516
17815
45195
44349
59138
34805
13938
47310
7016
48944
19647
57285
36564
12436
47267
34642
54134
59860
36435
3192
6431
45271
45185
19017
48427
32696
3750
52347
34163
55741
21779
37894
38454
31058
54876
39880
48277
7896
54139
59297
15130
11958
41306
53804
46355
51078
29267
15770
49731
49646
44866
48363
48193
13825
22584
37579
3656
50893
16701
4407
35373
59138
42419
51682
50601
56629
34021
50947
48990
47933
3563
15029
9197
40775
14441
50522
47713
36496
27679
31310
20245
21038
22926
36586
46605
58445
19156
37601
58893
22216
12153
26996
39017
35189
30817
14954
55314
43028
4971
59496
48254
42105
51495
41978
37817
39773
29001
53137
37790
5056
56394
36065
35104
47710
3728
31467
52582
36930
24304
31954
20813
10724
55018
4067
48038
22032
43563
53560
17201
26876
26041
20345
18693
23350
57529
21380
15314
47745
42999
47761
8487
52313
13562
6215
7176
53721
28590
6370
11548
28172
18776
13818
50668
53319
50128
44357
49200
35482
54230
51927
4977
46975
20359
11469
23501
53672
20640
17183
29786
53629
12265
13961
16163
17776
56461
16405
4764
50805
22554
39765
7155
3463
12593
39290
59565
38133
55676
10323
58048
47086
36292
14301
46493
54353
37508
31476
6132
18724
39895
34374
3381
3179
14903
36798
8173
48237
38205
17252
42313
41919
8506
8011
4848
5065
36738
57030
45197
46040
41765
21612
39844
35750
42309
11310
36250
26300
44515
19201
8205
6347
5861
28971
26845
38368
29890
29185
58966
29842
24457
31257
39634
39999
45664
22799
8493
54657
13060
27341
12493
3744
49556
47056
32875
5422
19489
8636
38970
7372
29824
28298
46027
12919
22764
47814
4428
41044
21613
36780
26655
23952
7783
37549
37400
35848
28756
39510
36259
39663
30045
19547
19144
30174
40712
51939
6347
9003
3953
53016
51673
21896
47962
39029
37668
56258
32437
28244
33131
19033
44025
56663
8396
14268
4920
50041
35748
59002
56609
58512
45718
13584
5938
24401
13391
15976
18483
8118
15689
22890
26171
5498
43441
44438
45938
30683
14769
40641
16812
42150
35741
6928
3993
38066
3356
15221
24588
33842
11632
29215
48824
6382
25696
59732
22689
45535
48460
35218
21099
47975
31690
20090
50567
4333
56915
34774
29332
48850
9676
41271
27893
31034
56737
50292
51195
10980
46880
17905
34405
32427
4381
13927
57314
21817
39726
30855
55896
19049
53811
39097
26161
42156
15693
18386
9437
31497
7741
43011
17256
43831
27061
22675
28407
52338
27203
