1524
15777
58115
42416
30450
14620
35117
51533
28874
15474
58091
44337
16384
5262
8913
42340
30582
11649
38384
49339
18885
42711
52805
53882
49814
55484
54736
47489
7660
56586
25717
11912
57211
6414
29074
54784
59693
47663
43876
35316
36715
47101
49161
3843
6156
11179
56673
53179
12741
28949
26626
30847
39084
43033
38043
59291
47292
50323
12293
58800
38305
11891
50937
51856
10099
18751
33191
55655
11505
37089
53162
39049
32508
20695
49456
35955
21045
24335
51764
9340
34608
44516
39041
17794
27161
55963
49163
34255
55441
54756
47254
19796
42093
13228
51436
16676
37432
29076
48304
53510
44278
5945
32457
33494
29413
36227
25895
27984
30636
49144
21923
54223
8530
4507
31085
31241
16149
15905
8908
50709
3253
44780
56854
4822
36695
6682
3435
18959
52583
56704
42692
14193
50916
47222
34007
22117
31329
18137
34429
31796
50910
5342
16551
38930
41725
39757
48119
42609
22746
14738
46949
41554
34153
30432
58813
3304
30814
5734
56816
56965
53733
24289
13772
42564
25237
15974
20820
10794
56747
44924
45660
52038
4732
32194
51761
24284
8391
32173
38361
47255
45521
47313
3694
56187
23494
47760
50000
41178
6231
38838
3276
22317
47060
31394
15141
17755
31567
35828
43713
10948
48996
18745
23919
32561
55617
33379
46878
33492
55232
48569
52771
10304
25943
36327
3209
34471
48549
46429
50345
3809
29433
32607
50176
6867
3911
49007
37180
59275
15242
51205
41708
6947
27782
8612
7291
8496
3477
50177
34616
7216
58108
6096
19282
49569
49691
43708
54776
43289
59886
45017
5572
18193
15599
37660
46937
18264
16715
43198
47445
57622
36769
8123
20005
31738
25875
43267
49599
25212
30605
14638
35870
57855
22255
39198
42568
9658
47410
5641
58091
4072
16867
7578
52340
15347
53153
12496
4189
48815
4558
39026
39638
15140
4735
56073
31544
42468
8300
6850
12609
6137
19807
38877
35447
35784
48587
32159
55094
44490
29781
5838
52323
54809
9346
11627
21804
27958
51719
20807
31240
34018
16075
42431
52458
40740
19711
41396
35822
50268
23555
26527
43797
3008
18315
26516
57992
25577
4459
27272
24543
31342
25441
46234
33430
36736
52393
12122
44611
31988
11853
37911
54972
34541
46348
25042
35793
21383
52189
13861
53043
38322
49129
35722
32865
35068
18110
41364
5985
57475
10628
56236
17242
18534
36043
35626
33257
18637
14219
19188
42949
57474
35635
21858
47063
16516
12415
4492
50784
10645
48711
7927
49261
17358
21522
7746
37152
26322
57815
5180
28436
50597
56212
9371
26218
5368
20427
35300
52472
5266
53837
45046
23148
11182
29621
36499
26498
30173
49906
45153
29832
23616
14540
44620
30826
45068
58748
5036
19369
23919
51123
21581
7516
40189
26824
44714
18942
30289
50827
23847
29260
7025
11905
20138
56161
27147
38700
57256
7205
18322
56121
46220
4964
54805
21142
43300
44896
41537
3196
18822
42617
54820
36746
10423
49800
39777
11910
51325
29063
16795
16136
34426
25066
10771
6128
59270
25971
54237
32472
23922
33070
23502
32576
48782
46642
51717
25766
36090
37763
55910
11725
7446
48296
40283
20142
44923
54021
49196
14853
19447
55676
47953
40552
3491
5971
43229
49188
7884
49855
35357
38205
59558
48784
39979
47619
34810
54574
59248
20202
47812
10909
7921
33240
33962
19192
38798
54314
19582
41996
59543
45876
25599
56727
53407
43259
15212
21210
11289
4878
11982
48166
9798
14585
14109
34295
4724
40775
24891
10734
58892
37814
6757
10558
24093
16595
32484
19106
43624
14096
27352
38547
43739
50095
36618
20021
46942
23177
29330
19188
45204
37522
45728
34893
20194
46367
51480
28197
39416
17683
32695
20288
4538
45480
17648
27919
21032
11457
16835
11230
9637
54482
6076
57354
6371
52398
25995
35969
51178
9757
48295
7363
35283
48667
17804
36456
28383
41904
13023
24840
14480
34976
50946
29177
6141
47874
10057
21296
13777
49438
27146
59383
59967
29410
51604
41563
27796
31397
28304
49440
36190
58253
52497
20574
59689
53986
9679
13347
19398
57571
33861
36896
40332
35313
59655
6911
24350
58923
19289
51191
35831
24979
32192
8574
4977
26764
16131
37775
6791
41768
48504
20647
23269
28402
42673
46718
10520
8248
9528
48047
8451
18688
30473
51218
5300
26341
7284
20101
6004
45391
50929
55795
12954
40214
46602
25292
37997
43954
33114
26507
44762
36031
43343
24351
14583
14225
55133
58398
39439
22446
15130
51314
21109
39505
54033
55206
54836
16371
3328
43026
11409
40214
49480
4641
19784
41854
3073
54565
58006
39307
4487
4947
29902
25763
37239
33496
23504
35494
38425
7031
56332
5536
5217
42003
32981
17943
45750
10473
5177
32238
56197
39340
35486
41759
58445
20427
43538
12531
35585
45014
41259
41726
11336
54013
36759
48497
46479
21837
59391
14160
5346
6472
37484
50952
36138
36930
16181
13255
32209
15071
59111
3152
27326
18155
48194
51504
36670
7393
39376
55421
57788
56926
32129
38763
28399
21245
11934
22339
18121
58003
20527
10330
46375
29932
40420
33474
38133
51322
10372
44155
52074
29246
43440
47473
4866
26190
33775
16579
50097
32324
5718
46757
36415
44658
53650
36025
35758
59718
59171
4737
8216
25548
6835
50558
11766
6873
27869
46089
10184
34093
5563
11016
27595
23994
31760
58527
4616
21346
16183
6432
16071
44602
55185
21491
24285
42929
58041
35977
42587
59198
10751
32710
24373
50506
39429
31751
31400
50643
14430
33136
46111
42479
26716
53768
55758
22514
52705
22886
14813
11073
3192
54543
19999
36629
17259
23087
24357
45818
58207
26663
39964
59336
25686
21476
29558
28477
48910
6004
53009
8559
9442
20523
45313
49236
32211
34039
10819
55562
55538
13204
10685
29182
14214
14479
30603
15056
35489
7266
3596
45951
24762
20489
12404
40965
25799
42483
6201
21612
40586
33985
13552
16493
10199
17720
16327
8040
18497
31604
50597
5195
16237
13789
19441
21713
27736
11221
57949
46418
12266
31442
7072
34975
55009
31905
17378
55096
48970
26523
23277
6580
55002
47388
31583
41326
49766
12776
45694
47572
13479
39301
18127
27933
19887
6304
41464
28940
43484
35998
42661
58802
50531
24445
50390
12065
26970
5559
5362
50166
25182
41874
33993
4797
13242
55219
59880
46526
25792
40026
36427
26363
56168
52837
22475
25228
24430
25938
12375
9777
29441
28616
15113
12141
52702
30263
11944
19830
19576
15642
26457
15137
24810
52702
28317
14846
20418
35869
32476
45334
20553
56132
25451
59615
6801
7728
5079
56603
15577
36276
16370
20359
40369
11043
9512
47665
9430
54610
33967
17458
27966
20111
41125
5427
49043
37731
44048
16194
29302
37144
8495
48001
27131
15191
6730
9854
13303
58358
47597
11489
36123
28618
13637
30635
57989
24053
11650
44395
41692
53499
10199
50732
37572
21313
55961
7812
59112
39654
40338
36879
49297
40211
57438
36588
52127
15475
35551
29833
46110
57675
6311
25550
29560
43388
40071
13923
12291
41036
39236
37991
29266
38424
55846
44181
36929
29033
58533
58935
8703
35009
55749
50760
39840
24346
29398
22540
45139
31964
47549
35905
23612
46328
22331
57641
16767
59062
58564
18375
3743
3193
41384
19139
40813
26767
59530
10822
13128
30804
32684
43413
21322
10185
34015
38311
14093
12503
54119
26010
19622
9214
44635
46253
16798
7478
5424
58952
46230
28799
40337
31272
33012
27157
48149
27876
44686
49997
28154
58616
37326
48280
16566
34341
6985
27133
19214
49105
54248
48242
25657
28381
50381
34853
16957
18880
10238
47971
38236
15144
20095
43561
33977
6500
28070
18239
30333
49078
13008
21855
24632
56269
37957
42889
28286
33106
14624
50611
19368
14957
14686
5833
10696
51978
42348
24888
7032
20212
5750
11516
48527
39955
19590
9201
19532
27555
31686
25540
25431
31126
5934
39448
51164
49885
56287
52262
4298
17390
11472
35116
32210
35481
8934
8241
20665
22311
51782
34443
11875
37899
59974
40109
17007
42488
44061
35208
7443
29258
31683
26482
14169
44076
46904
38887
10731
13277
17728
21235
49165
3738
37399
57877
58033
26533
38917
58525
52128
30785
51359
39407
51169
10913
31303
22626
49107
26536
56158
13970
37537
11364
32448
39233
56105
20416
52291
17636
52684
55391
30241
7894
39919
32791
52355
13407
7304
3107
53108
58560
3273
36005
12907
44585
20535
29185
34522
29472
43593
40921
48885
24446
15769
28000
9430
9448
34338
40612
54036
4219
11546
14832
3008
37924
58098
27056
12346
6537
21839
54804
15512
47147
44321
57534
39842
25472
30465
38467
33943
36919
3649
41730
50765
33310
49152
54617
41743
3816
31413
37349
59239
42971
9631
38222
15307
24303
11340
30986
59605
5376
24047
33781
40646
34028
43839
39431
8702
46141
22121
16767
28145
19263
36031
57231
38401
15946
3810
22374
38156
31928
25156
23364
33858
44549
41663
58457
17752
10056
36238
20719
31705
52611
54596
41399
58369
23196
35932
56211
27276
12393
57639
27907
56882
41453
14497
13893
42283
23647
27561
32868
13049
20610
7529
25868
43024
59593
29564
29916
45427
58841
40282
54076
58228
11924
26985
40601
31487
3247
16164
32163
32612
53127
38167
45802
56851
21130
27687
55158
52111
16805
43887
11313
27646
28349
5481
28787
35277
9498
27536
58382
38842
8387
42006
52819
45089
5792
23487
46870
39976
17971
40437
40147
24705
47058
25885
19687
38077
42041
55274
56248
20422
54894
48668
21538
7946
33030
7910
52601
55618
15939
45982
41576
25791
16971
3370
18885
59085
21775
4002
47607
17631
54642
19347
8771
47416
24623
33317
53992
6042
56792
15598
35283
33820
28262
51704
13744
31483
17959
24761
5861
40734
43876
13028
16594
38188
26012
38265
36335
7432
56146
44704
10874
35496
44186
