550
3844
59536
12248
37713
14148
27211
20352
18732
11754
5073
22921
36387
49582
42855
39771
15499
36962
50331
7024
24826
38346
24988
44498
3857
4490
4326
18725
54099
13529
52132
32920
20599
51109
13876
15064
13810
25258
18216
55108
28057
25157
17595
41384
55950
6011
42948
3697
56946
4278
12568
5929
24049
4016
40564
42045
49472
17684
17781
55174
32728
36442
3154
35865
30652
41109
44906
11683
15000
6366
32620
53847
22811
48382
35154
4584
56060
12363
47363
51999
5933
49827
50260
11588
25486
44579
12016
5403
8273
12924
24410
49879
32098
24273
33313
18488
4375
26852
19493
57700
11393
48519
56277
5641
17605
42595
3870
13852
57439
3948
48064
42867
42902
17906
13471
42565
54828
4967
15074
18813
18307
6625
4564
40995
15426
25757
46464
50265
35890
52232
14607
44271
32227
44210
27634
50548
19510
3303
22082
8506
28406
31959
33935
58854
30399
36352
32240
6847
18509
48694
19509
44425
23476
56762
52793
52787
23079
3067
3249
34765
32476
47783
35007
51256
23708
56561
26249
49449
42811
16325
48718
7313
13104
19331
27013
51901
11830
25747
55160
17708
31779
34243
20811
21541
41998
51132
5492
6248
19825
12442
44421
22685
34258
3210
21404
15652
29946
22266
22025
25933
41495
16001
37068
50348
23060
32754
6267
59504
33706
9515
13334
50019
59116
58505
33381
37558
41410
16229
11206
6371
3863
10931
26867
28247
12362
56719
44269
13323
59846
33600
43008
38119
33410
50897
22192
55688
40820
51471
20987
25643
55762
14621
57950
23199
54271
52112
51022
28592
55051
38851
52570
36349
53119
24244
8540
9146
6642
39776
40278
42848
28078
52527
17924
32587
31648
11427
7517
40941
24264
38042
26456
12601
52517
3400
23190
30105
33130
48899
56824
16579
27474
28084
40302
23630
30947
3029
14094
10361
36450
58974
36698
38475
50643
24869
23045
3317
34543
30404
48312
17095
8853
20495
24811
56571
25606
46541
10673
34033
39564
57004
25642
26387
4639
34105
17715
30012
5955
47000
5072
21427
21220
29345
5430
14597
31127
42011
18290
7083
53205
48200
20933
39424
9916
4892
27998
7612
8361
55110
59812
39042
42080
46381
55499
40789
59342
3810
46501
19079
33333
44047
29303
46571
28090
46296
21106
44167
53139
14224
14313
14488
8250
46213
59682
35969
9799
45814
22338
17949
14470
12988
54137
11122
12593
25297
20754
49921
45361
47428
12964
49111
30343
49395
37118
30661
39467
21094
50303
3022
7137
30442
41186
30599
5304
9585
59632
9629
53241
6775
38183
50216
35713
53526
46785
7946
34267
14705
18238
31353
6073
53878
18684
42718
41073
27670
26806
9655
15381
37336
57313
58287
16647
28618
34979
47602
9781
18259
3904
11674
59600
15414
58922
23872
50432
45537
23445
55667
20345
6030
7150
54491
42388
26675
27874
39529
32630
43577
45504
3828
34158
40416
16014
35816
58690
45000
33096
17931
17727
55273
3636
55372
25494
15310
19774
36741
52163
11607
46288
15942
51794
51869
31932
52577
58934
39417
21223
10268
29453
36440
29609
34245
5130
31933
47417
55363
6881
8523
54441
51025
20273
32307
11967
16567
11045
6438
53652
15803
48767
9457
27423
41196
29782
36749
59280
38889
44341
24816
24913
16029
6627
19289
35429
22859
3353
40177
12519
7132
39982
33432
17202
24648
24802
58027
7602
22134
13604
13581
17863
11312
50583
45572
43576
45998
33415
10821
20503
37882
31883
56913
8497
31844
51670
47830
30427
35042
37776
27963
24342
7615
50446
25922
6887
