658
37976
25588
24722
48078
54555
23884
29105
54413
36022
38361
32879
9297
8002
53914
48924
11341
57253
44385
39740
12737
9828
3964
27163
53113
57773
17296
19290
25338
26010
16566
28302
21623
47931
6663
50225
54118
16219
32300
13778
59144
41650
22118
43167
10756
25148
40285
38767
56736
57748
11277
24902
57386
7572
23289
49313
12824
25186
36815
33391
50392
56683
29909
19610
12829
8351
31938
26425
57630
36842
49513
35653
7143
39171
5706
29623
17720
19854
3778
32746
14109
53061
17659
47180
16637
35104
24225
59604
28500
53472
8988
42385
3416
35284
47713
52734
20938
45672
43292
14684
36138
11018
8321
32111
44882
30885
21655
23062
56973
25812
10335
13768
56627
24515
40526
26007
57850
32115
28907
49663
57042
45274
44735
36546
25622
40670
49823
8741
49591
22899
23306
4318
8318
22468
28715
43451
54708
25785
44694
53227
24871
52522
56252
20428
41211
16386
51037
18888
30571
18851
3215
11561
25477
58874
40565
21818
19312
34184
36979
44228
54598
27483
12567
33002
46789
8408
56034
21875
14047
19465
44907
26234
35314
16056
53870
13426
28147
43277
52854
57274
7702
54063
14085
21791
32044
17599
32042
24403
57248
51324
52078
18775
52506
47313
42279
47709
46447
59682
46787
20018
4167
43620
27766
14074
14034
59728
22429
45022
24339
50051
49223
35903
56133
37835
58805
14418
12623
59917
38588
7974
58880
29475
15037
23987
53016
45976
52352
54044
6062
52754
47367
54571
22748
30510
25828
9290
36082
24783
25734
59298
12333
54615
14622
19420
7786
7609
54223
21713
15291
24365
41180
7234
14968
5803
21235
28816
21298
55804
58473
15727
42790
22474
26753
58930
57353
52939
26498
13467
46216
3174
58845
31870
49017
39985
54511
46004
28141
30742
57731
6929
19564
42892
46942
52128
6994
48872
51107
39452
8457
35753
38763
21193
10835
34368
10482
58252
21641
50972
33429
21454
8532
28020
35391
37846
46249
35350
48095
47817
44766
38185
8366
7662
26942
20117
5440
15271
12122
29601
14508
12964
5095
48982
39693
23525
37610
58432
27034
53236
43698
46478
6777
57392
36857
47457
17418
35772
42287
10437
33982
25482
47048
4310
53996
49945
46254
35450
9004
19622
29377
21913
51260
28400
37089
4067
13714
6499
18839
56961
39646
59271
28935
44554
34692
19309
45003
6506
45720
21815
46324
48531
13101
52966
33832
40020
45736
23323
28152
32597
29394
30511
35868
23507
23749
29585
40581
34443
50755
24373
39316
24938
16866
11138
59613
57586
53746
13755
20180
22607
39128
12057
42950
51350
3611
29331
55257
34433
36975
45592
19340
25849
48732
32305
21068
17941
24677
54371
23492
29368
10438
33782
29301
57462
3184
49367
21600
12870
48532
9155
50907
8173
39276
15287
35520
9463
29599
38275
48228
47453
49796
57760
12453
21079
52327
32083
54873
22223
31828
47214
51170
35286
44522
59128
30507
7491
46562
11430
12071
19863
49363
7145
16120
47486
20923
42278
9970
30041
44617
3892
39131
43792
44076
31102
38827
56047
28011
53159
47520
17289
7463
53923
36347
45336
56158
18914
57517
9505
28479
55838
35339
3903
50846
23629
15438
26897
45332
23092
22553
57655
35848
9698
24910
22918
14778
26960
58642
42590
19674
43184
52399
36252
7262
10021
31736
55193
26100
24052
38761
29322
10589
6209
53642
36607
4898
52505
35870
36048
50283
15625
23264
19740
26155
51830
44449
9182
32884
26628
40908
38428
17184
20707
33077
14369
40028
59261
20624
3090
33517
18422
21047
36605
17280
30851
35459
49917
52855
35483
34150
58149
27930
19276
56191
25429
42432
24116
28805
11581
51114
55385
48232
39960
56430
58384
6214
41461
59738
9931
49185
33447
14452
17819
21596
10318
59770
42310
57413
4566
6341
35532
59651
11507
50806
19231
8740
55276
57088
46775
13491
19789
5134
58853
11818
29419
30942
59177
24808
43051
27591
43089
15389
50425
38664
39679
7644
56276
30080
17572
32109
42640
30539
41392
37971
16427
8043
6471
19696
3014
39748
43748
45348
31602
19658
43522
25220
59218
13938
37124
24732
30756
5095
53242
43454
34748
15992
40892
35029
3794
26310
52132
8353
3413
49765
47308
33352
41060
16928
32650
8582
19971
36025
