200
10894
32202
25359
6849
59692
23874
5063
7386
23208
22704
13766
46530
36774
10800
59260
53595
14313
5283
5063
20848
25433
49185
57229
13569
5825
18893
4937
55143
15988
41642
29222
56973
37504
37706
11859
26718
42187
58371
4128
15976
46203
42844
40279
18269
55213
43355
16299
6499
16583
6191
44620
9891
19167
53007
7027
46222
51247
42012
13059
20140
51973
56450
11531
50098
26493
25079
18329
25174
25867
55075
29991
24500
44822
55117
34698
52573
17020
3919
42523
31813
7596
40797
33628
20457
41631
48759
36348
10297
32374
23068
53076
56889
29889
38479
22350
13815
55714
46326
46058
22165
4899
50081
24740
40830
6086
24280
34005
18733
19573
7714
33224
47038
22686
6434
49516
17403
56647
4927
58839
45484
50166
30393
19396
25280
52178
38740
40107
11949
39241
35035
14192
33208
6347
8960
59482
34788
39422
26763
6825
50070
26077
18080
42111
46843
42571
23834
18159
57265
4965
3318
59518
32889
51247
38358
5107
54818
58206
8190
36943
27493
31133
38018
25091
11489
5008
55226
42388
23448
32244
55533
37320
14282
39151
53600
41091
42198
22906
40281
14262
36849
56043
15690
17320
13247
30781
12893
50735
24694
33532
35172
21060
53449
57129
21698
19560
8649
6234
29574
17543
6008
