419
41118
34041
18608
33872
11843
50485
48823
8275
45429
46743
32721
9690
6133
4266
7108
4763
18666
22999
9158
51060
56892
11346
41716
55786
31046
59097
55759
34809
17846
12261
39410
58832
50571
47184
16971
42875
55871
25015
54921
32344
30957
56082
20639
22543
56106
50062
17192
8537
50433
20504
53234
52718
45818
54243
15757
29286
47779
34130
42095
6012
43450
13446
56103
39334
43075
22260
7395
36090
46572
9847
28378
36561
49770
10457
53875
21717
50033
53681
9528
43108
51778
27980
54193
24602
45696
39788
47382
52994
58673
38778
38018
3017
30819
26159
29796
50491
58064
20215
52803
17702
16562
36737
55143
54227
10883
8834
47474
33068
40899
45463
5012
20956
51407
18558
44837
10844
16272
35749
41535
33961
19560
43589
52672
14217
21698
55177
48883
44551
14833
59475
54579
20771
54664
11599
29933
22138
32006
29317
27715
24885
3125
31631
56335
45869
25311
43545
36282
31182
19626
15077
33261
54167
15661
40905
3782
18194
19905
39858
5314
45157
39635
15733
51727
12294
34453
33520
38902
32546
4150
26598
37595
30310
25352
32153
3749
26010
4367
52233
3641
6089
11652
15294
7490
7015
31108
37283
13193
51328
33521
13621
27922
51462
44891
10530
27439
27389
49082
53167
31139
33190
4158
6552
23090
19746
20918
33206
11524
8487
4703
34146
22638
38132
31404
11011
8080
56494
29825
30572
56656
5471
42511
41504
47359
52435
23093
9452
24089
12711
25654
5667
36619
48013
11909
53652
21110
51040
57423
23507
36840
36839
53598
4294
39722
32043
54675
30880
11704
47275
58513
30442
50775
38007
47759
14284
17645
46899
10337
17586
44372
37676
21950
18945
25321
27685
20679
38410
16763
56911
59155
59134
49014
49937
26838
25049
6479
36640
5203
32633
24896
21147
30155
12800
58042
49405
50428
59959
54132
24613
51939
52815
48602
36769
34748
5756
19539
38927
22032
49027
47295
41106
16257
33778
29585
11922
36169
23443
38374
26657
30935
18272
29452
21099
46655
37036
54927
24207
52951
59710
13091
44561
44036
37279
36022
59629
35831
33084
23344
55855
28521
51719
18870
24462
50281
6184
26269
16452
6001
16177
14060
4285
50554
32112
28039
57206
53870
3107
14452
25911
14386
49528
52412
13947
27969
10861
21581
25024
32253
29706
49116
34042
47135
47451
13827
17544
24178
9950
28249
57821
7329
22041
40544
35324
38231
3169
35970
43330
42752
25187
7732
45798
36547
35570
18062
50357
43928
24311
8715
12856
43701
29079
10115
18181
16892
34479
47434
56863
37139
41960
39471
11449
36751
36078
6015
36050
43262
5554
20853
12803
3420
22159
13598
11952
10535
10291
29747
4217
58044
7119
12818
