938
49187
35424
35665
35689
22320
51628
18807
39778
24289
20944
47893
50687
3772
56999
19174
12273
9356
21714
8507
21048
31474
47142
38348
29287
47188
36065
25229
58373
23174
50896
34105
48182
37710
16601
22479
35428
9847
55488
10797
22692
47661
3197
10202
6297
8438
14225
59868
55868
12967
31320
23833
5273
15026
15511
31660
34863
24508
26250
40779
46111
39695
30925
4771
53907
39409
17150
41628
56873
7141
7887
38014
46251
3006
21034
19844
34879
37362
3081
31476
59413
24275
10448
52918
57930
35738
8768
28340
59288
28963
9221
5659
34619
46073
9029
56286
17091
28774
4663
44930
33060
31862
35265
32846
20306
19035
59391
19868
48781
29457
46451
41606
23645
46236
4912
16856
34277
42092
42786
3813
21876
59608
56859
37983
22383
4259
8528
31915
43465
38883
40883
20115
51207
45938
37648
41417
13357
30437
22175
28945
56208
23944
58573
17180
38659
47450
15299
50865
10024
5551
33118
22542
11422
50639
41951
10149
37776
38479
41326
54569
13800
42320
57249
56124
9194
33479
7006
53685
39130
42125
53690
6427
20014
6553
11469
10963
28995
39790
31967
38040
50420
50936
54911
53417
13419
27614
59670
6098
5014
46544
8639
7456
14103
34496
31420
41222
10152
21395
7369
50506
50672
35514
42949
57836
50920
43687
24210
3385
7790
46828
43771
44800
53918
44503
25021
18606
36998
25642
51810
54660
51177
58459
55873
46928
32176
55139
6559
56639
6646
28868
59953
58181
35001
49428
3297
38886
46836
11373
34999
45871
57217
24435
52375
37923
49867
8782
9134
40827
31211
23817
21126
25844
4638
42345
5349
31232
10514
38001
5432
43395
15447
10826
54887
48974
54590
28226
6500
53926
58172
12379
32488
9030
43386
50340
42777
14498
15276
25099
6143
25005
38782
55996
44658
55503
26630
16455
27642
52569
28186
30738
54327
56370
22447
21860
23682
53038
7898
7841
4083
44440
34652
13733
6040
9201
23294
26140
31052
50822
51534
24026
14944
10203
22784
30816
32266
31220
46966
9358
21581
54704
16028
23997
21406
12173
8211
25216
35464
10341
54669
27910
4175
43858
19056
55472
57606
30933
51200
38860
29304
27941
52968
7937
31571
46651
52115
25306
6191
12396
55884
56305
24196
58956
48695
39618
20160
56642
27857
39125
16308
4448
40404
47596
20268
53732
44988
52266
3555
34040
46500
24647
45523
7983
37442
26284
11698
21279
36758
56468
34080
36465
31578
18002
25075
43384
9675
16653
7416
34071
42837
6807
42646
50607
46987
59347
23793
23582
51270
16922
6334
21896
27818
56498
38490
5274
19968
56441
15986
32575
13023
4704
40387
6642
33110
3135
11892
54792
56092
35199
17117
36929
33397
38378
14755
8683
46862
5293
3929
11876
33927
50339
51084
56184
32956
16548
3155
14943
11730
54055
17752
57447
12722
58691
9226
10374
54751
32102
35463
30078
38050
49465
57656
11338
33027
16624
33791
10977
55622
31505
32011
49572
25137
37542
30518
9472
46268
13526
44380
56590
53697
20349
6464
13719
10056
56619
13746
34209
40827
5316
33222
40395
43997
34915
11175
48068
11025
21593
27706
52640
11700
40182
26533
6657
36191
36160
37387
38830
46020
47873
28585
48880
27349
58039
45097
50414
39169
47439
18989
47035
26242
52005
13914
33892
58918
53009
3109
59105
29431
50769
46645
33092
59263
19331
55895
8188
36350
26654
7593
37786
36555
54335
23550
31212
40226
53021
40023
9997
31041
19615
37015
6145
25235
54098
32059
48184
3927
40538
52995
26197
21434
41938
28051
9498
8211
20739
41087
45248
6531
48729
25870
15955
47669
59727
38681
19071
55081
55527
49164
43034
52545
17934
17256
13713
25932
47905
34222
51832
59522
5496
29059
36338
39919
41948
17419
11111
42957
28407
53713
9819
24423
29377
29019
35101
37974
13933
28467
47296
40411
20678
54341
40733
30935
27587
13184
5387
3847
15372
28513
56668
57529
55544
13712
58123
12263
31541
17076
3259
32534
12626
36977
17471
23186
54406
30020
21109
52588
8743
4194
32070
43787
5275
43452
48842
9432
47080
22399
11297
25649
9598
28182
5677
6479
7384
37186
57694
3527
4200
30532
16932
14473
20974
40039
46849
27262
7491
14992
23750
25947
34443
43993
52883
41035
33514
35115
14631
10016
30496
14639
20075
38831
53285
35422
58143
54055
33237
43374
54662
16635
5775
23019
11546
44879
20247
7528
12551
36732
46704
44135
34765
59436
12108
11360
8773
16797
56820
36752
44801
33577
21751
59175
40544
38489
54591
34802
30558
45370
12019
35566
38780
45362
42930
10475
36899
29149
35965
26284
52007
37868
44419
38934
13235
40071
31953
25139
23361
26605
25861
17968
23132
15192
17555
9132
54805
59389
7122
58678
4553
7613
13733
31367
45669
13077
19533
15574
42412
46719
47549
33310
20470
39360
39675
54068
19922
30616
17247
35342
51854
52217
13693
39455
49152
7768
28774
35480
6945
54320
43869
46759
21207
43579
58677
15480
26440
34721
22905
37074
33926
4629
44654
29824
59336
5704
50899
35041
36812
56155
28728
51809
45797
27833
30608
43977
42184
48885
12783
8204
14564
27944
50433
31755
36276
36592
17411
55354
51282
15332
23793
16875
12323
44509
12005
19734
48107
48525
35290
47994
39373
59918
13462
19633
56669
27581
57978
29525
19613
21274
6816
8964
33270
38409
34729
26638
50198
25706
17201
59357
50372
45468
28102
38571
24981
36806
9562
26957
9955
47644
56057
14927
31100
14887
7034
8501
51269
39097
52760
53843
47423
29659
44508
54944
20063
25877
55106
33714
27662
36571
58572
56562
13666
37767
33924
52952
30096
33345
47362
15234
31498
20192
53780
32395
52641
59372
25519
48487
3901
37317
30903
16300
39744
30978
48474
40130
46491
34597
40936
34703
36240
4244
15301
45936
22348
37109
38520
59818
54593
48674
3150
13414
42523
29706
32701
31491
24519
42675
55430
47415
12470
35246
12483
16092
5344
9927
37120
15910
28311
54955
5148
13923
33869
14959
27260
28896
54769
23518
37388
9064
3013
26964
41882
25729
