1463
29159
43259
21399
12123
14037
36939
53028
51418
18761
59930
55269
39625
8740
54939
3895
57307
15426
14204
42401
49051
19662
7748
21058
40206
9079
9767
39296
11199
33107
15401
46916
6433
21381
7112
11960
52099
33377
49505
58826
4636
16366
50208
3176
7297
37700
26127
43784
6074
57309
48778
43735
24185
36530
34847
17783
21838
59088
15228
12937
14590
41410
19525
22309
26243
46618
27980
8561
30471
16206
39712
16080
16263
56164
40959
55509
26852
7292
59095
49287
45521
33676
50720
14344
4363
22953
14275
18383
23434
13430
45947
42286
34749
43953
51717
49837
11752
18887
34451
8469
44621
15978
6415
25820
58330
13944
37985
44895
51732
19705
28300
8751
34376
27320
57427
44026
21669
51710
22334
5869
52776
30381
56155
13304
33241
3551
49346
13267
28334
42035
11085
24168
33406
31820
6251
33560
30774
55837
46602
21088
48134
10468
59379
41865
49488
13382
59949
45707
21719
41658
56094
45854
44568
32827
10784
14459
59736
30722
33460
54418
43368
58292
28392
9506
9691
48042
25962
52109
3934
59761
41402
13393
56685
56972
24571
48178
14880
32021
35608
12850
15722
27957
44270
38182
24933
48913
43894
48170
33995
34085
7007
26689
26539
17300
31283
26356
13164
17986
49635
12164
42150
5866
40983
54626
26173
5063
17242
47971
40213
19692
15697
17068
7032
53327
4897
46966
57917
37861
35653
27650
49451
49523
38843
4975
8777
45431
53348
50454
8924
41138
35732
46844
27785
10244
15129
4589
18524
48062
57888
3660
25288
14735
56921
43769
13507
13920
19057
18843
11507
16493
27737
8765
24963
47499
49392
14362
46900
56567
39924
25177
53334
47078
20881
18764
14608
56364
10135
19055
25360
39831
58016
23035
19819
51175
41863
53661
5102
44213
14102
20498
52274
9190
10208
54679
7822
53346
54896
50037
17174
43742
6533
7826
27789
32191
5187
14554
15451
57827
44577
17285
20740
16897
59537
26050
37119
48545
3461
33782
35529
3851
38338
21384
32377
3642
20934
19413
42456
52205
15940
19681
29159
15927
28715
28278
40462
57938
40579
36568
20325
53418
8198
10369
27347
59450
29856
45351
44323
3983
24269
33950
8970
28660
10360
23193
53283
48991
8136
29115
41880
30331
34294
47642
32643
26063
27929
50410
53390
49129
5002
7735
58261
12243
22388
12508
33719
37533
19203
6275
21312
52809
49200
49503
22219
19740
28967
23083
3893
6130
5491
53730
13376
6871
36042
53424
43164
35157
5199
26613
4943
9834
40078
14950
10234
26995
59389
47343
24167
25516
26715
39144
25126
8715
49239
28133
5626
9045
17090
14252
13339
50417
4392
25966
30675
16107
12801
11066
9712
24820
17821
43549
23788
10821
36419
54484
56492
4343
10754
21275
22985
37298
59353
19300
49509
25339
23989
39715
14470
32980
54461
26017
32023
56119
41642
59095
13508
10337
47798
5961
20964
47553
59694
20604
9037
4044
43108
20457
48801
44958
43205
6988
27473
8999
41078
51343
33696
8688
48410
6180
31548
45103
44321
17240
51802
39404
18845
55463
40220
36241
20187
35464
57759
12149
42087
56848
5424
51135
51755
51958
5578
27817
6652
43149
3014
49874
19367
33687
36313
57693
9253
38769
49765
42097
13565
37218
29974
32490
14664
10027
35792
19137
11811
13102
20758
42845
9391
26765
16116
25848
42638
47449
27895
52767
3846
27384
18061
20860
6734
15161
59308
47503
16191
39477
7555
38571
53452
17493
36710
9107
40676
20310
52021
9596
34796
19995
57304
47901
23317
53354
41133
26898
44826
39078
35857
58248
55190
5940
19623
10896
6949
16704
58338
10045
17022
36732
14499
51036
47801
8569
38745
18569
25307
30997
57794
41353
9753
35800
21321
27944
26487
39510
10322
23609
18123
13878
57385
48458
9751
28601
42661
41124
26000
48230
14705
45371
41966
32456
33294
54769
49323
48410
38283
42304
9023
18393
45373
31572
7965
14167
26287
47941
36008
27537
22888
32267
47600
11175
51682
14643
53277
58461
5335
42090
26108
19975
16959
30113
20480
40814
12498
35570
42996
14584
30212
36708
4939
22050
33174
30203
52572
57701
48118
15394
48420
18304
21077
54005
10046
39020
12009
11924
26042
40363
49226
17303
52150
49746
5355
49571
34589
36832
26449
11420
6427
13897
51792
4878
37102
41839
35118
51699
5614
44279
11051
29754
5804
41057
3390
9581
11866
52924
46809
11552
45213
45316
47157
14255
6373
12848
22035
28585
52176
4579
23441
21484
48472
57115
5460
37869
15357
56957
58705
5177
28767
23765
28888
43623
20664
56939
14589
18151
51711
37550
9446
56546
43937
21561
42272
50530
21829
21580
17611
29474
6380
7434
32655
42132
59409
30442
56660
58478
4851
58258
38315
57127
53771
22927
42414
14054
22672
17658
28479
41744
17150
55946
45996
49920
3005
29713
48421
47679
59720
6307
18976
32326
4463
34273
55049
55832
3475
50774
25876
58367
43272
59742
15129
19317
58413
13250
36120
19947
34930
6123
57046
47253
24027
26019
23894
21457
42594
9711
34565
41148
54215
47777
34913
23495
45753
57286
6441
7752
6104
51303
49312
29044
43423
29911
13054
41290
43388
56767
27174
36681
10715
36877
32060
36099
16291
48083
59132
52284
12906
22284
12419
42356
13202
46048
38265
12043
58241
31915
24688
58101
4786
29840
29060
41060
30942
39038
22973
21604
53950
33186
50392
12960
20003
19331
6398
56438
10191
8926
48452
31411
49112
14882
14686
54946
6447
6281
11878
9317
42678
54805
4630
30166
39085
16548
49225
15563
29829
29539
8979
53464
47579
44315
7780
15231
26687
53860
57606
51973
34006
12308
15039
13224
30665
32031
18616
58057
40587
28362
6990
56517
12440
23011
35942
23802
47322
16391
34304
3968
12138
22347
38724
5330
58858
11604
20328
42211
18074
58615
50567
27052
57329
34117
35104
20707
32809
20039
6817
49314
22184
30619
25735
57824
8587
17077
20759
22367
55540
12242
55071
50625
30538
57947
21511
40101
8889
27331
13106
19111
25282
54980
58759
10528
42453
36993
31534
38128
31367
11265
58799
59385
55928
13810
48163
18153
18862
37405
14778
34418
44274
34148
28058
30422
40287
24340
21793
54767
38253
42479
14077
19230
49446
12127
24226
11902
22848
34801
55079
40123
14654
8239
46465
53820
16625
18781
48053
4594
29341
45985
5719
29982
53357
40284
28257
58618
43237
58347
58229
23341
25609
26507
16587
41466
55575
59890
41384
6816
30607
35407
44298
51247
38389
58423
34717
7623
4737
48526
6614
51880
51473
14763
30658
24375
40328
49807
36313
51371
22632
55725
26046
51497
28718
27109
51577
27695
32391
18816
26834
43874
5271
52849
37087
19154
59249
10187
17018
22962
35796
37873
58310
55510
47347
51077
38578
12876
11432
46525
24324
11327
25783
15433
37292
21496
57719
26964
59714
47617
47735
5306
59983
59558
40926
3658
56095
18840
37185
13399
8048
58373
44920
7445
45027
45501
56444
43148
37905
40356
54744
10351
11413
6074
47121
18868
52653
25237
17739
35010
14526
21241
16992
38068
25848
37771
40017
35447
12978
7245
56976
15916
29531
48426
41048
19742
7162
4132
8414
57395
59498
26397
10895
12183
48573
45370
9050
22783
25443
3818
59686
53878
56413
51173
5257
26829
19485
38114
40721
7921
10589
18004
57802
44684
45795
41877
57821
4354
20943
21034
25117
51098
53529
9955
48116
48654
17387
52716
38954
17691
34878
53565
40780
8221
10120
17248
29266
44811
38134
42154
28399
17901
37919
43792
9971
17291
13945
56462
43619
51308
48923
29708
44126
12901
26318
16486
21556
31300
31951
19202
4891
8506
10620
22246
46170
16482
17514
29430
45379
31888
23571
41513
9026
12475
56182
31862
42404
35946
35739
47176
30506
10078
7675
56476
28689
27523
8747
58830
13793
48151
56295
44861
10172
58553
9054
13677
9912
24129
38244
49341
43461
12604
6620
25585
52368
45426
45132
42415
21123
57392
6339
45747
56815
16745
58851
15076
46867
44854
42310
47741
5197
44990
15420
51138
10789
41904
36876
54788
45216
50591
57374
28345
18417
9666
35311
45595
41995
24686
31875
51732
7326
49012
10643
36950
3437
47233
7194
26719
22473
13324
27552
28034
57651
32164
10724
7557
55167
9794
25112
43600
9343
15027
49637
54403
4243
14782
20893
50077
6414
16578
50718
6542
22230
33747
48758
15438
12033
53735
27571
42136
40477
14591
37089
28269
48673
23830
58153
6679
13952
37730
26525
32280
7494
6627
46569
14558
19279
58812
25381
34053
26818
27874
45646
30847
18776
7945
59784
15044
49928
15352
39449
45044
39295
45687
8820
31482
36139
40409
38873
56505
38452
48970
46406
54476
43116
33590
6026
16705
54884
5272
45011
44683
19370
49209
37925
27224
11347
48596
58096
12533
44729
7022
40075
9398
36528
47358
57047
36353
46648
46502
10490
39113
18289
14382
4415
47838
5530
32507
18870
32820
4115
11458
32342
51326
20813
18219
5047
40145
58558
36334
36903
18044
5257
40991
38353
22219
6333
37374
42186
41320
40934
58190
33942
10170
36061
21087
48101
26495
59825
43911
55664
31938
40251
11274
23095
41758
24343
25064
59366
55854
27115
21403
41385
32107
52650
30772
3492
35146
51720
47756
46507
36192
57219
29648
36691
39619
5556
48115
40565
9821
50744
44914
19809
55697
22199
28557
55893
32527
21129
59694
10277
29822
30363
7776
36848
11653
34636
29495
3231
4691
27309
26519
7158
25941
6482
40016
