647
40256
38470
23108
20655
24318
18873
6217
15088
59177
18021
46372
45977
29646
6485
43788
19221
7878
20030
32697
41391
28582
53281
50687
46068
43684
9619
6474
49248
26062
15228
56308
36501
32405
14480
53127
55056
13407
40297
55133
49254
17585
42346
24433
12410
10211
5898
37864
56582
47156
12636
50454
47804
52027
26545
20820
32418
10789
52511
3202
44058
5552
8353
19657
36168
29701
53668
38974
43787
50241
8766
23423
12837
20960
7054
58024
20326
20704
12403
37933
18713
44903
37568
13991
9295
30505
13886
56949
33482
47327
58281
11906
7961
35622
56813
7281
14424
21299
22421
49638
49581
26289
40169
54225
47851
24541
10717
5866
50365
58872
34986
35811
10453
43077
7867
43663
58637
34284
28865
44477
44588
53454
53225
45968
58441
41859
40601
44759
35015
14758
48539
40275
32010
6093
20598
20301
32255
38550
22885
48733
43760
39536
3345
13506
41621
48796
26362
3441
56387
28349
54745
50234
45430
33142
4444
28915
26135
27097
26238
27328
18817
13867
5109
12254
6056
59914
6147
18522
35117
11989
13766
27034
28758
21626
24093
11597
3234
6984
41885
50895
38743
40388
5761
25678
41742
42566
54691
45707
25023
44058
44173
32149
32783
43427
28544
14303
3668
32404
20399
40897
47728
3845
22855
31642
50856
50026
31469
32678
40426
7428
20209
35764
46218
11572
49061
50067
47421
31487
18844
51671
52713
10158
45120
17686
16330
13146
28663
48127
29265
28502
17853
10501
43288
45205
52287
43898
33543
5482
38459
19391
46460
19941
21328
37065
42190
49481
19097
31575
13825
55788
13277
33545
11665
49058
26316
48754
57987
37657
7370
4377
51082
29506
25768
57491
51228
7974
5168
34338
49440
54982
47416
52961
29371
50907
35658
33060
29158
59891
39429
16675
26068
53325
52262
47003
56806
51378
51458
34669
40382
6277
39277
15373
8215
53786
11356
6390
53053
23980
38774
22909
17537
33241
16859
56776
6526
38182
34438
59553
28915
51809
55246
36607
49446
4154
42382
45080
41330
32213
16660
35307
11587
14020
11895
30966
30820
44099
11179
49243
36735
39235
19684
58657
44989
35202
56149
40596
54442
49990
33111
32413
4878
35548
54157
12386
4824
50415
19810
58390
19341
22577
26761
41526
37765
53224
33931
42643
3031
19585
49306
47762
33908
29296
34231
53357
48568
59724
5442
47239
53557
12744
42947
52294
21900
30685
31850
9657
32235
56336
11324
49917
36880
3160
15031
16857
9258
6308
9334
17695
37730
7495
46296
58848
51073
34808
55477
7084
12654
30449
17111
25875
7361
43186
57069
8317
14681
54333
17275
23520
11335
40321
9328
31592
7612
16823
39159
36327
21107
46153
25363
50774
51029
18767
49873
44525
18952
11312
23387
35838
30998
38068
28921
15464
11570
34586
46535
22076
35540
52905
25301
34429
34186
13689
44016
10961
47338
27719
26609
26594
26234
57902
10883
36108
40338
17636
29579
26574
8058
6143
49934
54645
6917
17556
33658
22689
28567
52300
23690
55657
39475
30733
45569
24576
30751
20149
39447
26660
28529
19493
34047
9654
55300
13083
18198
4534
57943
7748
33794
48868
47082
31290
54725
16655
16783
24014
29826
5201
37647
34704
56016
20996
12013
26124
57731
13373
11761
4939
58225
11398
13062
38637
31054
42999
48404
35854
31023
33196
57456
5555
19644
59677
15026
55835
57795
45603
59185
10947
56495
47476
13303
48526
30711
21916
47621
54895
37008
59404
39955
11531
34249
9323
9916
8501
18572
52726
29280
40796
35481
28310
30583
39569
35421
50249
33606
53551
28837
45867
14187
45744
10877
36479
13176
57363
4600
29553
11786
12874
42585
7064
56018
54695
58714
57947
35840
5742
9378
28607
38406
6465
22546
35182
38584
21901
47812
25050
3513
23456
38800
33454
38231
52130
8761
7552
59226
4868
31271
44750
11935
50645
42249
27019
15730
9386
24651
3243
3648
56112
20242
55893
59505
44820
7778
59911
13561
32922
50711
25178
49458
46801
14887
14696
23181
54473
35859
23003
54915
26541
49413
33919
11340
18535
23137
14385
45944
54807
23858
9916
28806
43203
48518
45019
58610
18202
25957
29677
58343
12644
24455
24080
