751
4372
25236
8199
17362
36757
46401
3899
58698
48429
56241
32715
24946
5377
5723
4458
51323
3655
46449
25589
16481
23796
33623
43513
52777
19842
5195
30585
6242
34331
12538
22669
40797
6006
59240
29471
26266
57274
13911
51667
46341
42378
39160
6605
54121
28474
45865
11182
29650
42317
26915
53883
59902
6321
21648
33846
52154
36478
40118
47630
26839
41092
17052
40756
58281
15085
36108
29672
12688
59355
46277
23133
22366
54007
11881
48167
38074
46773
47263
14761
18068
26546
7867
4098
7918
32098
49313
54891
5492
40871
17558
59740
16802
7266
44819
3357
36844
16413
57903
22285
13448
8046
14346
9287
47406
57559
59085
57250
12533
47221
52631
12989
20054
40994
58259
18616
49081
28348
16772
32886
28829
46423
30867
41004
39407
25777
5711
52490
49102
20364
37846
38383
6379
49360
19074
19884
41536
36872
48758
50045
6397
16721
21381
30195
23769
52815
23690
19256
28955
52929
16005
10278
45226
38557
38152
47659
10624
35532
23768
38510
20379
56598
30504
36948
41690
8905
32892
13702
26865
35774
41239
56102
43771
26526
28145
32382
49361
13894
33851
40455
46794
35029
32304
7129
59569
59833
6594
51367
40970
34285
35961
41043
32226
6017
13427
13385
36944
35777
43440
49282
56294
58869
45875
30777
47402
5382
27829
9425
52165
16787
52857
30063
30731
15643
28089
11848
53690
55654
37283
56131
59698
30138
34649
39143
13572
28510
46920
8177
24937
45455
33943
44245
32793
3951
6032
45300
36570
34231
39096
13631
6125
18700
16031
14410
44944
10771
29168
18258
19084
11768
32818
34997
4805
33442
6208
49372
58010
30658
45995
20009
58858
41073
40384
42531
40361
38072
32729
7125
40778
31702
48428
48869
41675
44590
37766
3665
43821
36338
46399
55012
11832
27379
22477
23586
19871
43327
42794
4738
22665
29380
21060
36141
21953
57229
23229
53095
52180
8170
47407
26537
5379
9157
35840
5984
47494
43401
35764
29638
45181
59729
10483
11274
32261
49476
55418
37037
52547
13145
28657
52686
51706
43014
40405
59238
56092
45262
19294
23346
43290
30618
46399
58359
29033
9697
47464
20732
22077
37287
11366
55877
16092
59887
21685
25449
6367
59371
39731
48253
51698
51198
55047
41453
47987
22788
10761
49597
9419
53495
41862
33762
38976
41389
8772
21074
50214
48816
4714
7716
12873
24359
21756
56432
56979
29295
39937
36104
47614
56370
38864
30181
24480
3043
30457
45044
40408
4978
36727
11470
59109
10250
59010
44244
13564
16726
38470
41002
15134
6284
50083
52015
9929
26771
13790
49348
29598
17897
52415
45409
7744
6189
46391
57720
50911
38418
20968
19043
14863
47635
23645
48763
53237
52003
7532
9572
6433
12515
19023
29535
28442
25088
27601
23219
43320
31005
18860
37471
49640
25628
47778
10820
47457
4768
17351
27634
29030
9806
25965
16888
45425
53709
23201
42833
5787
55726
55103
16062
11155
36305
12244
51366
36182
34371
36362
45971
34623
8525
4202
18148
49748
24248
9698
45070
49970
34165
47547
7486
24214
52779
19917
49751
31922
46874
30589
22690
56454
14736
33904
35423
41897
58000
43172
40543
24677
33611
42864
36633
52007
19988
21155
4424
48601
23756
6702
58651
57334
40405
23200
56210
4074
3194
41024
33702
47983
25621
41298
42057
18998
38160
34070
45819
28982
52579
43458
16796
3630
49672
41631
6814
48372
32884
25688
50506
10879
36250
55946
26562
5046
40858
58473
4243
16787
16660
24198
41342
48454
24041
28013
59105
53174
53577
36001
37477
41186
52247
16639
21070
32960
30513
26082
33024
8828
39525
43529
13551
33699
3001
28987
30207
4706
50044
15722
40306
46182
55023
47860
13628
48257
3188
8910
40547
26769
8292
52036
22037
17023
33341
40741
49677
8874
36210
48564
58882
39273
47403
31007
20329
48969
21256
10408
42312
16255
24911
33657
53450
37560
25132
15076
31135
30387
6448
44812
36459
33391
58087
55018
49629
7484
41579
38853
9340
45367
37773
15603
29969
36696
3001
24483
11377
8016
30546
44169
49544
37060
20884
15307
53907
45555
9978
28555
7681
16491
42541
11431
16563
30547
24908
30540
31124
59556
51593
33965
29035
54102
32128
8258
11144
55807
21065
44176
8638
17789
8524
51785
6214
29672
46613
55390
17038
34160
30080
24078
25923
55089
47277
7365
47876
35866
40024
46369
4331
33099
16050
41532
18519
30477
53334
41205
51539
23966
5719
58180
29224
49509
4472
5711
42202
18334
16884
49455
9849
28239
44047
16539
8453
26574
50186
58864
44654
32412
11831
40528
55795
10331
57872
52910
16458
13360
35407
41468
13859
4188
47638
33716
6858
45863
38843
59978
35408
7637
17308
21895
54547
5757
27194
41823
15456
31696
20529
31137
47763
59217
19542
12436
7401
19896
14001
26260
23176
13825
57616
3563
18137
