1286
56775
8665
23703
13518
30022
46965
33099
42923
27678
51828
13329
47433
54708
59043
50122
3301
40658
18375
54317
43803
53989
34896
28868
57517
41672
12663
41072
47308
46509
3430
44887
45598
19040
9966
59243
9360
36612
43573
48694
59413
27687
38312
46654
35483
6654
58269
32768
57012
28580
30590
38135
39502
30791
31695
50073
40154
58693
5645
36555
33559
4065
28375
11343
33876
55121
15665
23321
3454
13723
52834
47607
59972
36408
28270
33595
45527
23075
21606
36780
10893
27393
30006
14824
4111
47302
47921
5018
29619
18394
11141
15964
53019
11791
32339
54662
13594
9573
21642
13105
6543
40705
16355
29172
42790
29099
43244
17485
31059
25103
16322
32630
13313
4119
25861
29632
25735
36353
33406
54817
55388
56437
22365
4763
9006
8062
58750
59229
6531
8021
7831
43184
36180
21495
6974
38669
31983
22927
27882
49461
37876
18287
49361
54891
37885
29063
36136
32062
49835
57556
54453
58689
6276
42456
43275
57396
54909
59909
12982
47449
38743
50773
5518
16989
15330
53755
33967
31467
19157
36546
57478
58463
30012
44342
41791
23294
34037
56702
48518
7563
34674
6360
30349
46224
43747
31864
39820
12252
40368
17854
55603
28573
55278
39407
10789
41894
20825
4551
42267
39811
55762
27461
12984
10498
56513
12110
38637
35266
4520
7374
55121
34795
7184
30836
3872
35410
50038
12136
21124
17192
14386
12082
8599
10725
40461
45049
44022
58429
58256
27299
38107
14111
56893
24458
19490
4318
21170
39418
43719
28958
29486
54759
20029
15743
47806
11337
30716
8681
46688
25634
37784
52142
41319
17073
22204
21025
54790
50884
31927
29891
4511
28781
51732
11353
11587
57688
19312
4695
23372
48458
18213
56360
15700
48110
56170
8705
41857
4951
50704
6127
44372
58952
35681
30490
23232
35104
25908
33717
10946
58533
53977
16581
7915
30745
36536
37786
58910
25389
52915
15869
23231
10489
37539
52655
58890
37572
16060
26222
23293
3536
42123
24945
47860
36974
5553
9247
34095
18060
17553
58236
54802
13852
50850
9296
48074
59956
14711
48618
22668
14897
23987
20431
40209
28579
44028
44247
30120
58544
48899
58870
24774
29823
44697
41688
56292
35446
16132
5852
42616
12209
11316
44284
44336
4390
19354
59613
13419
38801
18235
38830
43298
31034
37079
21924
4248
47032
55315
22252
38146
38975
29401
55939
13251
25103
47544
20708
3824
41744
8107
5805
9249
21992
32657
9686
14363
58805
39966
22116
21600
40620
55844
23322
43511
31077
11370
11702
44457
58568
15510
40919
13383
16057
20394
39814
5488
39520
50885
43198
51028
53358
5581
27058
47826
49027
54428
6787
47305
8559
55322
51269
47011
28628
50817
39467
17162
16743
42265
40405
19647
55127
44128
8992
21163
32699
9586
37480
10135
28581
56546
31372
39889
53216
21119
23768
22775
32597
39272
41136
26028
27375
54366
50224
52823
15294
18898
8737
53425
54006
49242
40947
32025
17432
19914
36761
53467
47958
16941
57052
28193
32403
21368
15227
53619
50434
24512
57837
15305
30705
53607
32632
58802
35303
55484
37167
32628
7728
36604
46848
42132
47522
34873
22631
3508
46562
32684
29309
6573
9107
58844
57666
12435
29906
11116
17675
57618
49916
4239
13200
36655
39629
41213
4630
54542
42525
39346
20557
44881
5949
23909
34153
28838
8420
49235
43303
18304
56676
38399
38610
9896
6560
23686
12443
26250
15515
6028
11610
24803
36485
55169
53241
49665
17453
14291
53861
6290
36018
34648
44393
52764
40028
55400
26671
29186
19458
33641
14152
45135
30997
14933
22484
42039
32061
58080
30935
20093
4208
31410
17448
52564
29717
14743
8181
20640
43724
35023
16044
29588
17031
49256
48818
49014
4981
52598
10163
11926
7742
37931
29466
5937
57918
10306
11433
25388
36131
42939
22698
51651
29678
45759
39397
4139
46583
48744
5908
32638
49474
27931
42521
22729
50178
56296
59796
23634
13512
38955
18491
16083
47321
51252
33774
31770
11685
46344
30870
18493
42167
6642
26128
57189
40767
30226
44494
10922
29899
8817
3663
57048
22691
35124
15298
32501
29096
6374
8761
53886
14116
49572
24468
43101
11149
39699
58650
36275
19613
23381
16464
43665
57466
23431
3723
15372
8614
42353
47272
54011
58928
53859
58985
22135
55670
44644
34392
52929
30083
35154
39880
33763
26413
25511
53121
42227
57867
24246
47674
52323
34487
25149
7586
6945
24862
28019
34626
46881
33519
30353
51380
51912
21164
27469
12003
48980
56688
49762
31900
52338
33869
29435
53588
43263
55763
59998
30588
39349
4528
35036
12525
35376
48390
7929
14887
19204
56861
28904
10877
56691
42790
15832
8142
5499
8782
55522
59490
54609
5936
33151
37766
4337
54841
27322
18157
52745
28949
23555
57864
12479
5763
51379
43844
16808
37928
36401
15695
45554
19446
35966
42796
38565
43844
49307
5499
4376
31648
49040
45277
7381
42693
41964
38287
35478
55779
56796
32486
52770
50627
50427
55994
53524
51178
55412
10895
11537
12170
30699
53654
35655
6290
58903
51243
32428
46657
45845
37162
56486
4769
30882
35779
5206
7706
14033
35575
10895
58973
21123
14279
57541
10474
43367
33095
27168
54271
5713
3982
10296
57950
40103
58506
10308
4893
42356
46608
50884
41989
47423
55485
9440
18090
36067
43127
56949
9833
38601
30374
27471
31782
42412
51694
24792
15157
53499
35521
6321
6720
31537
38953
20177
37709
23351
41633
49807
40479
42082
45921
37776
12973
33049
54475
15974
41079
6497
42420
12832
34346
28908
21364
13991
14074
9206
10855
38650
28450
24672
6261
55431
40813
23583
19445
59606
23403
36418
6755
15094
49809
37914
19380
8780
13607
45202
25743
54852
55231
14201
44579
40050
28477
48050
16535
20608
47612
36516
37581
8793
42181
42462
12178
55604
40497
14211
55663
23381
35721
56831
32324
17315
35731
23021
45702
32239
53431
36663
40096
7887
40699
37790
36623
19067
28918
57801
26990
35531
22370
16364
39484
57596
53244
34263
32019
8919
52205
4182
58201
18168
42655
37092
48844
59761
15065
52090
48551
59711
27946
3372
31221
14820
27540
27391
45395
8939
18833
44448
48143
28099
21172
56410
9459
23592
35666
22395
23521
19758
30839
17411
54505
30527
39163
24485
52942
24202
21070
42602
48260
22707
51518
39356
31162
9209
19281
40049
17447
58391
25719
22578
17992
40905
11206
13407
45714
25720
57891
9369
17902
18026
45524
27731
50113
15051
15574
38653
17843
13186
3524
24809
20498
29780
37305
26043
42653
59845
36477
40266
12906
24658
22521
11053
45427
49770
25346
48821
49348
37080
4057
9692
12256
36929
6400
46522
18686
38790
43225
23184
45986
26291
4367
57084
34390
31391
33899
30172
3905
40053
11740
48249
16517
18993
25912
23495
40244
11856
50484
12928
38680
48069
9709
44930
44389
34883
9044
3520
33029
10364
35096
31317
3322
27142
33329
9665
17850
21484
57312
19290
45366
19785
42549
17004
36592
36025
48675
3267
37645
14930
27353
12038
57189
11285
39712
34573
20489
3677
37556
26787
25809
19582
11920
20741
50602
28124
52168
54372
24950
50326
24175
3494
6923
44004
36157
28078
39786
46953
56574
18527
40316
9769
11934
13033
37982
48942
48454
4249
31737
45883
15112
31160
11384
15116
49541
44753
31887
45634
44802
33532
41419
46530
21516
32321
26295
47135
16873
15504
38040
45599
22741
33793
20070
9078
6590
56057
44042
55428
40523
25041
54043
52176
42397
52831
49458
6943
14730
4537
6286
26180
17101
59786
40488
10500
16148
48669
52252
53884
11697
57614
55292
59302
24970
42581
17875
24352
31429
56762
24090
37738
24064
58700
37049
40213
38974
59085
5590
11042
31901
27904
51753
44479
11127
14052
44620
26926
40982
13454
23719
44876
44034
45472
47051
59853
14045
13357
49412
22521
57375
51454
6204
21741
19902
54236
53159
31564
8802
7111
41200
59779
36221
59513
31246
40804
16006
50983
59152
23616
7806
54938
15574
39908
21172
40076
21566
57155
56171
55440
12872
25001
53079
22595
45414
42313
46071
43548
57221
32468
56296
33109
8369
56870
59401
54175
41587
9382
53242
32607
18356
13691
20872
18552
6473
34565
9927
33130
55792
37805
31706
18630
49279
49874
14642
50311
13754
48977
12373
58957
