1938
25335
22655
44405
29341
20384
29852
13676
20781
40993
54075
4423
55138
11638
57401
38601
4833
40501
38541
58908
27361
37047
46031
37087
13692
43128
37393
46125
16827
42862
56984
58798
44313
59908
29017
14155
7146
47592
35869
16878
20569
3810
47654
48470
29460
34268
55084
42093
58831
39102
17446
26300
32762
53657
6784
27396
7210
58283
14404
52356
5532
23193
50490
32067
52041
42385
28599
50461
37460
51900
8693
37654
10802
50513
22065
13119
51968
28204
14201
45060
52571
34226
12501
30484
37001
19659
8122
7217
14587
40757
11944
22103
58529
56452
5890
5271
37469
49643
14966
47400
49479
56047
50410
8363
6870
28580
5816
39295
46575
23424
14763
3481
10418
7109
44105
44619
7183
8400
17534
32147
47398
57770
51439
5300
49894
3656
25660
28805
24261
49028
49816
59424
29586
37914
21431
10542
12919
3996
51144
35783
31703
19123
31091
31527
22706
54991
44938
32788
7728
45021
37719
55553
15769
5157
52430
28966
25944
20004
6532
34918
41991
29843
53920
44465
27864
22388
23416
21849
3904
16615
31268
14040
55417
4408
53657
41153
41893
39264
8187
58063
46509
29026
21487
54420
44863
8116
22845
21074
10381
3679
7968
4115
14418
17399
6931
6151
23419
57735
50032
27991
29972
24153
24057
19773
16358
26972
54673
46003
19776
15037
25602
44028
10814
4852
18318
39422
36715
35107
4837
13065
9007
59969
44537
43823
48099
5947
26840
10975
46033
42071
31733
18234
29114
33615
29874
32909
31261
15316
8112
40959
13398
12901
46762
50873
25187
7149
58933
28334
38000
12101
35386
9261
35477
48798
50267
38911
6921
9908
25616
56169
33035
59130
17219
26862
58399
45029
58753
14606
42835
15361
54294
40838
27895
19126
12736
52996
50783
41412
57719
12614
20451
51360
4895
28327
44771
14078
33608
34180
15636
27829
35713
14046
58952
24018
27466
30001
7227
51545
54821
34888
45527
24632
18758
22622
57322
35594
53694
22129
51047
45713
49506
16428
8452
18546
11498
28263
42035
57575
9362
14209
30007
6582
55934
51065
13152
31449
19454
3162
6909
32077
59546
3556
59169
53058
53020
37460
32753
20420
3806
20896
45627
31379
53007
41378
50651
4426
12883
58931
31864
41931
26167
18821
52636
44506
5630
55034
35588
10313
40597
4488
43092
27832
8073
18721
21795
12575
44852
59757
59524
17462
10595
21781
55393
17115
19457
30680
47369
14069
20843
7051
30956
12484
10030
3744
20432
7044
6684
9608
55357
31901
48976
6808
8839
28520
18186
51830
20258
43511
36555
27868
15296
41534
32200
4644
34034
16695
41946
32838
52495
33275
52738
6962
20260
13134
6032
21253
8747
49307
57283
31647
14054
56925
41130
42535
21768
53677
10926
27911
17058
26520
46845
50784
23469
7522
49566
5922
4210
38999
10988
26702
47149
24502
46902
40862
16061
43816
16867
53207
3475
59987
34516
40263
53822
7717
8971
33162
40367
26826
29232
47715
32842
50073
48198
48072
50284
34731
54687
50721
13870
16767
9149
28820
44291
29973
52263
54256
42584
11817
8670
34998
38149
57952
36208
46470
22563
36231
42646
55789
58508
31589
23006
19268
6407
31530
50980
22583
48805
20097
30974
40919
32609
31028
35537
59771
31526
3786
10283
3678
16846
10871
39694
58329
42778
4592
44050
5816
43802
17027
57856
57196
9725
44773
53760
10010
47462
17799
9734
52431
47654
34835
4532
25811
7449
11301
22358
18732
12401
38316
48869
23704
7887
55726
24701
13003
10635
44668
58416
41951
5341
45495
54030
55926
11574
35088
6129
34199
40158
53548
24010
58810
25082
29658
30158
53496
4053
41941
26544
39707
41123
43423
56469
13386
31680
51038
4274
36095
32437
23975
56657
41170
33489
42439
50602
10458
10948
53647
6807
23089
33965
34841
41712
28708
26601
50726
49972
35669
31814
5563
46649
4781
21078
29348
42934
24363
15465
45036
52758
58530
16292
57220
29092
26829
41471
25005
6147
13499
48670
38117
17272
53667
27954
23279
53076
35755
3480
46907
44258
27648
42290
27654
49819
37053
27847
46483
41453
46563
43532
32782
39808
4345
21694
59052
28954
7414
22541
21508
53662
11459
57944
36772
52770
41395
59245
31876
47712
26625
53900
38230
40473
33744
7792
49962
12655
35726
8497
46301
5389
7878
14700
36672
16210
42632
25656
33086
56807
54224
18551
52462
23747
20647
14691
46074
49675
13566
20045
31654
52114
32782
31981
4143
40977
11265
59106
39481
16829
48698
52948
54600
10642
8633
30135
12627
11198
52735
32410
41314
53305
46124
41529
17259
28773
29360
56778
21723
53051
57765
7061
9390
16585
49180
41197
45883
41506
12482
23968
22041
5149
52772
49205
55459
10546
28690
51001
21143
8530
20334
34356
28534
55110
9146
16264
35334
18151
13993
10398
16102
46300
30242
33949
17204
7179
8559
4318
52261
57540
42103
20612
41632
58240
35934
24599
27541
37149
58435
46236
11139
27537
54638
50651
42243
24139
33723
9142
25775
51415
44526
22965
45031
38564
48333
50013
38895
3576
9113
17394
26528
59420
38412
54617
8288
16356
47072
57425
56804
47595
56343
49848
14155
56447
5751
47301
55799
10657
20143
11468
14285
29002
25693
44281
42176
21261
25587
17286
39341
7684
15955
44327
5500
13160
55158
16810
37450
5043
37106
44369
53848
20407
4542
5477
44756
33051
40491
7554
47204
33874
53471
42331
23748
39457
43081
54461
46156
24034
7171
17616
56071
52322
21769
58114
13288
48750
29865
59655
59672
57408
46480
30561
18316
28052
58682
16349
14735
33760
44837
7974
41114
24890
53936
45926
33906
50265
35577
59205
40751
51708
55784
48084
45795
19839
27738
52790
30729
41603
14062
52834
15704
58943
25642
43464
42784
49084
8243
58115
59320
50224
20397
53836
58910
20623
30900
49053
57086
24115
56034
41902
34095
49729
6796
20509
11134
53354
23328
37582
50059
55673
15512
18096
8907
6717
36785
44737
42924
24768
36646
44636
47134
19622
58618
21973
23920
35231
36504
41545
55427
45324
10646
29002
12698
23708
46783
21827
27027
30160
8200
25465
6168
14990
56367
28543
41803
51216
39361
5276
50681
21278
26201
38186
39441
13661
30489
48382
49726
27235
28351
15499
11438
33766
26185
28438
48391
30398
16370
12843
59011
24230
43308
11993
34269
14624
45537
6358
34751
44516
10495
4111
48180
3283
34463
24078
58106
22414
23179
53046
34661
40783
27474
54318
52281
3269
49152
25307
13557
9454
10766
25516
6966
58338
28846
17820
38246
51457
19409
53407
32718
43559
49189
39526
52297
33502
49497
23816
45927
26088
6579
18703
15567
54984
32570
49327
15785
39868
12112
7451
55022
4480
13962
38207
35094
38315
29796
18675
57099
54345
22465
50419
34283
6713
48655
40402
58702
6686
50914
39738
35536
49285
50436
32811
55279
42128
37229
13437
6032
55045
34172
41876
41058
21087
13925
23611
21540
12998
54219
39492
24497
23288
13506
55827
38220
8075
27295
44753
3264
59707
59085
34875
4952
13381
49158
20805
42536
56364
26822
23279
54198
28514
8909
56592
26913
12507
18654
21047
54976
20659
9381
19823
13967
49016
26015
13946
46872
39504
47901
25247
11943
18261
52963
56530
53763
12876
39594
5868
40403
38887
15239
57706
26606
21252
9884
43607
52695
50973
24502
52028
53570
46941
58469
30260
5124
45521
53781
50699
48458
20765
49987
18912
38745
25277
9562
30304
29156
53108
18131
27254
43404
33116
8562
21579
37416
45907
54385
7910
7126
52881
16033
5040
50145
41729
8969
13057
54446
43784
49807
47084
48037
22799
53902
29055
9035
14964
26191
24387
35950
53122
34909
35057
32876
58551
4534
28984
8719
46837
16079
13463
6717
49894
41212
23903
53029
37572
47129
54600
51054
12602
58160
32670
40215
5887
12443
6145
7559
9101
52161
28339
18887
39955
57068
48130
48702
26591
38229
47662
57243
38965
42831
44740
17071
9698
58468
26853
13056
52667
49531
52694
52871
20465
35923
41085
47158
45306
54812
39491
53402
50789
14815
31900
48930
13052
20551
52835
15763
19310
12479
17610
20737
22957
7787
9377
36287
19971
6596
41669
12458
53937
29370
33904
8607
32017
14802
42026
12832
11853
58175
59064
23432
3153
50187
28757
45598
52462
4965
28703
28053
18316
52605
37179
30607
21391
31178
17869
32006
11765
44571
25050
17352
41272
49200
49935
54550
42648
14297
31316
21255
54535
59485
27860
40167
18035
42339
41410
18263
22924
38048
13078
59477
32062
13492
15376
4991
49509
28950
38764
27262
7250
33537
17100
53505
45001
22053
52840
11760
32894
23489
47555
5850
8495
12562
5759
34361
54948
7512
51518
14058
5017
44587
52825
10741
27210
13101
20821
28489
21988
45572
49034
20652
42443
13697
16311
4613
5578
56756
38127
27660
3602
35457
52954
9138
56998
55341
39880
39263
8484
4155
48183
23894
43155
59918
41019
10952
10614
19550
18648
39488
54300
15954
21869
47655
11737
28901
42648
30905
34170
34719
36494
39296
54006
32108
49699
41641
27132
36852
36182
3763
54816
27527
35760
51413
36684
43360
21779
17732
30098
9005
58832
11186
49055
31504
37227
42450
48896
59614
45643
24995
4516
21442
16524
44146
42722
35044
38504
59906
9736
17887
3272
58548
12856
40625
50908
48552
29711
3118
44426
40790
7474
50192
44490
26509
25293
11057
36346
32791
29961
52519
12418
27643
11332
12800
27384
15601
31482
36841
49747
18236
18052
19150
58704
21210
37731
16511
26621
27586
57043
56516
33954
27851
51302
43615
22871
44142
50271
31781
45077
6814
41878
25621
30555
29271
44206
15918
8403
10094
9878
57401
32678
9951
10336
32352
51139
11253
16420
15678
6007
34214
26921
19423
25131
19516
21877
21272
4404
14505
8407
41588
48452
10477
10784
23707
56470
12029
11401
34562
59318
33668
36924
3001
22216
44194
59041
38344
43814
30471
5523
48999
32823
19385
3557
32659
11960
4747
14883
23159
38145
28105
49073
10062
14432
28099
3693
42064
5986
39455
33365
19788
49604
23441
41148
58745
47915
11842
16467
45667
46659
22188
27505
32712
3359
53609
4476
6646
35315
55882
59364
37062
36695
23923
32928
7571
11772
39472
37759
21142
9054
39522
22261
8743
41119
57351
56253
33910
44812
39254
36737
53837
18246
30396
47148
7730
17327
58287
4891
45306
58358
46176
42506
41823
48392
29302
58330
34986
43820
35206
17539
55793
26710
41367
27000
7286
51528
52193
33637
51542
32641
28822
28740
30385
46574
10018
18569
36998
22224
31840
15684
35340
19907
27185
4699
27833
20096
41485
47157
7652
40039
30645
51428
29044
39643
21595
43858
50818
17784
52784
37051
35638
26223
47124
31199
54312
30583
52021
38744
32446
14727
25997
5908
10710
41531
44997
53754
36561
24169
41634
6034
18522
14465
39146
13935
54640
25269
35024
33328
47173
21483
53997
31750
22343
45185
34529
25996
17030
47215
50043
45287
19739
43983
18945
39577
28644
23360
19568
52886
51450
8507
33306
20521
58826
47518
34515
57511
16744
11799
37727
39901
15221
42186
12638
35391
3578
3549
24182
37350
58878
44874
10448
9544
34468
55300
51481
43495
33440
12732
51575
22490
28853
42191
6445
21646
44811
38082
47530
52442
52032
46187
4080
36336
21696
8943
38780
21700
53890
5384
54312
54519
8116
54147
21559
14738
14025
5339
3185
24763
47712
48963
42084
51816
34587
58938
29236
3861
25256
45955
50271
32404
45984
35880
25209
43145
19146
56171
25330
25165
6924
19321
52710
6308
39560
13482
33405
11532
36749
32509
57850
10412
14458
49990
30073
18667
29526
44833
20120
54177
19699
19565
57424
59315
37392
36526
15328
36068
50558
10985
10645
38649
19174
41871
49741
49034
47793
44862
35547
15794
50093
21988
42093
42130
36005
39133
18630
4573
8082
16592
11231
23511
12553
48776
37988
18129
13765
9409
43771
50773
21593
12150
13503
55461
56967
14243
57891
50008
26285
18047
48142
9919
38452
42175
36116
37766
58090
51539
49633
54948
10500
23578
3427
20873
10772
18689
45302
15255
7604
49281
29285
20581
9940
59186
40995
24739
59808
29334
20480
45229
25056
51338
31809
27413
29186
39785
51430
16223
48388
29792
50612
28231
53275
37973
12802
37793
40356
58452
10017
8684
57278
34889
35592
20243
10835
16893
36999
21574
52603
8790
23362
17809
51899
12848
59307
50409
51425
10167
8472
23522
7485
7657
58427
23142
29650
55223
57790
53132
12682
8124
29165
16878
9871
8316
51296
43657
49645
17511
38310
27935
