455
32605
39001
22214
29049
8563
35181
8624
21712
46513
21146
7763
48512
9364
23203
45764
51373
8047
50776
40649
6211
6524
53839
54766
53492
13160
14151
50182
37097
58067
42049
49410
31789
38850
14992
31900
13306
18297
4119
38451
29409
13151
5687
39412
22996
56644
27562
17669
39421
54309
48793
14962
29971
32602
9534
21685
18294
9272
52124
50815
49099
58750
30276
53144
43038
59806
15981
51413
48308
13656
31143
38014
24590
8613
59868
8596
52115
14596
40550
21171
6506
52379
31979
17480
52530
19555
41714
59275
49040
23829
16452
15250
30110
8243
11201
39496
22872
6543
26092
47979
10305
56418
34681
43366
39695
28091
31724
22112
57545
33417
39939
57717
59720
50846
4150
44072
27176
49516
17550
51998
23773
38285
11744
26998
42758
49108
4179
8898
20804
44382
9058
15346
13969
32991
30510
22896
23034
40695
20369
36861
45145
41135
58057
34423
28447
25134
57807
16211
43346
43135
21963
4940
13763
56267
30875
8909
48227
25193
54801
36353
36560
20221
12138
9408
32817
32811
26298
35139
7036
5793
22940
6843
15918
41583
25709
41709
6607
9048
20437
44203
26473
11772
49311
4400
19784
38515
14086
41751
49903
49871
55601
23590
37364
18111
16676
57062
49060
29029
5954
59761
57329
54130
15311
36988
56124
27799
58927
35703
36819
56412
46863
20049
45287
50292
16143
6555
30823
13350
36706
16205
46361
34662
51183
56308
28245
56602
59546
34887
59247
39783
3311
54882
45948
41830
45994
7475
47452
33401
54283
20156
44687
36559
57782
36029
14654
42174
58688
28926
17203
57253
45642
27881
6659
57353
58084
4973
50944
28699
48597
35137
24945
11313
28664
17822
47716
23701
29599
22854
19479
10869
50512
8651
28762
11050
15116
14801
7965
54127
47960
33544
10034
48426
5804
33648
24010
48565
28554
22694
12292
32408
9739
30917
42658
35142
53604
9703
21854
17896
4963
36171
58966
27655
51404
3676
37887
55665
29069
14449
56838
9708
24075
9335
3535
3746
31981
54182
43144
22483
41457
20463
21649
30148
23044
15000
41988
4481
37573
49853
56346
56192
36343
45258
17997
49580
57402
11292
3736
33908
10027
59538
45647
36734
29848
38205
9124
18993
26416
27102
38335
5191
21223
53775
39496
30538
17884
56109
6968
55529
24938
40181
24023
13205
23204
28261
59375
42329
30935
54327
55209
34021
35421
49139
29476
20443
37401
24593
45503
29277
25662
38629
10861
42277
11280
9445
10787
59918
54305
41074
14470
40942
23674
21006
14411
37933
45183
18873
51147
28061
59015
14347
9242
15475
41337
28573
3668
56702
35827
44341
8043
56008
31659
37967
44650
58930
26084
26194
17216
49291
33185
7297
47188
40737
14344
54244
22826
13624
14539
19606
14198
49409
3713
28786
6365
13512
23914
43410
52508
16183
10182
11689
41101
6327
49858
8954
16339
25499
35821
10689
37590
27178
57508
30279
3489
14115
18575
52649
