1052
25183
30602
25461
38824
55124
9020
53786
30029
12681
5852
12667
34555
21658
20753
34132
22008
55170
23280
35270
5690
59365
16275
6874
24317
13323
22898
25061
38566
24424
42101
41302
20470
43953
36027
16348
26604
59183
28177
35646
17505
19908
22722
39137
41069
59534
28770
57867
16836
3562
42059
51438
3141
50851
52214
26228
18318
57124
48948
49599
51714
47663
56562
25485
11844
6288
53362
19328
33874
20011
59123
10224
52384
7928
7196
42205
43610
12366
6421
37258
57554
33986
39167
40963
6041
15311
14050
28849
52794
52229
10885
4019
41049
47249
6341
58289
21560
20328
57207
53768
29340
53255
13889
18574
5099
53644
57276
30735
33674
25155
9759
24130
46009
10934
28662
54596
57652
47969
9508
9515
14382
50359
41231
37607
34994
29776
9291
38816
48564
25493
34405
19074
42756
38615
50905
9668
49178
34063
25089
33987
29467
6481
36573
40705
49611
40009
4413
24609
24237
24973
20189
52113
18779
58163
42817
37960
22997
57861
46798
43993
29049
35614
14731
41556
9085
48861
8069
11339
15033
27801
57512
17162
6889
39518
36697
6414
56439
59689
5318
10750
58006
28482
30184
48316
18100
14979
43598
53621
15519
18768
37000
36734
14443
54313
5740
7821
19578
15800
48552
9153
55977
28698
3335
39010
10796
26014
26174
25532
16877
22055
36871
52319
25585
34258
18327
20427
17886
45583
13381
18588
10246
7049
21622
43477
42252
46213
39464
54961
13213
24712
50981
36967
31683
33128
22340
53923
37019
21954
52799
34087
29904
32273
44575
35079
15432
33043
19548
27423
8186
6339
41759
16252
55448
5424
19294
10465
40226
21375
31752
55905
8709
49666
51484
7529
15121
24032
4315
16969
35719
25112
36179
9585
41343
8186
27846
43408
6863
59450
32890
24313
53613
32143
56263
51844
13765
51073
59688
5234
50943
21500
35086
15212
28752
21229
15473
31875
26218
33816
36045
3348
16515
41509
32422
37486
55268
19300
45110
20170
23576
15827
59375
45190
10324
35212
21802
31051
48979
31878
58336
36902
14923
20969
59399
7200
45544
4757
17309
9897
30071
9659
12502
45217
36725
29109
37598
33098
4907
41517
16414
53603
53997
38819
23327
48336
11112
53005
21270
47862
36283
54871
39314
30591
13760
57290
7866
18632
49917
48004
33713
30160
53291
15453
53699
16904
35683
25362
7019
23735
35659
37837
50625
49917
53143
34325
43597
39569
45398
53617
6405
57075
58019
10001
17685
48929
57791
29579
7581
44411
43351
39120
12946
47112
27183
45802
43452
29224
46587
54081
23463
9814
46105
30012
26997
37282
30170
35382
24051
41258
48695
22180
23728
33634
53426
55985
57417
38449
31741
54720
4970
22896
49212
14393
42917
8017
9477
26673
46617
3180
18284
48081
46854
26945
26550
32719
28596
25151
40663
59751
24114
59497
37855
25133
52649
29047
59232
28654
55351
8617
10010
53987
16393
33400
9718
43795
6491
51454
37679
59798
11608
38098
30619
27089
43406
49333
6196
20789
45322
59079
16553
51749
6488
11239
11334
41401
39350
43095
49447
43855
30830
20363
17012
39278
37850
13244
44908
56357
25241
48382
54068
56450
32834
34412
42838
39559
51462
42896
50179
26095
41811
14856
27515
21509
38992
50860
54164
22138
29678
57777
38541
20050
17117
10790
45985
37828
56035
30064
32974
26994
32084
26736
11156
16452
46631
35551
40502
59983
59289
22001
38223
46541
27444
34268
40080
19422
13293
51605
46360
40284
42252
40970
43376
42318
30230
45194
49423
47870
30232
49450
47664
33171
58105
13727
28069
12661
20566
49650
8142
27986
32772
52691
32172
30729
54494
30530
21653
9708
40861
26165
37510
58253
19175
27843
49481
3101
52637
49897
53611
10914
57092
47154
16579
52041
54742
24463
43753
52162
53244
10373
3594
7499
11696
3497
17248
21632
6619
17091
36373
50023
57097
47771
12275
9944
50426
50562
24456
8368
24031
12121
10843
21114
18987
38044
49607
56535
4142
9450
28630
44907
29949
31316
49224
30436
55287
27430
50458
19524
16079
59237
4758
8062
30860
36972
21570
22708
4568
56958
31725
47009
58372
18650
29639
23221
29326
27893
28902
10728
43440
24036
39081
22028
18781
14970
36535
11775
22144
54592
31250
6116
44118
44920
17063
18600
37383
17138
37219
13245
31188
27921
19796
47646
21121
19804
25779
51703
56341
12430
50214
35010
36051
57861
16772
11375
12796
29842
52701
42649
46445
32736
44976
25560
11466
18551
15921
57963
45151
26919
21676
35041
46658
5926
48054
50968
57057
20472
56328
34598
14499
30844
31058
45425
43859
31117
19154
39337
10686
24264
11263
49261
6717
4613
14603
40657
53874
24894
28339
30643
36675
59732
48001
24296
53874
45946
33826
19837
33369
4451
56330
34636
20591
12482
30455
57350
40662
19171
28410
17267
46423
33502
3660
37037
37967
45261
41066
50020
7111
42929
58674
12073
28912
39445
56731
20912
19126
31913
36807
51751
31902
59400
55382
20145
49749
16889
25360
7108
22234
32320
40159
24543
54412
26732
43108
56886
13556
55120
42563
55264
42949
32238
19622
23512
7378
47269
47775
49747
15257
15996
35955
44193
8751
47725
23573
18852
30132
25968
56070
9389
18811
25909
19698
10194
19158
56166
53948
9876
41266
49732
8582
29024
4512
34579
21487
36587
43458
14267
8713
8283
9291
49583
42987
17730
12624
36642
9245
54063
26058
42181
9960
33591
15327
12224
33502
56845
18081
29093
25508
3801
54153
45503
7131
54688
10633
56071
59537
51712
49959
11109
33398
58979
57527
7075
39746
23339
53504
28329
56689
33791
13723
46507
46031
20475
44347
48365
41845
48341
47835
25885
40052
28675
54725
31968
57396
31433
16946
48391
15398
56571
30525
4810
56889
29034
56210
11862
58077
53735
15453
54650
51312
15281
38147
9797
28625
11609
27498
38228
33483
42993
33329
23774
7951
59407
29560
54082
56238
30870
6985
30388
31544
10608
40774
33838
7756
25028
16437
49100
18231
5096
23628
3451
42699
52012
34910
15171
33324
17969
15840
20055
50378
3913
45682
12235
9428
41664
49672
48664
38827
17120
54523
59812
47167
10671
49518
8640
28350
57584
40769
20220
18087
18033
4466
25000
35213
49211
3406
8017
57247
55772
14137
44471
14949
4363
10946
59172
11521
23198
37680
34377
58101
47540
20713
23594
13148
5680
43168
25523
19521
21111
13892
57134
39027
20776
44737
56204
31109
55823
25759
52498
12092
30948
32058
59874
51799
56066
18056
43095
31743
3845
11550
14455
22993
12587
22698
59375
41140
19262
44362
54060
23297
23622
48984
56486
25586
5092
18923
51114
23840
29822
21852
35076
52074
27243
23863
44224
14179
19065
11445
19318
43969
41890
11048
29933
13410
11546
28107
15534
34122
37249
46029
3947
9008
21113
58067
39028
22762
