622
53887
22070
29163
42089
44330
53865
40126
34211
18411
21283
9274
43569
5080
59927
40396
47017
14244
30972
4765
38839
35610
9476
57622
6845
55287
20685
48112
24349
29279
35188
34991
12467
23919
20992
20800
23345
20304
34733
51666
26525
27211
37634
46638
17813
36548
38288
6399
24783
58955
37312
42769
15414
45649
54058
3731
54913
5925
10070
52116
40895
22960
13979
38465
30186
51895
56481
4177
54729
57926
29425
6403
46614
38811
32790
34788
9697
55095
4334
59020
39213
5535
28884
50408
13961
10055
39782
11484
26096
36716
22977
47105
31944
44595
27546
21109
54560
50009
52166
8129
20144
4388
24338
9697
8246
52721
26546
34722
29296
16586
54264
23013
44636
45944
24789
52251
20571
4624
13857
38090
38328
34926
23943
6898
37424
12215
26649
18178
17641
54313
56116
8209
37287
7158
49145
10248
11096
13842
13575
27820
9358
20087
31281
28306
49117
48609
20045
48222
30824
47684
31250
6274
46670
8493
58209
59019
38936
14641
7479
48071
48409
45147
29622
21885
14629
18318
30732
25395
55905
47391
45983
50982
18071
38026
32453
11202
24388
5851
30691
17372
15712
18332
16337
30202
31922
40841
29724
19657
5293
30199
35961
46395
45786
39651
46489
32680
29304
26357
50436
37074
4642
21069
16258
17094
28409
54796
12725
45457
13750
50226
40848
19196
59112
43384
43168
16853
14173
26450
32737
35990
21258
16220
19892
48492
23102
46146
24427
53848
8534
5461
14091
58377
29080
16938
54323
4908
10462
44443
51841
44758
25981
17220
34991
33731
3689
35282
40025
21678
56210
51533
51141
48667
7050
44757
6692
16638
50290
45811
18835
52818
43676
32503
46516
25550
41808
22403
33066
14011
46574
53120
8273
53399
12216
16139
27134
37658
11124
49314
28275
47886
53070
39389
13313
46595
17062
9041
15421
50530
55792
59692
25846
53815
19915
24262
40585
42289
50681
41030
13189
4077
6451
53961
5215
40528
3255
32822
16425
58709
15587
39607
41244
12787
51274
31520
44610
49675
57382
43489
7539
39729
44652
42733
10094
57329
13630
8079
20373
54332
15225
18544
33616
25059
20131
24748
7973
36359
14804
23815
25695
39226
18349
14197
41305
31131
13351
41327
46164
22671
9168
22229
56820
16656
29058
51063
5538
22319
13778
14236
42080
28130
59524
32792
6942
16010
15882
19996
52178
24525
55502
52085
6114
54802
35839
40842
56357
30483
42015
50189
8615
31089
38055
42822
28701
16806
29912
19815
31321
40011
18733
20694
53328
9113
39804
56465
23091
19908
57570
10386
13996
29565
29627
19558
51302
41976
20591
5608
14187
32929
33061
47142
56719
33092
13170
47918
48840
54889
38436
19673
51228
38368
43265
10453
42663
49631
4442
32605
25957
34072
33676
55877
11268
19908
19561
41806
5766
58474
52477
20660
20965
20898
47311
42426
39034
56318
58928
11945
23620
3497
13179
41726
40345
35518
56721
10045
52118
20510
35117
52160
11448
27308
32317
33687
33121
41779
9460
22769
3391
34271
42203
7429
9380
38161
23863
28888
42309
40468
34413
32744
58878
4561
17308
14341
6719
11971
24156
7361
3552
14158
40375
29676
44501
57815
32136
43052
47018
16960
12307
9142
18120
27557
27468
31563
11631
29159
34657
28868
14596
4198
30393
31448
39568
59356
6234
19827
17944
46548
42101
39235
51012
49237
5939
52787
51510
28470
48822
58397
48546
54743
7708
5989
49447
43980
18059
29546
37342
22316
46082
58430
17448
40839
52579
27472
52431
48677
8055
28899
31122
19268
23196
43022
22784
39912
32904
12960
38891
43077
45092
33798
8373
56357
50971
21704
23517
56971
3879
25316
35092
19162
6077
14165
24483
51213
51996
37357
16163
17734
4773
23307
11039
20296
4624
7763
46798
15088
25735
25428
56263
39078
36946
58604
32198
22402
8906
46669
32560
58143
40009
16962
27524
25868
18518
52206
42783
58963
13263
29907
42239
25696
55391
55153
42212
59418
47186
4326
32294
12417
19970
16704
37842
37890
58793
10391
5871
