339
32634
14947
59738
48686
28494
30431
58980
29779
7954
28636
17292
29319
18608
58927
28983
12114
52636
32773
37402
13117
33475
29658
5651
17772
36619
8212
39492
23984
11837
50815
14710
27322
43279
29911
51582
37058
47773
3278
49731
15467
35365
51985
7087
34958
5310
52138
28897
9070
50338
25638
21924
4525
47397
3496
48347
19658
18652
32539
47466
44355
37968
48591
28515
30070
44646
52415
10969
34192
54202
38068
48852
23291
42067
56166
28729
23378
10026
7740
4594
51786
30689
36383
32108
36188
6818
30851
49031
43568
58067
54965
44784
42805
21336
53371
47259
7847
23341
43988
46578
39387
46933
53098
33587
44505
26151
41656
51703
15930
11322
13182
45430
30395
35555
40190
37154
52829
4038
30226
25366
25112
24230
57362
14621
25544
55825
57481
5962
54559
17096
57437
12368
30502
47591
46041
18275
16471
50132
33196
51894
54723
4715
22147
23416
35220
9348
6479
28541
32769
48164
21687
35096
22796
54139
8479
12764
14186
35606
24537
58659
54607
29083
55776
11551
8474
18906
11173
15973
56860
35086
51083
56307
21021
32130
22652
35134
56544
54039
48203
24452
46245
12202
51238
6547
55751
57862
46804
5356
58156
22189
53920
19354
54313
23601
40493
49134
41904
12313
20086
48093
6165
12133
51531
19172
56602
12072
31142
43048
4069
13531
37211
48935
44612
37934
27434
43956
17057
34862
8209
16974
38116
31335
36930
9524
50750
30162
39741
52725
6614
55479
28366
13692
32050
3284
52746
20995
33276
3217
5369
51652
58683
24039
39477
34625
15340
12082
44950
44135
56362
8418
31526
22410
30142
53547
41305
9101
15458
5342
12392
22308
41175
24295
22399
43366
23093
47336
9523
47388
46266
36883
19308
12070
14320
55430
47383
5377
33697
5204
7442
27527
35407
55085
25406
27200
19755
7264
11734
55740
9055
49228
44769
35388
35222
37117
44023
8563
40409
46904
42175
50886
27024
9237
38302
24042
46948
17752
22061
14828
37397
34119
37687
57960
17256
16853
33829
51997
57580
58750
3444
10877
51364
22374
3170
42790
54623
46383
45448
23475
26288
45911
4908
17221
34470
42530
55979
23644
10726
48584
21853
36607
