1213
13488
6306
16944
39821
48003
35669
7272
36165
57025
37372
58748
31855
14321
23540
47131
12082
4817
37196
29959
32490
9437
11417
6986
43714
59071
45735
27314
26736
36433
54562
28035
9924
4801
5182
33429
15715
5476
38031
52804
13929
32981
8227
44694
12438
27128
41390
41177
43461
7617
40590
23632
8231
21225
53942
49578
4351
3086
53263
38573
20943
6089
20127
31547
13671
55086
20999
27569
39373
9145
57192
54266
25068
13739
48921
41680
14442
26903
45853
12905
13722
22015
26178
17760
45393
47909
22054
34525
55097
35393
44217
18477
45103
42170
29847
30005
19939
13839
39336
55285
56765
3170
35988
9322
43787
11757
32372
14579
32789
28006
5357
44865
45574
50423
18993
32484
6475
45600
4039
56869
3399
16881
37451
8975
44612
53894
52574
56523
36535
33451
21399
43936
24029
35513
56852
51481
38469
21927
6020
42520
47749
43702
51718
7125
6015
4088
47727
5729
25945
17302
42448
25735
49513
59300
49100
23313
40179
15488
43467
18473
10321
42632
17752
12327
53064
53221
29688
25988
8227
7307
40006
31784
46816
3803
12316
43272
51725
9756
30553
38618
6395
7269
54040
15646
8936
11391
41398
49183
8011
29085
42027
25460
27209
20186
25591
13174
57565
39614
55628
27355
25575
11454
10488
49827
46786
57394
27248
49065
30040
55992
39248
3703
10400
55707
45709
45203
29406
11881
37545
26718
10808
43381
36115
18938
27397
41914
56731
55615
53727
27407
58911
13116
10666
24571
53975
27806
6190
31370
14316
27584
51452
38023
26112
15132
15927
29143
34604
4926
31076
3642
57301
45484
12757
41412
6186
34787
54863
41194
3482
31598
21491
3434
15183
24253
23521
34856
43199
31343
27906
9212
24758
48729
12992
50037
34958
44498
9333
38069
57459
39149
35709
32461
3198
7381
22139
37975
28982
41776
21050
42053
37697
20425
4457
9930
24768
41178
5398
43836
18271
44137
40435
28286
11731
34808
34475
19477
58730
7409
44668
7847
9315
51080
16565
33507
57878
23757
30184
28139
16422
14646
23395
24451
28711
46675
11997
51939
9924
40996
41048
56265
8789
24142
4434
39150
10664
21808
54214
56167
32317
24512
12512
5674
53938
40245
14779
59006
48357
5032
13349
24282
24425
47521
8938
36637
27850
27620
30458
3077
5814
48837
7752
30814
35480
32094
49028
16307
46346
58373
5658
40496
15230
56990
6951
19610
11083
29574
19365
21035
48920
17200
45097
58974
55680
54388
17956
3430
12599
32655
12865
50689
56655
31446
22584
7626
17627
32592
29475
59692
38839
36020
37643
46031
29686
18516
21980
46441
21833
32953
53573
39600
27649
52776
48790
34071
32742
12876
41834
45411
58546
27353
6670
35519
33763
45012
15170
22438
18104
8180
11292
41250
15578
36826
54224
26551
19053
14364
17358
43833
18533
29496
52481
32944
36782
33107
34683
36174
59907
26513
6570
52804
52539
17747
54412
35410
11639
30439
21628
22882
8187
48996
8001
7833
36091
27315
9423
4712
6488
45486
16486
24626
59519
33450
43149
42388
29210
36077
45520
57909
57439
58637
7703
53597
53797
21618
40565
14890
15937
56101
11267
50964
15499
48425
52626
46817
16863
30538
40847
43953
58307
13611
24131
37023
34427
17630
37700
55837
55629
38978
49943
19007
44714
25207
31053
34358
14127
50052
23915
6882
39653
36358
57539
8642
23786
3959
58887
39431
46018
10306
24493
43525
38762
59754
22837
55283
54999
38682
3331
56646
27427
50452
17780
53009
55974
4324
39791
50081
7736
50104
31159
27220
48635
15896
9204
18004
12186
31887
43629
28909
11011
13003
6649
58655
47755
25156
51992
31761
59963
46302
12326
3199
4179
33398
41448
30106
27555
29146
35655
40412
42385
48738
33497
43456
30340
47497
14886
15339
14255
32623
43846
32026
3319
32511
25985
24805
56261
3134
41541
45626
26354
6149
3449
21640
37199
38699
39941
24222
5870
16990
40080
54168
59042
20213
38242
35981
51571
34170
50628
25764
10989
19452
11660
34126
6587
27875
29256
50530
55840
24438
26558
45222
56798
32009
33947
56543
48682
48620
55342
51333
48886
47361
52495
46846
44835
31747
41544
34367
48540
44536
24467
4374
59707
20201
19210
39724
59241
25566
12959
15350
32199
31565
46550
10784
40848
40452
55942
33861
27668
40922
36496
35098
46287
19133
46571
12351
6677
55314
8942
44388
31398
29733
4599
55662
30784
5895
51464
56353
14851
10782
39185
51303
53298
14775
40471
15560
25691
20683
32947
59286
39781
20284
52100
10873
30730
30933
11079
42040
40944
30156
37072
22744
47125
41675
31530
41429
28087
22248
13122
11046
54420
44278
21675
31577
41012
43113
35254
49015
12235
31887
11644
59964
58241
33640
43355
49810
14362
26187
17222
46241
31618
40753
54316
30806
8325
30387
22822
48847
54326
22741
22624
50283
3524
28157
36465
5124
36472
53940
26358
49950
6726
58582
17038
4585
8425
50730
33179
49845
29830
15716
34537
39063
50971
13897
49504
12300
58693
32972
57184
3197
21622
22487
5451
36136
47612
34409
22027
11438
42408
28410
3464
40449
38661
52701
53278
42128
21459
27914
14010
51862
28561
31198
46160
42420
15158
48041
35702
5750
11074
4379
13425
55055
8656
35246
44549
41187
43634
3261
10774
16993
4455
7220
55215
19902
26568
27153
10655
46114
44357
28066
20366
10273
59751
17781
13913
49423
45276
49447
55940
28840
12288
37620
51042
25990
14273
16725
24463
51879
7900
8056
33888
33676
31661
44238
44749
21563
49756
30628
27387
45964
18556
15113
59396
38103
40208
21879
19769
31258
30654
30329
44775
23442
12781
12676
8021
48350
42109
55262
45974
34197
48943
11037
55412
39118
50231
38909
47100
19710
43768
36119
56866
39572
37450
9671
19190
13231
59254
51949
48993
26941
8938
53977
5275
46537
21710
48237
33961
23991
21081
5732
50535
10013
31774
48028
11471
36272
37900
5184
29868
30753
37768
23604
42051
56964
32282
27617
44126
54299
43204
26854
37227
57560
41125
37987
33890
19448
34575
12434
10700
57492
33156
30850
47973
24563
15348
6527
7186
41586
48517
44993
16940
26540
29232
41984
50174
10729
10386
16386
57413
59191
4115
52234
57920
50324
33044
43907
31814
7120
17012
59740
38143
56075
43941
8763
15238
5480
25367
22527
47409
33350
15727
4605
8993
47549
37199
18631
15369
43268
25621
6366
8571
44329
28958
42527
44094
8006
57051
45389
56005
32288
57289
46487
5970
54791
58839
15504
41839
47432
50908
5544
30601
42156
23896
52523
14434
25592
54051
46666
3101
44294
29703
18726
11979
36522
44818
53895
52018
49377
16108
7621
34556
56703
50492
15979
29159
31529
36004
19462
35675
12744
10975
24454
50725
26761
37384
58882
25196
6273
6102
14309
37062
33059
4379
48974
35034
55743
4231
48128
44969
43825
11695
11339
53941
51698
32612
26762
44220
54446
13655
14713
45052
38311
14844
44196
20966
18090
49952
29403
23342
22629
48796
54120
26992
36620
37030
5550
5892
29047
41490
50595
59115
55595
11350
59609
19785
36601
40009
29537
57104
45454
36342
10441
6195
31939
11119
56815
29577
59377
40729
55101
5637
7921
26428
44136
18914
27180
18209
24508
34362
19289
59428
33402
56720
17157
54877
48140
3364
46144
47630
9117
28951
10111
10129
29241
31628
33704
12733
8115
17032
37962
24577
3803
28324
15200
52487
40189
42724
59061
17942
4381
8673
54893
36772
15982
46890
28851
34358
3614
34566
25988
31918
41012
32906
23098
43366
28388
43963
19450
25439
3491
52810
30577
9476
44202
33987
16183
30475
30839
27236
57015
25775
38641
44473
14791
24185
11051
19471
14373
56721
38570
21838
19878
27999
52277
25695
16652
19684
5998
38388
29020
55969
8723
42975
57020
29240
23767
25123
46786
39821
57657
58082
58010
57498
39919
36695
34850
