1617
3745
3718
41279
40578
44056
6750
30773
38592
5115
28417
20706
20611
20584
29822
26638
45360
6154
13661
46646
50242
49257
36629
21560
26605
39126
29153
21558
37657
29860
14735
4936
5645
23212
51367
6836
52598
48320
9290
7704
23903
4396
8177
3843
40472
18955
3547
54983
17265
53245
44292
14532
11671
56852
52339
35505
13605
14472
35831
57780
17961
34882
9105
30961
55670
37667
27693
19253
27530
32726
11611
41818
34994
17558
49180
53521
6229
28217
16092
5562
38504
50120
25012
39485
20871
56298
30940
49445
48564
23052
30178
39739
31567
37635
11180
58811
18059
21854
47209
51184
46919
37119
31468
47813
41120
58824
4171
16745
56750
14964
32485
26734
7426
47268
25708
31504
22517
14646
4709
52429
23867
28069
49761
34470
52036
7261
57645
19730
34081
21453
27325
36621
58025
14962
33314
24922
4607
6589
10103
42827
49171
48522
22149
49034
9446
24707
4597
15102
36791
52115
29670
9721
11588
19591
3153
40371
13599
54742
44037
24162
31221
55764
24851
26877
55972
16774
41483
24243
31595
49129
56950
48781
47644
10177
25587
44168
40700
5635
9362
37613
16656
46873
26934
13434
17702
21746
23858
22781
33234
40184
16413
29084
35507
28349
59706
50467
23330
8281
43233
20886
57161
21247
8210
40007
3217
25140
43450
32362
32555
14160
30407
40721
28200
21672
28625
36281
10757
41885
14866
35183
32976
45051
28090
21507
23513
29521
20847
51726
45681
32991
57628
54561
19323
49878
52591
25821
49639
39972
13874
56900
55910
24189
24603
48370
4952
28405
59667
49015
50817
49202
58040
49806
58966
26727
37394
45862
24326
15095
57152
31315
48060
59277
7642
56113
39047
30264
3449
53706
59839
30370
4596
47601
5411
29589
18044
27877
6279
29709
9714
10124
5724
40853
24365
14860
40098
48158
38693
11384
43552
6537
36193
14678
41536
14491
49733
40353
38519
59229
19273
53664
51441
55245
48258
9292
13342
43831
31850
45659
3695
27827
11976
31807
48041
50908
33007
46734
3030
14729
59608
21269
7996
11475
26851
25008
22122
38969
23874
30338
55415
48546
11108
11252
11394
57004
7833
29899
28578
52113
26748
37662
49248
32577
18555
6895
24612
20631
10178
26208
31710
49265
34728
11087
24418
19088
58487
35442
27015
35926
37478
4113
46811
56038
23108
32149
19237
19071
7381
23714
30266
8250
21796
29244
56578
53315
27104
5491
31645
36156
10800
10689
36985
54501
38078
48437
24303
10599
33912
20959
47900
4040
28763
52419
42259
12024
54497
57701
19701
45925
5392
28092
27889
29997
7078
57749
29473
7060
56851
50135
56771
58178
31562
24250
26132
8294
17111
14907
12808
8621
33401
36414
57264
43078
52979
32445
25438
36188
23473
50813
51497
43307
28933
22158
20003
28747
8720
56391
6754
11987
16817
44774
55403
35563
24598
24381
22495
37690
57157
29668
10082
7734
17283
12233
49348
59296
39940
12978
33947
10873
36721
35115
5145
25367
23016
42782
20459
13968
57783
8659
46209
52328
32756
3105
34899
42674
26340
30775
55148
35803
3890
4996
39391
5383
48256
36218
3354
17155
13946
36069
52006
27797
32770
12366
22101
32963
45410
9191
39604
39525
38029
40746
50034
29359
39902
47264
38064
31524
26210
52424
37260
57753
27179
18731
26298
33210
27456
27056
15964
12553
30903
33265
14504
9146
34009
18094
33617
7202
55042
6989
6106
9896
30065
46493
44095
58630
51865
32496
41698
4919
38552
17746
20924
53906
4367
7702
34625
28147
13202
4388
22643
8256
46357
41997
37297
16731
26354
4419
36004
59600
8673
50047
56132
4882
39637
52113
24343
29630
38414
28351
42849
32317
28835
13111
24123
50502
32019
48494
16118
26445
56411
9708
34670
49891
30861
35898
23112
56553
52633
38040
36603
16874
42413
3411
53134
50745
16898
37823
23505
54291
38495
46913
48539
49308
24811
25138
27061
52391
13698
47407
20895
10063
19370
50517
38015
40780
42956
50674
34251
10824
22313
32850
39710
32910
9268
23638
46412
41425
26741
25598
21981
21300
39862
25115
39587
54779
52668
14402
18910
27025
29042
57946
37903
10969
44611
32772
21878
10484
14285
24976
26618
17971
7102
15110
48030
41376
6184
7324
57344
47056
21498
54391
59069
25516
7017
24211
19210
24425
35341
53382
58529
15523
4498
48286
22198
24927
56249
58623
57060
6460
49078
14063
31311
12494
19498
45174
10174
43489
8969
37988
57298
16603
37312
47920
6950
20734
48743
30021
34171
43190
36314
55265
17973
24330
22857
11343
27678
32032
36724
17029
53149
30259
46595
3449
16216
29657
13095
11419
57938
3977
58394
28307
42245
8595
3049
51807
35957
40803
35410
21587
52141
31103
43913
48305
41894
53986
33114
56444
6169
31323
49287
36312
15623
8994
42265
33237
7903
27321
35251
50078
14312
12342
34563
48842
48728
45750
32214
3612
3238
54182
46829
49765
12551
20424
8268
6296
24312
32813
57523
42599
24391
53288
27740
4417
26161
43990
21581
15961
16170
55804
54139
5782
7515
57147
4833
11953
43019
24852
41315
20239
48389
31914
17172
41331
43580
45231
33361
6602
25027
44019
53189
28451
44045
19697
55043
49386
47808
29217
50547
23556
57747
37017
3733
52420
6198
42896
30183
15236
43597
29794
38159
39044
46040
47815
12700
9389
24385
6520
14120
39623
11496
30881
31690
39124
46317
29527
58895
7346
55414
46592
48458
8325
49187
58090
23988
6945
40328
13730
58589
54821
56132
58266
55476
14667
9341
33053
15635
34752
30999
3861
11274
9194
32708
16002
9070
14869
12827
43633
45608
34905
18321
12855
11369
35598
16205
13577
44844
56255
47757
25166
48190
46275
10568
55874
22243
37647
29362
18051
13271
6747
33135
48861
27514
17304
10130
15579
22151
32765
14561
34250
19565
56428
57062
24852
33651
16966
54252
33236
39430
33024
46517
41077
32334
31578
55887
21595
38267
23029
37283
9819
50469
50478
38030
35859
42988
13426
54641
27495
9707
10624
55261
3480
10942
57130
8132
37273
24802
56590
40675
43865
6627
37161
6525
38162
11300
53579
36062
6320
33398
19913
34628
33667
11101
34148
38735
57575
17358
57203
44077
34600
6492
32878
10720
48992
16788
13451
5605
25517
42745
29201
57352
39348
45985
48694
59979
48703
42196
42246
13148
58766
50602
21433
10869
22893
9386
34452
3309
34464
17334
26689
53356
23885
16118
40155
38351
55475
56080
16031
31093
36676
39146
50271
39324
56125
47577
3894
40011
51121
49773
34567
39098
16157
22627
39914
13319
6581
23057
34213
20330
51864
19100
17458
27522
37980
38434
6075
41714
57317
25008
45408
24076
35908
19360
39406
43897
39092
23629
35278
18167
14457
30951
46591
14156
30754
28225
4753
18893
44565
33366
14574
28819
47213
45291
30135
56802
31997
17875
15464
13982
17648
17766
32537
20489
36106
38704
49519
6811
25294
19651
13970
20632
30603
22117
52896
58547
20200
47611
14132
57940
54819
52713
40225
25187
48066
30508
27771
13470
24399
3939
17448
13669
23105
50714
3855
25439
12735
5207
43092
24188
42725
16695
50366
30474
44684
44799
27038
21116
26360
6559
42858
23130
44161
8979
39666
36227
24928
20013
52074
14588
56232
14585
35564
56194
29933
37785
11817
20820
41358
59606
47785
8666
51837
59489
27036
52423
34378
41832
3302
57077
59228
51927
17454
46146
34087
13016
18097
11588
25891
25542
41775
45817
18165
27802
16297
44912
37088
49765
49440
41050
25825
19589
11045
16927
53159
9631
35049
45741
6857
40570
54405
41897
18995
50371
4399
10576
3540
6206
13031
35525
57754
17183
3919
19880
51301
24448
59999
48991
41704
8278
17680
25792
47041
5496
37593
42794
56666
38030
48635
29865
26516
47183
35722
6588
24692
16727
9462
7822
32296
26841
33632
52199
46056
34683
45445
54110
41559
24410
18850
3680
44754
39197
29915
33132
53719
36390
18867
3012
49653
52456
35946
47142
58085
21810
46787
23843
12656
45897
51585
51449
56446
55625
54456
56989
5908
37722
11874
43487
5277
5498
47626
26411
22613
46404
28483
57108
17162
3792
13878
46887
25724
57282
14667
37740
59607
20799
34542
11833
40852
41618
40762
46947
38508
23070
22484
37654
53378
4793
53549
36940
56463
19349
42009
53120
43242
27385
48275
47774
5256
38434
52301
33741
4742
26477
12756
46134
45389
16543
27736
51333
10178
51203
31844
28628
13501
55855
42008
35191
36363
36277
21310
4740
51139
31760
37008
35775
31447
41899
47948
57939
10233
21913
51875
40803
29006
21559
12110
17082
11677
25189
59327
52021
34194
41361
7217
51553
12073
6937
29630
3106
44576
11748
51172
33501
53179
41489
30648
41096
30837
21769
13887
34541
22925
57134
55015
37880
47365
8919
28398
5441
7464
32790
47653
17836
30397
38116
22599
6460
42375
49189
10158
9991
57864
22232
25771
25987
45882
41836
52943
55839
6259
54604
38502
4349
57320
43675
13212
36657
10399
59864
54018
18855
28834
55802
53568
13662
57491
23806
36563
57956
54120
50061
19171
10942
54443
19938
42498
8124
39363
50450
13933
16423
28887
37686
24873
47154
29466
18619
59771
12036
32095
46798
39602
3629
15041
21723
16531
40727
6211
4639
24954
51361
18342
35067
41617
50133
14142
37329
33571
29298
4062
48575
32808
10066
49786
41386
51320
4807
53218
57862
29924
54353
55499
26981
35386
22938
51590
56434
6870
22612
10915
59218
38012
35884
15478
42045
12738
15065
27331
12823
42059
52535
59108
41477
37067
24266
12358
30379
48699
14449
3003
57821
21521
45580
38660
39807
16245
31895
44008
40797
18491
5320
54307
55239
11870
25580
21364
23065
7323
6947
17216
21817
3564
53566
41670
57018
40337
8718
36622
47716
40206
22926
28927
26132
6115
48757
56192
39576
33704
7563
51943
18177
17137
45302
28628
21523
44627
3524
46888
21260
57651
33200
8830
49752
44464
8495
39300
21873
50834
37627
46029
38199
36840
47326
29752
14754
44521
21708
25357
49636
47938
13609
39934
36423
9834
59173
45301
46740
38466
20752
28485
50397
3109
43743
48287
49039
53551
43388
19559
46594
54274
14743
40193
38717
21893
36119
28316
24331
35162
11294
11292
45983
27634
56981
8835
15329
15238
27329
44531
25095
5258
3727
35920
36330
34084
27368
27461
12050
26755
32999
8714
31401
54738
50021
55963
59310
43628
58878
14028
31535
28871
41474
49735
53711
23545
3597
9156
7716
13059
28607
44613
