871
3149
23360
38788
29266
40978
45292
31163
27538
48874
43704
57015
14715
19888
18904
42446
50507
24457
55474
40399
18551
41283
40514
9938
58853
36373
46486
35401
13103
3566
13766
50277
6951
21053
12683
14389
11415
51800
15057
40549
12837
43349
25956
14430
37772
22812
4687
30840
41377
39439
54368
31245
38511
50057
43647
43112
27430
4979
29144
47300
23371
15622
36618
37272
42791
43827
31869
48367
22702
16233
27484
7606
25168
34635
14083
57242
11203
58235
4506
26821
55704
16738
7278
34332
27498
20474
43566
32649
8385
56571
37817
23156
24869
29175
53329
26452
44804
50474
29432
41152
48257
15266
42818
6302
56775
3959
59834
52317
40269
36789
28630
44899
18431
22430
10088
22191
9407
23421
37473
41442
34811
8009
11326
39083
4939
29503
36208
15809
39816
26314
21974
42125
42960
55852
31968
20902
5588
51159
53622
23872
32377
56241
38467
50005
57178
16958
58149
19305
56195
35872
54411
32831
22740
38867
48439
38087
40287
23980
19030
42334
23107
3380
10230
46589
43156
14169
42140
14916
49987
22210
22706
7848
7700
45241
5310
21494
59172
38260
8304
54737
16470
18027
55871
40911
21236
27585
38539
6367
21648
56708
39397
7827
39618
29520
45068
16079
50507
32125
39336
54870
48674
26739
47767
19889
50287
26985
51215
18820
40874
52654
12333
47798
16984
33449
58161
12689
21206
13734
44142
51358
43392
15579
28317
45689
25552
59071
19802
28007
48296
28337
59507
5850
47382
45551
36455
43191
10666
51838
38216
18692
36506
12249
37429
20246
11209
35677
58897
38474
52095
6002
36957
33414
39919
44197
4999
9113
12252
7367
31825
54322
6315
13757
3375
49365
30341
56737
15713
54772
47131
13548
59955
25778
4111
52865
15379
28355
55375
40616
16732
4070
28180
45447
45612
50300
11401
58110
37391
22708
34122
55455
23593
10474
3140
4895
13254
16134
57470
7907
58389
54412
43801
42337
28793
54348
44146
3503
34449
31820
51146
53974
33506
16012
10901
23861
25776
7448
26199
21719
14925
5086
45613
19992
41491
12066
32057
26468
56790
34726
43427
3969
16542
17052
8431
41897
20857
6202
52232
29531
27092
18874
39257
9880
32100
56545
31288
56167
34531
49623
59435
8445
46671
49406
59880
42072
46029
13373
5025
19111
8719
39573
27811
16346
23941
41326
9853
28754
36334
15793
41178
29311
24053
14591
46371
24378
45034
10280
55709
26185
22158
18401
51095
36914
54196
45287
4829
52137
56784
51703
59266
9603
16870
28377
39646
22268
18495
22408
46716
17929
53793
36068
41907
28646
56388
59960
9537
8641
59556
45276
16648
16279
8733
30540
10470
46066
19489
28587
59489
32745
17903
53014
59154
31380
24700
13341
50172
10227
10214
31566
30441
6421
46776
11856
5446
22495
43826
16459
8587
51210
28906
10800
49533
12479
55840
58040
36097
12287
14250
19150
17193
26434
31756
26302
7794
8337
41269
22851
59669
42680
28386
50271
13702
47767
9997
25039
10809
3431
54253
27865
42672
30109
6526
11805
39722
52278
15760
17423
58366
41262
23824
53410
30992
48033
42832
54833
23249
28912
46900
24609
6994
43658
22184
13284
59426
47138
59165
31489
37360
20667
15225
55663
46806
19929
58032
23799
28815
44123
48436
21521
13028
22313
15679
20166
8170
24162
4594
32545
50164
6531
16654
30472
6775
6434
42066
37127
54565
17449
28117
25158
22882
9437
29663
9749
55004
27568
14044
31109
52035
15037
7549
6798
36678
20507
14601
57666
4070
27079
32042
51513
50728
36701
35236
37089
28461
45106
7406
34909
28388
37619
40940
14183
15719
38686
24042
23687
21773
14663
49581
30642
56669
52264
31715
4522
39198
57364
28557
40320
26697
39002
15577
9375
39523
12357
30138
53573
14223
45859
21683
19158
36460
43917
6361
9702
55054
8074
6719
7774
58974
32941
12383
17577
11654
18582
23900
7089
28707
32415
24932
16491
7894
12702
33369
44231
19676
37998
45125
30849
29939
22239
52933
24930
12394
40553
10929
12182
10480
24996
24495
53506
6689
28063
34060
20255
58147
53847
56196
45733
28007
40438
20862
43759
54184
5698
13107
58729
42899
30727
20953
56850
49282
55150
42557
9439
39688
8590
22098
14760
16463
3656
3974
13173
10512
14643
24190
51751
6867
38625
12616
12793
59472
27248
41526
6570
55229
3805
46045
9846
18955
21436
30688
46974
36178
8411
7788
16467
26237
9287
9844
24954
25538
54069
8714
16650
24127
33871
20723
29326
18977
35806
38309
24594
46975
16425
26735
13676
47561
58827
32865
29233
26325
57085
51719
49561
9069
21997
48842
13956
48057
42344
23220
27663
3598
56779
14996
32271
20050
51989
39491
5426
15053
14767
24381
42415
23332
31555
58478
30369
9707
30355
37338
16760
40961
34761
56950
42222
21269
36184
31223
36726
39229
28036
42431
16175
5603
23808
54931
16144
24926
54451
44589
56514
49610
7923
25146
3692
7685
14727
50179
24515
54295
4435
53921
48517
40205
28094
10652
55195
56782
14886
38672
39342
3796
55201
26939
9326
27951
20662
25940
4968
7160
56141
50978
33531
54478
49838
10611
21659
40623
56736
11470
59553
40650
5726
26274
14745
6094
24010
9611
52516
59058
40535
4199
16976
24170
51497
24976
19985
48600
47796
57470
56413
49192
5380
45461
39695
15083
23934
51950
16585
50295
43948
28858
23117
49318
33104
52637
9575
25811
3110
41601
45538
40391
10451
20973
58488
30285
50259
57428
48208
7490
46788
42715
3994
40758
53714
29541
38190
57571
43594
24325
58155
49755
17642
15780
30359
12740
17142
25830
54121
4271
40061
36955
20434
