267
43940
6049
50506
10168
38734
21902
39922
34703
6388
37116
6959
52374
54101
57772
50230
7637
39230
11332
59094
21547
4314
8206
21395
51024
9547
48270
47518
44584
42049
32301
16622
55562
34282
28139
23665
44751
41559
5148
42067
19160
21249
57353
7883
47992
51298
26448
21540
49722
19685
9641
25462
9754
56906
56015
24217
32949
12663
42225
8250
47554
53312
15246
27367
24110
40703
51160
46720
18073
45615
6695
29425
42826
38818
30083
29981
17576
13310
11471
38591
5773
33021
10615
41888
26411
5639
19836
43493
44045
52620
37247
3655
21118
18676
49384
39111
18565
56586
21755
42042
8199
18453
45010
31452
33932
26268
25399
29671
37349
33673
5988
50332
9599
26566
22633
58376
34776
11339
25756
20268
3328
39974
57833
7290
16565
38904
37171
5468
34136
59641
20984
15423
27519
27691
41063
3479
5102
35277
51436
52513
20214
7850
13445
39129
39368
44532
51621
59593
15478
23678
18804
40372
27797
35423
35921
6299
17004
18207
6784
14308
52899
34190
56962
16764
26384
47417
13101
41328
45577
29926
21077
25370
46950
50791
12809
30779
44229
9872
35376
35675
9503
39969
47728
47921
46750
47448
27260
27603
22596
19722
13389
51062
19875
30051
10713
53760
41414
13971
7908
41471
9524
3773
56603
46667
31910
51139
8808
39373
20759
14452
50689
34036
44230
51550
36438
57705
41894
59476
46008
59790
50814
45630
28168
46377
57495
48901
53133
40686
34456
5273
48519
11421
27014
24135
55458
43251
32584
32302
15722
48564
33215
40406
33496
24697
26228
17031
34775
11326
48410
25205
24053
41845
3561
59956
9272
21770
34601
59315
48061
36348
35972
34034
4843
16214
21465
23218
59099
32627
