566
29914
38834
39014
45206
14531
33524
15654
56678
19609
17163
42923
28896
37015
37644
22095
31236
20406
53976
37978
34731
10787
44784
21476
40193
25753
56281
26155
26263
21812
13281
18976
19311
38681
50055
9639
23116
51774
54440
3613
5969
33600
14817
5915
4641
52807
50833
43763
26230
47121
52887
56606
26495
59879
34889
28305
48892
56010
32648
15197
14663
58401
50210
51805
54556
3478
58204
54556
33987
44398
12516
56764
36441
50647
55329
35527
58890
52462
11002
21818
30034
21692
16325
11911
29656
54481
47938
46377
6655
52992
3863
45305
19395
40744
30480
41509
23504
28382
17729
50110
37650
47904
6547
10518
45513
43665
12954
50461
27602
54694
29683
57033
45113
48450
16806
29819
19194
31806
34856
24850
15507
22358
20575
13844
17044
34011
44572
13115
42839
16535
41702
50842
4893
41333
56583
29256
52072
48584
54863
52480
5587
41662
34261
24955
57645
49909
34083
22300
56597
35469
45929
7163
33094
42624
32685
4334
29581
54287
28857
55153
48496
22426
59889
27925
49924
19216
40165
22602
26679
48576
59441
6676
7269
27600
8510
12373
5170
29498
41000
18480
14768
28218
8542
51833
34158
12354
48039
26420
13595
39855
30260
30512
15003
50447
10556
20826
5014
39633
16504
57170
46487
44757
28221
18312
13496
30718
9777
14388
32320
50069
42359
21309
16150
33104
32377
59903
28608
43404
7957
27826
19031
3722
6447
56506
45574
46923
23026
58645
24563
40477
57581
50949
9297
20642
41287
53057
41246
7045
6893
46956
54556
32937
24309
45181
28998
20803
38159
4717
36444
39587
42463
58395
56626
23558
11869
26602
4679
39402
37218
50379
13250
53310
15962
30007
32273
19988
16464
26407
32245
55736
5979
43226
48555
9457
25016
28924
46973
13297
13348
23057
15689
40417
8405
51343
15017
24541
10999
8701
22204
48000
30216
17180
24320
42107
48268
3117
50742
21695
52036
12174
54636
16304
38083
40249
15218
52631
42860
23678
20136
26067
8300
36783
15225
51802
37980
4005
5355
24259
37765
26527
58330
59438
43106
42819
22406
32097
42411
36545
45185
9781
26486
40293
40479
22230
8254
34868
36656
41970
20321
3465
33158
39043
29373
37235
30861
10690
6424
28132
35029
51074
54502
39904
13105
40496
26446
30773
4836
26455
34117
7514
53649
26532
4526
10496
23980
11114
14150
10508
15162
17033
33940
50128
31102
33014
44046
16685
27966
3743
58264
18602
39241
25548
8873
10822
14879
46712
10213
16968
10702
52811
34129
7261
39069
59626
24619
5377
52783
15015
7010
40877
33081
38255
50995
51537
37581
32991
10523
51726
24929
5675
45001
26646
51032
22267
5214
45764
31879
55950
15318
58527
12489
34670
11460
14345
10529
46908
12032
18541
32615
53974
27249
46904
48871
12676
40128
38979
34020
58741
24208
37907
53040
9301
54296
16427
32821
29432
4697
33596
15964
52437
7779
45806
11895
3806
46826
23983
49935
4366
37647
21405
25476
18514
52446
21953
14643
49070
54684
7585
24969
42229
22237
16106
51701
21298
54366
17490
32251
56212
30953
35465
5204
14645
39362
37337
12845
50474
22177
22075
50770
44843
38047
12839
31981
31600
56279
48637
20023
26654
12864
47649
41908
21214
22276
56973
15038
5318
56905
27041
34193
10891
10899
19250
30140
30044
12710
23746
18385
28683
22478
38997
19800
24627
45087
34576
34807
51244
42975
49155
18689
49279
9766
32866
19610
58927
10212
5444
59173
3917
56363
50638
31738
7113
19896
22844
8468
36309
3689
13066
7951
57796
45837
25002
27154
53604
55486
30266
15128
38939
24285
15534
7356
49024
43448
54949
13604
6881
22744
