2227
38020
31433
39503
10663
33459
43541
36539
4799
19166
11740
45778
33432
23381
34126
24300
3372
22437
14974
25823
45729
34723
25756
50252
34314
19035
10896
35150
46806
21449
15376
27949
6147
11515
28909
26054
9238
20009
54078
43500
45309
35711
13958
59072
44423
11536
32086
43033
49122
19733
38403
51472
42949
32578
54748
24314
30141
59167
54592
45835
18138
18529
55659
53487
27564
22049
14165
53980
27966
36551
50025
20708
25012
17306
48441
20317
40126
37180
43776
11295
40689
6872
48862
48145
50346
49649
14737
15621
45746
9477
16855
46516
7416
35444
4269
53284
30384
8631
25669
31057
47891
36846
27775
22666
3864
50523
59978
5219
28304
15829
10372
24548
20743
14806
50300
31180
42154
20250
6852
41195
13375
6103
17713
10887
39694
19206
51330
27618
52084
44841
50399
46928
36707
43045
4052
29708
56898
45768
13104
41322
53163
27640
47836
47346
51992
49801
29526
24696
44921
30904
6101
3917
53475
4778
59503
37089
12534
52454
26375
16791
51484
7015
55084
8652
6164
43618
17554
54583
54272
37792
41967
48383
12041
32507
48266
13450
49352
16208
36236
33315
43601
55883
54291
21792
27877
17018
9751
8580
43557
58824
17992
16065
44151
58338
10987
51962
32535
41878
19961
37888
17230
29109
15475
6100
52553
36560
53286
22314
17046
44751
59507
3686
14116
10789
31195
24263
35066
30419
38229
50424
27319
14447
25143
36933
59204
14902
8311
47054
21458
54678
46563
16560
26127
56171
8225
49215
32218
59003
29287
58960
3096
36855
25590
41292
59423
16393
23272
7633
45208
37198
46167
19562
49436
31301
53154
51279
59132
31894
13595
28950
59154
39877
41253
4747
43895
46411
39255
12207
33835
54642
3528
46529
20782
34221
22845
37341
40529
54615
59302
43248
6859
16251
12311
54818
53548
34943
19736
31207
48452
59323
18382
12839
16080
58431
8630
5413
37671
38170
31562
45217
31325
14392
57706
32658
47859
40275
12067
4823
23686
26729
50596
22153
49119
33829
35429
32104
3173
36669
59658
53915
7272
12083
40133
38514
28958
27335
57618
44200
55552
52259
48887
52593
4851
34622
37156
23378
14057
45147
46234
35629
47980
31345
19470
5733
54604
23480
25485
43953
22575
11643
7046
53302
59671
3428
20812
5468
40174
12562
6689
8343
44988
24175
27705
44592
6131
32797
46284
44592
17352
3682
52630
41834
29436
18457
42767
9780
18899
22828
46315
40257
17947
9401
26284
39804
52295
47168
52786
20912
28497
50095
56448
18424
6379
10227
33070
19094
43772
10879
42237
33164
42316
39762
25489
47161
35135
23714
18063
25934
58787
9047
39766
47135
27458
55549
54223
3513
24768
22929
13202
3300
51855
38530
46599
43592
45921
26445
52580
7460
8165
45248
5664
23881
59981
28821
32446
3939
49566
6798
40462
59076
22663
11338
9325
46570
25020
48921
9840
3877
9423
18792
23800
34075
40004
51127
43532
8228
6436
11895
31020
27869
26339
55232
33905
48957
19161
46349
8386
9380
15977
23263
40571
18534
14242
28064
48066
54955
56169
18099
48806
5378
7727
45812
48033
14983
57462
29925
24158
38038
16343
25496
53045
40766
41480
34971
12685
9535
9738
29241
51810
35050
35067
16122
47623
10277
12515
34817
22495
54003
6459
21750
54031
19710
30571
24399
51363
11432
17179
17896
29016
43466
28267
46894
12655
47178
5797
13700
48983
15170
6985
35403
55317
35274
3681
57764
52068
45496
57956
11824
36383
47336
21608
44719
58450
50194
41986
56000
22044
6379
30597
39728
10304
53310
38516
58709
16047
3123
50853
29689
57516
14088
10810
4279
51256
40715
13903
51226
55947
5938
10427
32000
45078
30114
20647
16212
51501
36957
44236
53008
42273
41552
18232
40637
10110
53179
37707
52641
18746
37566
7397
45662
49332
30495
44945
42680
24808
33305
30206
41857
56275
23337
41239
54290
21055
54734
6268
33134
59810
30648
58365
45963
8709
59937
53200
13244
27606
26502
42765
15678
56200
42875
18938
7151
33444
30315
34389
11381
39949
35298
47600
5016
48520
49720
41850
3356
41533
4386
10921
40961
30689
53632
42159
54954
9110
51906
21175
6326
25739
38256
33131
36947
11993
21314
30450
31230
26568
10223
35934
49199
27255
24923
23520
37268
50776
56171
22443
39691
9487
54211
16830
40856
19371
21719
23330
29882
15477
14961
42355
46063
12864
26011
3266
23313
20211
31317
37659
55623
47756
3800
21052
56925
14284
54326
38222
35739
4990
26791
17799
28754
23404
49777
17809
22098
53187
44811
58951
28831
39389
50398
26971
8464
37584
7348
16784
30121
30413
47271
35211
44889
50533
29943
30077
58268
36497
36997
3347
23621
30478
51684
23410
45912
52072
35777
53365
57541
30697
38914
50257
15697
47625
6647
19146
48154
22734
24981
10077
36973
30414
58138
52644
41088
14691
36974
40905
51274
27983
55290
20187
25396
38516
28721
40564
22614
51688
48746
15095
59207
14562
52230
59966
9427
48930
38300
49228
36447
8166
54549
54603
15378
4394
28508
6297
36685
23681
10369
53844
59918
41401
15837
38996
24003
5130
46229
7082
26032
53548
46011
3549
23281
27134
4466
32032
10726
5714
32372
9862
19590
7285
27655
3484
43523
25404
48122
37988
17901
37994
3270
4394
40175
40153
39543
48367
48447
52063
55603
38932
12788
57026
11815
12858
27752
35688
32265
37266
45825
40805
33738
53944
53522
3993
4657
34624
16975
54163
24148
30027
23006
16658
29125
18860
9018
46154
7066
3179
46320
35203
22671
28300
28538
52307
34532
56207
19786
51108
55762
7420
16718
30355
52893
59111
17014
48981
13692
10943
45833
56492
52424
13324
6293
10746
14087
55049
56315
20201
29918
34266
54154
12904
45038
56323
33470
21058
38094
54488
41669
19726
40292
30490
57527
32185
46135
13999
50197
17277
50097
29094
44301
34768
29455
6387
52339
53188
36558
17039
45178
15444
12448
28770
53098
6563
24557
26935
55224
59387
42202
51350
7001
20989
51925
49812
40239
13836
18781
13417
4093
50941
41457
52607
32816
52026
10159
33444
18012
28076
59285
21432
13305
21691
9692
17806
41827
30527
8841
7311
27869
11341
42837
18799
46103
30697
45167
47934
22989
6674
43744
30693
58183
51426
22442
35547
42918
17357
16049
38146
13188
12860
29116
34385
44064
14075
58195
26888
33636
39741
22745
30336
54956
30920
54758
54808
10604
22177
57903
30143
7139
30735
54205
13593
53648
4476
48212
16708
50197
49668
57688
27778
41959
9997
33381
58716
26883
34000
51364
7461
11240
59688
29261
3654
13446
57524
36247
48961
53008
8105
9650
3867
36034
4155
19000
48493
59098
51779
35436
59007
42004
22009
25178
36024
28100
49658
50458
39223
22190
8227
35717
23859
35753
29170
21301
44322
59753
58551
18828
18570
8786
28559
30786
17551
21579
39478
29513
4278
17149
43340
43264
25502
44279
20512
7344
59477
10253
28717
14308
59114
42665
35870
25661
47244
43478
30928
3747
47757
51905
24369
3697
16189
58835
4503
30633
33282
59691
35064
45897
17460
45722
46149
43391
45900
20610
24192
38983
30461
17068
44333
10371
14388
29597
34330
29579
28978
54557
6634
16944
34791
36977
59208
10154
36311
38456
55335
14714
50167
12882
32321
6761
52265
46658
41433
30834
58579
21813
35068
30906
35438
13392
27402
5006
3729
19261
29042
30223
11528
32017
36447
43155
43483
8775
28412
49846
15999
24464
45853
18275
31375
38853
22497
22377
48242
55044
37993
6763
25366
5566
8800
38392
4513
25530
18134
31656
50489
37153
36441
7078
22412
34829
9433
5280
40225
22058
41858
24603
39556
27511
3909
6990
22085
22864
19777
4844
28675
42949
26647
9575
4692
55454
24443
59908
39489
24979
41202
14872
36173
49980
7731
50357
57768
10893
10022
56846
55024
43313
24396
28009
6250
31512
6946
44937
55493
24706
16866
28460
58435
22513
32019
45306
3616
51262
38110
37356
4504
50003
22377
34826
8113
56800
52156
48139
34216
21390
13140
5397
38202
58498
7208
49667
50985
29751
21009
35023
31829
29169
5816
51185
28750
30893
32124
37106
28552
27493
50260
3165
28435
28365
5897
44801
43249
5780
37432
9860
13433
41340
18958
11060
30263
25431
11085
42612
10464
39416
12386
41850
3993
15113
11726
8365
9480
58088
10510
11956
32953
23816
36618
23522
42576
41718
37361
51627
33051
40087
19034
58001
53486
19269
11684
44351
27675
56543
24818
22305
21360
32720
15823
11253
48452
16280
11659
52174
26286
52057
12183
19647
15807
26006
41148
41945
59614
12434
21563
32595
19900
52554
54734
24192
46537
56527
32295
12132
40301
20382
18647
19719
18310
31730
7724
20384
47541
26896
30242
29926
22634
14359
47788
24761
45064
50958
6372
9102
19201
28796
11174
7606
59961
52320
32889
11213
11455
15586
31746
21172
26372
28445
51558
31084
6039
52973
11249
43728
30453
8485
31886
55699
50392
49603
29587
43644
51200
59969
19392
47490
3123
7821
53156
39734
18356
52967
48424
58733
13309
27218
29794
13152
23616
3855
55957
42673
56524
19213
51668
25784
38722
59142
53263
57745
32318
50866
38606
50413
47520
42326
3139
22803
20685
12474
8346
5767
53538
14248
50508
19959
15622
3606
57674
29618
20735
42075
32027
22268
57772
19715
52630
57936
18598
53007
59360
48876
42736
41386
36830
40638
38645
40317
20123
22828
36360
38105
51001
49668
31823
33237
9969
25037
5910
31866
43057
43097
8907
4882
48395
8549
18084
27779
58806
17229
26753
49609
9206
5279
13093
18665
37997
24003
5451
55162
38440
34373
59284
41359
36910
16652
35906
26386
30049
16599
41308
29441
27644
39708
47812
38873
16478
10515
17273
47025
29827
45811
56663
48896
27083
40165
58076
40995
12509
44430
58691
47901
42691
44609
59142
54315
28448
35157
33115
43762
53328
53388
27930
34171
42032
50122
5684
4744
39101
44406
8691
16014
46605
42104
22501
3960
46810
49297
23827
29733
41220
33340
21917
52682
18039
52383
21375
42476
20985
31501
30547
37028
14257
32207
19441
38789
46139
4055
21193
41210
8563
32308
19316
16840
9870
27954
32481
25020
25260
25790
8587
30659
16231
50539
26186
7215
15091
48018
57754
34698
49109
11332
4692
14327
38610
48509
42236
43966
9481
19040
59842
15297
29822
54866
51601
3427
50808
37994
25010
44531
19551
21877
51029
16311
3195
46527
18948
16330
8122
46087
6198
56888
23518
52547
17114
40810
13052
43481
35178
38304
53842
9763
36646
49764
28543
47517
48030
28529
11170
20353
47888
10768
28446
56811
54719
35601
38176
54167
16967
5804
36105
38466
12660
31919
52200
51292
9840
48316
28567
54143
33991
37986
44604
58528
54239
45168
44958
32576
45188
59376
7039
50484
43071
49088
20872
57260
57286
41174
29139
32996
4420
45723
41099
31695
56934
13175
52200
56589
20835
32390
43764
31284
40313
42497
46578
24855
23284
47284
15685
56958
11985
23327
31761
42673
33787
31939
17302
56668
27121
46218
27780
29067
59729
55300
28366
28376
18399
48029
8994
47005
54800
56833
37618
13763
28274
22926
25045
33988
16699
23467
52950
41665
53241
45246
24167
31747
30325
11486
24728
6632
29904
9519
33273
39425
18721
41764
24941
25255
27674
31899
23056
22284
30885
37305
41144
29374
13195
47900
55578
32337
8027
20065
52359
17563
57451
33124
9899
8666
13261
22914
15024
30684
22871
19357
3628
25448
50990
17111
57825
53063
56824
26457
21403
34933
22045
19227
44251
46463
38983
49315
31638
18807
3763
4414
6949
11485
18854
27973
7057
21253
29784
57668
5983
54709
20744
13510
13595
23956
47887
52482
36793
13186
3765
45947
31192
50159
52853
46245
20701
33924
8672
28908
35284
42699
43354
51591
38288
12026
11162
10255
32580
7635
25766
57272
4390
25005
3244
46199
48464
28204
8085
18297
36808
54087
54317
52534
27666
49255
46716
52776
21990
22512
19627
34922
22935
58230
48513
38930
15359
39554
36879
16861
8620
46129
40362
45549
3398
35625
20858
24418
4813
52284
14285
7912
12632
39137
30075
10644
48866
17064
4681
13028
20310
13627
52968
4655
19500
56121
25144
13384
30010
49877
42053
26283
57103
52094
33527
38841
21137
40820
57049
28197
15882
39226
15405
14841
33396
22540
49435
11540
10683
48021
15625
50108
33942
16953
25921
32390
46117
11356
26046
30349
50364
34578
44755
36784
5282
23278
40759
10204
46154
37316
41374
6504
14109
51985
8598
39096
6727
17995
22493
53771
46724
48422
6436
47872
31188
15981
12957
25997
43348
20114
8937
31892
19774
25141
26429
54689
5641
38935
27097
46611
4930
33065
27428
27753
30196
16143
31515
54211
28959
37267
58522
27303
30739
9756
48639
57637
19594
26469
58981
38925
4536
44484
57297
36918
6162
29855
27539
34736
27587
37390
53375
5916
57104
10778
41263
28839
25269
58053
39264
54182
31278
19174
43676
21996
50469
17404
58785
30233
44614
10817
25181
3314
14851
9698
56181
27735
39039
39637
44559
44632
46773
27760
31295
16477
51573
49877
54186
9085
31329
37215
53343
39062
51752
23813
46418
48649
15583
10324
46379
10405
58232
23068
29355
30122
40169
49034
8961
11776
12160
44484
7898
14058
50663
16329
55262
14207
38700
35916
26462
3868
55946
19844
20482
27228
24068
35557
52107
25966
30398
19397
56654
18075
46078
58142
53634
7285
8668
31349
18481
28701
54468
4730
47031
10132
20660
36601
27629
11314
18923
9428
56118
9635
54540
43414
40627
43433
24495
35772
21218
42513
42785
23417
55239
52093
20342
39696
25693
16467
55026
11614
15507
55537
6102
46569
8753
14496
28377
23669
7886
6354
22822
42186
21040
19481
15134
30029
29302
45114
44704
18062
14624
24202
24055
10073
30847
16683
4575
49417
42718
4844
24694
52771
17981
39239
8231
54467
38048
20125
15485
15950
25909
25209
53885
15656
6904
58320
34793
18006
19899
57824
37388
27036
36910
46261
55111
22987
40592
16605
7313
22993
4945
29748
3517
4685
21962
51594
30318
28938
11381
6162
33711
46896
27517
17135
51800
44099
7458
49464
12571
26701
46947
53522
11392
13851
22288
15595
45374
25441
11913
16931
37395
36092
13253
42096
26537
47150
5075
40144
55665
46987
54078
28531
54023
20720
35319
3501
17988
41516
41647
19585
3272
10728
47709
40109
16431
33784
59351
59238
5043
42960
18208
30077
55540
37568
