609
17104
10760
10608
11516
39578
41359
52237
15190
10104
16423
34239
46449
39342
57612
59439
56561
40755
35094
45672
21066
44638
26793
43182
6726
58042
19588
42732
44516
27816
8120
24123
29662
12668
20518
4360
29537
32081
52535
43633
43645
32141
29437
37481
37911
30299
8578
15801
5367
59894
10092
25943
34436
41304
9406
55442
41273
48031
33490
4434
55529
40669
23154
9024
53642
59820
50130
6416
58917
8799
7186
43137
37748
40058
33373
49026
37135
34060
18590
56304
33714
36395
45874
58843
56300
53877
59566
31644
56062
19514
37376
45708
20831
57215
35231
43414
40233
27643
51199
44385
37862
29492
58063
5667
54419
3602
39699
28582
27845
49628
45189
23278
40967
13075
58593
59655
43261
49214
57913
16247
23792
3772
25528
31942
22947
35571
11378
8364
10327
17888
31812
23137
18922
25587
5187
4381
26131
38550
22953
24891
40491
41814
11157
28884
28026
4385
54073
16637
44625
13866
4977
13983
55246
15083
45468
41305
22985
48696
33133
17278
14560
22462
20255
49075
26929
19879
55521
39883
53282
42272
10353
47082
12477
26305
41625
31398
31364
14879
15730
36982
4187
58210
26570
40667
47036
38407
27074
33913
54623
20695
31113
14748
36709
46562
34876
16789
47848
22018
46646
34127
58874
52616
5430
29856
3551
28471
33365
28544
23946
3257
8232
54920
11159
7298
12615
18869
24995
3665
49796
42272
39594
58973
14236
23545
46327
48556
54511
58994
29697
7602
18574
22794
5207
38191
14943
46972
55914
54473
31457
53332
53321
40112
11960
41332
28474
28727
37734
14127
40107
29358
9509
56793
11798
46693
37850
50788
20839
47862
23528
13701
44747
22405
41526
10381
59885
13674
4563
26876
31834
6028
12877
49150
44178
39841
56325
24836
5571
8613
59936
55529
22409
49133
57179
27465
39301
20120
55076
36623
59203
35070
54583
30488
4766
4857
41828
52213
9993
25792
57362
50464
17309
36345
22611
59222
7411
28756
17040
53297
9553
51254
45004
8494
3956
15747
42086
36678
50935
4651
38059
57857
41133
42576
55457
43855
50302
42637
26672
51080
5550
3440
46139
15747
5243
58032
56856
18730
8672
47263
3378
3664
9743
31789
59949
9726
40580
21694
41973
26741
39064
4967
5419
42238
32137
57058
52557
18521
8349
24133
53477
25697
23856
13991
8536
10053
48740
18753
59477
13755
32059
10689
23376
35194
57144
3232
53137
28374
28986
26437
24700
38473
41711
51112
15978
11413
26215
36173
51462
5708
13690
8540
13804
34486
54385
19863
35153
24439
42444
23641
56630
22702
46837
58314
50449
17615
41781
57752
17357
13416
50721
38934
10977
39791
30374
22874
45338
6167
14741
36678
17445
18510
51421
27035
41438
39665
19345
42154
55193
46794
52301
35435
10362
32972
58722
22936
27592
41438
19207
44589
43848
11650
20763
37327
39898
43264
3541
8057
59201
39414
42326
7570
58298
59920
53452
26103
20163
7411
12677
16068
3727
37064
16985
53134
51358
8192
27739
16083
9844
12289
43626
26107
55901
6344
14946
55426
43663
21514
29902
9914
28485
39503
15325
23407
9334
10176
38070
13152
57673
39221
38449
45705
57963
52039
28528
41867
20683
17964
34538
5472
45272
10610
59596
58156
58300
48177
30169
11362
26527
53136
42862
46758
34997
43384
28927
39885
32085
7922
17695
46580
31312
41527
52528
32662
9935
59432
34927
25288
55233
6873
52756
54205
4769
8746
30188
46400
53462
57495
41078
4015
25583
54649
25313
21168
52422
49544
50341
24157
3790
57424
37728
45992
35087
54411
18263
54203
52588
23028
57313
26087
28117
57399
44836
38207
6476
18242
14921
35859
38089
11379
31574
38053
56043
33112
58808
3411
54138
57069
20575
5610
27076
45528
18357
33855
15428
49366
19157
3558
4511
5837
4752
23583
44173
30751
57493
14893
14762
30409
47991
44376
29511
50299
12290
27075
21791
45337
51139
24647
36146
31972
21884
15883
