1274
3702
25169
21243
50245
37089
32129
43070
54760
55416
34915
16949
42861
36860
32056
9125
39035
32966
37278
3462
13394
27370
51531
11378
8048
58510
48206
38651
47779
49782
21875
39472
29048
8407
5527
43180
42136
17381
42904
52475
58796
12989
54905
46220
6011
21945
52607
38515
49484
46815
7445
44013
36692
19367
5198
29975
22383
39155
10853
46356
50409
54871
47295
38633
29211
37362
6159
24635
34098
58786
55997
27752
51460
7413
13984
6037
47439
35565
5514
55604
10555
50582
22588
22740
43529
5216
58841
48974
58166
10947
24466
35264
51817
22774
9558
45268
17838
19129
11705
32302
33634
21340
31424
43329
49439
22846
25084
31464
16934
59870
42014
32236
10280
18125
58632
6331
48780
13132
4257
50995
25837
54963
6006
12438
48670
27930
59297
3979
34317
43208
22683
37062
13301
48339
22473
3844
43097
41888
23874
46445
40483
47549
26294
52490
31627
39273
32732
14784
49056
43926
47819
12337
51093
53287
27842
7910
6699
33791
45839
42144
11919
37447
50733
12419
20028
56706
48267
30374
26576
31050
23331
44856
27448
33172
39360
23385
11634
10646
29311
38954
5626
47648
53522
23513
16912
25341
31189
54812
56265
49274
38420
35534
33792
55299
30132
8149
25024
26834
37693
58791
23527
24926
10954
27786
4552
59911
47189
17661
14959
24306
45859
5196
30607
52294
14538
27260
23368
55273
51110
14538
58464
51099
35561
45522
8991
59906
29120
54553
12025
19656
43636
17945
59409
35442
9407
31111
57761
59889
10188
33969
49056
44461
34331
50297
29214
37240
18437
15157
59284
40991
18600
15430
18597
4461
11692
48510
47541
29994
7197
34363
35454
19653
52283
43404
30637
3170
34254
26736
8268
7573
45843
35282
50214
28271
56907
18072
6510
50346
20321
23478
8014
59596
10965
15616
29202
45341
10901
13405
7691
58361
49710
39770
37286
47274
19893
7506
54843
23731
47018
21800
35702
28008
37958
26745
32199
50218
45906
29504
17600
56392
38363
41419
22270
28271
23631
31923
12145
31459
29209
39128
10182
50098
45467
25262
48810
54498
30631
53299
56680
4335
10614
57032
59085
44914
58816
9486
51812
39992
14203
51097
14891
21876
21977
30123
3158
28234
13763
11237
34982
24878
18954
55540
44545
21665
22898
31325
9081
43563
41727
15868
19998
30893
56606
10737
3458
6594
47703
58017
40446
37945
31311
33576
9253
11047
24627
8541
45943
23573
39142
45811
5656
25107
53195
51234
7404
59793
10888
50740
28697
57652
58359
51417
53068
40355
53384
49983
22903
49224
30244
37406
35069
51578
54229
50637
37700
20761
56119
26531
51776
5348
48093
33991
18321
25567
32877
44045
14766
9247
57660
51296
25688
28470
36754
55030
41946
45575
54440
26075
57263
6326
54545
38640
43675
7713
58765
40999
21669
14138
47119
54085
57447
45573
5682
52395
58019
9284
46869
37005
19797
12105
51182
36754
8615
16309
17074
44714
34455
13859
14550
40556
46356
31377
13276
43529
43494
42468
6969
52387
9864
24244
42841
49317
27885
6857
7639
5551
50084
6736
7872
8676
46265
35525
45353
53765
4074
16824
37960
42868
45364
3860
36320
36309
39311
15321
39824
52006
12769
37639
55019
37549
22388
59876
32592
37853
14799
29258
30078
13816
10532
14927
4183
33198
57785
8343
16562
42213
33278
20936
49495
23320
18340
4543
32345
54286
10324
26180
16124
47705
5765
31899
38203
55980
13838
11094
8835
19500
59482
9339
16442
4670
20402
21762
33577
54497
22351
22551
57630
17158
10467
37599
25015
54737
32180
9991
38839
18885
39982
14312
19668
51086
41950
52053
35941
31778
6386
54866
37543
59995
59705
46530
59937
47412
38862
29356
47714
34434
25186
23259
15492
58142
40339
32639
53833
23228
9668
53194
28333
31329
30329
11934
40918
34268
28997
46272
4790
52047
32362
28575
21724
58749
18016
45889
41951
28771
52157
28673
12115
40560
19172
12135
22064
51586
17596
5959
7656
26062
42260
26396
55118
27639
3347
26836
55889
21230
10412
52249
36265
43206
31661
5226
38565
14954
30670
18153
20136
17155
48131
27779
58300
11546
9574
3153
36756
10799
48162
28651
46415
22100
20492
10235
11012
24382
3318
47719
59801
39666
9792
55476
10374
35011
40219
7073
53963
6740
5622
22150
5354
30632
36850
28251
21861
54290
31374
24504
52915
48606
49998
10375
37483
16006
51455
53385
4082
24751
37263
13078
12589
7138
26708
14379
50478
56296
40795
48366
47252
23529
45060
13323
38089
15649
39333
12132
12230
37824
35783
9870
55870
29696
47743
45288
32454
34079
24036
30825
26816
43001
45986
9979
37943
24397
51211
25092
23720
5217
23926
19201
46177
27118
59065
32069
50579
7245
56076
49771
7449
31554
57052
31822
15983
39584
43130
52243
12425
54130
52971
35229
5808
45734
4229
44690
19000
49557
40703
7366
19956
25910
18565
39790
37711
41666
31393
47336
8192
59746
36682
31175
22752
58993
34695
28605
36001
11975
45673
25184
56610
16178
40066
30161
32953
25942
59014
7881
43400
24562
17670
21232
34348
23367
49023
34115
41343
22316
59441
49826
38873
38350
31338
8137
5754
52791
58432
56805
45323
22608
37021
16385
52455
22124
18751
7035
21161
46111
38985
58033
37104
48465
15148
23955
14217
49348
22228
50744
6247
56770
24625
21378
38161
17562
3899
20229
22329
47328
6828
11565
27940
52934
12791
48938
30368
25617
4541
18144
39165
39839
46758
41887
53083
5147
52234
19423
10011
17984
7451
41424
28233
22671
37603
40912
46437
53117
15217
36367
50604
40093
50538
5938
38535
34425
5082
56542
33364
54087
45079
46387
36862
14559
23734
17718
8285
26412
33276
54075
22923
15100
35671
57474
51018
4412
9052
9665
21559
17339
56974
19655
23728
21054
40344
36252
29626
50448
6285
18936
7494
19597
20953
13439
15053
41078
14025
9519
35090
11491
54919
45191
48157
23723
10531
34393
23888
34041
52594
32579
4460
43535
34096
10712
56526
43949
31209
21759
17631
9506
14176
43045
43765
27861
53136
34590
18786
25657
29964
40793
24197
25715
15759
51306
33328
4417
37402
35688
48084
25533
27800
47884
47421
21409
27756
45680
9073
49197
43024
22911
17861
46397
42261
53747
56117
24669
19925
33194
6670
27981
21839
31732
18507
12722
9548
6809
27279
41006
43062
40823
16129
24478
10724
26227
57272
53577
3274
17178
9737
12337
15976
21916
36373
31118
53982
17658
56522
45773
28444
38646
51297
15979
46381
15573
25961
50581
38536
56998
27324
25072
48754
56844
21907
19659
4493
11364
40771
23064
12532
26133
38248
56546
39248
37040
9147
7875
19887
37855
24667
16712
56258
26573
59951
47705
17064
25426
47297
17303
48823
33402
26381
24384
51068
3456
39101
10151
24689
4272
38493
18354
25841
4752
6050
36119
53613
9687
13273
4015
8868
53795
5279
38219
32452
33501
27445
14049
53614
25197
20160
23035
28696
30280
27230
23556
52704
18782
46756
28067
48970
37870
50118
33339
48518
42946
42224
29529
49421
25114
48863
58460
26101
32344
20654
51078
26045
54646
45610
15241
16231
3458
46428
41595
29376
54348
33609
4717
52526
21026
43993
53700
53135
48481
51814
7191
48897
21138
12698
7501
29401
52639
54543
24738
42659
16687
16829
24995
27678
45154
38271
9963
18302
31369
57145
26302
42420
18249
39227
35183
31961
32081
27674
8978
54852
41863
35975
54488
42902
59397
7296
18767
42185
26233
23308
17297
11461
41744
55029
50306
51009
46725
22071
36016
21459
51546
14649
8693
54957
38835
20568
38789
22516
49292
57111
53823
9348
55563
55211
56704
18994
51724
41605
33733
7784
49769
5961
14154
22955
50438
51405
40012
39497
57491
39027
19987
8036
21325
45318
57858
29045
39035
18995
56821
57720
16995
22954
51669
50673
14856
13311
8699
26539
9174
36095
59592
54173
39738
4086
25111
36597
52061
36287
18862
11821
17750
20560
40787
55746
4161
7168
41715
57925
4650
25881
49771
19271
49604
4674
15123
5292
15576
13398
4082
56075
54485
4942
22145
30260
32844
23004
37104
44630
17582
49182
19128
23311
32156
6833
24221
10049
44225
30840
12874
36482
24142
45598
13992
58286
8032
15446
52286
30625
7475
44047
