2040
15120
48568
39826
34475
57069
10273
45768
56580
5568
15351
49209
8603
12494
3661
38181
25488
7254
27328
29468
46538
25332
57945
39475
48740
7345
43666
51266
6622
21713
5211
34507
40892
49900
37288
58827
54777
15523
46433
17990
27147
15373
56396
13146
44291
22450
29690
31724
3210
21692
6339
44191
4731
10400
6749
23725
25393
32106
41862
31783
47364
55543
3561
8688
35952
56655
37713
56918
50301
12374
34913
39895
19592
28297
12273
58367
38313
24772
54952
11901
36841
9883
45178
15201
28736
12960
16599
16079
57854
48774
18689
11219
3990
50277
33192
9708
7572
27487
52210
45195
38275
29701
29277
37836
12219
23318
30227
45520
42661
28839
24872
15180
12726
32800
51132
26511
39184
17461
43191
43263
58512
56052
25207
6386
43999
48224
22295
45997
56271
28763
24539
38793
47371
22060
44968
30640
36389
43551
35645
30046
58900
35866
41647
52662
49749
20915
13900
13712
28965
50153
32725
50222
5375
58199
3702
30587
54483
15697
44401
39748
3901
26168
32394
44261
44738
17439
45343
58073
55502
26351
23027
58347
15245
40982
55988
46172
5652
49761
26813
48967
47462
19174
18135
42075
42507
55199
30069
13072
3344
50272
24217
10968
47655
52337
34881
16557
43693
4172
57671
39438
59887
15186
48678
36352
23799
16881
54937
15080
3998
11676
40520
7824
8065
46332
12836
10802
28676
52680
58846
58026
14797
59608
43298
5710
50622
52009
11847
16481
30546
4047
54151
35286
38539
37655
25833
11236
14970
27228
33343
53727
24665
30404
42466
21902
21966
46564
23895
53688
52906
37811
15170
34446
9884
22314
42332
48037
49943
9181
22615
41494
53488
5691
39724
47214
50295
53339
37035
35769
33710
31307
44382
50939
47581
9291
6889
21329
58043
29600
33842
28037
42787
33761
41348
38593
17296
51826
31374
25796
29990
8685
54144
14706
12119
57444
6728
31816
20877
56750
11592
11286
6287
32911
20187
9793
23271
13966
27407
30652
23278
27264
17095
25365
44606
52407
25093
37109
53904
30518
8612
48518
25950
10390
20811
55215
3817
39402
43488
13344
5551
48578
52442
37435
21685
22043
37266
17669
41172
17178
48907
7637
39320
40126
13461
42821
15402
17958
4723
55643
37629
41077
28129
4978
11602
18337
42864
41583
22760
56532
7031
59070
54460
42789
56617
46086
27895
33296
29489
30961
53785
49046
17148
59306
36917
11699
37750
53676
59675
31736
34256
41513
38264
7378
55704
57622
17691
8529
16328
24789
51808
49785
19570
34981
5436
5708
39286
36303
37065
51016
42133
32061
52007
49844
24949
12323
6410
28579
22690
39521
32048
38590
19983
31955
16392
43055
8465
42732
23973
30484
21839
47190
6793
6770
20174
13935
53417
6127
18017
44136
55283
23108
35180
53553
57585
51880
56763
20698
4396
4221
46278
17313
40934
5958
51038
52780
38812
17356
18701
22554
54883
31185
9766
49832
7997
41307
4241
25760
43820
40501
56571
22325
30696
21991
17399
26124
4285
28816
21471
54305
59931
30243
35473
46685
38691
56113
3218
7448
5813
10766
24453
13505
29591
51911
34100
58421
52572
28006
19453
19321
28812
27237
42432
41475
10658
30522
58229
41000
55933
54873
38577
28944
30720
41601
27940
14210
50456
40773
21091
14021
31946
32989
35974
12440
16413
6827
50288
3618
45672
4235
55470
55404
9694
47493
10892
47817
34053
3640
59594
3725
45257
53964
54291
57885
12311
54287
46468
58593
18412
8434
24194
33219
47727
41579
49837
20093
17167
44977
15693
3174
14803
23400
15382
50371
34583
38325
32176
44150
32239
5147
43459
36924
8353
20634
10290
19045
3109
47824
18734
27056
44695
36637
22836
31219
16369
41453
21675
53343
30292
39699
4460
53524
4325
30475
48941
53022
30101
46743
39406
28772
37955
13173
27757
53751
51574
14315
14287
46790
38069
16771
56264
6702
46368
45805
9761
8048
33764
18170
5817
26661
5627
25526
50864
52732
46451
31703
47161
54146
43705
52149
3078
37484
57754
40223
53494
53609
37538
29841
47524
6361
4629
49337
27184
31383
8319
11757
53338
26755
43091
35444
51249
59892
25618
43439
45706
12761
13802
49115
45960
37027
3916
7481
50496
45877
46256
19521
19172
58493
56921
47865
4976
43212
22663
11603
49031
14739
12120
20734
10667
36823
37938
57826
16386
50397
28214
25027
59704
7940
22108
16518
58920
51724
11423
12317
50451
19538
45948
15538
57469
46671
37060
44021
28677
15819
58641
13123
26752
49249
32805
49775
41439
31370
36335
30876
36342
38362
30365
9321
8951
50502
9789
44839
11896
20462
4008
6799
54508
48341
12792
38845
7716
58183
54883
19634
41749
32680
31573
41927
48783
53729
53170
47701
20128
56904
52373
8127
53086
47126
7161
7524
23617
17676
26846
52922
34236
31063
54980
47091
46405
16403
40465
14848
7881
36318
59135
4299
4936
27048
50464
25331
36913
10811
53744
5991
23006
59664
59086
51531
53643
11602
47243
21841
51668
3831
28410
56627
48858
15038
27231
17674
50631
24525
5872
9015
49689
10551
16311
5744
39826
52558
56647
13119
12274
21792
15033
20952
11982
58434
40718
44893
49869
13513
23351
9035
59663
29596
24516
19892
58982
15672
23448
38017
18773
25298
31314
34589
44607
48562
20164
32147
11426
27150
45017
53171
52628
58635
37221
41352
14219
21805
37709
41849
26922
46086
30661
12599
30679
41631
49852
25623
53638
49462
48770
27501
11016
37247
27034
45297
11996
55767
43723
9458
35990
57036
22118
13708
53851
55003
11877
52586
5127
14346
20606
35795
40079
26019
36444
55299
53641
24595
46771
14225
46622
14962
30384
25369
52140
15769
56616
26413
12822
7471
58593
57669
19404
10113
48597
43808
15685
32545
34138
39523
24679
52532
46067
4947
28509
58910
24766
42460
13449
22413
11867
9835
10193
15539
43729
54903
40840
17424
51418
6701
13619
26975
34620
48223
21153
59798
48344
33834
32710
37814
31971
37427
41030
28062
50040
56526
15555
30277
37391
58357
40468
26949
35695
11301
30461
47312
51559
32272
18752
3424
58312
38014
51035
25745
57569
56990
47461
48050
43330
59155
57146
54390
52879
17524
32801
38595
25645
59027
40877
43914
40363
29947
15890
19882
23078
19283
36175
41099
19056
53506
13452
20249
11350
39394
43116
51786
28511
16914
28689
46639
4121
6644
29592
55596
40728
21997
59347
52445
25130
25098
22256
18823
23393
30656
46620
56263
45030
51962
10393
15541
14853
33111
56904
33811
19888
49962
45356
21376
53964
44129
47438
29561
37099
43577
39986
10656
40608
35887
44653
53143
8235
18998
7798
59355
19717
14566
29048
34610
13200
38235
40128
29760
17380
22716
35108
52914
17481
52296
20278
23192
23995
23229
12950
55321
46418
48426
53428
48984
52573
9557
19331
34710
18052
47989
55497
15416
59372
49587
52049
6931
30443
12740
37569
49876
55444
16088
42981
41561
24438
35940
44061
18599
54011
9042
49102
48004
27724
6626
8743
39207
27513
39456
8846
20006
6461
44289
47594
57622
26742
7174
56458
9969
25887
44064
23716
53843
25183
6962
41251
34372
24732
4372
42899
17820
27540
8881
25075
28609
15116
18939
53503
38551
23649
22639
57636
30315
50761
26250
16529
42535
24802
27727
54981
44742
22930
10981
12529
57266
6284
50879
37712
37074
54562
25229
32257
17434
25753
14312
25530
15788
33685
30214
20033
17367
50665
58510
25189
15187
4801
35718
26176
21334
37333
18694
32002
8471
40207
48838
43249
18590
21475
57986
4212
21844
36331
15266
55102
49934
29110
58932
56905
52824
17709
33894
56762
59135
27418
54179
42799
48632
59518
52337
19620
44470
37864
9628
33972
48178
31647
28443
6204
54022
46013
7345
26389
25622
6125
51269
9044
51714
29083
14526
46745
36250
37895
32947
57125
28274
51168
6610
31179
37572
16465
25379
52295
20246
30574
43393
9316
28146
37410
20617
5408
27777
53050
47069
3818
44561
42540
38337
55673
12457
31539
51450
44558
52895
10458
4267
19677
26256
35189
45578
30695
29340
16965
13987
55500
40691
54473
27237
30847
13709
32551
25668
43178
48275
31752
57465
38962
29302
34872
59076
55298
48660
10844
45498
50379
21071
9047
45134
48300
31604
7335
7276
10856
30814
30602
32439
58972
31658
57983
24780
22023
51816
23217
6602
58087
3568
53895
15200
6966
43971
34415
50560
24563
54299
56636
18349
20158
27024
4737
29487
38681
4762
34863
59467
44267
53333
11814
26004
15363
9908
40200
29441
27443
8739
3862
50804
38930
36147
36618
12518
44199
27188
32536
29036
40282
25264
23388
25455
24414
42686
18945
45241
58313
37927
31571
8193
56349
3912
36437
31689
24870
5393
19931
47210
30998
8544
6643
6403
39978
29500
34828
43648
31380
8807
18990
4981
15701
52530
14688
50332
31353
41072
50350
28216
43213
38233
15691
27719
57408
49950
29599
43111
51751
50711
21146
17803
49881
15945
47118
17332
58776
56795
19571
11040
40377
37334
22930
57334
57428
18686
23752
38860
46803
16878
17723
40870
50877
56916
43967
48833
34008
20809
56901
58562
28199
16529
57225
40232
30042
43355
7668
17323
38066
52732
35848
26992
24398
55007
8313
28759
36627
46391
19036
37285
56472
32627
35149
38714
14945
45527
53234
30980
36641
20816
50721
12058
8830
43763
51281
51581
29963
14795
16116
30219
37633
15632
31492
15215
59091
38026
37104
13145
21638
51206
56803
29789
34243
37601
24899
56822
9640
43809
45749
34932
21431
21364
36350
31620
37460
50669
33345
53970
46402
21552
51519
46225
11933
33792
4583
28544
7687
54996
44144
51073
21354
3030
48254
37773
54196
19057
51607
49075
3030
16312
33594
44036
15672
34034
9707
47898
52806
45265
42215
20413
52364
37991
58060
3444
12547
41832
53113
53842
36112
28413
8909
34730
47080
3048
59054
15071
54455
32877
16984
38675
37209
13197
39173
5739
24160
37591
39620
10266
58035
44604
30978
54002
15688
54520
42202
50138
11867
37322
50881
56382
23490
11623
48450
8749
24909
57787
48750
38563
57546
25442
47301
57913
57190
30767
55925
18753
43283
52953
46940
15169
44451
54791
41563
9730
5234
48997
59063
35480
13794
54196
43671
53736
57745
50541
32029
49380
56337
36524
58497
55790
29552
47299
50442
27308
16254
56943
26287
21860
59338
50852
54838
9359
47673
19103
22171
28660
7979
12183
54038
54123
51807
31158
41670
17619
18986
4134
5350
55834
20481
52731
10318
5927
11014
26541
11951
11900
36671
8840
21854
28843
16663
53501
53852
9568
59513
28712
25380
23105
33431
6473
7842
53846
9342
36148
32264
21741
26229
50406
21721
54176
10974
54809
33560
34992
37331
5569
37873
45578
31871
41535
45804
46940
51124
40924
6094
18888
11730
50121
53410
49644
3818
37688
40837
49775
49454
53040
31563
44504
28328
38716
38163
34407
7615
55988
22513
46959
20281
16105
52570
22011
27863
46138
32754
13897
44644
5467
48804
3388
57441
20108
32962
43004
24767
36900
44239
5949
7607
12262
49277
43041
42927
55365
52272
26286
43150
25048
16190
39279
37171
27408
59955
14632
43331
34768
3299
8417
14526
37120
38514
31951
41251
43913
51267
27804
37760
25406
26165
58259
56846
55273
45928
46282
35883
56345
40008
45793
16973
9583
30800
38536
16309
8480
30161
9237
16984
58112
34811
6184
50586
4936
14300
39434
51515
8417
8707
7322
56900
15654
50036
27863
32067
16676
58438
22557
6187
52124
57507
42870
26744
26779
42911
34371
35718
13481
8905
53023
35870
52128
56296
4698
5012
24776
11967
38391
37813
22386
17812
36695
23451
12534
22337
41272
40700
55107
44953
56138
36825
7098
5283
38497
16125
29448
25056
21619
54725
20162
26459
7816
23710
15391
37175
45767
26538
24247
21632
12270
43849
37584
56563
14988
35113
40565
9109
22202
31758
39022
4601
52979
36048
59919
19911
28369
37430
28718
52986
16528
49282
44865
12744
38282
3269
55704
19446
5558
6123
22247
29646
5367
21027
51605
33185
18562
3777
19025
44700
27772
17221
58725
41175
41337
44036
9813
48594
53890
23487
29887
57944
36154
9759
57902
51294
51311
29220
24541
6240
56434
17382
46857
21795
10722
20060
35278
58947
16684
13766
9004
3435
19587
58072
4780
4823
39647
32324
7785
10406
9731
47772
23448
45201
25539
50130
27027
32534
17227
33563
47651
9727
20515
8646
38675
38383
5621
44125
20849
54573
8179
40915
5941
16565
21291
35001
9658
3555
25149
43647
53368
32438
7182
9417
11460
55349
27743
51826
18312
46123
27850
13482
36724
16661
28030
17224
30109
49208
36615
47359
51565
21321
22245
36388
7502
32127
19738
36973
22872
6685
42814
27543
46401
15907
12482
17666
29287
27257
20091
38582
3982
43856
13464
21725
46786
46834
23847
55244
27866
34305
28883
53193
41038
25766
22243
22957
47714
39458
7838
55647
4353
27203
59395
37855
26760
16692
26946
49801
12672
45040
44891
24535
40294
15566
55267
25960
11896
38700
48594
49696
11555
53010
39952
11734
55041
28615
44046
54515
33387
52062
5845
41141
31409
59752
7624
29882
42400
22961
27013
49931
10810
52012
38561
44419
38840
39060
59445
50420
9064
42815
