1271
22486
54956
34661
31889
45163
52616
32979
41314
28138
30493
31754
38650
28144
22338
18328
47958
26011
27163
37584
22108
17914
44879
53016
20321
56111
32659
52413
8808
11836
34758
7212
58712
36904
55253
13141
4013
45195
51803
55129
37718
8217
39729
12446
20742
59979
38845
45194
23818
25824
24730
51952
7431
19036
56880
36330
29109
10641
15812
21161
41568
8638
33094
18351
49168
50955
43805
51248
32907
39662
39281
50889
49980
10694
56858
27014
7755
25348
42274
4213
3122
41147
31279
36752
49175
37450
16558
40888
20439
20533
56349
29527
13174
50824
33316
16574
27855
43849
22960
59232
36635
14784
31508
52797
31187
42097
47363
17216
23858
55075
46873
34789
22915
30202
14567
52503
40038
46064
59970
38048
50702
27585
11915
48138
59070
7536
33732
45529
11770
3182
35157
59392
43350
6524
48137
21006
27740
12142
51730
41361
6172
45556
25656
47495
47320
18613
18999
10504
56669
40282
52212
5972
28901
46728
22573
7188
17286
57168
8982
25653
14012
36771
58644
56346
55075
12467
40231
38147
6157
36904
4519
49956
49894
7178
56766
45513
21985
38291
9929
46243
41201
16807
36975
55753
45017
19492
56100
30575
29009
45467
16673
25488
50197
50588
54648
57977
14137
51953
40421
24609
20236
28830
42706
37430
51900
6324
33571
45750
29166
16702
9556
59496
57944
50564
25668
9080
29095
35107
26202
40125
20439
13927
54230
54081
35401
13890
12763
6156
44396
34197
47652
32732
30380
18998
54031
49664
10966
31723
22833
5207
58195
27424
12234
28629
37753
6978
22799
56925
12864
41198
42025
51095
6710
45804
20864
58292
56089
37817
38721
55382
12403
11220
7871
48844
16268
52323
15126
51284
40406
26671
59894
41980
36277
5975
43476
3981
14056
31759
4041
31176
35835
6249
50248
40978
26246
31170
6782
8409
35403
11661
19815
44315
58734
59681
45577
9773
38647
5161
35004
41999
26189
26198
43459
38541
29137
55764
8794
58667
15031
40523
16534
25360
5462
24894
59818
53154
51074
9313
38187
58076
5212
32781
27853
36045
6884
28893
6913
49608
37253
24348
31555
42098
13915
54799
40776
53803
45553
25618
52245
34113
11033
42122
39142
30910
19749
27066
49283
49711
52318
15353
42623
33694
53193
24438
32181
32686
25572
44812
49395
45370
9608
9944
17830
12270
24162
19030
34142
14003
49043
18262
49981
33274
7812
56794
58122
10523
15472
37598
24807
4610
51026
52938
5858
46826
45374
23701
42798
31846
16225
15536
52088
27004
24703
11357
29728
54289
38168
30700
15156
46514
21808
36302
47867
27925
7792
17211
46220
11108
50692
54031
7961
58810
56078
12852
55894
18250
27398
12855
41116
40629
54780
35141
36251
26167
19138
32934
48139
42550
7497
26874
30971
17460
29821
56768
37973
32122
57198
17475
55571
7077
53586
9189
44040
4990
43243
56869
46177
22336
50309
24481
28378
11204
53475
6387
29162
49080
31175
15518
25785
45028
5692
30313
14223
34861
51874
51280
39377
50140
35080
8780
58635
37403
48644
54400
53314
16858
11596
23913
59788
43372
13573
26576
3512
38629
20858
30351
32734
9499
39358
56162
55176
42424
32859
57231
31349
59945
23351
7934
35510
41177
47640
35149
41051
46396
35853
43488
8394
32560
16907
48651
28488
7152
53006
42050
31005
54270
45620
43518
59200
23569
37579
14630
24277
35816
52957
32036
51525
37211
14378
26483
37618
54011
15979
46406
55934
3938
24534
9629
3892
4297
38998
56138
5361
10996
47498
24185
54749
42313
6995
20933
25818
53125
38845
12459
32516
33148
16627
20857
22182
20916
9395
42508
7058
30095
22473
5886
17643
59527
35049
32132
26413
53617
15788
46935
27790
11676
15416
44421
30241
17645
17196
44349
54042
13940
31933
35339
30858
11613
6825
45181
37609
6968
48470
6085
42885
13732
5659
52345
20001
22600
5923
15615
15886
40112
12570
40815
21328
10520
9775
13226
53233
32683
4396
55436
20239
11966
35073
36797
6314
38345
11464
26688
40373
57900
29956
23936
46306
24284
55067
15393
37641
19592
22464
49935
35602
54642
44862
3924
10335
17473
5746
56711
30161
46095
26943
8804
34451
19844
6205
55829
27736
32522
42001
8488
26735
10303
28363
44563
19335
33416
10032
23780
3489
56576
47198
57139
15702
34839
27190
4361
5499
34380
54234
29287
11678
56223
45263
9923
30147
42014
12126
19729
5638
59550
19869
18637
50451
52189
30136
40345
10403
46480
39770
16482
41771
21728
58111
9726
46338
27703
32002
36919
47247
58355
38788
58837
55443
54850
26087
6172
41780
32925
18367
29348
23472
55926
5421
51424
54199
4871
17367
37796
38067
13384
3661
53571
38900
22014
6779
3093
33615
16731
59430
26267
19962
40004
40399
46571
53200
58095
19915
15453
19976
20731
54890
12138
36431
8503
43887
7102
18858
14761
29609
9650
45558
13404
40080
11445
15820
7277
32257
15707
54225
45378
32642
12772
29120
4687
36592
36891
52597
7238
49740
6093
35429
11499
43945
17314
59496
44890
58240
52557
13987
21974
29866
48251
34147
53692
8466
10697
38254
33014
4880
9713
29598
42211
11872
12125
29570
36992
26369
50968
44817
7106
5159
28757
21490
29571
16438
23321
22857
3030
15167
14455
7839
52005
26579
7122
21200
44921
59260
56045
3065
24686
15308
7744
56509
56067
51556
26082
3613
9127
4662
26626
30131
40708
15686
5000
30616
18931
16456
26165
28275
35023
46435
43998
40558
31540
27030
25706
14053
38944
49906
52574
46527
20720
21369
35885
28737
21584
29141
22649
34595
39645
18714
41809
17453
6992
5394
36715
7748
36280
33143
46086
37075
13714
28447
43955
15848
47036
50442
34749
40898
43032
3638
6047
20832
35246
13959
52114
39964
30375
11287
56762
14706
36319
12583
44625
12376
54220
47572
3672
16796
28450
5533
33144
34601
50576
19932
52862
38443
19426
54567
54050
10734
39886
8971
33982
26265
11174
11258
48397
35978
5817
49726
45552
47297
12265
34542
58099
58938
25203
42898
14368
14176
55099
55087
7571
25513
46874
11659
45278
49463
48652
39244
8517
43185
11936
52880
21853
27861
39415
8918
44497
58366
41076
30116
47926
15118
32407
25599
49917
10684
26396
36627
59849
26285
25899
38299
3613
54773
43412
17954
4050
13413
4615
24169
51003
8295
50980
37429
53773
8855
29878
32737
57589
6676
11870
21773
32786
31208
58687
5732
57831
22253
24643
56609
38723
47966
19318
39177
32353
5302
59053
59055
57456
5421
56760
43578
37229
47089
34108
8542
34476
10079
47406
49559
8155
29141
12635
8366
57975
54761
36705
9970
54548
32929
15287
6998
14804
33909
31585
18669
53866
57765
41903
50756
38311
52649
21393
28575
9676
54930
35575
37239
51008
9918
28320
31472
20739
37996
53623
37571
49062
16046
47281
24021
30981
55641
33653
59499
3495
53835
47470
5172
6120
13366
35395
40276
23582
4732
44524
25272
27719
21434
27850
21570
53489
47528
25708
57441
24684
14150
31057
14703
47572
35174
44650
53302
36463
22527
41486
8171
36437
18595
19411
59699
31441
34297
46382
23396
13135
55403
25225
14648
56598
13664
37798
28594
35127
37702
8151
4021
46306
57859
57043
6529
56136
5569
33073
32137
35829
45212
14904
17643
38650
20667
50209
59692
53915
23396
13079
19526
29154
55793
24221
49132
30353
14044
25391
40297
26588
43383
55432
38835
15135
28263
37411
4494
12929
5577
55217
46729
43351
44012
28299
15412
31896
9568
51707
58518
45934
35111
12995
47918
11595
3406
58209
17819
35801
47935
16869
39903
44515
46913
43655
3736
9924
45024
19899
33799
15770
39171
19578
47513
15640
58644
56629
7681
59870
43161
29690
39167
50818
28023
46505
17393
38679
42226
22307
21196
32532
31891
43723
24193
35816
11625
28498
10082
44138
45014
6903
4064
15541
7526
27336
39386
57306
27293
13614
37398
44972
42680
12995
35835
39242
28214
51768
15490
42145
11044
56910
18761
34996
14047
3420
51497
50532
55823
19649
58996
34190
10723
46254
6082
37944
23704
53459
26943
10929
38791
49163
34036
14662
27960
37724
7137
59693
9698
22913
18523
3600
41182
6747
25047
19106
16172
46907
11178
34582
59871
21596
