423
12641
57548
40734
27329
19216
56928
40929
17076
46568
55580
54117
27405
57850
37788
29374
28827
18902
4933
43457
48473
48165
56315
59383
41267
23896
30271
11821
50262
39702
28623
38373
22226
28216
47132
5964
18154
57141
26948
35129
3619
12157
9395
54462
41419
24050
47494
7600
55595
18304
4846
18227
42679
39301
54841
46024
49115
48438
16122
17882
5666
8388
54135
54017
27388
34996
21294
14034
58408
29573
21489
37839
32218
59474
13546
53310
27148
12197
34789
5269
17026
5859
14106
43066
41546
47765
20726
18460
49736
45637
14109
46210
45356
27499
4723
36063
29247
19767
41516
14614
48590
12662
46061
57277
19166
46537
10088
37593
19297
3696
4076
48769
57758
27757
14062
23062
17052
52137
6666
55571
44013
28189
38469
16339
25249
6503
36475
21592
47915
45855
57516
22685
18516
41133
41055
53585
6012
9331
45768
16732
40729
49939
16963
10800
42424
5591
35180
36632
18707
50442
13994
10605
26053
18814
26914
33148
27223
30241
51718
11376
47399
21607
47324
31479
7144
52826
13286
41296
20550
36365
37343
28161
4271
56302
4329
43591
27433
23190
3945
51889
7416
26989
45455
52926
6153
40054
53783
41824
4380
57279
17047
30100
58632
42417
25855
54920
40676
34771
13346
26367
32760
41948
11339
23346
17973
35211
26376
23938
52716
26649
19218
30722
53250
58691
5648
11220
25311
22988
11151
58077
36135
15881
42518
4606
24066
8646
41528
57195
29116
45607
28370
22366
9274
10290
38721
22446
37272
54363
38664
34449
13913
55491
23378
45179
50003
15841
42252
21979
8752
27132
28436
8939
19218
38935
36031
24914
19722
14610
43842
51953
46579
27232
4923
36384
33604
51767
36205
37712
59106
27122
25344
18094
34447
23382
56830
30637
51743
59002
12296
16381
11540
37514
55587
45185
51062
55834
14944
18587
4228
47042
13792
36777
41645
20625
25595
33504
22335
54104
24099
37981
51096
48050
40663
11289
16223
27639
33321
53163
6604
12601
38932
27486
3009
33955
7539
52666
44443
3522
34234
12219
29297
49167
20803
14324
55511
56437
14251
18397
27004
11988
16536
4433
26582
32958
4411
52583
14989
38862
27167
46985
5426
46394
50297
15209
41557
11535
50230
18008
59669
6321
23080
32662
50911
5233
8935
25476
41729
25743
42177
37596
23725
12291
5731
17471
18668
10570
45052
47242
48744
35649
21893
5252
26200
40479
47596
35446
43690
29605
41747
9588
59802
39275
47948
33723
46186
11203
38878
52673
50087
42093
3526
34896
51013
48370
58500
20974
49160
59000
22200
30245
25281
24815
59084
34758
34434
37839
13584
52784
38775
33494
12299
45011
36814
43987
58386
57001
28607
23410
11480
9873
17235
25373
59179
47321
