615
5715
50229
56367
24875
57900
26395
15298
26430
59882
17274
31383
4296
57610
19833
25832
39468
29766
3268
57573
42613
13880
11765
54621
16795
35273
8992
39607
17467
32146
58397
6858
31653
58792
29985
15621
19496
6128
12058
6955
51550
42959
57657
9225
37556
37620
32346
54529
58922
53071
11725
42964
8242
31025
26427
9515
33387
43361
34057
20554
23316
34601
11386
39580
11279
46723
42173
36743
22809
43596
49769
6293
31492
39798
41050
22600
56454
41863
25617
44047
52902
59816
47751
13517
6867
48986
26041
6362
16859
37352
10862
48726
29365
25652
37203
5432
47802
28852
16577
16068
20942
31557
34666
20178
6621
12141
18821
58610
51044
22302
3054
42433
18000
55965
50331
11103
56942
16030
32893
50432
23320
12067
3508
33391
59443
20851
40542
28340
10192
52136
5666
23768
37657
20141
46137
51337
16618
48366
28399
24676
43594
30375
12755
52104
5308
59075
16207
51587
56919
22247
28120
19617
58746
11795
31140
53958
54913
19958
57473
23026
27825
23808
27313
55199
18280
48041
27074
51519
42842
35272
25532
52560
27076
44395
42560
48966
45029
51139
51134
11824
11187
27913
25412
32414
28146
49219
36387
20484
34815
30814
35190
55540
17466
59523
5160
55999
11402
31904
13446
9069
11522
6032
8575
28884
27645
22413
30702
9419
49925
44317
37477
15531
3480
56018
26205
4937
55178
56703
41408
49360
51148
53339
35872
10500
50492
3066
4306
35656
48022
24373
41553
26926
48449
11433
57668
5424
44018
54960
11982
30108
52562
54162
35419
21164
23765
3322
18853
31143
15533
48315
54921
41092
32868
32204
12774
3902
23608
5110
36955
19364
4698
41277
57609
17615
56116
26688
36378
13666
5903
55920
30325
30673
24257
40432
33298
25770
4075
28263
50376
48372
55187
47492
16391
12062
38412
21555
52105
19207
5190
37855
3360
28374
55815
34253
13461
6286
42910
24723
4690
43931
15821
39141
48525
39692
13844
50027
34961
48979
55217
56423
10163
15198
38800
35608
11775
51513
18149
46494
13077
51581
57665
57626
3138
36352
32705
38708
29368
32712
48793
41588
41116
57077
7318
7104
47116
7218
7193
13413
31707
45892
50955
46338
22934
34428
3352
12257
10235
27408
35862
5101
57060
56248
14161
19325
44034
18892
52657
50615
30160
8335
13652
59231
52016
29450
13202
37326
4702
28020
13275
21929
3224
39591
10905
41581
13208
41475
18866
4617
26464
8913
18378
5715
32750
38290
59570
50155
22815
56611
16252
19773
27152
58743
55970
20038
15542
32014
8335
55643
53917
53717
34775
24747
43240
30719
53422
46360
50822
25505
35068
44296
32959
42062
56356
15047
46361
45497
53399
27095
8276
5577
51735
27039
38479
15123
3789
14742
43868
31644
35302
40097
42382
47024
10149
3223
19642
36906
20255
7083
43337
43490
44761
14559
9770
31515
11766
33277
46014
58653
35782
47234
58914
17463
27070
28041
43080
20603
19764
48027
52611
5472
41267
56053
19369
10089
11131
9536
5427
8007
22155
34903
46957
55712
34445
31786
24708
22552
24815
47864
50006
23315
12466
24570
52001
54574
59676
57522
16509
56208
15296
17565
19548
45538
55854
21191
13704
39771
53110
39728
28029
18123
3864
48538
46192
19836
28230
46449
23923
37879
16127
55768
43976
14464
51472
57805
49400
44476
38516
49249
25149
26575
46227
58521
23749
45786
28122
49014
9303
37924
49964
45705
49891
3196
55729
19002
35411
4446
7648
20065
4853
57851
38487
39806
19918
14109
51969
15856
58876
13069
35786
42440
4215
39108
3277
5639
25792
19101
12486
23598
38657
12397
50780
29775
33077
30992
25747
7280
56117
23165
47912
17280
52367
31952
49279
31772
45111
10383
49614
56611
30992
9488
47923
38787
59175
26916
27603
17458
46584
18325
9690
25133
47636
53210
6900
30612
6577
37365
36270
39083
14426
29382
39547
20598
14266
10470
18244
10024
31800
38681
35433
36534
3658
49888
41413
44091
28609
25100
