1700
21918
32766
30810
8096
31397
58999
58615
4802
40818
22432
44249
26452
42109
26771
7809
9878
28611
21135
22964
25590
38665
56248
39301
28166
45273
55290
21939
8699
40169
19919
34234
48869
39445
23559
29853
41959
52741
45588
46110
27075
54237
37318
29270
59771
21051
21250
23923
49719
24612
33390
8857
40412
59755
32391
16761
45450
22460
3694
39009
46095
33354
33229
23028
26621
30195
28433
36195
38088
41597
16286
22433
15071
48852
6763
16690
5207
53516
13638
12799
40444
24266
43227
11599
23923
39778
57302
42598
22510
10380
24883
42591
51982
48393
16875
37569
10794
35797
15956
17349
48673
5895
56314
43311
25163
38025
29413
53115
10464
23700
37525
52578
8919
18531
32353
19605
49445
40846
33893
38491
39424
45948
50169
17398
17087
38551
12433
31955
10439
39728
58028
23182
7443
48521
42048
19558
39657
38832
42712
26677
50478
50584
46586
56455
45602
37612
6050
23053
22249
11708
48885
54300
20888
10134
44944
53470
19533
57061
31734
24703
27119
54252
8079
18260
18048
50514
6371
13420
8606
16355
59242
44961
15841
37699
35060
18113
26952
29147
40158
56968
9466
57478
3787
17092
18613
11554
54943
57813
30597
5518
33319
57106
40082
59521
53875
18301
3811
14878
12458
40963
59436
34011
39221
5336
55738
36695
58500
58784
56356
4501
26051
30915
11675
54836
29678
22862
44820
34306
56266
12116
33709
50724
58680
48468
23503
15535
35720
20147
36434
9349
24863
32143
43519
14345
12312
58388
38893
11490
55615
28674
13757
22812
12338
36613
33055
15841
59784
13285
28701
49387
6249
23490
24714
31404
58862
57055
57390
51942
50260
5502
18380
47652
15315
20795
4582
17918
46629
53679
20632
24715
37564
47681
53987
29967
13851
51952
42618
59654
24451
7094
22776
29270
48414
13008
43660
25903
44218
45017
29973
42307
20743
15328
5473
48183
15545
53119
40609
40372
31949
48042
33733
6988
30572
17011
27254
9751
32775
41687
31783
35476
28492
23979
35964
41551
21592
37407
8606
22889
32485
10667
16324
14880
55554
43415
57158
13498
27726
10861
28547
24965
7130
44972
57828
31143
36908
8123
3526
7018
4552
11943
37167
50841
39432
43228
58322
11998
57360
43544
30901
36938
8798
27742
4173
32936
7885
19170
23292
54470
31689
17357
32696
11737
11014
29050
45797
9144
39221
19056
46739
16016
9994
35866
45418
44480
3062
24882
30665
34672
40832
5831
29822
41063
59974
56305
36864
38707
11731
42220
54862
47440
58409
29875
22079
7424
56100
44673
57966
50760
58641
50813
10079
11087
43058
29251
18728
49902
41946
10059
12392
54218
30185
52688
11856
48797
46056
53276
39351
58307
53858
39085
46808
30284
14091
22872
39508
35629
25214
45854
42435
39614
33034
8359
43077
53490
36722
40152
6927
13755
26631
9270
45918
59810
7735
24267
11473
24495
21736
14911
30361
28653
17679
39712
43342
45777
35734
12913
30291
56809
7449
8295
10049
16616
55672
38843
27596
12234
9280
44526
51541
26718
40701
20523
44256
30585
50585
25047
36003
23442
27214
13877
16151
48115
53930
33702
35840
27667
28408
13235
35749
42236
19119
15343
29209
24883
44058
42246
52831
27053
59654
24897
41820
31142
34171
58870
4583
25484
15313
17690
7570
9212
32267
53584
19694
55136
48231
7468
56226
25213
20865
14541
36804
42717
34993
43411
16208
33047
19323
25185
52240
53104
51724
21026
53132
9318
21481
50265
55398
35062
24305
24118
45214
52413
30486
46289
31233
5340
43652
31289
52674
5754
35473
51622
55918
49638
37925
42668
28014
9352
52019
15065
7592
39559
31642
48745
7636
18308
32570
53385
26347
36072
38545
25807
40994
6472
29000
42910
50711
41436
54608
17057
22606
40809
24764
41294
4292
37512
57953
25342
35665
40724
45805
27058
52376
29584
31604
31908
57403
24131
32702
37299
3676
32488
24806
46099
9342
32017
59653
3187
15912
42763
18666
51893
45211
38597
7580
34389
46043
35576
26147
51635
57843
23224
56734
34410
16297
14256
29087
10575
45865
56606
51858
6700
20823
39837
36514
7675
24504
49920
8486
15003
29810
35151
10395
51022
57966
32723
56731
26915
26081
47623
58041
29858
3463
30445
53208
10605
11831
16025
33173
5051
15727
5910
23406
29952
15486
10123
53982
32338
55053
56292
4884
28882
52262
10754
13991
4619
35600
14666
27122
13668
7735
53373
15462
9852
33478
17248
33053
39737
7568
18503
30097
37609
54110
38503
4138
15073
48731
53614
36999
35654
33754
44298
31102
12400
4090
38934
19824
24979
58887
22980
54663
9557
15337
29845
34141
48555
27482
23786
50360
20415
31696
9440
31360
22471
52254
30574
11922
42049
35298
48943
19491
9071
40420
44242
16055
26498
37604
51777
44064
28801
49650
44999
57907
25666
14422
10988
25768
38985
13448
38316
19217
6874
18746
15628
15132
46854
15314
24247
25348
24868
41295
21689
37044
19399
27968
4850
44953
43294
41981
30545
24176
39776
48080
27770
22909
59236
19877
11340
41657
7709
30976
49452
44521
45990
3696
6809
23689
5024
27941
5795
58103
18466
52414
12310
39081
56838
41450
31204
14075
28421
37809
20028
6175
47901
25373
3704
11437
31903
52901
57115
44844
48346
6216
16669
48669
51600
28803
20191
47693
59910
11769
50504
8946
48043
9449
23398
57487
51550
14865
34472
7303
29829
50106
24626
20379
26899
41687
12095
32958
34706
6621
18783
42938
28555
29226
45437
26466
29808
36196
3020
7608
56142
48089
56768
36070
14984
17303
21268
42818
36615
54362
4773
39908
5634
40638
54175
6412
38941
11474
55790
41054
35052
15651
31215
58824
22292
48003
31820
24838
28365
57388
39402
25318
15083
27070
36854
5244
3615
6093
55587
52108
24750
39161
57921
18010
29409
49576
7361
41293
51056
36866
27490
36531
55240
52189
10469
12219
50173
20409
29007
33276
54865
40044
22881
56814
18554
4849
23434
39770
58003
35944
47363
12252
49692
22110
47766
59111
54117
24878
19834
8625
21607
20115
45532
26750
33404
19046
41936
4233
48963
30730
59765
7059
19787
42809
10453
46342
39030
9093
32388
19366
13814
57058
29760
13963
19920
51064
57085
13111
21958
44084
14183
30274
34962
18336
17820
55532
47829
25738
40183
26950
48048
13048
42662
25322
3696
31419
20306
6967
41147
21486
13520
7889
36235
52863
16018
55659
14377
12566
57335
19476
28227
20260
29522
19058
29616
53905
38307
45429
53425
22111
58854
39897
51150
34471
44007
40946
31356
24388
55476
26890
29647
39392
20836
13349
56263
13501
6000
54247
6700
19105
35781
53398
44911
37774
59917
7602
32397
47615
19512
4336
44578
5071
35082
38204
26486
6793
48997
6201
15331
13499
54887
45239
23991
25553
29615
42610
50941
13767
59585
24246
44575
17897
44248
29730
44725
16752
38934
54412
16946
5338
13695
22589
53298
42524
4818
31865
30550
30683
23983
34835
34559
24125
16166
26465
52317
15671
34630
22503
42792
28837
23727
38562
21618
56407
51445
4851
11139
17693
49254
32441
13785
7488
38056
29547
13148
33729
46940
37565
11536
41788
36855
15659
23551
52354
46594
29597
45098
52520
45041
31589
14542
26451
20301
38327
54767
57571
56159
23331
45679
36694
28437
16841
5411
14186
29528
53992
56855
58258
51684
25966
19662
39140
26765
20269
28100
56841
56980
26763
40641
21238
53507
48186
54540
22046
28138
28674
52502
19960
31634
22924
29788
19605
48368
44299
59010
29754
14332
49913
17954
19592
36188
9622
21569
59692
3487
22951
54918
26998
22231
33252
27779
56878
36243
16814
11959
19032
24678
34738
18112
40357
46730
52713
56827
54304
34737
58301
58011
27834
45705
13237
45151
23735
51017
39598
22375
20483
27368
31514
20835
7382
44591
3537
34236
42557
42964
16661
47938
5698
53469
18838
56489
22806
20911
25236
41089
16773
7444
3869
5044
57543
52120
43012
8233
39245
15897
6031
6210
17930
34973
19663
53041
48173
19968
28013
15961
38618
39108
36786
7898
58986
48921
59101
40506
10448
8442
12478
29548
25876
55152
19044
41245
19363
5309
55846
20617
59069
29856
35971
31292
24898
25921
28765
23354
20420
28497
43670
18169
4135
49258
6348
32498
43113
57700
13540
16277
32058
22679
58378
29506
3348
50515
47502
37508
11176
19400
49254
27448
35171
41132
11061
20834
30129
35320
11331
58717
22939
35628
28120
4526
4818
55156
29103
45236
33185
51460
59366
47938
10327
18557
42043
32548
35303
28442
7289
30630
47026
48614
28907
15332
55382
57789
42328
5553
43285
45926
6345
39288
22502
31993
41386
53574
3333
24345
14477
13626
47050
42949
25777
29124
49348
41559
41616
55515
19806
7944
54352
12231
32925
55303
48267
30259
15629
31830
23839
3152
17439
17451
29783
54898
25739
55097
6535
29883
14169
48458
7982
12385
47067
51160
35588
43707
49086
6722
49756
56825
3105
16106
59301
26487
3137
33297
17534
3450
45845
55038
36250
32518
33394
37953
41969
6040
51507
32009
3711
41335
6443
21610
6146
48205
54943
13555
28216
11514
4559
3690
32646
5465
15155
52148
23440
8956
47988
49411
3123
26896
18409
51718
42241
31593
44258
9387
45042
29160
12173
24013
44777
17032
44203
58276
20515
45919
10313
4291
51179
53851
57455
8271
12868
53802
8344
37871
15765
21975
31065
12872
32235
59248
57010
24221
8358
42604
33742
19113
24482
16211
57551
20354
7211
7370
44705
51890
37733
7413
30515
45474
58788
36775
56686
48101
39245
55006
18196
8471
43529
57741
20884
13783
11116
47462
27537
45096
33279
15647
6797
55715
42280
44207
10039
48547
27373
10261
35855
31146
17697
59776
53733
56315
16608
50330
15881
9814
44652
42294
32141
3345
38310
51996
23199
46250
45820
56392
36115
46585
25737
18912
15047
44594
19974
50926
32870
36247
3976
11312
13688
25824
24794
29327
56784
56308
21677
18153
13940
39806
31893
7601
53102
20743
44511
48132
48306
45619
48888
16140
32358
55389
4282
45922
9879
42826
12722
56554
5412
40741
30806
25819
8898
21651
16733
32913
41125
7300
7300
35556
45917
27503
53942
35302
5444
51216
36439
3130
30353
30798
53477
7409
26845
40676
37758
8888
8591
59852
24602
12312
5464
42726
15219
36050
3734
55461
11670
54217
54182
16623
33695
43040
14976
15743
39738
44601
38150
10606
18730
8081
45806
51219
47275
38293
45262
57947
20952
48665
14325
33342
17052
15802
43481
34108
36902
15487
59591
15027
47283
20697
21592
52323
46061
31058
8103
41228
47240
23719
45760
32775
7410
58473
39632
39735
7730
26746
18095
27998
12025
12390
45811
44220
37118
32115
49552
36740
33275
52723
26170
40551
18886
52934
35392
18696
34059
31982
43190
42245
55869
11200
15018
42230
59731
50560
33394
42913
38692
44013
42320
29524
15699
30664
54184
49836
35091
58451
4682
22176
22213
49567
8342
36130
33149
44246
16457
13897
39590
31928
24588
32145
31941
26148
11896
58835
52381
12890
24564
