1755
28685
44682
22513
20648
43506
12794
21763
45460
31855
3630
29787
10509
51045
50801
10338
24554
29777
32431
17235
43729
41608
59746
27522
39943
3734
12151
33603
57715
8587
22589
33809
42210
40939
29703
51509
17116
25648
22142
53241
50639
11358
26326
55491
11663
29239
45698
56231
51389
53860
40413
49534
29725
56366
5017
24892
26046
33216
6251
58599
30241
42806
18710
44606
3337
57025
24471
57132
43852
55042
42921
3073
6247
52971
29926
7795
43720
24597
59475
47195
58606
23577
54735
20932
56126
51378
16865
19956
21902
17267
49064
43873
34099
15676
22049
15452
14384
54328
59950
59025
27949
54530
29240
26605
14725
34816
35225
23929
55078
38513
7631
18028
23605
21137
59103
28855
7381
45367
39625
31839
56579
32802
10563
30449
37689
17315
3197
55759
47328
51111
41867
24495
27605
44810
21400
43612
26746
51519
45349
21948
25903
11815
8715
28556
42723
7205
36070
46274
23414
28136
26048
51686
45722
24353
7541
41593
44294
31784
38301
35589
12399
39865
25800
24696
53858
3295
26694
24990
40243
58328
18742
41510
15920
28762
20660
56210
46371
52951
7459
47049
53967
7921
8892
24712
35791
11407
21597
5167
28635
6371
46830
52645
8218
38741
52656
8790
21256
13753
30538
33063
3585
15924
6415
41678
20901
54367
37227
16256
14663
23648
8817
12346
20336
34443
37555
49960
7130
8765
40924
31324
41533
45835
28346
8053
33623
41932
4987
48238
54687
5798
38188
30948
24447
50718
47044
32703
46961
6537
4224
6675
35760
51544
16613
24563
32771
53044
9653
55825
17875
39493
27808
54163
6304
35095
36457
43254
5291
35363
28411
34202
4965
58097
17322
39725
34971
22179
36891
8434
27061
18569
57017
21360
36671
16754
36793
22919
40695
56106
26019
21547
24913
39172
23397
47061
12497
40670
36236
18208
6539
42689
55777
55585
55924
44274
52396
19226
36113
8514
35469
36516
10727
30161
29873
35743
8080
31916
3860
30186
3337
7572
29772
32124
51962
37756
41627
28815
24317
25097
6173
17034
53666
37456
8236
55135
49552
3417
35586
24173
32315
55135
5512
15571
22304
48077
22078
43436
41064
59131
48422
49723
13208
55482
29631
37211
55112
53944
18006
29584
55373
50680
52932
53722
58503
12492
16085
51279
17412
3308
48713
6772
42061
36784
46644
48964
9974
51743
4708
6459
52765
8222
50501
34130
3515
50228
9714
47390
59848
56875
56580
4784
58320
55940
38217
54682
57066
38888
56250
57945
31374
12648
54208
36155
42018
3699
24658
49102
29108
40098
20364
35064
29102
8187
4583
40312
42515
44200
18686
59536
3288
10817
20797
13091
3630
50277
36106
11537
16508
29652
7848
18564
31184
54701
39647
50580
27409
26662
16522
35692
31126
13096
30271
38279
22544
34210
17076
58073
25622
58915
25841
4125
33544
51786
7195
16069
29844
21632
26280
51242
52942
25083
13020
46253
32445
58405
36083
36190
23577
26718
4850
5885
25547
45170
43740
11761
50368
41289
44291
37779
23868
37044
15103
50026
30201
28069
29863
38946
50530
12234
54303
24332
12478
57213
50231
49162
35742
11239
48307
44616
52945
35108
28290
24859
4846
25647
51218
57856
5227
56320
12726
43140
23654
4104
48263
47949
30706
20977
57572
51923
8001
16893
27113
28664
22543
3686
5576
31415
18106
33839
48804
15070
56402
5296
18648
16876
15212
6463
42310
3673
20015
11875
7268
27460
16743
25245
55823
22035
24403
6897
19922
30498
51527
11118
15785
48016
43447
46242
40106
24782
34744
17531
45669
17319
39401
29697
7941
58701
36288
38724
55818
51355
42748
10165
31932
19590
33979
29242
33227
52768
7015
50712
39472
38237
7858
54747
46864
45624
52685
42249
35083
45685
57983
59510
43810
8204
32618
14458
19460
14186
59846
32277
37065
10535
37352
52172
12177
58094
52723
3529
37994
12688
44861
35728
36333
43495
14155
47895
43159
19255
34715
15257
26770
41767
45789
16243
5250
55285
42591
34488
8258
26319
46159
15625
54928
18144
59100
21765
7025
23603
3603
46029
46266
6774
17090
50252
58928
37757
14744
48933
57238
3653
35251
21340
4896
46677
34831
56840
55957
34130
43979
24008
16871
29102
35798
14762
40129
42355
33740
13055
10495
55288
9810
8883
54462
48250
30035
49616
27354
36547
15794
17876
59709
55305
32688
8652
8658
42406
41103
45999
22458
50955
46348
57824
21418
37629
50279
8257
15719
26718
38301
48487
5398
29049
43274
27791
17767
58339
51903
27160
19430
28410
46313
31569
42187
31520
6699
51835
47236
9328
9094
7410
30988
44898
7125
45754
40177
40801
17355
6070
11597
29356
46210
20862
25081
48716
17417
58486
13254
27698
52368
7392
16586
28323
41382
56731
4650
40816
40579
41717
50376
27455
57292
5555
39969
41834
26081
58522
44322
39603
43032
28471
10770
53045
52227
15695
35420
45367
45181
47269
34828
34376
41918
48536
30672
48977
40356
59686
24482
33196
35632
30106
27689
57319
11854
6669
53764
6209
53671
31122
19291
24128
30248
20800
44438
5060
56370
8344
30656
45640
20874
38892
55376
54984
11078
38904
8947
54842
27804
50272
45554
5966
17750
29275
23648
41178
13433
3651
57294
39148
57201
3591
50663
16214
42864
8435
55031
24090
23641
37008
6430
7142
41713
36623
18956
48672
41673
3021
17017
11563
45146
31256
11325
58656
33203
40663
59121
56148
34515
33109
26980
35267
5662
14242
33334
23695
46161
35774
29378
26514
9620
5620
55597
33121
13742
22280
14877
20984
43900
44612
17804
17971
55897
44078
51766
17876
44716
52042
50805
35652
59076
52970
32663
25318
52749
33999
58155
14237
23533
43881
45944
3808
52922
48479
39629
3000
32740
16507
27938
54824
46777
20017
9661
42079
30884
50289
22569
18471
23288
7522
56133
59385
17346
59297
56967
51268
3251
30460
44136
47396
29056
11926
54904
32518
16020
13465
38656
27492
53385
43435
16633
18308
16946
44254
30509
15029
45741
7282
32160
35204
42831
24559
4977
14037
29310
53633
59451
9881
39254
56280
55343
16939
37647
19770
7915
44194
51245
53862
41505
40198
29961
34310
59026
12620
30119
44436
40288
27439
5332
18939
8155
55635
51230
56733
53030
16115
47448
52329
7791
47884
50173
50296
52240
38706
30521
41062
33113
11997
26114
21938
6647
56693
38013
52217
35545
16633
53665
39412
12971
38652
17455
41479
56611
7551
20619
24769
53693
57686
31924
25447
27562
59683
56204
25855
52914
16703
53606
50110
47993
25399
35919
9349
52083
21415
42410
53993
59953
19745
33174
38529
7941
37424
33724
26554
22540
20127
22276
26340
49459
5393
12229
33637
36717
10787
25799
44067
36764
44457
22685
36957
43414
36502
20086
57239
9098
21936
49590
19299
20013
21696
44708
10382
57620
42096
24853
58791
29722
55021
22600
44030
6554
53645
27570
17399
20787
31633
9133
56909
49714
29555
41026
21983
44452
26891
34867
24933
50579
59654
43176
53002
29643
22315
55679
28567
32044
43109
54027
49014
28946
59168
48366
41932
59567
8674
37583
18399
57028
7593
9104
13593
4621
20172
34814
52519
33968
12194
34513
37753
28976
13272
6266
28892
9253
33871
9502
47581
23672
11822
38274
47146
27760
27056
40781
26460
32236
20498
8019
47507
59328
49786
50053
9638
36750
38138
19656
11308
8398
41759
12087
35586
15583
17093
8191
42509
28444
59537
52206
43048
59318
47353
51357
35792
38409
53969
35727
51213
10097
48541
48004
9900
9835
9264
54218
19756
42337
15158
53165
33177
46641
27737
24208
16354
29467
11269
34723
8825
10845
37772
7386
18365
59124
50218
20571
56366
44084
38882
19551
58547
4633
10589
49530
18031
23428
51858
14870
15442
35897
40136
30703
57783
50487
41383
10229
33533
38230
20981
15806
12063
54699
12372
40477
20160
32355
21907
55547
47179
20482
29334
11847
27363
58029
14691
10119
12239
45651
25421
24232
38709
5793
9778
10036
25297
11586
27290
47397
36885
26727
27967
8471
57313
33030
13538
21277
15704
8634
17724
30615
11015
54933
18773
17603
45827
53668
51687
23756
51809
6495
19955
17423
28301
11565
9217
32118
42215
14353
40644
35619
51116
20328
14587
42881
3421
37099
59803
48465
11323
46545
46425
53052
43932
43548
28732
54641
31827
52067
25353
53089
38835
37779
10943
58847
59556
33829
30861
33553
50438
21533
44915
49872
28616
51210
39805
14605
39161
30692
37807
34521
9782
13232
4504
30622
9288
34239
35881
25729
38742
49410
10581
23202
53139
47943
23039
10355
8513
4549
4383
35116
28219
13003
18996
59177
27581
23006
10434
58897
40167
34011
9564
39961
39686
40017
39984
31287
30704
57931
34773
7071
30492
13288
4293
58396
30229
39535
18197
38432
45234
13206
36559
37931
29462
20702
52595
27034
29693
29507
41558
35536
4366
54960
11731
22022
46570
11606
6031
47487
53732
44822
34268
18100
20196
33986
15709
44285
56768
46117
52137
56194
27198
52801
5447
22779
46045
11864
12643
46162
7594
30510
5861
44496
4354
4148
30258
40445
43666
13735
36528
49487
47905
19883
24530
34858
12195
14258
12295
7468
55029
44472
32434
41822
11312
20764
58768
32576
29093
6942
54582
24586
8057
50769
32513
10825
31364
13887
15571
39942
14592
8743
31855
58810
23772
15617
56282
47050
21294
29000
14553
8753
32069
6883
23515
10305
40532
22220
24656
37202
10050
13868
54962
24389
6813
6743
46459
26265
39031
28354
13547
38882
3480
32247
29769
10495
14839
45483
31755
25849
25595
41775
35118
46882
40583
46385
5242
12912
59114
52825
44486
22885
29881
4731
29587
53381
46647
14970
48450
41380
36672
21931
31622
46273
33041
13936
34396
30388
22010
16352
16202
31939
52994
40366
16018
37188
3256
37084
23325
20396
54246
30274
20471
5387
24031
35798
44500
25980
40448
54966
58451
12771
5685
50609
42020
55492
25333
21745
34160
20189
39801
34105
15116
20345
25051
18109
43778
44783
31105
14896
47976
55128
21841
20628
35880
51524
5695
14425
59783
3712
49090
25340
42712
22280
15471
3394
18184
4271
40475
50013
26481
57379
13699
10862
47828
44675
3658
6009
26683
6620
52373
12864
32425
16907
21297
24898
25921
57271
48518
52778
54153
22327
55929
22046
8755
42530
10444
51294
37989
53005
52812
13888
55150
10444
19603
49429
15546
26256
59341
13373
59918
30276
27854
26896
41678
50282
20880
21344
15898
23069
30368
24659
40034
48500
26686
21065
30464
25558
26900
59138
44065
6276
17341
22370
35657
33450
45013
49799
55669
36132
45976
7549
51777
41402
19292
24035
37442
30510
14323
19893
49586
58297
24379
50253
47661
46967
13255
53005
38911
37523
53158
29682
26111
8310
28773
19332
57353
50231
14844
57985
51637
45938
23428
45166
11385
42396
45847
37700
20097
27256
34232
49919
3964
25870
15248
33798
59114
22074
47608
4934
53596
28685
9221
10583
7319
11167
13968
21472
24180
52688
9208
26566
35062
31728
56790
44714
25307
15762
58971
55057
6984
51019
31333
28365
4105
23401
18787
27467
39483
20004
37850
54115
11485
52607
59503
35337
55049
39446
21869
28902
11207
28165
6248
36225
15725
10717
23492
32865
10046
22577
55525
48981
42311
31921
11762
52249
49962
45329
7279
21921
19084
48041
24164
42971
34545
6979
52349
51686
40737
50021
33059
55551
37776
