1208
45135
31625
54713
30668
48074
45643
17006
42493
12491
22277
49316
4674
59090
16577
46257
33944
37850
42300
21042
44543
11489
20988
33135
37290
47799
22472
9120
21043
39641
7379
46125
14944
24983
47114
9939
4202
12292
34800
34152
21906
45806
25225
11852
28394
27604
11083
31607
36480
16632
29425
31409
23963
55621
17237
26940
10506
50124
8463
50372
30298
3007
18486
11359
47749
41387
11109
55471
16170
21758
5879
49173
5718
47294
27334
31912
28099
55598
45073
5932
35247
8843
12392
27401
55583
27297
11612
47208
51504
4270
42379
23903
37547
13864
31509
6868
17028
24564
40314
15514
59872
55872
30326
44169
48791
42262
39322
27775
23742
49612
33240
47677
31465
56901
9156
30688
7959
58113
54072
49064
8608
34254
36324
21287
38486
11363
10336
48760
28424
19462
13754
20045
36240
23629
3522
5111
20027
54193
50966
48281
40062
56460
25431
45996
18394
52526
42037
38770
19046
59804
26550
57162
55089
11047
42705
52346
35889
41752
15789
46126
28381
45373
52539
35277
45139
30010
14804
40621
28744
56347
31525
9077
35590
36768
55736
39027
16439
21746
29020
33092
58046
18177
46510
10835
4896
23367
43218
7992
44425
9481
35419
18013
14350
50716
41156
59466
51004
49364
27413
49779
43861
21434
3900
41527
28561
21615
31558
40691
53775
37906
15065
38037
20232
45580
11048
33209
43295
35829
35911
4070
51540
23174
42241
8111
55377
45674
25389
28910
46617
54187
39456
43887
59221
31478
53446
11412
17412
31243
32501
12383
49289
41016
8506
46949
26278
50827
26433
29968
16632
8433
17049
38419
28307
35927
9179
35982
56045
45021
54319
3794
58293
15166
13035
16953
46948
30645
23347
24059
46897
19715
8607
43941
32277
19369
58325
26065
5818
34463
10658
9041
26908
15893
24902
32901
22070
49799
56614
37650
13691
15221
17793
49466
51609
24058
41010
20335
38045
51777
47434
22233
17465
50473
7239
17473
31448
25546
12042
51894
36185
12306
25202
4677
11617
38042
52907
46133
29248
30852
37667
36878
16461
15607
21180
16347
29045
39688
33694
17198
38013
36726
10610
53520
41030
12366
42523
46036
56058
23197
39008
17365
48173
48092
35897
13895
5250
22794
29349
24360
18303
14016
25560
56665
26399
38533
30411
31791
30461
40706
49142
13982
59815
47420
50065
28733
53312
5248
12196
21475
13830
34571
16511
31154
37678
15972
58375
56043
19662
16155
51374
43890
42332
16986
18321
18568
19160
44698
31635
52309
16894
50860
47185
58482
10179
31119
48002
22656
57416
43255
28230
54594
30117
48358
5591
11319
6336
17395
59100
38242
26179
57568
49510
30479
24868
52104
59503
58163
9542
48570
14882
11246
44778
30616
41899
33813
5306
13168
44175
15045
25696
9898
45368
3201
4815
6625
45270
27233
29961
12817
20685
5277
22911
28485
45694
48480
3120
20095
54295
50498
49303
53266
50676
47555
59353
20927
8716
31467
9537
52604
49744
28484
30132
56054
50810
36239
28856
14866
52548
23337
22543
11607
24181
50384
30107
46062
54683
56691
31413
55295
34843
23454
31784
5084
35167
5522
24639
37453
38527
9547
38838
3124
7468
3424
6508
7710
46395
50449
40233
33861
48180
19630
19960
21773
38161
59499
14157
26526
17049
24674
16873
6013
22438
16860
6078
55040
8120
38728
41713
27578
53574
49936
56178
46122
41356
4638
3624
19848
44612
59611
47799
38648
4554
18191
16107
47867
41900
38619
13797
54870
28082
33130
9977
15958
7498
46738
13546
53570
16825
33873
15548
3511
33225
10431
45837
33052
16893
35246
55772
12414
17270
32750
38434
34279
7898
10996
32531
7412
16872
28914
38011
32674
34331
46575
59084
41402
29994
56018
43548
13598
55432
41231
36438
54893
12303
43735
32091
34896
57344
12550
48089
54825
49673
53866
49793
35757
54826
52385
12413
21985
59511
48068
5256
46107
34241
44128
43120
15169
33295
45095
21576
18637
13815
4436
39429
29994
46452
59420
43486
20344
39007
36896
50588
21488
30176
15827
4616
57588
36204
27517
48116
20802
7969
12209
36309
54768
41252
23445
21308
44712
25564
12763
39510
12885
24327
5515
30441
15226
37954
12216
13945
37714
19310
17591
36700
48392
12021
35386
35373
36358
4019
59282
43014
34071
19719
37515
43894
15445
5932
45087
54934
39291
44600
30040
36494
42918
14436
52947
23556
6602
45579
29739
18896
29568
27072
8493
48755
23473
47806
9672
47671
21392
19328
30731
24672
10296
31623
8905
31183
35790
46932
48962
7072
20866
56191
40573
55635
50694
50192
17769
59174
10963
40363
32096
20873
50259
6047
58708
12490
42465
57099
3050
27797
50452
9343
12575
9849
34577
27113
7757
42604
41462
24664
36731
46877
54916
4010
23852
50898
45013
42113
16354
17187
35624
46088
26885
34902
42370
15457
58559
24710
39535
12793
22444
6076
27126
46073
18741
42246
7788
19002
49041
37855
22844
32022
25173
11493
12354
17014
35708
53235
54083
36490
53538
46705
43727
41976
57020
11282
40778
46602
17127
18867
17046
45615
33578
17599
20817
23186
55008
40245
24327
24041
57186
3992
50393
22258
47313
54964
7184
11405
41335
17221
49209
53378
56168
36617
53843
41542
16287
33047
6013
40927
53979
47781
4360
40400
59009
13540
58020
39320
37692
21306
54810
32084
41959
21438
21192
13210
49712
43068
49194
23076
13241
30838
56643
31473
4791
16598
37218
21279
25297
32862
20288
6097
39726
28123
17912
57092
34305
36936
46873
33993
4599
25060
15549
21587
52633
8066
14747
52687
7238
43581
50701
43734
19919
17802
31906
32374
13811
46256
9563
46570
53769
18213
21506
3853
43631
56803
42065
7204
6267
45114
20063
28490
44345
41545
22141
30274
50561
49313
14627
27225
5843
8424
28278
19924
38332
47014
53023
35445
36572
29690
44290
52169
40116
29172
19842
6400
36238
56111
41033
10196
37565
21207
8023
18875
20963
30649
41098
43145
21665
50886
40356
30070
12939
48641
14326
37733
15120
50880
54108
46989
19586
55738
59308
7000
40664
49023
8895
59726
11559
35535
25206
22890
28625
18896
37874
19425
43793
36040
58693
56298
48336
24155
8280
54062
10574
52037
44074
46398
58527
28891
48788
25884
3904
7037
47986
10770
51574
50706
11875
21291
25419
21919
36623
36455
7388
45713
28601
38166
37758
52786
14550
4323
38109
52353
16210
38879
12424
52161
32993
54718
20475
11037
27335
46908
40938
39841
33873
36131
47854
55364
22533
42368
37799
14589
7193
59261
38198
25714
38042
34698
53670
47568
3802
32192
25355
51136
10950
42082
51990
24682
16631
45547
50472
42589
50293
10289
40308
8920
33612
57865
9255
16624
12579
21878
22007
4458
26812
30922
38826
28883
37216
33266
39710
37957
42965
3043
50586
32211
24088
20258
24055
23330
18458
44783
19098
57533
25921
3285
29223
32379
8602
12040
37006
34945
40833
25883
44687
40510
47801
5595
7903
23244
10673
17268
33451
21821
16072
19489
17370
29826
19776
21080
34728
54076
6968
44040
16360
48998
28686
12846
45914
33037
25928
27582
52992
42709
59927
34485
58819
42840
47573
17969
40104
38792
41294
58589
59360
16211
14686
36867
45927
12179
8332
40961
53306
5655
55077
54090
52474
9380
15878
6184
12860
14775
23901
51785
59506
26247
4931
45646
22839
16947
38049
40836
32093
57911
47838
27991
22098
36728
43586
30849
48585
15358
24605
55720
36614
13803
16249
37473
23744
19187
23936
31991
24181
55648
48184
39387
39100
5785
43022
18537
21395
57752
11721
25400
25652
5954
17875
36535
22043
50193
19255
34423
37256
30167
37784
33609
39301
24190
14301
20672
40742
57940
35441
52719
13100
13572
28221
46856
20401
20515
50562
47140
57039
35738
33618
39257
43411
55618
6111
54975
55513
14747
7568
47856
48712
6914
