686
50905
42260
23195
29786
41143
48183
24427
13535
22424
49125
8896
42076
59637
44853
38512
59520
27090
29775
8163
7305
50666
8765
19911
17806
36998
3023
4051
41261
22432
54919
38420
20491
47713
44027
51892
47366
12318
9982
43226
53207
6791
59379
12876
22815
3051
22995
10619
36674
57420
28586
20641
55045
12163
37423
10321
10317
22339
5477
48901
49667
5453
21295
23655
3404
31298
27201
7155
31959
21391
3395
43494
35480
16737
40451
23866
38957
13130
57619
5899
51910
21010
42584
58611
27545
48311
56693
25935
4075
5017
29561
31188
30847
5296
38244
35807
10128
21027
25234
33146
45645
4349
57507
27750
16004
38338
53859
47894
25730
23010
39426
56237
17177
45303
32487
37142
31973
9700
43518
59917
22307
52438
22760
9414
46910
6082
21632
41337
52118
39012
13796
43011
57859
9042
47540
57339
39119
58196
55297
17376
32221
58830
47851
7857
45833
57909
46328
6551
6996
15205
39965
10784
15371
30496
25593
42140
30180
39051
12411
32801
25912
36902
31802
16936
18778
32550
24318
27077
52610
18446
37325
45644
31294
41944
19977
16001
45108
26674
47272
28532
21079
31831
21603
4076
35584
34304
41282
57913
55877
34999
12456
42375
45617
57398
10865
50134
49995
41227
34816
38304
32395
43159
13606
58256
23415
55500
15695
19711
23080
16516
10090
21957
28172
36596
21714
34739
50943
18110
10276
8245
10039
31221
59213
7589
27827
47671
29213
57764
55151
31928
52545
6759
50940
52811
39299
33071
39620
10817
21152
45484
53436
31474
41091
37678
36102
50613
58715
51863
17609
10292
54479
56660
26191
51068
48160
20930
16646
29846
43429
17119
46856
26165
52045
17138
39985
17428
49691
47100
51232
32849
32707
48496
52281
17211
55928
3467
46250
43946
30983
4596
15827
53578
10063
26286
49805
22044
10777
24939
43858
54794
45765
37338
35594
17141
29601
40570
15930
12268
38558
24509
21480
55813
44883
53396
27834
16470
52366
55313
5208
43984
58888
44819
53420
52293
58683
10826
23458
26847
35050
58950
47078
18122
26498
29901
31903
28831
12722
14933
49128
59484
17348
29209
12666
48693
39995
6260
21440
40972
45409
56394
12788
54667
48433
13613
31164
28383
47412
36053
31955
32547
55528
26152
16238
31523
23131
56168
32571
29320
13281
49044
30639
59100
55577
42817
3036
55189
20594
16638
51467
35946
46523
44274
5570
52822
28742
14686
40520
16667
5660
51521
8273
28654
35151
14508
44969
54137
44960
12956
46803
45523
16472
44207
51484
35373
23000
38936
47040
25598
40975
24049
26219
28618
39609
25163
30854
49247
38629
9532
35693
42007
52751
59793
58626
27605
29779
54850
32908
51935
5931
26430
30393
34056
12239
4437
28431
37770
16159
53832
15769
8988
10088
6683
7881
59024
32229
30793
55686
59409
54420
57509
10899
26818
58414
24214
18463
23665
12266
24701
57189
17594
9023
29654
10796
44113
49273
24479
24469
27705
30954
42732
11864
26302
39433
29333
34419
15902
15557
32252
23446
59467
14595
17404
16364
31800
36283
38354
55235
6949
26731
30373
14773
23685
19887
32916
35894
45233
6294
22256
6240
15731
24496
45599
17916
44367
53887
11648
49323
42116
35013
18784
30174
55717
45959
46473
26246
7684
57931
54325
21961
23666
46684
50762
37662
43169
21913
22099
51081
3128
9352
33667
49730
38144
54508
51224
33917
35617
55896
35289
24709
17020
39329
54944
18572
29391
22185
55618
37393
33079
25221
43792
50851
51530
24778
34080
15590
52608
4986
53933
26649
24619
32048
18457
54290
15537
34098
36224
25925
45195
37006
14762
29156
25303
11297
35875
16232
23546
16289
45735
55969
46284
19040
28178
28433
12049
19198
58006
16033
36055
51619
29748
17250
41139
23464
12825
6154
39641
32009
39567
23092
15777
46901
29037
35208
53380
19925
7758
39799
33596
42549
35607
10200
56636
10445
45764
44613
57603
10166
52496
5166
59693
39790
19625
37956
16544
56270
56749
10538
28929
35095
57168
27740
40033
5598
27828
59890
6786
39836
34713
31601
20405
16863
52481
39157
34527
10538
31181
58907
4173
34701
20103
54564
38098
52737
5784
15103
31342
49771
56542
29494
21838
38239
59417
59137
22216
53784
47815
39069
55264
31553
3018
41565
18739
9149
51799
23469
42513
23828
5096
31542
43461
57189
11619
47764
51524
20558
39635
38033
59119
52862
29790
40713
57714
50866
17164
48565
59185
30575
