2067
7381
41235
27405
57692
4378
17644
49928
10631
25968
52669
52186
54527
10265
28260
21579
25337
52713
26811
41346
4029
58238
25137
33182
42123
52729
59122
16988
35486
52550
12479
10469
43180
16607
44554
21551
16290
38941
50766
51501
10718
11748
17490
58068
14253
24313
20125
58142
18618
57563
50867
47933
26632
19983
30033
23876
46313
48390
49056
43195
28083
16797
37917
17071
28757
41404
59474
11262
42497
39294
15301
32781
15240
59189
8169
20589
41026
56828
53485
46467
45153
50370
16436
21591
36602
50397
54274
58175
8944
36544
18157
32656
53102
22467
23092
18788
37870
23654
25630
35629
13623
22308
41598
15205
39660
12814
21953
41216
31770
55359
10634
53589
28875
37703
7313
8825
43737
57975
58280
28864
55242
28031
11975
30674
48397
6381
53555
39629
41616
12359
11794
40224
24834
34671
22244
19781
8466
52090
3080
51270
39320
48194
38316
55682
12775
15840
6631
24839
22473
31918
46601
13542
50779
10081
13324
13285
46162
35611
33756
24224
4601
34384
34328
38267
11454
29925
12091
44267
3754
54707
7219
48438
18702
44428
18490
39357
41774
54222
26562
30677
9108
57689
31530
8614
19656
16790
41743
25540
37280
58484
16281
29838
17820
30124
24812
49534
24177
30548
42847
18997
57711
20587
4652
30355
39663
21365
8227
28031
58179
34659
32280
29145
17037
11217
44850
34468
11507
5548
47794
27756
54808
15428
54012
41047
35699
16728
15771
36116
18775
23126
34754
50728
39952
5893
59698
41457
12459
19728
25224
39764
20996
21605
23705
48669
21111
50930
49977
5322
55921
14499
43709
10777
39821
41972
7209
22400
55740
31150
31227
45243
31273
32762
43274
4709
7735
44252
4352
33559
52607
54614
18444
17534
55813
37460
31691
20362
52145
45416
38845
44638
5407
4546
27765
5840
55506
48217
50666
57064
35524
14474
34858
39818
55078
53746
15094
17404
33151
29670
44601
44662
7854
58994
29743
40071
13413
24267
46474
23093
36003
54702
24535
4582
33590
33501
36498
28728
9496
33228
26618
32115
17488
53561
11498
17319
22231
13066
30423
24859
46740
22116
56710
49985
41263
44243
14513
16896
16983
4171
53535
39940
23828
42969
4341
39937
58329
47683
19830
19993
30553
11815
36728
53168
27737
25210
34062
8616
46404
46671
54103
46914
34217
45853
19104
54585
38349
31331
28172
48629
47982
54236
8979
4964
45441
57531
19235
51747
10874
48006
19678
53843
13839
43570
59183
23050
4477
13416
9935
30126
26652
25529
25694
47377
53874
54065
48843
47100
10811
37550
28160
12633
23971
20739
19857
59506
32189
32359
20668
18434
39434
33218
43697
3951
45582
21826
9385
42147
58350
43959
30113
8795
57739
36242
54719
54169
21235
45191
45133
43516
34055
18475
3555
17336
49881
35906
43346
4034
25568
46815
28598
48669
18524
56631
3450
27316
29299
59564
58003
24972
8651
4818
32803
5724
43116
42612
4260
40793
37202
15137
26235
6258
40655
47218
4686
3671
38764
24991
35541
33958
21103
13386
8996
17733
23248
49497
46177
55479
18032
51909
56304
51709
10652
4486
5947
59768
51136
7229
39518
37309
48141
21213
30656
44976
7046
25756
25486
25376
3180
36410
48520
57322
36445
29810
30271
42431
55534
24461
18084
24477
19031
55203
3606
58875
29914
39313
20847
4432
39887
51009
29020
13831
38279
22966
24922
26103
40298
7469
53468
47072
3162
6614
47402
32340
45752
3386
31698
36928
5439
10702
10409
3416
11899
33837
19460
42878
34745
8778
10759
52683
57051
40738
17874
35173
34136
31039
36843
37533
24431
50535
24518
4476
52969
38292
14767
34101
46515
48897
8387
12910
42998
38915
9627
48289
9379
53933
12382
8038
3189
20614
59290
4129
15976
7761
22899
23900
28404
11823
9395
32090
19902
39847
49537
27180
35898
43917
20724
59897
5112
47629
55381
21299
31257
40684
24206
4086
20679
39798
56152
18513
51749
55068
41315
8511
31259
15352
29250
16181
19798
7148
42843
5290
3298
55237
40303
18997
32632
34854
5250
31660
58220
17375
17742
49940
4100
20852
8452
24201
20759
3545
11035
28584
15813
19088
54878
35699
44949
7650
13347
11422
9896
52992
53024
6165
4354
48650
46208
42007
59990
39665
4009
17101
40467
32574
23612
56266
46562
17664
43808
47412
11790
22190
55073
36984
38702
16087
58007
5000
42835
40770
56377
11330
23947
45863
56877
41668
41726
47427
25267
47308
21634
24617
47873
32490
47064
45716
17477
16888
44721
18509
46391
29839
37139
12221
24901
35060
7161
55854
11870
16275
34855
48132
31031
59753
48682
59524
44246
24416
35457
7984
48574
24898
55980
27455
27220
4229
55436
22402
27329
43845
48559
31636
46732
51232
24995
20279
24349
35806
25254
25824
37888
35697
30706
32555
33355
44738
10325
5380
57633
32459
54503
36413
23302
55064
58312
37296
16255
50458
34513
58457
11035
17348
40404
28483
49717
33106
47706
5694
19574
47176
19410
39530
58115
28764
28976
8846
39369
28271
50456
16910
41459
10854
29859
54514
4035
15667
36072
25644
37507
36228
16194
40097
38466
11410
25607
35584
14255
5143
58388
23340
26278
58800
41493
32922
56898
19571
27320
12201
37673
57565
26132
50894
41004
16731
31947
53763
13047
10492
25833
35508
59247
39401
59860
25125
42630
58919
52414
36318
59397
14476
58391
4166
44178
47795
13116
25139
3312
24323
18815
28918
45444
42898
8797
49330
20176
41448
27915
14520
26780
3409
10545
22500
55525
34337
38223
38657
32242
44960
8189
36146
43941
32369
46352
11295
54516
46446
21318
29620
48183
34680
8863
14828
35478
32274
3378
39607
21858
6035
5442
52596
30340
50683
15541
40809
20735
56010
11838
39924
38839
30499
10126
32570
33444
56243
22618
23135
58381
35791
5591
41413
18412
19724
10236
52212
43152
39568
52003
54250
10544
8656
37592
18698
25634
46547
44164
10098
31627
38404
15942
59936
42967
39676
35249
7173
3124
41098
55372
22730
54557
31665
22013
11502
7510
15348
32483
42471
47674
21432
39165
39470
17425
3786
58443
40438
15623
37727
26817
56614
27352
26753
14792
53923
45996
40367
43050
9135
19154
6293
35682
21713
47545
27909
42991
47177
32046
19689
43439
23606
54235
45398
49651
22831
40083
32785
41975
3932
59956
45116
37823
49378
18451
11813
31688
55285
9338
15188
27107
26105
53061
22710
49845
10359
43699
12183
53521
46236
59384
43381
30488
31976
59768
59441
5812
16405
19233
43100
50306
14224
46767
32250
40044
4370
41335
43211
27208
48969
38457
45783
31685
17002
31790
39102
35649
33670
29239
7412
20002
47155
27589
36282
53568
51766
16115
21017
38787
42817
47267
17383
53754
49043
29825
28247
14953
49356
17604
13800
48206
15286
8854
27283
32487
33174
7398
45158
51492
35638
37729
17110
32899
49149
56995
19064
22226
50026
10995
13058
5569
14173
12022
45629
32108
50873
28807
42125
17260
16501
44182
5900
53126
32880
46715
23237
8823
49061
44852
8481
44996
5587
16962
50276
57365
59253
37259
44727
11000
21381
24578
20053
11729
45573
12583
19562
53417
58343
43825
3633
56681
34471
18172
3862
15121
34041
6800
19287
36913
3828
57745
20687
3268
25065
7542
36788
50902
11234
20852
58032
19897
29343
11762
29034
8049
14136
16917
36058
47326
15706
6195
24153
24606
29827
8525
20171
3762
43636
36924
46250
47837
20998
46427
33905
25120
56708
36352
9448
6301
5701
34648
36197
33342
38080
37982
10539
44540
56022
4946
23435
21470
24257
29632
48788
56770
33206
17459
38802
27561
46789
27757
30731
51200
20560
16423
29744
54791
4079
34175
5046
21067
5374
47423
44817
16988
49063
39926
21995
24885
52935
6123
59597
53439
9985
20120
15869
25172
54655
36894
41765
59995
31765
31422
43022
16667
22037
46479
24928
4762
57620
16732
49883
23764
29840
23816
12028
47737
26275
19165
50067
32200
9264
43796
52907
45113
7031
3477
9061
19403
41874
37827
49207
7715
48421
22154
54467
36099
55143
59937
15660
54306
6805
28381
17369
39284
21980
10806
14354
15268
20355
29675
30611
12479
47078
31239
23438
27026
29281
59622
58328
50957
28143
12179
17676
14909
54270
4513
54740
48452
5976
51555
37231
39033
53078
5564
26473
24074
52096
13879
48117
6834
24588
6656
4875
33540
18911
39715
28869
9256
17667
3397
58637
52335
3049
23595
57229
11394
4293
4181
29672
26514
26495
9876
15182
27278
5970
18022
22696
55877
10722
58016
35188
24633
47204
28372
20956
28510
46630
51016
57953
19255
54784
24545
36242
50902
35755
45341
15656
50387
39311
43985
3569
26160
52884
58603
54532
37021
40330
47567
24189
10054
22428
52817
53952
50461
55982
47048
4560
44282
22803
32582
55305
5201
19961
57703
29878
40889
38687
48464
9025
8931
43900
37629
50314
40926
14268
4503
25883
34012
3368
50789
39914
11525
20028
13679
8065
5983
26850
44800
32965
17752
15229
24598
13647
5026
25852
38173
40255
46160
24436
23857
24447
40329
26016
58621
37059
48706
54584
18186
55313
7532
35587
57805
14679
28685
38866
16268
4402
46050
31646
30694
10670
18757
56331
42607
56330
44004
30914
56779
35986
52951
27167
6308
49328
6661
56542
52850
45003
21721
44516
19497
15594
35143
53153
26494
30095
6185
56077
56357
23026
53001
47164
10854
36281
35082
44515
51148
11987
6822
58986
12566
41599
37322
42453
17938
48723
50060
36393
27799
33852
38413
27050
9583
42877
26882
26078
9723
19430
14517
48385
49830
17112
58271
47197
11279
34116
11179
32799
3761
26960
13440
37979
13983
29049
31393
24954
45870
44278
57184
41999
51342
8282
57340
5911
35198
50644
27455
47570
34521
13731
3033
44962
47815
56804
21977
19922
11313
22710
4788
10595
15810
49738
32473
28494
20005
14089
26814
14901
55128
47196
23474
7285
36424
43204
47648
35356
37125
49566
7816
44432
37034
17974
27201
12334
59869
30723
38475
19683
19823
52152
4965
9094
51144
26076
12448
12990
39123
55968
55412
6836
52258
20490
54761
38521
55725
30364
26735
58314
47525
33684
52196
24532
34852
57911
52399
23721
47555
9553
48789
47060
20532
4226
45581
26943
52576
28410
46440
7605
4429
33521
24183
32810
48229
45369
26078
14701
33847
54977
59030
9762
21748
21318
30603
12105
23303
23643
44929
44443
24752
19086
5510
18257
10841
15199
43004
25149
56127
14603
57647
14656
5732
51819
42180
50503
18932
55809
45336
17040
5521
43634
41669
27175
16501
5869
54554
29577
57656
19952
52463
57858
13460
33341
8211
16121
15459
44126
23161
7404
48202
9006
21800
48762
53352
8115
55329
5139
16453
24587
25619
36347
14458
37575
24510
57500
41518
31157
49569
4486
12186
10322
43835
59800
58420
9316
55588
15809
31157
36509
35906
22575
46939
49678
40605
19591
25904
56189
5058
29843
57789
50560
15225
22175
6572
50777
50517
54097
6452
20998
20150
55896
11622
25778
58270
46397
35653
38212
43129
45005
7707
12622
7477
31273
47270
43666
5651
12063
14227
17482
39885
9177
3652
4031
45241
49764
46593
20361
40705
4135
5353
31290
31528
27559
20823
38908
10907
38326
18207
57355
12956
44630
18800
45249
17768
19450
37191
15840
14497
34966
34951
41539
59951
47334
31128
51050
6101
57060
6477
44408
55561
18592
15818
45679
27614
32093
55721
6499
29466
23839
43744
28687
36517
46684
17766
56536
57685
20866
21733
33182
30279
26257
40914
21773
50602
42980
32285
17027
32622
44038
15815
13475
11687
37279
25211
3982
45095
57931
22938
14614
3604
44532
14789
11466
51238
13035
16117
30560
37466
33537
4953
39539
56740
36755
51742
12384
49638
48417
28577
25787
21789
25897
40307
12414
45604
19527
49566
30071
20201
48236
18611
24930
36243
30366
16289
26182
51115
15178
30871
50064
31259
32088
24726
58676
31294
48326
56668
57692
9358
12184
49497
18477
32443
36832
21074
56707
35336
4532
38814
16502
11549
34173
36402
40640
50409
40137
12984
39790
10899
43414
22895
26231
50906
24921
31451
7040
35331
50210
43276
34900
50015
30672
5375
17569
24920
37221
38046
32545
55571
49154
30609
10226
9269
29819
33473
31704
48266
47215
21139
34647
27448
9697
34516
34222
16270
42926
21079
57505
18079
8801
50650
41705
59192
15857
52355
30136
24863
54603
16625
50084
25027
16901
3846
52690
56436
44243
7271
4327
4190
33826
9323
16168
17776
19298
43086
36082
54184
39666
53720
22537
53406
54875
16660
48928
19050
8571
43087
26783
9739
47272
23552
16224
39662
28141
31099
13697
37288
49683
42246
14348
55246
33053
49356
29165
18536
58789
12652
26426
45808
13493
54762
3015
35692
42406
20977
24663
32460
47919
57256
35139
6418
41584
13174
43461
11515
53529
41446
9512
43175
52895
57630
45430
20585
58630
48538
4567
42284
57611
52145
20963
56252
27614
23695
48151
35962
4840
48590
34319
32022
29990
51521
7097
37382
26545
31614
51159
12355
46107
11287
40864
15574
55342
48522
4803
54564
27669
39162
17394
7219
35041
43533
15164
17327
10613
40159
11986
38364
51397
43001
58980
56868
9551
27698
22317
9560
18009
46706
6364
5878
17511
49947
25888
15124
58236
23335
54670
44935
34817
7773
24562
46360
23723
27590
37667
31932
25823
23400
33823
47745
3340
3920
33147
10009
36831
21421
36716
