1785
17707
31769
25662
24424
10025
15303
7960
44590
29489
17222
21352
42857
30444
8513
11161
21965
40001
11582
55686
48075
16009
40071
50872
11401
41878
37154
10294
37675
50687
26563
25691
11450
55297
48638
35791
19634
13130
22584
8258
7241
23846
9783
37320
42034
19907
48498
42412
56174
37918
47366
25343
52511
22717
58659
50349
22059
29070
7788
13808
6140
28206
17901
47376
53802
20977
12536
51632
56633
49866
33762
28913
35791
35433
11297
42215
4021
20704
20945
56312
41498
55687
47889
17627
5914
17441
11926
10840
51321
45161
17525
53465
57770
16648
45293
38897
19524
33561
6850
41916
57907
43145
37992
31608
31264
40138
31257
54190
43563
10152
25251
35342
37552
28529
24977
29500
29031
52284
29094
51233
16712
59470
14157
5344
57137
50062
5713
52086
40568
25966
51908
12858
24537
37120
8762
32331
41292
32140
53076
53274
20148
8758
27676
12371
51714
15051
54157
40882
54914
53851
49688
11449
21997
40309
17432
14329
6130
52674
45420
11393
48243
18085
30216
48408
18806
4723
20451
54095
52892
27771
7452
20687
24727
17262
42730
52384
44917
26930
24175
59263
12527
10400
15897
55424
16122
48660
9584
38512
34940
44259
55384
46088
27677
4327
56335
3623
24524
15530
51602
3548
6091
40043
52955
8795
10932
6049
38746
20710
37799
36922
26931
49260
35699
45608
51101
50202
39928
36080
59542
52507
28081
59060
29969
45308
39663
54647
44572
15938
13902
21253
58754
5636
49557
58913
38188
9629
8639
58671
22462
4266
34004
54021
7365
50525
19667
30835
15285
6911
7767
56025
40474
58861
4660
21649
21043
21373
41232
28827
3506
26107
36187
47104
52429
47640
37530
57045
15987
48928
28706
25354
35237
41602
53061
29601
32937
54609
14624
39588
12430
32335
3930
25953
12236
34208
11949
30827
45278
48820
47707
34960
45513
14589
46732
25640
44968
39234
46486
46765
23942
54264
59376
39541
44739
54304
57957
28220
53955
38571
58737
28627
34897
47669
31999
41543
8728
49568
21717
43195
58458
25779
22360
58126
17246
57733
28451
37211
17316
16150
51832
35533
35616
26932
30076
58161
57118
7839
15226
21484
27697
45057
36254
23837
38577
47873
3377
57386
32346
59616
54443
43753
30790
43178
48533
46822
23088
26694
15602
7871
31918
46948
37563
11091
14796
44575
54226
47258
26565
7807
34803
25626
10796
29275
44477
46100
10787
48775
49041
54070
35168
13681
11972
11833
21820
12555
13146
20388
40955
32559
10527
11232
42703
40578
16961
8448
36483
24544
53817
23177
20284
43818
45537
41009
26058
17743
32205
22162
3473
39379
33993
21694
57691
31725
30599
43088
22307
52759
42312
20306
5233
13378
18157
21406
9266
10222
24880
26746
29337
42207
4422
28922
9557
50737
4270
33040
21787
9447
7703
22698
20376
37949
11709
40925
36063
42376
46468
53439
20099
19485
10547
36269
57049
17681
37739
55407
31461
16448
21105
15134
12119
45817
58545
51436
15363
14044
47207
43581
25288
38155
51041
22422
21528
21599
55348
55912
13890
29587
32166
3889
10521
53871
29550
4944
5626
6651
56658
37582
37858
44126
52455
46325
17963
26269
24073
49164
36517
21523
57037
33850
51188
7304
30827
58541
16748
19851
57692
54598
25120
11432
52939
18412
17336
21796
49739
4511
25091
47484
18599
57834
40025
37153
50810
44263
27444
56959
7620
10561
17585
37168
22811
3423
48732
28227
24799
42314
17704
48932
26138
53475
15546
3705
13475
58832
23870
15506
20988
20070
18482
21377
55238
44340
21222
33879
37932
12843
14732
12825
38670
55082
3511
39970
6592
30085
54080
9163
4831
13546
52054
25398
9407
20186
21257
59742
4188
39644
5498
14606
4213
59432
42372
9053
52968
57750
24990
30315
34323
7978
51876
24337
33236
26476
18626
9462
13897
35952
52192
52714
40080
38920
20384
43370
51888
47615
52200
34216
50897
31648
59305
39556
8061
34211
56278
18758
16229
3221
44162
3176
23334
41031
3273
12868
56934
8626
25316
24438
16686
17228
29488
11035
56654
57049
52654
38264
36458
55477
8566
27729
29868
25131
17296
30937
35465
40622
31519
22915
44888
25397
39804
21100
39576
20387
35235
55628
31644
24529
17775
24183
48158
55803
15354
5103
13722
19845
19408
36010
44254
27138
15969
24809
17785
59253
52447
18121
44890
54135
38309
52114
19413
56292
50715
28363
31079
29409
14722
46201
35026
24541
13356
48490
9492
8099
51387
52762
36974
55541
8186
25700
32453
43064
58441
59722
50023
15164
34811
3078
57063
38624
55886
42385
50935
32298
28314
52124
11216
27547
54707
15255
46444
41352
21989
48395
37318
52890
18277
21343
54345
20830
31012
49767
20370
13177
34187
54938
47356
4975
6340
20488
23038
21427
12754
57841
55340
19123
4005
29982
45689
14335
22323
46268
25382
3607
13217
10981
49606
45276
15065
34351
5298
52630
38012
48945
35934
47389
18700
33239
53210
50831
31432
28246
34092
32181
23925
50892
58372
51858
56441
39011
50255
40879
6064
39907
4542
5134
47911
10009
51665
58678
7003
10234
11612
56425
16571
33893
24087
32830
46067
16539
52284
40470
5641
20480
36802
14355
37289
25565
28208
31735
34002
33079
51594
59072
51886
25552
47066
24819
7372
32749
25590
10148
35531
51164
14333
28891
19010
18559
7242
5653
3807
57708
19116
48586
6365
41240
45706
14281
37906
55302
22130
52627
36405
22182
59085
6071
12299
48656
19350
37706
33088
34071
44364
38621
5030
29709
34746
51821
15623
19321
12448
7594
58994
5859
54398
23478
4815
5997
57219
36927
26700
42675
24321
18815
10554
55393
40577
19411
29673
19666
18654
37286
32465
30992
28134
15520
13922
13143
4371
45982
13150
33631
19747
16350
22347
38742
12924
26516
12759
34539
36816
6456
3563
51979
5520
32879
11368
56436
35206
42593
32802
38513
4224
47902
51748
39145
54770
21554
30264
6339
31509
3243
47806
18992
29316
52757
31411
56948
47648
19236
9867
34985
11625
43014
45979
33345
47686
26871
33580
58341
41418
13046
28172
39807
23513
6100
25939
10388
21126
47019
25842
3816
55471
26827
37491
6982
56649
54008
36800
3578
6543
45634
48973
44321
9665
9518
54425
5281
47407
37322
49517
26435
6871
33437
37985
56578
3865
20189
55511
52348
26772
52814
8135
24158
18023
15888
58498
15812
12083
5837
21313
55927
37743
14649
49709
25079
10958
18773
35958
46519
27314
41022
42279
47598
29348
54326
25584
52925
44434
28967
35477
20530
13901
53136
44146
58310
36350
16585
34202
8803
50311
30208
11053
55762
16833
7465
21900
46170
14999
27978
10053
11897
24421
25783
3600
43671
36000
47144
33599
27160
56408
45397
21987
23206
33861
4971
43182
57375
11770
52429
31735
6087
7279
56291
40893
6887
56789
8196
59678
15354
56005
22513
21298
17413
55102
4114
59292
45153
21852
42563
47608
26309
25712
22340
32510
5480
50614
11159
53177
57386
53112
5443
3591
20510
37234
28533
23530
12513
25201
33390
4838
42973
18500
49036
31694
45204
48764
28096
25514
52497
55741
13017
53321
34683
30468
30904
13144
39217
26194
17369
32325
42128
31825
15883
27567
16590
59793
16991
36402
39912
15800
47954
32576
40549
50837
25726
13952
15632
10450
12896
49429
43637
38989
49566
27384
46504
47180
45021
29210
32233
58882
50957
5667
53184
18686
9641
31775
54562
49730
7655
28790
3810
34990
43929
18788
32176
36552
55000
53576
13599
41344
19840
46279
19395
55663
26507
29289
21370
59930
35167
43336
24007
57346
43766
8236
4737
56962
7859
33605
33878
28227
14486
19515
38617
48769
15032
30221
49950
53463
49727
5078
25375
13141
49268
34617
22310
55298
33372
24415
17253
37971
49565
33017
26894
46091
48577
17823
27207
12843
21495
6475
6688
12116
44986
9181
17747
38953
27133
18423
5999
57396
37807
49190
56393
32910
52578
36061
6112
14651
12501
49212
3315
16884
8071
52207
34839
30119
3572
26708
43637
18757
9527
27910
18910
53727
39268
10861
48111
34138
3688
41826
48117
33712
15904
37485
15999
29477
13203
12442
50137
57863
11428
55797
51742
15547
17462
33816
25085
17789
18665
49537
5691
54483
5404
9069
3312
12166
16534
16865
7225
50115
6155
9159
32236
28826
53128
42151
20914
13700
48013
9994
50190
56043
46787
17752
36021
12792
50122
10259
37546
56451
44745
42214
7891
53938
7534
47894
9750
49041
10161
32530
3178
52491
57708
13179
8245
48490
7783
59862
5444
51778
52069
17768
5742
16270
47027
52370
4300
4518
40904
33480
35934
24310
49339
31172
3635
11094
14725
34393
40694
7197
44997
9300
55899
7163
11212
28653
49935
51159
7166
34230
47270
4819
43499
45422
40108
8580
51672
8815
53851
55536
16821
39159
58191
48831
4179
19449
58410
59872
28665
11594
52752
57873
50047
8636
32210
8212
14458
39237
20511
47993
33108
34544
41026
43518
38631
21935
14785
35037
7865
40654
4280
18393
53211
7428
33913
46908
32738
34641
6431
58833
7975
11928
37862
40660
58148
40449
43690
50155
24642
50077
13633
31770
10673
45484
11591
52657
52400
33479
41695
49210
38453
30866
3381
15139
22084
13196
38595
47030
45988
59322
41075
17222
51280
44666
38147
41701
49158
13768
30566
5409
50884
12303
7306
50835
15007
38712
3670
39374
36082
49822
18826
49581
5399
40839
28211
6716
32695
30703
58570
35576
35501
19368
31072
55415
19156
3054
24121
50207
32308
41971
14039
7925
19911
3082
6713
37837
48168
36272
39049
5213
55200
35299
38227
22835
25406
42220
54744
27879
20373
24966
24400
42205
42187
52702
4927
57990
33291
59014
25138
23554
49232
41263
30806
27894
26738
17621
30872
7024
11739
34009
12496
55208
55187
16825
28808
54222
39874
37417
38978
35679
57315
36129
21475
19287
41860
12692
42623
35226
51922
52557
52288
5596
3088
38249
43249
24667
39115
35299
20613
36582
45737
52022
20353
12880
59473
38214
32526
42876
45015
23218
53964
30936
49042
47370
39110
14362
25509
18745
28266
34020
29296
18458
34927
59617
17496
37110
4983
52763
5148
29162
14240
36843
18025
15027
35600
7930
6103
4462
41384
9232
46186
47365
34152
26051
4996
23911
3457
27699
5234
18513
3878
50317
6580
22755
35736
42309
42130
40048
38290
21792
9492
27109
23950
3565
12845
44173
15152
3760
53089
39686
16424
21097
6259
14790
17202
36896
53259
11127
35663
16300
12409
25850
5807
59010
20030
11644
58653
36023
42351
39301
7343
31745
51895
37318
11621
4466
12667
40636
27410
36728
3825
34810
17575
7863
14230
32062
15089
24127
11849
10491
3267
50075
55179
54578
19407
58667
15842
59004
4394
29734
5621
22128
10270
26713
55711
9803
24256
41362
49106
58915
37626
47659
29953
12829
52397
57859
29861
34351
37006
30116
48896
3262
35003
44976
12521
21879
27186
52120
41293
51383
39370
20321
17820
33648
59849
18133
14364
49778
14875
44328
59608
3732
57985
38509
47732
27256
17821
30085
24543
31024
15981
32327
10864
50773
16187
50182
44089
30323
56098
32969
34562
22206
25372
36823
34810
54291
57897
20028
17219
56321
15264
47922
8327
24093
3943
32734
33411
51469
19241
43885
54661
10380
31467
24197
25664
21374
4963
5016
31984
43947
32191
15102
37369
52558
48617
5233
35599
4020
47385
44934
19190
13050
37317
36680
19589
43831
23030
35586
45376
28650
38782
34251
24864
47081
52538
51598
26369
32404
20519
15711
29273
7066
45274
22644
40931
52627
34039
32208
57330
