1779
33494
43799
59684
11088
33702
21663
32959
55268
20724
37208
3946
34721
55389
27536
36812
44934
8092
40902
10155
27832
5143
44220
5400
25071
55168
12467
35827
25153
27121
16513
31713
48265
46096
13178
58266
7992
21622
22942
4219
42665
18471
16285
4958
6785
3076
11182
35734
14247
12157
4121
38398
5689
30673
8647
28695
37919
15635
33611
45236
59252
50686
12683
3913
13350
59351
22956
29512
54408
22058
28823
44805
16686
14325
30862
29069
31232
59123
31188
18237
53597
7202
42983
41544
48163
48671
53211
41726
43529
38254
35225
5819
17368
54066
39742
54546
57358
20350
57861
7297
32541
22730
6858
51527
47245
40964
21618
59563
25515
29931
52353
50950
31132
58936
30714
3332
47734
56245
27655
26224
9214
47561
41876
18621
32256
53836
28749
40616
6293
57967
48036
15267
4589
44547
58717
9670
5798
32655
28622
32218
51285
35608
18445
15872
43219
13063
8371
29743
48351
25623
59841
20649
12273
27668
34726
27285
31227
22939
5249
15044
25982
23915
6568
22964
18643
30568
36000
47107
8577
11598
24301
13243
4973
56981
37840
48206
25096
52468
8282
9280
35428
9317
14799
5828
43554
22670
21511
52000
47296
39197
51732
19893
33263
58820
40349
9491
48058
41416
56805
45014
6084
20693
34417
14831
26463
9316
18838
32712
25082
49672
15654
59438
27420
48723
38359
29105
4692
17860
59965
33420
37914
36286
17489
28837
50851
19397
11083
20482
56526
48843
39789
31039
34694
42494
47900
20713
54937
54460
28407
23749
36213
22688
25989
12385
54801
57352
28257
50847
58637
17165
4764
45184
14694
55717
22028
30400
4264
21068
27017
10014
33620
52007
10991
13570
16035
15043
14894
51648
18718
50697
35624
40181
6628
18870
42574
16973
43467
25385
38415
45157
22631
53530
23011
46224
31041
18115
39913
31884
47498
17205
34715
14687
6518
25599
39679
25926
50907
36174
32738
29478
47412
48305
48372
59194
37510
39170
10284
37549
35287
40167
6716
13119
5508
41004
14715
48566
16852
59626
29638
57713
46853
20012
54958
3552
36025
45919
44228
11795
27539
49501
52131
3853
48899
18039
24329
24986
34921
24619
37439
33660
27043
51848
13864
28262
38873
24636
20736
14393
50654
19270
51208
3924
5433
21271
30937
42961
25343
21768
45164
14824
43439
31765
56321
38717
56523
42044
22140
55153
25046
31154
46917
40887
36356
10200
56560
32814
19503
30174
32353
35085
25382
26760
31563
36252
3942
12060
27742
34946
50230
47566
31806
13049
27917
17981
40834
29049
36818
50206
28234
29013
51422
19482
19391
18639
22789
29242
48889
32361
50883
17001
10977
13678
37468
52593
3321
58585
55949
45368
6771
6500
55671
9230
49536
23855
45812
14488
26204
38840
17291
50140
6417
8655
36232
7588
36557
47373
22572
16690
41047
5423
15670
3886
55594
52447
36437
38434
10931
25982
34142
25076
47621
45407
45715
32677
29130
38841
48434
38309
7026
47329
49921
23372
4938
37878
27997
53617
10803
19907
19227
51280
33735
54388
33516
42122
5377
29905
3691
55937
44507
34769
4212
49233
40566
46687
14933
26888
40963
14943
43834
40494
50680
48587
29686
19971
33611
17400
6041
34056
5079
12088
38192
21723
48255
36325
29642
59294
13042
56952
59305
23509
59490
46804
4431
24560
48796
49015
30966
10082
14780
8246
30799
35309
39442
29273
14669
55684
47717
43765
15943
20481
59054
49683
58787
14927
40807
7989
41726
51478
21051
4829
47767
13787
14781
12293
37057
3030
52342
17259
34828
27809
59538
54914
3339
11788
12871
54131
58465
18700
43565
55952
29081
9049
57036
36587
34690
4313
23229
48219
46858
36226
10027
10565
6682
6267
58011
31496
42334
10587
13210
21649
58738
28742
31176
33094
52405
34803
26679
57814
31337
20284
5595
33499
24753
29394
13033
17282
24992
46904
54587
26159
40572
51657
51342
32296
54258
10543
12355
43456
8373
10037
51820
25719
56266
42960
21493
45528
23902
55344
37453
47931
36846
45798
48837
30825
55953
52780
17882
30012
16635
5098
43480
15097
6477
21961
3225
16818
37732
40709
22650
7647
44269
50895
8353
43985
47626
42701
59397
11201
3732
55086
40574
11802
16271
34139
57723
59786
49922
40237
6691
20973
33628
35885
15419
58254
31888
39467
25220
55361
36079
21779
23587
48356
3558
52217
59094
23587
52883
54745
13598
36672
48814
13807
23014
3219
43862
9223
43602
58587
10367
4314
43050
38713
32359
38776
15704
58659
17474
47349
35336
14324
6231
34142
20279
12910
38610
52154
3335
55724
40781
13071
3112
20318
20826
34940
38556
50172
47233
56263
24448
3692
3732
13869
38897
48001
40106
18945
11895
47511
16299
3214
33587
7926
12038
18344
15908
6666
28122
3195
24870
15653
44151
28808
13032
17332
48819
36291
3038
32791
43136
21566
34418
23843
25043
33597
12108
46225
53138
4330
19766
29912
37925
43484
23968
8660
35081
54025
51689
17599
31830
30325
7205
43547
13180
50582
41833
42618
46101
51915
21339
45900
38975
54056
7183
43625
20567
41753
19273
8518
54829
11404
43300
46915
30682
10151
34019
27727
15838
27830
54809
38038
33715
20827
16390
25214
12893
5914
47303
23967
29395
35389
16757
58734
49805
4351
36732
44212
50050
57697
37193
42676
29917
27248
21795
37744
8476
22690
29541
26915
41727
57378
34600
48344
45574
14406
26355
46431
43065
11624
29420
4659
12958
36639
22151
23866
41631
32368
36627
36357
25025
56520
32291
58633
48416
51003
44916
46441
13875
20196
6726
26812
21225
56301
10537
55907
51145
6593
21500
19353
7508
33105
29059
19539
21393
32304
29900
8578
28023
20701
21219
11047
42902
23577
47491
44425
36622
11986
10316
35384
35307
5172
27815
28291
17425
26023
4986
24047
51188
33346
54840
27011
14097
32808
15136
47780
21092
9588
52119
39824
12203
37778
41211
25992
33056
51832
54162
11903
36329
54551
21485
22510
46676
9812
49266
37087
19970
53605
15608
11013
30137
34547
26036
15823
33037
13261
7906
32902
4414
53684
56020
12238
58631
24228
55208
9544
56184
49609
38459
35967
12481
27631
51983
7193
10619
34641
41593
7606
31861
34560
16658
27297
45542
43582
12984
41164
21385
42173
45723
21175
41701
11068
24455
28933
59039
40688
19718
52219
5315
37820
57672
42578
6929
15947
37695
27740
14055
30972
25155
11426
50096
52530
52084
34952
35680
46270
3057
8661
28938
51294
10661
51328
41428
43926
51143
49285
53822
47134
3328
26072
8096
54765
9992
25643
17420
38335
50303
22458
48418
58684
35185
39591
33781
21478
7279
39216
44885
51105
17638
48960
19590
10323
37630
22958
34136
22505
27598
24301
58798
30657
35634
26797
22541
49957
4049
51237
33363
12147
21069
40441
54319
9401
52786
44954
20620
58955
10454
30391
24820
39718
48951
22394
13127
10042
38124
40493
33244
53993
30551
49215
16453
6484
38506
26472
50109
11598
53611
27204
49397
8462
5798
9877
54091
16270
20106
8577
5455
52421
45998
18331
8521
56319
23106
11297
7290
57442
28977
8751
59761
3646
39459
53822
25358
18504
51127
22914
25883
27820
32539
32093
35975
36581
35134
44289
27866
5749
9937
33177
5223
42645
17157
7966
55080
7194
36595
40380
13192
20748
45646
38620
7078
14011
17877
27926
15324
22828
43802
27082
16160
8776
5235
18474
54679
34001
36044
7798
59782
25316
50493
10825
12913
30470
23905
48805
30282
57195
8325
19396
21021
53929
46830
14688
56663
16845
41503
23647
41180
28877
8081
55949
33323
33604
10369
40682
16179
14612
36861
21404
22542
41385
55950
14696
38519
48051
59006
18035
35369
24896
25540
47539
43584
32338
56091
54060
16566
3790
45003
46086
43563
50427
4172
37268
56176
9814
38741
50921
23345
3510
32411
32978
28261
35966
56851
20802
59765
33051
25040
22850
27532
30077
20597
18377
59109
29169
28804
36281
10869
17594
32271
30478
51612
38605
19713
24711
12663
38527
7213
32426
31393
59393
28937
50477
31549
17075
16441
3755
53589
29453
11217
15395
45357
44980
42896
29482
10400
27377
26260
40105
10849
58338
37854
19191
59331
22920
35118
59322
7570
49212
25342
56227
14672
52574
20153
7498
3182
53790
40274
33470
50442
30931
54821
11318
54666
40248
26361
57188
19689
53439
39831
36328
32025
5011
49940
51856
31689
51369
35096
28087
14798
7447
22101
17129
6940
7225
21363
33883
5858
27371
14809
39313
26876
37600
55302
40012
40515
47074
40223
26682
58683
53743
20369
57880
54606
40102
28741
8362
9238
6650
41403
26197
22707
33011
30106
35991
33211
9553
40326
24124
55208
45650
57881
13105
30111
58302
23676
29693
54231
35912
10896
41818
29640
24356
21112
5419
31032
52361
54331
26464
32402
32088
9497
30359
22263
59634
13367
56185
3085
59177
39941
53101
10851
16817
52330
54154
45698
23172
8127
12644
32099
9430
8651
43452
13376
59605
17749
19181
19948
4280
27308
59706
13346
58930
52701
54452
57960
41204
8327
28528
7516
42748
7003
29027
59374
4013
49829
40677
12646
12201
30000
21954
48855
30775
19068
23833
39360
3515
12914
43980
11847
48138
43014
42554
7997
28383
47523
51984
47147
51850
56455
35719
4398
58380
23203
45759
40955
8129
48628
7935
50590
33192
35957
43406
48613
30737
56318
57794
49676
16729
42758
34622
43607
20736
49475
23602
39002
58251
27675
52259
9524
22118
48777
18867
22079
22248
17160
11790
32815
59847
34360
50704
5857
11070
37530
56414
40091
50139
58066
44587
41928
41182
51940
28304
4577
50422
7454
18114
51011
43172
55144
13177
59780
33919
55558
22339
47785
44968
37696
54891
51938
6989
23966
12913
20593
37761
20881
12957
11423
17173
15292
6952
24534
19142
21917
10360
6283
38059
12210
24815
19419
54683
45423
4229
40791
47275
5271
55847
6331
34620
20414
34073
49496
16373
40846
13609
12869
45765
54616
53602
10460
24294
15179
55767
59641
43549
19747
18961
15525
51477
6541
42142
14298
22404
32894
18050
31242
57709
45703
12082
13687
20582
56663
21387
23101
19484
35976
53950
26188
22376
4595
51120
4655
57869
7390
46798
30566
51140
47811
23974
37714
53186
43047
20382
57813
14247
58856
17072
40047
47494
34941
49292
10032
9867
35171
14464
9541
38946
45558
27012
23063
30515
42968
22856
23287
17872
17055
17912
34052
53440
50700
51071
26762
36886
52363
14947
38019
38644
58313
51366
47264
20015
33076
43333
22258
54468
30484
55660
11911
8565
43234
43288
55529
30675
32746
35259
52082
21919
29427
57160
22220
3093
27258
47360
41652
24071
9362
51325
6502
53985
42465
15595
38062
26197
56606
13333
5177
47592
25156
49107
12425
57068
21892
45445
54565
16668
31141
42279
58372
44797
30277
41957
13940
14320
20946
51191
39266
57916
32972
28563
35857
42525
52889
44207
30176
22294
32452
13798
58933
59520
51915
52611
4594
8109
56544
10942
35924
33928
55425
32402
54117
48630
4283
58679
50344
4617
23413
32316
6196
7566
27504
24441
19028
5393
20418
46244
51526
50999
20770
20504
6235
16317
54965
51281
43001
12336
49965
10215
57925
45372
32447
13032
53958
56552
29289
10725
55606
37133
12818
9166
13762
51560
58507
25703
37053
37601
17428
50173
56180
50398
11337
43219
29519
19892
39041
24792
21710
3462
15773
45603
54744
28600
49832
24908
11520
57547
29383
55215
4322
35932
24560
21276
54325
27071
26126
34810
41988
45219
30152
16691
50540
45774
51452
7438
