1745
16473
6534
58237
23108
18804
14180
16789
36472
35812
20039
57346
40982
21708
57003
18962
4639
4863
59206
3240
57162
29624
14551
42864
43227
54081
54180
9097
49759
48458
10056
9815
41511
55684
21488
6832
4870
50203
59069
28715
48086
54915
51498
9603
55737
45340
15752
10372
29401
43895
14593
53156
50590
35607
4512
35506
12848
18257
33112
30191
51277
29651
9555
19257
39990
9002
26344
34990
38242
36949
19818
34687
21699
31732
30170
31850
18558
26345
6436
54348
54256
13150
48927
59434
29427
35313
48496
9123
3339
16357
11022
20135
52214
45691
10120
59851
54581
33136
25632
38898
9527
39584
22083
25792
54639
58781
53740
20227
22832
41149
22989
44476
6534
45349
10290
4429
19839
58647
58756
43456
26163
50232
30440
6963
46820
47864
29512
6142
35583
39225
57967
8681
23048
6969
16446
26932
4029
27234
10363
8114
9828
39709
48779
21128
55543
37830
26513
37286
22270
8131
6065
19381
41910
28462
17470
46774
19998
49216
42570
12778
53610
50884
46842
3086
58740
27242
30022
28191
30796
45134
51637
23342
3659
43901
42182
57742
43907
56212
30839
35570
23925
7161
32220
35936
59761
44990
15015
18722
4209
18052
37171
31428
21743
54701
36206
31089
39361
16873
22804
34202
52111
47257
55618
12619
9282
49004
40116
5662
46603
39625
36137
3225
52724
27644
51588
18211
58732
12946
35982
17769
38234
28941
4389
35987
16582
36361
3358
57269
14079
26407
36635
39305
28566
20800
22518
34569
48960
34090
58592
8006
52186
39952
30063
20671
20349
42551
50744
30111
49860
36268
58529
13882
46992
40248
37142
16659
57666
30383
44781
53794
25921
38249
59973
37704
14237
59579
53826
45749
7620
8585
48339
45097
21099
22760
41508
21646
55535
17841
43312
19814
42014
21488
33561
26519
33747
32987
32808
56460
34597
25414
18561
13910
32572
17427
47118
25765
40991
18218
33863
50463
15059
28197
12358
48706
28327
36988
21443
24940
43378
42327
33588
33342
28109
14459
8604
15715
50131
7215
45006
53562
42969
13947
52896
35448
28701
46941
11842
39033
14611
9841
59550
47965
37432
59816
19119
5768
32129
26165
37858
26247
29505
6946
13331
8329
51815
45720
20466
44848
45327
52511
34427
52113
43810
5577
35528
49310
27926
52917
37254
58331
9329
25851
39854
57918
23846
57677
32337
27803
44195
28678
35254
50490
30916
18672
43827
10389
13459
17672
51932
8704
32170
21506
10554
28153
19790
17773
35825
19508
36221
45092
39372
17370
8793
5112
23869
10842
20476
40262
53166
15324
32711
46031
7044
57021
7951
7775
58257
17684
16799
6490
11092
7029
51351
7463
6671
20775
5316
14875
21077
20319
36430
8121
29176
23198
40173
14914
32499
14314
18932
20467
27921
11330
25215
10581
57947
28536
54934
56437
15523
50919
58811
57692
37420
3584
24760
58351
32870
45394
13491
20864
57662
34733
8833
29172
29774
34114
31659
5157
22303
48264
45371
54641
56458
5150
32721
3943
18810
35013
23592
52262
25925
4813
35847
3804
46367
58411
40150
31306
39494
39679
6179
13733
13591
40299
41825
21740
46240
46780
25813
41181
14527
16993
49873
11308
37504
32538
21908
3141
16240
13003
57461
26197
49387
13542
16197
19165
37666
10060
56522
47908
31083
41817
40227
29190
23654
3290
4869
22014
49417
14557
7369
28033
59041
39357
29180
34165
21911
27692
52981
34449
54289
25174
6812
19301
48804
27182
17581
31741
25738
44698
6986
30921
38648
31418
29114
54283
54272
58381
43472
50312
3026
42618
8941
37451
57275
46886
34526
48040
13610
47880
58134
55277
43171
40264
8812
28466
17098
37784
46644
24980
54683
22789
39457
30930
56857
47209
21190
51106
58173
39664
32357
26953
17770
46703
3855
44571
34096
49408
5999
19148
23155
21827
15299
20252
59801
53174
38252
32090
23398
31620
40677
52514
22457
24939
12750
36916
51556
40445
18581
56335
57051
36463
35359
28720
24221
12398
13448
47264
7441
55315
49869
25687
40808
57677
46479
7649
32591
10420
40645
9039
17749
5582
7874
51677
58737
27588
27605
16681
50886
21703
55702
13541
44122
40555
35575
54928
4864
58930
6108
46792
24946
44578
52737
27564
44025
41314
12307
59154
30915
30905
23756
16564
57514
52091
19026
22458
6178
38569
25391
13434
35027
18068
3587
23843
20832
8588
17019
15646
56438
48436
54013
26612
7280
17665
9147
42942
53703
15148
17759
44317
4172
23839
5096
15684
13367
43864
42136
43085
42725
6433
43208
13376
42588
38976
59208
32207
5511
19654
42435
38862
55607
43099
14961
35601
10411
58535
36361
44309
17438
4963
3891
10917
11814
48972
56241
16377
44870
54068
50801
19495
56647
41232
19861
28776
19663
16473
5122
56414
17293
18530
37285
34024
28215
44220
34593
12029
21801
20795
23953
17289
30120
54062
19385
16617
39607
50788
41735
38212
51059
13892
23439
7164
13506
36088
53707
8843
4157
14574
33935
38229
3136
10250
40114
48476
30576
28143
43068
34271
48640
24122
22994
51280
9041
20186
9449
21381
57280
52300
15898
55933
18256
32921
52658
41484
11878
53668
48452
39183
3141
31668
5894
5116
19708
37963
5881
46213
36172
19132
17878
15669
25406
29405
8799
8708
27026
49440
10966
41283
26262
53173
48886
47764
4569
44428
18464
50274
39803
28121
29266
9984
36517
57036
19687
44700
16133
24623
52178
9633
27662
17310
9281
8349
36224
3884
5492
13896
46834
42110
43504
5148
20883
48482
43042
21067
7811
29822
48909
37860
57170
22389
36484
46233
14848
5446
9713
3155
40815
19674
15528
21593
18750
32178
12006
9552
25211
53577
30397
16254
17911
26547
27110
50239
17529
54328
20511
52102
15520
27739
23746
22725
24590
55056
16752
16939
40124
49507
28548
22029
32387
10842
40034
25393
33288
12372
3614
39630
39659
58194
29993
18563
59184
11848
3409
58627
4523
31840
20035
23345
45423
52383
9645
29891
57780
17999
37052
35243
21819
12501
28052
15001
52823
8086
57077
44552
49463
59472
19690
12471
30921
51087
26160
54998
50732
8869
25806
5580
59188
56681
46799
47721
48439
14764
40391
13326
9765
30766
13868
14787
11044
5973
21921
22647
40095
28509
34784
54097
9969
46019
17825
16138
32005
13095
10521
51960
15186
4616
47518
22428
41328
29336
5124
15946
50260
27713
26379
27141
51447
18731
23508
12300
46832
6950
10604
27544
3577
10556
46853
40584
27311
53120
35212
25299
6887
54435
18342
39983
18383
16614
53518
52122
15469
6184
36254
50709
11712
17028
35775
58618
34615
29010
7410
6448
6938
36949
16427
35179
3547
34885
31955
37080
28139
50604
16233
35288
28573
45377
33185
56149
41748
29667
27651
12487
47572
7415
57779
27120
31753
5187
15062
29860
39120
24423
31670
18859
14989
6404
52417
46034
11088
51326
22673
59597
23123
56021
56843
40382
29279
17517
28239
21912
39537
31589
29817
48660
14608
16379
8987
11030
31146
58993
59650
43702
17720
56527
14014
47331
15313
3963
3157
29042
51088
11589
38961
10873
53528
29732
36217
7717
53487
36978
7199
36662
9561
16564
41842
18875
47633
25466
29175
4861
43139
11929
53546
53599
49963
42338
26862
19708
25635
6915
34468
28743
10184
16246
21015
30233
59977
29196
18183
57760
47068
44822
50825
12409
16373
44427
3196
39757
50418
35415
10894
42855
50818
7974
35116
12651
16050
22088
41087
41569
15156
54861
43255
20388
5066
26462
22078
9976
50466
43583
30381
3077
55428
20529
53119
42674
36147
55256
53217
32657
58310
48133
57795
17047
58294
17451
39769
57110
5111
17675
36184
44131
28024
49956
8294
20905
56664
20601
53233
48905
57298
56855
27417
4173
26298
58017
29594
21889
34717
45946
42607
47317
47439
15276
48708
34641
59217
23848
39738
40200
19865
38730
36104
8444
56460
45479
54552
30771
15132
47898
33884
6461
20552
14916
29233
25499
30586
23782
47483
30785
9708
20644
26909
3854
36486
27214
49956
39708
53144
30752
52544
5086
12999
45368
11506
46642
16345
20820
9962
42502
29994
54333
59468
40403
10389
21770
31942
49520
32873
7353
41792
28052
20369
56877
41168
28071
13849
43543
12989
24044
42135
44524
57586
29623
27426
14149
27651
59639
22932
10475
34455
24062
9663
53323
39334
56067
38445
14509
44614
30319
8571
27135
11778
35859
22740
24922
3253
17336
36854
8899
48877
7378
29147
29527
25384
25188
28353
49346
12897
31106
7674
58983
16169
51549
44203
21656
58231
28443
5350
48528
38547
57410
47570
54032
42571
59719
52817
42508
27069
52909
26514
46843
56586
21634
10246
45606
8713
27316
49392
47362
45430
26002
44506
58219
32628
36456
50603
18009
49941
14497
12957
49872
49579
45498
27089
5866
35059
36814
57841
24177
39458
51419
23739
35639
52236
27266
33256
34741
32369
49957
26707
17206
16712
26761
31925
32766
55072
24796
7387
25853
24028
58968
3570
50867
39270
17425
42108
41552
24760
20312
32503
59759
13703
5104
32585
19786
21900
53315
44029
25842
53201
7325
59906
15342
40412
40779
6448
40660
51155
6664
17774
56561
34738
55909
5307
40159
42290
40568
24062
52695
59940
20191
5750
47168
22828
58741
50403
52947
44099
21749
34202
50657
12934
13561
47467
3752
47557
44429
14231
18124
27891
15716
37152
35623
14427
39295
18044
20631
31553
50504
53127
17555
46332
51201
43587
32295
8959
44021
36033
48494
31634
48597
48479
8729
15536
8252
13474
45743
54020
21761
4928
28119
44428
43439
28854
5176
3824
49541
18634
18114
56540
34247
6619
4506
52987
33935
37086
5011
44427
10874
17428
31228
24759
34951
45382
8519
48628
56765
18052
47570
11725
50659
54073
9262
52771
35950
45607
51415
55401
22303
39482
16066
21440
19663
37522
22240
57314
49720
8214
23070
34205
16372
56439
41476
23181
53036
32898
28055
20635
9852
20405
36711
6148
31954
59463
59955
32396
45639
58511
35355
33963
34377
13130
11412
14001
57115
25277
7700
30291
58911
28627
35747
35543
12522
18911
10197
41927
45043
28009
39404
11058
30831
38150
32117
5965
27356
22056
31693
17478
30385
41922
11316
45915
3604
23683
49955
24966
51649
18362
46074
41534
53219
22967
58197
47153
46341
34773
15246
29527
34432
9618
33587
12757
50204
7917
38062
33975
25239
21532
59995
3239
27283
20599
44472
28920
13928
9301
38655
31608
54860
15829
35821
29079
9222
22104
34110
23524
13356
19466
53717
51142
7161
10162
12880
17022
55457
26820
31388
7724
56340
37175
12153
15528
45739
40983
30025
40950
48370
37463
32314
31678
40672
49122
28393
56750
10708
50822
34051
12373
26307
40510
7151
38243
30587
45341
43829
53593
20536
33996
23131
57907
48064
15427
35295
3472
53828
21919
29275
8994
40859
30474
23361
5087
52706
6606
40576
13116
43296
6458
37237
59604
50967
38273
52115
55019
22728
34711
7865
12128
23927
34762
47384
22394
28426
43302
27360
59080
37855
47643
47032
51507
25015
7302
48521
20323
38606
56780
11888
22303
27215
45732
28160
22635
21734
54688
6193
8113
40176
52232
38463
31508
28670
40911
18601
37074
9611
42715
52734
18590
34764
15726
12551
5673
41547
32902
54430
59650
11206
37445
51009
26835
28181
30809
56025
22409
4950
