104
54181
11717
23634
37987
56068
15284
51846
29884
48013
41297
54375
48102
29504
45661
35253
47280
28878
19267
50606
34021
43132
43094
8555
22249
4589
44509
58785
42248
59139
10306
24364
36001
48250
27740
44175
43797
17464
41719
59445
19386
13252
41626
23195
16254
7395
28816
11150
55927
11593
28935
50414
44078
12137
51314
24899
32973
5098
40238
46098
24569
23998
22915
4454
6233
34983
22201
50618
48253
49958
55675
21236
46934
22679
47599
3892
53510
17395
20590
59278
6748
14677
28880
14037
7416
31693
36098
36106
19288
51972
17840
44999
52657
48426
13383
59198
18066
25412
8213
7594
7920
23911
51894
6940
38324
