2228
17745
28371
41209
22146
22905
12423
51452
26789
41009
50141
11093
32168
21832
26000
58236
54914
49875
38443
36490
55227
21899
40368
17421
16830
15916
23194
51360
42693
29812
44178
11662
40085
31302
52943
8874
19774
5614
8506
48517
50368
59081
28804
9959
54412
25467
57506
33200
16851
52546
54446
17608
37949
8627
24470
33141
32965
44110
29425
20293
48389
54455
55815
47159
21269
44980
13856
51801
48319
23699
46616
34952
14964
37818
4904
57502
57520
17836
40445
18025
7302
59669
48563
17390
18055
38414
15911
37303
20380
20834
20743
39468
52258
18587
52571
18136
3176
9399
32072
51674
49568
50417
6616
5372
36443
28648
46063
35257
11915
33267
4988
47107
6355
53631
20592
35305
5556
49428
56314
16466
7445
50908
40614
55443
40107
56211
53209
56837
40988
38990
34586
45671
6109
12457
36851
4333
47872
12817
20381
56925
46667
24696
59319
34752
19487
19583
53254
9596
39947
48794
5804
22536
52393
27834
3991
13225
43810
27189
35823
41091
54307
18229
3972
37538
20165
53816
27342
5822
34091
51806
53998
36387
6999
5358
42722
21636
30263
10129
38245
21535
40504
42353
48139
11396
13456
41093
47859
4249
15308
5370
18473
41307
26666
39076
11480
36534
49098
8443
31309
13767
43606
50965
15276
18344
52608
57339
9591
4515
57224
52023
27047
46584
42471
6452
18202
20347
38745
9620
8301
32713
53454
37132
39289
40015
36851
33961
21069
54322
25966
49595
24511
36315
34114
43837
20161
12040
8326
57597
5252
7001
38744
19101
49559
59263
52524
41183
35752
29952
59817
40409
19259
20879
23443
42281
41415
29260
23540
36297
19900
49185
42221
9558
33230
37922
25601
45170
18624
50134
3412
16761
59328
51559
7007
58167
52003
55971
49797
52943
10707
50261
30663
31192
36449
53056
59326
56060
16101
8469
36760
38530
13769
14866
38642
24632
45325
32720
57190
15840
10410
6048
16825
6413
32943
26555
20027
50732
7777
38712
10129
35198
12172
3727
43666
7358
23729
49072
25391
59923
3144
29861
37372
58731
21940
35351
8257
32249
55424
46340
27877
25746
43204
9160
43649
52016
56815
18546
29974
45848
5634
51167
47992
43595
19959
21526
57968
12673
25187
44741
3426
47027
50793
55143
32721
49607
55143
31831
43352
5540
53731
40575
31442
42963
57726
43162
54745
34811
54733
29503
35499
5859
22978
12060
54940
30739
14207
30207
39960
26116
23629
43186
11738
52888
17954
32348
25724
54872
33094
46079
48258
9027
42826
57056
56489
22668
47523
50186
47959
25904
53849
37285
26756
13105
11133
21147
3254
52329
29204
40956
34682
8079
46330
8594
10898
44442
21059
19840
53762
43367
19827
47494
11232
21890
46785
41611
21027
5150
13783
18476
38008
31500
54098
41980
16672
55394
47024
10660
26354
59847
54588
33220
13080
33940
55128
11463
12165
28923
25685
44653
32719
52709
24149
32719
36559
13988
27729
10661
6577
5432
50434
12963
57961
45113
42764
33979
58512
40085
30784
17307
13627
29020
6267
25934
28345
58344
56795
17122
7241
23884
39162
7447
16735
22263
58432
14623
49521
29365
59038
26320
31062
9216
31733
31260
14760
42776
13265
42348
11524
46691
35223
50105
31483
17189
47881
47444
27818
36985
36627
26642
44670
38486
5659
18912
50614
39257
31471
9691
51448
23767
34113
35665
33731
20274
3237
32782
31193
54904
10317
7932
39332
48712
31392
5555
27597
7543
20349
46695
56561
26538
11361
12995
42968
38204
17619
45394
30836
17405
4403
44977
59430
52540
17420
39715
42943
18298
12998
34792
35913
37201
18417
5802
45421
37268
16548
22495
27957
4027
37499
25366
59295
34994
12116
16293
35280
31734
22397
42468
17464
58803
28095
47235
23880
4270
29479
39401
46632
8139
38540
45413
58126
51597
39563
32138
7361
17995
8503
3354
46584
4178
49405
53366
16368
54076
36817
58520
7412
54524
17740
8342
3354
59809
49962
11110
54453
48465
57638
18766
21777
59321
30293
18987
14161
55038
52154
40151
59021
58616
59917
28914
36483
24829
27256
59132
10211
23878
46693
4493
9082
40378
52276
30415
23909
41081
29742
16915
53728
4075
7718
17995
7050
15342
9476
43047
53516
54089
23206
8098
44865
40266
20498
10909
50148
32158
3292
41924
48657
21378
27027
17034
48925
51323
11747
9718
20340
37047
56991
5122
9795
48889
57721
35305
46780
3560
48850
5431
38281
57268
50322
47325
49800
25607
14961
50150
22882
35011
28916
45256
27233
29952
42732
21478
42487
53860
30314
55906
47674
23241
48882
33169
34956
50328
59463
16571
52555
38156
24507
59203
50066
47493
49145
25751
39398
18160
14384
31137
26005
27503
59082
20543
19409
59671
21704
10150
37996
37540
18097
50515
53603
9685
46592
21670
9750
19264
52091
42558
43267
13294
41620
50710
34935
40284
49132
32628
6950
25321
55753
47538
58832
45164
55909
17082
11357
55374
33917
31192
59934
30917
7616
22168
14857
16691
58208
21111
7868
55431
12894
22352
42756
58748
28960
51886
50037
51272
44470
21288
41672
22221
33342
32482
37442
30449
36679
35573
51011
41407
25727
49612
6337
7207
33327
20767
48794
51024
30415
47865
38533
27909
15445
21125
41118
53392
25801
22674
40869
41658
19557
25193
34476
23739
11757
46864
54457
10801
42740
16316
37029
36024
41078
58598
37688
51722
12602
12870
7708
4041
26537
35550
17320
44987
47299
24469
44074
44715
5313
38558
51086
44338
34126
50831
48164
49409
22508
57653
37041
12644
53245
13726
39441
4518
15658
33177
41924
24697
9192
41106
58794
16032
43719
41876
53721
53443
17249
22364
6629
57958
15744
59254
40147
25069
28622
37356
34719
34550
57391
48022
40826
25853
40415
33151
4328
6778
38214
33033
18316
3358
21205
27424
23914
8121
41775
16866
48799
36786
21233
29703
26755
35649
36659
20552
26683
8176
16930
7514
18848
40832
34584
24350
17381
33648
18309
43762
57262
35302
6760
5884
52550
24238
22005
42569
41535
5006
12661
34267
30514
30586
28442
39124
25800
27570
20433
11954
58242
37131
34096
53555
5416
47430
48223
56959
22169
30243
42091
36274
56850
19953
16166
10826
53111
25141
19672
57807
39369
42096
33766
4013
7598
28946
46728
57276
17012
39833
25572
24488
33227
47327
49131
48854
8682
42278
54876
51590
34445
47404
4266
20265
42129
22842
44249
33637
37346
18587
53442
5951
49179
25374
6758
51831
3577
55626
49779
13319
56228
54148
17678
33000
43076
51568
9239
34984
58645
31634
8120
22494
37880
40196
3171
4573
6724
7138
55444
47281
52175
27000
13476
5397
27299
53266
26670
26238
33937
25583
23671
24263
45275
22469
44913
9712
40740
20216
22771
31929
48009
48333
54774
9746
28600
40890
49009
34999
12553
19047
54781
3549
30614
42328
36867
55451
50106
6059
48547
15398
6819
24268
46160
8929
37399
9195
40494
51451
58244
29555
33753
56195
45154
17213
12837
24992
42411
21203
36731
35034
52913
51970
11586
47164
28179
54559
58964
34310
41774
56214
19034
43263
20673
34820
12876
9474
53680
44388
53799
8424
31946
11567
26301
42972
28601
41512
26449
30883
39742
42860
48741
48442
23198
51972
30535
7128
51591
25749
55113
17155
7987
41327
3205
47912
39026
55689
30556
19092
43364
34938
13152
25252
8669
50724
28368
43828
6871
20229
16293
34306
35616
40068
14606
41750
46943
41874
54690
19964
48817
3178
39006
53325
51512
11659
41659
4674
12469
17374
10289
18432
54027
28707
10621
12700
46395
44715
52083
10474
15551
47014
8564
6195
39781
33722
56374
31137
25783
14773
13210
20350
28086
18935
9332
12835
37927
56333
49035
3590
56697
47442
10215
10239
31876
10059
41959
5524
12453
50246
42993
38265
3724
41890
36657
35894
41170
3008
39215
3978
27492
44357
20448
23706
11487
26839
19032
19000
40689
23716
45451
8232
28309
30667
32723
24747
5732
24560
10544
14829
32967
32214
27855
26825
44044
20285
4604
17874
13915
10474
47102
22002
39120
12162
14887
20605
3727
37760
31635
24340
19556
39771
55171
9798
22589
46519
49080
56999
28782
58358
3245
31407
50254
47056
57302
35763
30694
35686
40084
33486
23483
45648
39777
36181
13721
25158
20599
56388
3594
21542
34447
23304
28948
11946
11304
26517
52302
42216
30454
3818
41443
33710
43955
23048
30987
56835
25481
59946
13280
8822
38604
41973
20860
54957
46937
8715
15291
8619
41159
32380
29198
26380
34078
46281
46808
33030
40185
54901
10427
50486
44046
29875
29118
42323
46179
31114
47789
39357
5831
57877
34525
59086
52540
14158
32591
38077
26656
32859
59688
57784
38634
25278
54286
40849
15107
57900
54255
36798
8618
9709
18556
46685
9558
53712
14449
30533
3410
17673
40765
21884
55187
45829
32334
32292
29013
10480
24771
27756
14711
57424
37771
33897
22464
40828
42378
43728
46015
4770
48943
58822
15214
56741
47656
19623
42517
58646
13871
27335
11418
18681
47862
23347
49643
10442
56918
40438
30082
24515
45944
24259
17838
46678
21039
27327
6694
37996
19478
3288
38014
37058
43461
18025
3736
47237
34792
46477
58762
10526
18412
14537
7579
24356
25858
49722
53559
55094
59922
42106
31652
59341
43853
41101
19559
36909
47993
4344
57299
40786
29796
58055
59269
26387
28933
58442
26784
36564
17201
9089
6723
41415
45189
57561
41434
42818
49939
21441
4464
43197
36742
21216
31469
15035
9658
53267
24910
44644
19163
56997
6571
52107
16178
50861
32061
34127
14667
42678
32142
51050
30497
53316
46271
49964
42334
47882
34487
49318
3775
49977
8374
45847
27636
53944
8081
39036
39498
47963
5574
26305
7012
13421
44106
49315
59425
48803
9087
31927
22151
4971
57503
36731
38831
3796
59781
46311
51817
33380
14394
3509
46322
4881
30637
5114
57775
59252
51668
3511
20994
8406
9962
39028
22061
20316
58958
5447
47003
11912
33007
5164
12678
13655
22306
24617
47058
51773
51593
59249
47107
37846
12377
9612
54297
55543
43410
47030
59248
16406
43123
13084
55900
34126
56069
58914
44308
38803
53993
56553
15298
52936
48965
54068
27917
52137
49520
40443
52653
46277
37285
4371
58324
16702
40871
58473
41313
5735
33579
44687
13165
6791
17617
9453
47213
51625
54066
22373
28626
33204
22671
42664
59747
39159
24183
32711
34470
29082
35428
3084
18529
17065
45771
47725
19759
13110
53872
22301
27378
56493
49501
22153
49279
17017
18900
17663
39153
26930
44951
23173
42013
22103
14478
11672
55845
41652
6187
57564
12427
58679
56650
26434
47003
25752
47062
46884
8329
14770
9685
19324
34000
6338
20617
4277
50892
27263
57775
21974
12461
15563
39388
51169
32558
56875
48865
49411
4847
53049
12979
4536
27803
14014
58000
9356
37287
33137
44041
46689
32247
52589
27457
44330
18369
55104
30492
35033
54666
54057
47584
12515
35506
38037
24213
46127
18556
24592
4437
5894
37545
57896
8488
29742
14002
7819
56932
25158
50038
4571
58439
24281
47588
40208
42392
36139
54787
40953
21346
58194
36906
26289
31506
45316
16637
9357
4008
15719
42505
37436
47768
53549
24992
46659
43336
35635
18470
48696
51600
31654
7407
53081
44295
17096
16584
57069
28237
51732
24795
24636
49215
28420
7837
7955
32322
17992
35034
27475
7944
41048
41054
5609
4244
14371
53004
29720
39992
25911
18275
38718
55515
55737
52621
3111
11086
29111
58181
40278
6648
20119
27151
8356
15742
54994
13726
46528
36610
43280
5218
53001
18397
56939
31023
46167
9871
9957
38117
8241
8932
32184
10185
54624
19808
21870
53171
13884
57917
5407
18101
45114
33842
8394
23943
43415
29127
52608
37360
12121
44746
33629
42905
19195
53484
13131
3287
40236
17549
20321
28045
18496
50095
18959
42044
19552
3750
18537
17847
49906
44285
28561
6542
24205
18299
3463
7244
49266
9819
29355
20299
51848
11566
38641
21628
49766
28897
35385
14948
3356
54574
18366
23379
8356
28227
37699
21726
24159
53617
39843
49356
50243
21053
31300
6386
8677
12804
24855
45303
8173
49663
10625
16510
11751
29175
7873
58377
15413
15406
28820
38947
45647
10711
30770
29401
44029
4907
23828
52676
47428
43214
24217
32340
15696
50202
51647
41046
16821
11769
55093
14196
10054
58036
4250
28648
6599
37050
56634
36278
45509
30616
39086
56793
8534
50959
46093
43949
48895
13931
20328
35418
28192
29815
24982
57009
22194
32848
34752
40275
24930
6720
20921
54381
31593
49836
50410
34578
50645
59082
9482
39656
17979
47511
44191
6656
19585
14956
12480
29600
56647
21389
6649
43953
21904
42705
37519
32956
13828
47295
8145
59107
48058
52104
59383
40995
18795
6102
6071
5266
11032
9384
3443
40503
6784
29359
24648
43793
18033
58591
9159
22268
44426
15225
3711
9748
56991
40863
10827
39854
53237
34328
47967
19712
49103
13369
5694
18722
37501
47410
30282
35674
3726
26359
34507
19639
6599
36734
11242
33708
8136
23053
26853
26524
42186
30844
22086
49713
9147
21256
10858
43706
52024
3821
55383
20199
27495
46732
51827
59756
50765
33817
11166
32771
22815
16021
29304
13336
10829
53623
26636
58570
12465
34991
8430
42506
18176
49304
34396
5129
33915
39512
40076
47730
45458
42907
25857
22317
37802
23399
33249
34835
51373
9288
55437
59265
59414
42308
15152
18731
49612
47803
9220
33533
37955
56689
6841
19346
5663
39569
29346
48323
9366
19678
56747
29785
8288
29091
41586
18841
34344
59917
22768
52258
57824
16307
56303
48564
23778
13173
11199
55972
19793
55678
32977
42489
20543
35735
56761
30345
55377
27112
49454
34879
24290
49751
14034
10878
29732
15496
33633
46367
18711
20120
31274
22629
19277
26172
19298
44255
4964
29662
59341
8457
24535
10361
22224
56372
15675
37226
16004
13509
13551
24018
53418
40985
46738
47278
7654
55829
4225
8013
29175
11039
43842
54205
53187
14871
35997
11168
14067
10419
19930
6976
55485
46446
20229
4650
45963
5970
34181
30481
3479
54244
27927
39818
11827
54877
6009
43690
54906
28929
14448
40260
51720
8044
23167
32099
39077
12824
13301
31433
35215
51832
45796
30520
14658
14950
20298
58835
23683
27617
59075
23514
59200
58394
31138
27552
12697
48890
36190
26721
48951
9751
35324
24538
50552
20247
42253
56290
49952
12900
12344
22598
5446
24420
18757
25156
11373
5126
