454
57448
28989
41962
40707
4832
48522
30525
42926
42144
55752
14014
40386
12590
51446
31924
41144
9818
31814
54545
5368
54764
7716
29238
6374
3333
59148
51927
46952
51376
31162
14013
19419
33868
20786
31489
41136
42216
10817
56034
36730
44341
44319
31121
58228
6000
34404
17619
57885
39863
36630
29458
21046
30727
24881
55319
25906
55076
32572
41226
24134
3658
17676
36481
18167
28621
54598
7797
24143
9501
52713
46383
25324
25033
43877
7319
41423
58831
55518
24127
7001
35439
55054
37912
56573
7783
53867
34316
3177
17577
24931
20907
23716
23520
56527
59000
17743
20111
28787
25979
34615
18149
54995
7309
4003
33357
34062
49147
22313
34297
23665
9863
11816
59474
9944
10450
48180
39682
7993
19592
10571
57996
19325
52094
31960
46561
22388
58235
29960
36872
44692
29145
36162
54975
59565
45728
42498
52314
59869
25711
21425
58844
16451
54235
5940
5003
59759
25453
4451
28146
44857
31526
46156
11723
4935
18580
11398
11024
8779
50529
59977
55436
21204
13008
43573
19644
25218
58879
25309
48526
8877
25710
59853
7051
5933
19972
38358
12962
34283
3741
32582
3438
28788
44963
15060
11498
7007
41459
48275
7925
20461
15496
26713
6676
26938
44873
46983
27260
22567
53848
35333
25420
9920
25004
31389
6439
11077
58782
9206
57165
6520
59084
39836
8568
45478
14430
44064
51080
53332
25471
52709
47626
52719
52521
35235
37158
12507
18233
3908
57975
20493
23334
22902
16976
16428
8667
54741
31436
47516
7578
57277
26121
40522
24965
55537
15251
55992
30345
31564
30611
35170
23643
25991
21829
7435
8671
29385
51953
34856
39209
48658
49594
50604
33483
44863
19135
59313
41131
44860
11866
46396
7727
3235
29237
5073
27768
49218
53447
22104
42219
56792
37660
44337
23277
44172
7325
46609
49441
15860
30881
52148
17273
26826
51080
41714
7432
41771
34719
24226
13926
29863
45365
47923
31432
14643
52699
22672
28044
37522
33258
45631
8718
18967
4914
10786
10214
47841
44592
25489
10180
22662
30205
20096
4128
9451
9998
45572
37861
48112
17905
33414
37581
54733
37780
13699
52911
16910
54329
19023
52012
32337
44678
59644
41253
30118
15701
52950
5122
54889
55600
10519
9785
35368
14318
55699
53067
47192
55325
19670
56103
38162
40442
48738
48529
48565
53138
6913
39492
28413
34662
52092
19276
8142
23833
40787
47114
52448
22747
8319
42984
36632
13967
3652
22810
44286
20579
50827
16398
27897
56863
9512
29263
41230
52768
14660
44309
51238
18485
51303
5483
25646
11289
44462
16522
7582
46093
51003
35248
35841
33044
31378
16106
22583
47490
58596
36517
6901
31614
30288
10002
33643
12807
29176
7413
10990
38249
6124
48539
17098
20859
52917
36384
32393
27298
28132
26119
44790
50353
4937
55877
38527
25040
16891
49247
32062
16631
27794
13486
21676
42777
23073
58076
5289
32451
30204
