981
37770
34347
22277
34755
24776
56347
28215
33901
19578
38926
33543
18402
31881
30517
13328
26078
8444
36673
10588
4130
28893
34184
22347
12033
16908
25638
26425
22722
26425
10137
6826
56232
44918
53266
6785
37475
49671
46588
13940
6195
10610
9439
28699
19514
51535
32436
24583
11087
4948
22924
4912
11218
22912
9902
30206
16012
19876
8057
26693
45024
43405
50851
28582
36609
49514
25878
53943
25856
40283
35884
12674
25212
38019
49989
21292
13610
44749
24670
45666
33908
38959
14449
34921
32780
11885
35472
5379
37632
43359
42110
51970
20938
8725
42933
52679
31094
22809
43163
54106
56324
49651
9187
14503
12375
32440
26160
19345
42302
22890
51359
30603
53748
41721
38314
47763
28212
22588
31296
49228
39544
10247
17319
14000
31492
4462
4273
14793
9423
3661
55567
56983
52816
24345
43902
26017
28964
29861
40846
46238
54756
57371
39549
43545
33427
58643
58418
5108
29064
47769
32401
25531
49919
31822
3660
57208
35005
7150
52905
15136
43164
35583
52074
50449
7721
54204
29911
32445
26431
21664
32177
29163
13585
37600
15592
19925
46528
23815
45396
53951
46796
33785
41435
36874
41184
3667
55688
20457
13413
21951
33876
45543
29566
22902
23184
54694
27642
4976
48311
56711
48822
17649
36977
34688
47165
58798
55905
24733
6218
23864
58700
56479
6976
11223
8266
4203
55235
24811
47907
46827
15133
10695
32362
4655
37042
30456
47042
17687
39485
26184
35461
28790
56971
5338
31633
10479
14846
18004
38965
15144
24013
22886
47549
55761
29740
15324
29356
48578
39793
26635
5923
6435
35763
23145
45898
35581
17930
58240
7641
20354
43963
58219
49301
41450
37997
50749
26338
6999
47596
11571
11912
40712
35455
44850
9586
51536
28763
27277
37152
31414
55976
43972
46336
22702
3123
30386
12165
51773
31671
56936
12245
9234
12607
53778
15651
31480
20740
30405
56099
23674
43471
25456
59245
23736
53881
53846
22355
48808
23520
35121
40940
11478
54146
12847
58531
35085
35004
8609
51627
47253
46782
53784
36833
21341
28847
58260
42625
9113
40394
58142
17702
50076
6943
7059
30150
5132
5322
21102
47845
3811
21607
36489
10195
18571
19043
12984
32728
37373
40407
21094
33137
14692
47558
25986
45355
25401
16819
56543
29591
37451
33045
57671
4988
37928
7010
49074
28198
5376
19972
51654
53551
6034
41110
55951
16938
45495
46749
37166
50263
50489
9748
8297
54234
29609
3350
12194
40101
25164
23357
55757
20690
9751
56136
20168
38044
54444
25917
57901
28847
18903
24013
28579
29656
20281
21931
29250
57390
6014
26577
23948
18194
55840
51138
30795
20901
7854
19235
48986
27632
10358
21751
31647
58198
6801
53106
28380
46176
54774
51180
37687
25108
6640
38246
28979
35052
21468
11914
15818
25816
6897
39175
11641
23724
42517
5166
52529
37627
36519
30275
51621
19508
43953
31904
6371
28262
15456
31686
59807
17693
56130
21123
49009
9865
54193
55252
33098
7608
13969
58670
22569
14772
51760
29935
27781
55521
11383
17517
3456
21331
28972
55715
29136
47636
38557
19339
33388
30517
35988
28836
26228
9740
59953
14932
31891
56398
17133
3515
39250
56078
58765
27926
23117
13569
46457
22434
27868
31185
19318
51564
25872
38943
24741
59367
7248
31312
29540
55386
17969
25903
27130
49419
46151
32036
7218
11803
42947
10912
14538
9044
56970
31321
7099
4060
18472
19027
10567
56015
4339
24326
43965
15849
57011
10367
58229
19366
51680
29181
52558
49980
17174
34604
59001
25008
45322
15445
21079
59265
7184
21266
22280
13492
49327
57274
41602
36100
45457
45219
25238
22994
40888
34044
35109
32712
36288
31460
4714
55754
38464
57457
4125
55500
37538
11518
33391
50189
6584
27996
26526
40155
23675
54115
51467
58111
57051
43143
43976
33254
33751
39344
57483
52618
26500
3851
47540
33882
30503
25241
22259
47135
4077
9613
39409
36308
16705
50746
51091
14672
54043
17865
55325
31030
20057
26337
50417
23496
52887
5950
8714
7017
4117
48648
41951
59875
48306
10972
50756
23898
17076
28681
48304
24978
10809
32133
57230
37633
12485
47243
14531
51234
30206
7981
24205
35714
12390
50390
5712
32489
3133
38676
53466
12827
12501
18703
8431
20935
14012
20124
32162
50230
43337
22580
4995
33663
8713
3588
30334
33159
40448
3881
35964
8166
46865
49472
51660
58560
28922
13166
13801
47454
49462
35909
33040
13457
27383
59904
34290
54069
9957
36381
5512
28163
8181
37385
27981
32532
32742
30274
9031
21248
27927
32191
37123
3505
39541
12544
34197
44923
24105
53876
54338
26376
46992
4983
45508
53092
46454
43692
11177
32522
20523
49317
49795
33433
34806
32684
38023
55183
29997
37708
53867
46356
56159
50449
21282
49642
44197
9264
16652
37666
31250
40805
29366
9551
51150
6266
55785
8633
3118
33968
39985
34188
51039
8286
47503
44285
58738
11437
46130
56571
35329
16901
11168
33125
51151
10920
4981
57566
40192
7827
33331
36165
37088
41657
53610
10154
56853
31077
35163
14724
38788
45419
54030
18828
6945
36851
10450
41565
57182
32048
39266
27117
57177
37669
19980
8115
25897
25704
46419
36665
59939
40329
58572
29363
35313
12980
3068
45134
54749
21372
57895
19027
5729
34627
22209
50103
7876
51307
25617
56043
52707
6613
27922
50208
41296
24460
20513
54291
28843
59645
38278
28381
47416
38310
50966
37628
54379
9809
24549
39853
31109
37833
35087
3024
16059
27474
48149
12584
43113
15080
57691
12704
55704
31426
28252
43973
11765
52440
16589
42934
10394
55052
29635
53946
5703
54312
49522
50448
9623
37111
42293
58998
28426
19787
22815
6615
29905
5553
51979
34790
50758
45613
38921
52467
12177
13988
27480
4867
52197
50569
33110
23334
18404
16021
35369
50751
35997
25103
35747
58522
36031
15514
12870
47031
37587
26299
43344
31554
37180
10890
51763
41785
55229
39009
53246
36491
54021
18640
58789
17759
13773
47828
7705
19220
12400
50860
50228
28861
7967
36523
48028
16481
52962
15893
57826
25173
34005
18573
47752
34899
20173
54600
20609
28836
7078
45413
58700
26340
15596
8232
3955
22721
58195
59462
55724
45902
37747
9984
24398
40047
11043
52738
33718
44174
27994
59348
15167
46363
23785
15797
33909
42535
15243
