536
37243
7766
21606
33366
50471
11153
57558
45669
20938
9349
40925
56986
39011
19275
9254
45391
35915
44278
29476
30357
51286
28543
57944
20359
30117
13556
54944
50210
8501
52015
39826
35992
40712
59803
53622
18921
25720
13794
51901
56868
32168
33101
42750
43417
6342
55774
45210
51079
40144
31418
43825
13741
3297
19067
11543
52461
20797
56027
12482
39974
5773
24130
54823
3857
10700
19640
17375
26910
51542
3484
17344
38437
17807
25110
18226
15535
4881
11878
44363
47416
10058
3675
23810
33043
5962
43842
16509
23536
30120
16310
18863
52366
59539
4063
20588
49242
59180
13821
13047
23366
30225
44895
58220
47849
35314
57994
25124
42628
16764
51578
58535
22215
9722
45261
50840
35763
17976
12077
19705
59538
32678
51703
14481
34494
32496
13331
37427
26640
39935
57287
55756
24107
11900
32229
33955
21945
53916
34035
6572
55088
33054
53056
23494
15053
48553
57387
9245
10646
11068
7946
59897
29933
52510
44625
25039
11746
4634
26010
13171
42427
12858
33345
48090
36097
44301
34147
27368
23840
50155
49230
57842
49706
27688
9506
34447
40979
7565
45728
3309
12842
58494
41017
44501
52925
42056
43796
13815
53209
9930
22751
45212
50637
52913
3451
43833
44068
45466
46776
17836
17959
36854
38039
54932
14845
25769
22892
29686
20403
9545
51177
16968
28353
42647
17577
53664
24785
23763
54468
40018
23213
16218
18454
42872
38971
8150
59646
5367
23645
12571
42639
25383
21011
32854
23221
34217
14314
27739
52168
23448
26301
21294
7148
18208
53234
5336
40045
53746
44693
23645
9236
3609
38675
48738
32034
4676
35225
33760
57018
58528
33035
18417
15228
38778
13177
13452
39445
4243
54975
11539
32943
19377
39434
55679
42035
35331
7455
35994
51832
8050
51489
36928
39476
26054
9120
32242
53397
47367
23838
53194
43570
32397
21089
56117
19746
36928
20205
43918
28975
12982
19316
36844
34217
20264
17015
17474
26698
45600
42166
28385
58914
16220
7674
4727
40284
57396
48123
45126
32386
42084
51195
30507
55473
35396
35840
16209
13167
14137
35657
14825
57006
15825
5925
40480
43832
45082
15245
52592
12781
15064
44375
4030
15622
59198
50737
10644
10585
31273
56415
59206
3032
35722
8428
3779
33642
9176
58850
26119
3188
27848
28288
33374
5564
20867
34541
19659
12758
4044
19332
23763
49406
19118
58673
56417
38097
52952
39085
46808
52124
6247
18275
29625
9791
16398
44889
17823
55467
23154
30218
39453
19867
4568
17830
57075
40031
21062
44383
3160
25525
54005
56231
24912
15782
58572
32616
25468
49982
53530
50306
48814
45419
15713
52406
40676
23108
4076
9310
41882
52959
42474
52496
27727
21357
16394
8822
10251
37788
11153
22260
42850
42301
28700
31660
6218
24376
14447
51664
21550
58359
26261
54787
54812
50389
57394
21113
10827
48957
6611
9257
23508
10626
20188
22228
44150
57563
21217
52367
6202
35269
59474
41116
49507
26699
37653
35923
24583
5293
19197
44840
17441
43587
42998
21874
46689
28264
5926
55423
36246
7308
42719
14522
43396
30587
4574
30971
54680
59883
31960
37733
33625
5134
8896
26257
10308
56745
8101
45627
51158
38122
9745
17773
49159
46866
54331
18674
52825
34082
14457
5299
7993
22140
58051
20805
25945
16355
22725
45179
24791
48099
30793
39220
56442
15870
17184
46047
23038
30574
8090
48787
54984
16937
6160
43359
52230
12777
57656
49252
