2071
26327
11469
45264
24868
53515
38588
24361
28744
40187
11289
38401
59903
25406
20041
42903
48736
3370
21401
12271
15167
43153
26440
59176
27708
32364
37206
21074
59969
56471
57152
36804
12865
55774
42723
28836
22239
46370
21472
26495
52098
52619
50463
7404
53370
9170
48024
35018
48791
28260
10346
8087
50877
45453
24329
45440
46669
7438
45051
21820
52914
13147
9354
13975
17322
4308
37047
48300
53378
9154
48841
38999
56635
57209
52243
5400
18755
55704
53436
18067
21835
40920
25614
59238
7372
24156
6905
53497
33399
4773
23986
59358
53637
11100
10567
41228
15472
41555
45293
34491
39535
22150
28472
9439
49428
57812
21681
19224
55797
40177
4257
37671
25293
38355
28806
55197
9419
42668
22268
45938
56924
24019
18768
48365
32669
56595
48670
39369
53944
43401
35349
20408
40194
51835
23019
15498
24955
34017
23430
45064
26811
25595
40749
33323
16526
41928
3464
34943
58026
42631
12729
4225
3528
18444
56448
58586
6874
10390
48490
42060
46803
42228
44718
34737
17690
26168
11949
58939
23131
36082
33224
33389
45738
7718
25639
49446
11529
56655
41945
39556
46673
33085
43265
44788
28928
19345
28371
26770
41281
27186
25856
18978
49178
4115
52740
50577
46134
19790
57624
28255
56883
12231
35346
23517
14868
43661
27764
40925
26587
45821
9280
3430
4057
49722
54525
9018
12388
34324
49844
49812
5715
24548
15775
32556
35371
26289
45288
33210
56899
7187
10524
29540
20643
29271
47217
27779
35911
31647
15443
23694
31587
10938
15866
56498
41991
4809
8409
49112
43303
27043
41372
43732
15513
45186
25643
16695
53171
59413
3068
11364
57408
7056
28857
54725
27196
13975
21135
45585
57156
22153
54692
35674
39375
42966
36942
20949
57621
29759
58070
17812
40158
49209
9043
47898
59027
36216
50907
7550
47856
26777
57297
37389
54322
35833
19378
32858
32396
28785
25434
29787
28296
11508
7083
10344
38789
56219
34412
31144
50130
8537
24675
58503
43871
14148
57864
53970
24510
38975
9160
13246
12291
19607
3919
18199
35519
59390
57296
36034
33066
19908
10511
40100
14066
39098
14120
34639
55372
21611
6507
22418
51403
36819
15457
36845
4334
25321
28796
7631
46792
32370
4008
55660
35308
9039
17113
12584
6919
28760
7090
49869
26497
35674
8887
41491
15310
38280
23168
22999
13371
50980
33902
31972
46873
48783
41253
9950
56116
6671
27261
7215
36088
58815
45720
4483
28441
10692
33393
5802
7161
50136
24037
35019
58233
43206
12582
26168
52472
46765
52401
54192
7467
15875
8564
37765
59178
4660
37765
33783
56688
9682
9514
22134
35247
29285
19186
35093
7694
11073
47485
12059
45259
31425
41623
30819
56474
4079
16528
41838
3129
59112
51013
34627
19315
53770
59965
34519
41079
30527
31575
57394
12239
50758
5295
54667
25317
11007
43871
30861
25972
57730
3097
29448
34929
19197
26858
42102
31491
13541
39785
58594
45669
34240
13031
44854
22702
57075
15480
57500
46418
14486
13077
52073
49693
30116
52209
8051
42209
18764
50832
46095
42647
7739
35295
47023
17937
7501
48978
44358
27639
5818
33383
19374
29164
45445
37623
13627
9049
29333
30107
11881
5800
11196
20163
39611
52030
23330
55770
13375
19166
52348
10091
30741
56892
22362
31114
23146
44951
33589
36840
46190
27919
15979
46730
45604
39725
17018
4102
43645
43291
14805
37124
4483
42603
39854
25200
57592
31434
46355
58769
18127
18085
10175
26318
52459
13557
28802
21643
52336
59975
32526
10869
5586
56974
48681
38487
24864
55781
19983
35362
32748
43333
27835
49295
4940
29763
34831
44117
31746
57703
56678
22418
55594
58066
56512
46207
46260
21944
13279
47155
20882
50070
18662
6690
53751
13684
36016
33739
7447
16911
31181
54953
31139
15873
39278
29592
42344
29267
29389
44719
17582
45916
6552
4248
49667
50199
27989
25015
40642
48513
6742
53554
58364
38921
50098
54300
28846
28091
58936
34677
58773
32479
52468
31971
28768
5430
49511
23462
21661
44476
42490
14457
40303
47060
19627
27588
54578
39565
52603
14712
37779
9810
35198
32729
7551
8553
50674
26575
36270
30396
55408
56399
49141
13405
6056
28945
20010
8493
21597
55228
14300
56747
19452
45433
51725
3626
47605
43266
36123
9499
55661
53119
39654
8965
26329
48552
5834
47921
19404
26716
36210
16589
14298
51024
24398
10785
21870
19000
57350
6977
42764
11009
33266
58830
39389
31615
21907
34605
8422
44379
41002
42315
53018
59868
57618
47835
50020
35986
51006
53549
13449
12484
39447
6579
31287
33407
42053
43867
31977
11561
13817
29410
12988
21166
34175
21769
58818
50080
21039
12797
15532
55188
31757
57146
16312
58097
20945
16387
43338
54028
45163
34598
10349
18710
4622
39812
32848
44658
50779
42449
4076
4659
46870
13404
15517
31282
57593
48392
33316
46045
22906
45055
24776
53866
18016
25755
22458
56245
41495
4306
18041
59814
15853
53371
23336
23566
25686
13958
10789
34661
43435
23144
43896
48946
22758
56711
42214
27997
22453
20022
38056
47335
11203
31707
16171
42108
13163
41794
29744
7498
55354
22397
37558
47352
20666
38410
50146
53557
45293
24064
54982
34841
27957
26973
23346
22158
43741
46652
37279
34585
37705
13800
5718
59170
18127
18999
20049
11110
20774
51682
40999
56820
16547
47948
50079
43856
27822
23741
32794
47127
49145
55018
50960
10962
4857
36686
26209
35373
29726
16239
3633
40328
7990
40084
48347
3720
17239
47399
43896
8179
54173
48539
23954
33079
23229
24274
47912
33543
20682
36825
17879
12749
4276
22267
30260
8133
47046
6710
41487
37508
39182
34962
59394
6958
17173
51227
24429
7872
45324
42953
49599
4778
57970
36162
49679
23918
55041
15226
17913
52646
15400
40313
7270
47069
22864
27045
6787
41377
10776
38359
53872
39231
18882
34781
53184
33430
24162
9821
11876
23333
33747
56085
4283
20854
46714
52700
40126
49833
57594
29382
23581
19420
7881
12319
7693
7653
4936
32773
42357
16897
17480
33512
39545
53941
13609
26734
22774
51419
25579
46493
24842
30557
37887
56366
14996
46407
10132
30920
46629
57248
55997
38304
42114
34140
45056
21774
22773
5913
22328
44513
45984
48212
24442
8309
29562
6272
11996
43117
23647
32807
21770
47587
6597
9656
25090
23935
26569
14546
31173
16587
48153
18950
17542
45196
59808
21804
6299
57249
23439
52461
35538
21043
14929
24470
5577
56439
28835
48470
11118
5016
6725
34715
39380
55788
41296
37007
8680
33030
6038
18003
59304
37832
16286
39521
10071
11999
5387
43084
11334
29857
24239
21023
47818
24744
38990
35363
44848
16159
50083
28492
7218
57605
6676
48292
50877
11434
40104
28721
53456
44009
47655
40619
44588
36880
31368
51173
59135
27557
28440
59706
14002
45088
11102
22399
36198
24618
49348
46583
11772
58354
6830
57657
59509
23885
34355
8090
32121
50970
17250
57721
47437
52105
53963
45423
35117
47952
24316
32881
7529
50796
34570
8819
37976
36838
12875
16762
31949
15648
56833
51200
5122
36546
25473
20899
7027
36894
13937
37750
39169
33297
34330
25655
53766
16259
3442
49599
21179
20805
12202
37219
48061
17488
32642
23483
4947
55524
20676
5069
44057
22078
41143
58108
3360
51367
11083
22788
57576
25906
18844
32228
41414
45668
21264
43792
7579
36551
55612
36727
43200
14945
6147
43081
4216
42359
42735
13456
57541
17210
42403
26731
38304
19776
35281
29074
46170
4239
56969
23755
52220
11293
55066
8465
20204
16081
15275
49212
4537
57062
38566
9663
38609
28716
57693
23071
52747
18280
33658
48123
22922
49945
45574
21928
11647
53075
43174
59746
22485
42728
37981
53240
18592
39496
35228
38922
36782
57838
15133
6502
34959
15754
45942
56903
35700
51295
41220
20564
8506
40474
26740
9555
24426
29403
32467
5240
26203
25872
51806
25853
36222
53934
14308
41977
57925
35618
22044
44973
26398
58095
19352
58675
58391
18247
39885
37988
15617
32896
46041
41464
45216
28859
56530
48605
52531
55872
17625
35869
22097
3689
19370
7020
11413
18485
53541
55520
57742
18943
23322
21111
32971
28054
31288
20262
39603
8672
31569
52307
56263
40974
36596
24241
9917
35362
36653
29444
22247
56953
28950
41906
28167
40320
28635
37191
39186
23364
28284
57092
30661
26626
51666
48399
47037
19669
49893
7633
21863
53690
13417
15329
48080
29330
35841
56860
43756
52938
22364
20273
35610
55116
36253
23828
6402
59731
14096
51724
55845
10439
43087
45674
35341
51647
55463
19803
59859
19349
37604
29555
47703
34597
23200
53594
38214
26221
28451
19752
14240
13914
3201
14687
39251
57210
55410
16786
8799
33350
59357
7862
57466
5299
37034
6643
4223
8290
48006
43112
14752
40820
54614
39706
48010
11284
21815
59581
25884
30798
3341
39529
19988
47109
52017
56975
4911
42601
8505
28458
4067
41499
53218
39196
14533
4314
49065
18015
47732
26485
55098
24689
5940
33340
36196
57389
43216
3023
53656
32911
58641
4739
6558
42028
4715
29842
6119
5466
19910
42924
26273
22996
9148
18768
28106
39394
46644
47316
58989
6536
52864
43607
26588
54893
56973
27046
26071
57617
56963
38800
59714
30764
16501
24784
47689
55521
18875
57541
12501
50891
6821
12356
55587
31812
14882
59001
39995
13878
22691
23432
28295
53453
4344
59771
51024
4344
54248
36652
56702
6090
25825
55682
30500
32582
40866
43318
57215
30956
49842
16883
3262
49776
35470
27784
32181
47020
42384
37365
37228
49647
47704
33633
34983
38810
4299
53623
53734
17286
14326
9125
38881
21716
9520
24794
17820
35905
10336
54384
37234
51359
44203
59612
58101
53395
27822
8793
9824
35105
25958
16618
45994
7886
52061
47808
10692
36602
49177
18773
45209
56541
42883
47386
28826
14713
32832
59135
57491
52762
59320
49691
51825
46348
15261
19816
43671
11163
6961
23348
4281
3449
9175
8061
26896
56437
42053
46421
24679
45088
45085
45854
31376
52777
27465
51966
29610
33447
58522
49794
58426
43572
37813
26308
56629
34511
12694
38249
30418
31335
40414
11664
4439
10316
3401
52876
56718
22911
22953
10664
32679
57952
48956
37042
25364
48175
44602
58214
5683
50294
39919
15793
31096
6644
24213
22513
30862
8217
18956
45622
11115
20612
42818
57254
55686
14718
59041
47225
42452
58722
9714
14978
58529
26095
13044
58277
55949
11180
50561
19507
9237
5595
10109
38726
24717
37732
52589
30937
15941
50654
6262
37220
30527
20251
32985
7401
19520
42796
52765
48561
42818
16475
4237
10110
23458
34884
13977
45082
9028
50214
13673
21565
3472
10149
52030
9792
22269
40778
19020
9800
38317
55269
39521
42371
32903
37247
42640
16771
18170
47562
34261
7765
15196
57850
11782
35676
14485
16706
8554
52568
46387
53377
42330
7230
47086
24455
16405
39303
19148
33184
26274
3074
51389
31236
59697
41420
40911
47206
41634
37375
35493
17754
59384
7170
5413
11208
9352
8521
4557
24036
18121
54478
31462
31180
59122
12199
14161
58972
42541
45338
45933
56859
44835
3787
20601
50778
29793
43985
25075
43100
52581
36415
37576
35953
44674
51559
25408
18442
47200
24857
57692
49126
50802
12883
53955
30590
50167
23635
12493
15504
11414
31256
3627
29778
55649
46061
43808
14062
11268
20705
38803
16377
16225
34582
57297
51815
15917
9211
59289
24341
46499
51442
53720
28548
50865
15794
14077
17172
26253
23887
3384
4862
59625
23175
29140
58960
37205
52561
22037
23097
7777
35021
24247
35861
33358
41793
33470
6383
8688
26101
41290
16079
22112
11603
51689
18018
26083
49589
26605
22396
7373
35026
28132
35612
32291
26604
13572
37200
30030
53155
51499
29994
55559
29628
46690
30125
48834
39971
36872
55878
7649
51888
38567
37392
19736
41046
39066
55928
23250
46797
53291
58929
7327
53852
45142
4413
34684
3857
32657
40501
14208
42341
52852
49738
19098
32764
53239
37228
55034
58593
12046
49688
46370
12147
35453
22863
55708
3754
17929
58175
23088
49129
53992
14184
14463
16252
33730
52774
41438
49436
52339
49176
58798
21079
6567
37132
36045
8830
28714
9079
24545
54742
18696
48087
11363
15536
26053
8539
56983
48526
32769
32996
9610
38637
17641
44826
42802
49404
12138
11054
42363
37572
18779
58614
38113
46732
45413
28306
18275
20421
33798
37903
45807
32262
31126
29407
19051
48325
48535
30556
53226
22464
54292
30349
36858
30286
26161
47325
26101
33096
9956
13212
52236
17102
58139
4336
33655
58034
15516
25044
43643
30069
57959
6713
35691
55262
25432
51360
22196
33063
47361
6525
9615
54503
25731
36800
34076
23745
23584
8205
49551
53714
6442
53839
32338
3261
27116
9426
40375
6511
24261
9519
32390
27358
55163
9473
45334
59059
42909
45915
35231
30937
24077
56608
23957
16428
15426
15846
13485
10536
37936
27727
11254
50589
20802
6074
42446
58915
43594
47724
39988
21672
30858
32940
30575
16650
46605
23833
52425
32545
22839
3674
15583
18243
7995
5436
13820
48311
7786
26402
39513
57996
37330
44521
11339
28366
56650
42738
32924
10297
33028
25610
30838
54907
23649
34630
44220
22889
57517
14086
58089
18262
6001
44114
7691
12026
13178
40360
43902
24707
37247
17884
29485
38855
31351
28681
6223
29867
50788
17028
4722
