767
7999
46248
38010
46606
24080
3719
33338
34365
32311
47073
8962
14798
47655
15824
41343
43148
10772
52432
14961
41712
11169
17333
36389
21670
57931
28425
49313
31084
26505
28350
4385
53709
47865
26982
4790
49490
30014
27774
27576
53286
51600
32343
20777
48955
46156
52597
13566
37387
43138
8096
27408
46487
59411
36782
3594
29585
17102
3275
24224
32533
3342
10038
56710
6803
46909
24223
59260
13458
3448
38502
50840
41520
36840
14001
3727
52480
25628
58830
36695
19567
16370
24328
34480
32565
42761
7554
28157
34362
42955
38634
45532
34299
23455
8824
43401
8591
7432
21848
32129
26579
56265
39426
54966
26292
38138
45716
45284
28606
47930
54017
22642
46450
25197
59437
39004
56462
41222
14153
56912
52275
15798
22872
43609
58942
28061
12192
30711
9901
48299
55525
9612
54133
59409
51219
47204
15190
24829
36345
12138
18119
17308
14270
7106
32064
21870
24506
55979
53385
23825
8724
12518
16785
12034
25571
38726
35284
51552
4828
32197
26500
24476
12351
54296
32298
44490
24844
59051
36656
11361
6344
29805
26516
15215
33088
38462
35479
34880
53686
39547
33208
11284
32120
28809
42794
47027
28176
30517
41600
36087
40642
27238
52349
40563
22819
18873
58006
3086
47711
39517
17637
36406
54925
13927
11416
30060
46514
39220
34210
7834
40015
42349
41673
14138
44777
43396
39221
11591
44971
8223
58012
20778
27733
56137
9821
37187
11800
22937
46585
38799
14628
21650
34405
41454
35887
22916
32718
32777
15632
28827
28576
28800
50502
47264
35101
36091
51020
35500
57408
47278
10507
14847
59120
22113
25238
33522
47050
54340
53785
33398
46701
6708
29747
32915
43882
38843
45812
25676
30957
36392
4856
47255
29790
8591
56749
53395
26673
50477
41478
43336
53036
31955
33816
19339
25812
23340
48148
34662
19473
10644
55346
6735
33755
52449
28654
58285
5033
40456
24458
23505
57155
56538
13692
27335
20900
4829
22293
36329
22453
46017
41005
7207
47146
24377
10433
54481
18414
56283
8326
5872
56546
29328
37151
28289
22678
53359
54120
35029
44236
15123
27911
19473
39909
10233
50965
40726
22622
17324
22236
41762
6036
7023
29223
9879
5087
25170
20725
33338
37990
14425
19108
54621
17348
40282
11930
41279
54730
46593
7677
31110
44955
30940
59959
5271
58361
39700
27050
50447
21571
41168
3586
5893
50303
4466
19165
3926
36468
30563
45933
34642
10355
3945
11937
33467
18747
54844
45181
5472
16572
6810
6690
3639
16734
24428
38598
39360
11279
25925
18131
21173
45173
20639
48516
57512
20802
51783
7795
12738
12931
54340
11618
56353
11449
50620
48626
41958
46380
51818
59283
6658
49623
51972
48451
42507
16738
10589
18732
3602
3990
37514
56181
13748
24457
7514
52182
50252
23073
47265
7534
11195
50914
15600
42266
49369
57738
16185
32362
13791
52212
44141
41293
9382
4816
40635
58671
9668
39690
18361
37136
8974
28335
8615
49109
52630
16442
41403
7052
25325
9610
34239
34268
12641
40456
3539
18495
44699
4490
52463
13649
45833
49889
53587
10389
29130
33140
56995
23103
20752
19640
35976
42300
53079
21204
12495
14265
50805
37400
21785
51623
24672
13720
38128
52793
8286
30642
24104
37624
31585
44045
53060
25157
10618
15230
22968
36327
28638
39903
48993
25810
7337
46544
46839
26323
3520
13957
54855
9655
23583
26415
29644
47329
19593
56772
38976
15585
39100
30495
26595
48649
19093
43437
26345
31993
17616
7515
10219
35702
24048
54797
55148
6321
48696
45578
41027
3556
59835
29789
21382
48198
55728
23442
7405
33252
17889
38957
45253
7951
13525
49572
18938
45524
15582
7014
54971
32431
36047
21515
50658
24498
56230
24561
36605
3312
45960
10625
6449
14022
29874
42585
50093
51164
30085
14471
48307
56914
40670
16605
31027
45775
12749
32916
33185
26317
46482
18895
56053
58772
58293
56887
36445
57047
34007
8107
50158
4298
49580
22258
47289
11292
6653
16492
42972
22050
57455
15898
43883
18595
43523
26827
4634
30671
17511
19823
45418
16592
12360
31807
37900
34932
53375
43191
58195
25340
33821
59545
50221
20435
32873
28388
58424
20193
47390
14402
10013
3072
13655
53532
28518
17670
31636
47842
28537
45610
7910
23312
41230
6663
18730
28434
40493
42230
29420
56751
10764
17418
40407
6401
41351
23973
12433
52206
26208
29956
44629
43176
30061
21275
57829
42658
14007
43520
56931
36902
27169
53240
30404
16506
51711
12072
37773
31989
26209
22083
18042
10458
25295
19882
40063
19195
37575
32407
3549
26528
20876
7585
24828
22001
3574
53748
6380
5574
49520
28105
36175
35198
33842
15347
47958
8518
4670
45890
40783
23796
30273
16781
52260
21855
13544
40610
3526
44020
53205
33742
25695
56135
9283
47124
30858
40800
40254
59146
40210
43689
43707
49413
37033
49433
41034
55565
45998
58258
49261
16949
58328
33641
39708
55563
20815
