1781
41011
40768
38453
37480
5791
42464
9223
37122
14268
44013
51898
14968
37953
14449
5010
50220
23484
54271
23292
57238
56831
34078
57889
6980
39133
11954
7674
24739
42441
20626
11970
48478
24696
16529
52589
48123
4230
47378
33441
32264
19064
6931
57794
34439
58879
50399
55715
16619
39990
25237
56889
38676
28698
39847
38529
17880
10999
45365
26920
30577
49785
6381
10563
19302
40131
29176
38443
35420
41175
33413
8643
35875
54500
25263
17806
27205
23420
50839
47149
22836
47821
55467
24288
23749
29708
29142
46833
37465
52854
20451
53529
35471
11179
53416
50309
6332
50205
41050
13869
11569
3444
29382
47424
17050
40000
15176
9776
47443
41418
12154
30123
17880
7638
49264
8288
46539
41748
39485
42490
37050
32555
39374
4626
44786
55955
20669
34050
31606
45831
8028
24656
59348
37405
19576
45978
22091
55169
39748
57908
55003
50720
59957
22451
9448
6811
56345
45698
57960
7458
43270
16527
46462
43869
54671
40456
55782
29235
19282
17348
41598
46319
46890
45413
57912
31779
56343
3540
52056
9522
20919
18524
53404
28150
52912
41037
14241
52813
33542
39433
15865
53503
50592
51107
8454
46656
57542
39790
55677
15776
37033
18276
28002
51139
10455
16969
20874
37821
50663
53553
39718
29053
49599
10025
14045
43642
4047
30174
36673
45061
49161
27054
57877
31782
53605
26560
15985
44489
35045
12471
23144
40206
20291
18739
33588
16171
39200
54741
47168
19162
9511
54268
43236
41159
10015
45036
52063
22875
38087
49692
44776
3419
9790
7295
44285
54558
8413
29227
27368
44013
14197
17258
20751
11077
17203
31147
59708
46750
19229
31845
42241
24339
50358
52953
21346
55924
22123
40247
29219
14371
54040
44122
59922
29360
54151
12744
6439
54593
41163
27063
22222
45622
59393
52974
9339
16456
55531
23230
49733
31971
40595
12159
38405
7519
48961
34954
15629
20829
51606
33594
52116
40303
48199
33860
45600
17054
40863
9147
42718
4738
23047
9324
24184
28848
11107
21682
30509
41269
37056
7596
20442
57275
25536
11221
16402
36361
58459
42234
42161
23384
44842
24121
26645
9271
52636
26304
4740
48277
51322
3626
50786
50932
14748
52251
8605
59187
7385
50984
33203
48964
34458
25832
42883
41271
15257
51529
17906
34656
25788
18665
22642
9238
6757
52096
18275
56558
52226
11289
48411
32872
21500
9511
8460
52543
36975
36104
59044
14179
30275
21012
11943
33464
27032
11720
28420
54262
26796
7398
5826
35672
54308
14303
27100
50486
28669
36910
35519
3439
24061
7609
15015
48736
28336
47033
48475
55699
53299
45442
33037
18775
27697
48214
45474
11589
24290
58948
45211
50451
23210
26130
36445
8976
52525
55469
56148
52469
33998
46783
57052
59999
15144
35302
25688
14536
23876
29025
51058
51404
6080
24929
26843
50084
33873
59631
12763
36531
29061
19103
55627
37116
14124
17193
59864
35040
52904
9495
6801
27746
57813
34425
48359
44007
50148
26771
22650
29681
46020
43361
29025
15213
58872
23967
28065
37739
37157
34868
37879
51781
7992
51252
24477
29505
26514
33042
20570
3328
10409
21656
18397
49986
59332
55183
20939
52737
10440
21110
27175
34057
3692
37623
23510
18622
39717
39887
50572
18631
48734
14456
58454
4193
29540
55242
47818
47092
35022
30447
47633
27778
45125
25959
19030
12382
47484
11885
15544
20304
55298
34578
22247
41806
24823
35564
54930
19739
15456
26995
22602
51432
52558
26096
19338
10542
12908
46838
57168
29543
24733
26030
56999
52310
42908
19184
16946
9107
54903
3629
39740
24205
10663
51119
43824
19739
36412
24725
28014
30265
15733
46598
14358
28630
58864
45619
27285
33751
51701
13940
47738
17656
23631
53369
7859
21511
49264
21670
35585
30501
46910
15429
51011
8980
58471
24934
37331
11923
52156
52462
21749
36447
39823
49514
38655
7665
44744
12605
24671
34692
56667
19449
51634
4426
33502
58815
7132
41855
19773
9939
19276
12322
51327
18043
32424
7626
34728
26353
36798
52218
5254
49879
14871
5688
20977
18110
27874
36801
9721
9474
35925
20790
30015
51986
59539
48404
40091
17672
54233
10984
23948
49949
18213
32251
3999
59365
34774
58610
57539
27610
50186
22350
42349
20687
46478
58418
34316
16434
43323
28900
35731
43710
10102
7747
42406
35262
13901
42232
23808
14170
52663
30770
51253
49902
37920
12241
45138
15250
25559
56583
33780
49523
35957
50490
55512
56080
44740
9851
25066
42947
39669
9032
39169
9447
19912
32798
16168
52027
39923
4479
43620
49756
17053
31587
23411
30519
7270
48337
37536
8844
18508
51190
50511
21193
48380
44220
28680
48892
44516
39316
27397
35467
9902
36432
38400
29007
28031
35610
45761
53554
15955
8415
17167
34433
27841
32976
7007
58948
38316
58800
53060
11753
21092
25076
23568
16036
47668
54854
16628
23281
35746
24962
22658
48714
4210
40390
56952
46541
57811
54409
37002
47066
51226
28305
56834
7872
50760
3740
23825
37508
59260
12994
30943
52640
50360
57326
34159
9737
47282
43581
49462
26196
43502
56090
37656
16138
14300
52349
50252
59818
44681
55197
9325
36405
40532
30391
17184
15029
58329
59595
39223
47825
7832
49209
8918
39892
46622
35096
57965
9458
52810
26962
37436
35957
59987
24990
16329
33432
20611
45229
43600
19815
22449
34754
51427
49695
51525
47690
25541
47294
25075
45224
17521
22508
58606
54414
42721
28876
29150
25946
48453
45925
52623
4663
15898
52504
22333
21466
32430
10754
21619
45741
14197
48209
5351
59164
50846
15684
55705
58823
28230
37605
6724
14123
6604
39986
29463
32245
51825
28577
22789
52110
34020
45226
17393
42201
56832
27342
59168
30691
28980
45915
43018
47075
21016
21850
11452
49028
39646
39406
59953
11638
30314
40906
41549
37732
48225
59112
42499
5482
11114
34243
11531
37889
55990
41456
48472
47725
23501
45238
12306
26290
15169
20050
38707
8664
7150
10363
54646
55588
30042
59477
13046
18675
6702
19658
32397
36102
40475
10653
22444
19997
54272
10674
58290
48431
20929
36863
42725
12372
12008
53805
32982
17357
53714
15366
22733
44398
17321
37310
58374
43201
18384
16210
28534
3981
32797
49795
16463
18444
20038
46075
39442
41359
34728
51697
25884
27502
37314
52396
59049
58266
25413
42717
32403
52663
26051
48073
43124
13148
6426
44138
21373
34441
57078
39460
45690
23791
18242
4193
14081
18832
49945
51587
55979
42401
56206
37414
14772
32965
47384
54556
6443
36124
14609
29532
34435
50485
8831
25201
41432
16074
54054
22691
26987
11290
17402
21311
9928
19380
43307
30732
39733
32075
18667
32734
11606
44279
26988
58770
11740
4646
53712
5253
34782
57085
49622
3721
45051
15851
41248
43516
42865
54789
30346
7455
55786
34731
32801
30791
48185
34847
42184
43789
20617
37293
49647
45888
21484
6462
43174
46831
38582
15001
5991
16144
35750
36145
21810
17322
7988
8908
55431
28752
31962
36361
16413
39778
39560
10665
28826
29523
11674
42988
39220
29562
8041
3049
46220
54376
44610
24240
11952
6339
37525
55802
54917
4433
6895
36731
6579
3211
15875
41100
31800
41251
35227
54600
50176
8628
43591
44707
26020
28809
34094
17521
14547
58163
53349
29774
43739
29332
55248
56078
50896
14134
9646
25899
38425
23402
52244
37345
46881
19569
57780
30172
6962
22902
11725
9991
10264
40889
13529
44893
41307
40945
13399
19183
46174
41934
34719
29597
19106
11911
11512
13103
14397
6050
54579
13823
51842
11575
39753
4011
39828
10292
55711
58168
18832
53460
57491
14970
26752
41922
11377
56316
51292
37465
12385
49297
41227
57649
17053
48260
46772
5819
22145
47742
9788
42287
29184
45440
16535
5438
37574
3263
52762
22491
29766
7007
30650
33521
56760
15632
39019
8957
53339
46208
17654
46994
7970
20049
53442
10427
24264
48910
23120
31511
39054
30955
41480
58380
35415
58043
31635
37450
34313
54925
48404
38069
36337
30978
7241
24118
38800
10607
49548
49788
28331
18942
10613
24298
35915
18519
29808
23138
33854
14418
14244
43555
33486
58667
32954
56359
14806
7694
58531
4856
51340
15964
15449
27625
40820
31426
34427
45614
45825
55563
40203
56074
49050
23443
48964
49024
56445
35145
5576
9951
28678
40581
20932
18715
9067
6456
33939
46709
45299
8636
23560
51793
27529
35050
8389
9827
41203
49707
46155
11921
14183
29395
20451
43630
7926
40275
10519
53809
5912
57459
17813
50146
30824
50963
32524
26371
37103
15339
16445
28404
9768
25758
34442
31966
41268
8911
57477
3548
56981
20379
18103
47537
49999
8354
54432
16663
33174
48796
41547
24780
3129
4476
27978
23569
56662
16941
8018
49545
54651
58502
34469
44290
36736
5784
23640
11243
34296
51550
51101
34750
18551
48031
57485
15986
10748
51729
42813
15603
51189
11609
17185
50899
47145
34751
7964
6323
37176
47920
4509
9829
10723
42795
23257
57338
53655
20268
34994
27851
43382
45576
58426
44403
55014
52405
18311
54005
35788
33565
20941
54600
34362
47423
5590
53791
55958
43736
21313
10124
12243
49603
56901
6088
37860
53010
15074
59978
35058
22106
54613
42732
26333
27083
48676
11671
49655
41021
27522
43537
33673
34956
38468
9764
44999
58529
31700
21368
52243
13061
16655
54047
35308
29964
21424
37478
19450
6155
9255
45275
24579
4697
34164
56504
21883
7188
38642
11160
24142
52303
34628
13207
3028
30130
39692
56020
5657
30827
42476
8274
47134
26830
59959
41015
36826
50614
9489
44299
28243
13493
13847
5967
24724
35223
20565
16522
38846
14645
44459
58842
27468
44892
54678
46010
48590
14578
50276
25188
4731
59632
35045
45425
26118
36960
37285
26361
13677
49495
58625
33688
25485
50483
4758
19715
39036
46405
25008
14634
13445
45244
43844
15304
43748
11324
35657
5176
51120
59688
5256
15560
29995
35482
59383
15986
50038
28829
30943
42490
7087
21548
5872
13673
9039
16020
37650
8570
41789
29255
31961
22303
37348
8072
27328
9466
24069
59380
9563
57309
39527
54887
55854
51513
12057
31510
48963
32186
15279
27842
43469
26120
48637
54162
58365
43806
43613
42232
13628
35633
38374
5994
28367
54980
45842
50880
4413
42956
45928
39035
11066
55497
52475
12410
8891
15622
29485
25446
56753
18408
11946
44403
27341
28672
24279
55620
48244
58120
36639
29087
40718
26338
27994
11798
53999
31279
28830
11909
5615
18089
15844
5012
47393
25331
10735
48603
53543
20388
22027
20158
7834
12931
32485
36174
6145
27846
44990
28583
16024
9249
53405
52577
57773
40852
21206
35008
54936
31555
17222
30511
5299
45769
43664
56044
48916
11078
52350
51186
56626
3238
32523
10261
59563
48496
10813
46685
59373
3784
38169
38642
54958
52907
20033
28716
53132
5447
34173
44620
25114
43330
26428
25347
45735
30005
52823
41435
12406
41112
11180
41574
39758
36979
51802
54767
32611
3930
35876
14580
8478
37290
12305
48381
52950
4769
19331
24666
51309
8225
10104
45198
25922
29065
14680
31980
57225
59255
51615
49447
32162
59231
23959
48353
22497
34977
58056
30649
26760
34286
50029
33790
41514
50722
14478
34061
40814
57678
44735
22839
31275
54832
50944
3184
57353
29472
56238
27666
44489
38983
21737
30214
11810
22888
51533
9675
15260
54812
46273
30779
51649
52311
23625
47862
12892
55218
17683
34751
24946
17413
32264
27740
47622
37025
23840
51873
46856
6990
55469
5872
22358
47711
19697
12224
