1487
51975
4184
31427
40289
3788
51357
29314
33892
25305
27768
48857
7846
28519
49730
5140
8261
15630
47773
36424
59841
37412
38492
16345
43198
47744
10745
27268
55595
55693
52542
22319
12172
47730
15664
42852
14673
51162
7429
6300
38450
3689
47353
57815
37986
9094
11991
48001
55448
10577
15478
55203
36524
43946
11379
23699
44995
22188
10299
25175
11885
7623
55399
58553
38321
35391
9483
59284
24577
36056
17098
48893
18325
27254
27984
57355
52951
41923
11303
27735
37539
55817
46160
55081
41280
36539
33653
25094
44225
58168
43186
53070
59285
51202
59780
35553
9936
22961
20671
11764
48625
49232
20516
45397
20657
40490
26723
56770
13364
57542
45490
18249
11231
15235
23986
5984
25402
46459
30938
18777
26076
26163
29573
32287
46638
29639
44630
31662
11220
41981
38001
46437
57070
31431
37296
17866
13617
26433
19193
40011
31395
28669
30214
15595
35990
7126
28072
35632
53062
5670
58336
36988
45856
5103
32530
13866
55210
33882
12420
53081
54079
43952
54800
6820
36658
13719
16137
36549
36628
11177
52212
20738
22643
9433
23156
32624
18285
15567
41997
15211
3771
16493
45551
25812
33138
16431
20318
40417
15684
37465
28237
59977
32478
32642
18942
5124
24495
40763
30034
41192
29468
50937
17021
12190
15952
22937
38120
57733
9132
52174
10873
47477
20247
53181
41766
22757
54780
32951
18544
49812
55468
30605
4538
10201
54966
43033
58014
55011
29417
21652
55574
22510
38773
33954
40072
38614
55366
35188
23638
9747
11007
27914
47796
23519
44336
24079
27475
23583
40740
42060
43435
51052
19695
20713
42123
47660
7861
8797
48896
46207
37685
39160
20133
18746
3938
40237
49780
36769
45563
32056
14587
17751
27029
26312
24693
33731
13691
5922
41930
44968
50272
19752
44142
12244
28674
6583
36246
57660
24949
30984
46590
53345
21017
51807
11569
6548
54562
27474
8847
34483
44836
11386
38344
44690
28798
26882
46347
19355
46974
11289
31296
6482
59324
5333
55735
56407
32896
51066
29887
30880
30414
53020
24975
54361
34322
10121
43191
57585
12417
56766
19814
59560
46463
10547
35061
30062
12047
33641
49474
10186
38763
49451
25850
44025
20987
53318
3450
43396
40551
7876
28179
44732
46579
24739
34495
3231
27617
21070
11435
42595
22373
54118
47024
21152
6464
17090
36257
53325
52565
45986
48039
33606
15304
37291
20466
35710
39624
48674
44069
40796
41340
43781
9560
45474
54624
40002
42519
10886
41827
29097
15896
10930
30170
40264
40743
6555
16246
24977
20454
26753
20682
33072
14826
21600
44894
24880
22009
3408
43935
7807
34368
23827
22997
9473
24788
26258
52033
53804
28894
7014
4179
6589
55003
56663
51710
17398
25536
14917
58285
58699
32213
41287
50544
15962
48921
14795
58313
29035
29509
32310
53358
45782
56062
42261
5213
53416
51929
3995
21574
32702
49437
24397
7772
4742
3794
40097
33933
25152
4282
30560
57644
17825
55057
57788
56535
42624
39216
45094
54581
8501
4329
37440
38082
58963
29814
16632
10611
42427
44194
34860
36953
4755
56149
8248
30296
42945
41486
44868
25620
29354
50426
12733
7079
53806
58551
43019
47695
41335
56026
22926
38787
18607
11339
54685
48268
23821
58806
32008
23872
39334
37633
50786
35081
40616
35609
13685
44671
53626
3890
31684
57207
54185
15139
11019
38322
51930
15297
12074
32903
28206
41265
28915
42771
42152
28012
56598
49786
35130
20560
44614
42771
33353
38133
42656
39458
43824
42346
18789
19810
30859
24665
24184
8810
55122
33621
17515
32720
9274
20282
21423
36476
18097
26344
23687
58388
53745
25181
8122
20735
22878
4029
24727
54101
16074
32140
39469
3478
9657
32282
18982
5397
21431
4360
52910
51756
20347
56473
34898
10400
55667
19177
49744
57083
39331
50260
46626
44076
12096
52245
46858
3843
17551
32701
8718
13019
49456
26744
24629
23002
17006
12059
4616
28636
9429
45764
58789
55857
9901
44077
30029
49722
38203
33216
25158
52308
35230
14656
9215
17896
53612
13610
22217
59154
45998
20767
24561
32150
53956
12480
53110
6996
29053
57413
18819
48823
23107
52150
31439
15776
13331
17967
37331
51199
44237
59525
21918
5127
24762
25664
43847
44917
14784
54157
6951
7201
6836
58944
21611
10810
25246
5966
20762
5984
32804
37802
45653
56143
41494
53400
19648
5375
43123
47698
32389
6560
53204
53295
42420
52479
21021
3359
47428
16608
33713
19486
51750
34180
10980
6647
34297
28090
11522
27794
23879
44092
45907
40871
18328
53985
55187
9799
36701
20522
20433
28409
38660
35776
51557
41187
12255
18672
55232
52350
40057
6338
16165
6344
47029
4523
48261
53039
14083
53955
24559
38969
18902
49157
20360
21587
57718
9732
31060
10351
22452
11326
37240
32485
58253
9414
45379
6399
34436
23857
53858
38284
30848
23566
51559
55586
23193
14751
54994
9503
52466
44727
11934
56917
16089
5746
22314
33630
43220
3907
51345
20826
28678
7901
27385
51870
33666
59623
31211
6800
44187
9183
46390
10069
30632
4055
33194
52500
54644
36485
38265
19460
21963
12942
26154
34595
24501
19522
58034
52319
16871
59634
53995
13387
46315
12645
8242
21634
51488
25934
47505
55065
15959
46629
34714
55856
36363
31268
3527
40810
23586
24370
40306
18612
31242
29773
6856
51856
42407
30030
31157
5066
26025
51507
30245
59339
6517
24527
8348
5743
11056
46644
11805
17041
15474
50630
14012
41763
33014
43104
39109
13199
16053
24874
47031
45474
45550
54926
4140
30559
36791
34082
56268
13198
28065
47600
44877
43023
6920
38807
29996
16459
4757
37241
26674
55454
27896
8410
47725
43432
34826
22918
52737
33418
22952
56877
23111
17009
47535
21972
47377
8978
35797
46235
5536
57541
5765
42989
3657
7853
48463
17236
8037
44092
55148
40788
31850
30836
15056
46670
23018
35690
32481
34805
33387
48480
42877
11497
46590
9995
25180
36110
13941
39123
33296
50130
41436
36493
23856
42723
15889
33386
20891
19000
32510
3825
59408
41990
15336
7465
49110
23633
6605
23183
39186
50985
51617
19773
8068
52715
37551
10736
58375
54276
39985
17341
55001
31362
52666
49899
48959
29972
27958
6621
11085
41776
58757
42809
59385
58519
40822
45439
53760
25922
42257
48777
44276
14419
15941
18089
40646
40198
16637
10866
14829
35528
30744
50693
25707
41993
39811
55597
55756
49076
26609
53382
43450
26132
25448
17998
4695
56783
23109
3533
58881
9588
27666
56032
55691
4680
21253
50549
45625
49538
22946
30178
33637
48703
12823
3996
43366
13623
40417
49936
3299
53004
34758
56007
34779
29284
40485
31561
37403
55071
24174
14945
9264
57753
20868
25958
33284
17299
22849
13684
15651
26207
16820
21347
40996
30416
50889
36382
20975
51091
27365
13367
31647
27780
11604
28021
43086
56289
16820
39097
48819
47383
5622
30134
57724
41203
13355
31872
24727
33134
17341
5089
35460
5296
40935
48260
45954
23948
13490
56373
58109
46530
39165
59267
27683
52533
52895
32336
42574
24881
44780
13425
59330
8008
42350
8328
31482
9981
41488
58931
12294
55448
41388
35900
53854
58555
17506
40465
18068
12322
35737
47171
51033
46409
54000
11385
4249
35529
19034
45159
19197
55267
57014
24160
19230
19083
29243
44682
8797
51558
57061
57988
46645
10045
21403
51235
47378
33550
55452
24388
37077
34856
17183
14644
45192
57453
35558
5974
56225
59361
45645
55423
53772
29758
5725
18297
47562
51923
45540
3387
58566
38649
49101
4930
44081
42878
55975
28379
12030
52569
9361
53220
36984
45668
36734
11162
35783
19667
8828
12201
52081
26742
35193
20569
14376
38508
5710
48970
58533
32868
51635
42502
6006
20342
26564
58683
6604
35199
50194
13621
44383
23192
22851
47247
32964
48007
14766
3458
48292
20170
14187
14054
25472
9491
48010
52906
38012
7601
24037
37402
37503
32802
54107
47475
27786
20050
57509
30363
7806
47643
34108
46162
30883
42945
47494
27032
35461
33890
22230
31177
38977
41492
22082
49296
36866
52882
10664
15554
17026
59677
59396
18288
42477
38660
31832
42415
33142
33663
50526
50024
20603
31344
11328
17921
11237
23867
55307
39531
34930
19867
18432
47948
44966
36337
12229
5477
10130
14854
57818
38579
35151
16270
55594
10427
22857
38340
25792
20918
53383
39637
29790
14726
52736
27364
3468
49092
58135
3854
36430
49123
58764
40574
57811
42931
50925
33292
22607
53266
26940
45456
28425
40045
45502
9663
29122
19592
43749
37223
44281
22931
56139
38721
15079
24750
27564
43396
55471
37690
9522
12737
29343
22578
59084
50502
22088
51006
5233
33026
13965
45851
24582
40784
48270
25926
40876
14799
10817
33239
14187
26882
41698
18251
16823
4993
37393
16374
58062
49075
57563
11750
13407
52072
35879
6889
15989
27546
23591
33817
20798
20790
13170
46774
22343
56317
50796
55220
13677
40443
25166
21865
19771
49579
45229
48009
15380
42648
14288
49291
11771
34469
16313
27499
54000
35326
25974
36206
23557
13577
9465
55352
43425
35687
45579
29948
25730
44125
56666
57913
52360
35225
13110
25831
25708
58717
51172
41243
36662
15533
50450
43751
14941
11240
47218
12216
53375
13927
42056
58133
31526
22966
30627
52586
57075
36390
48082
28734
59633
19500
45098
23749
29694
3837
33625
59263
30978
18868
49974
34568
10348
27417
10773
13898
38140
9921
24511
53831
40200
49562
40805
9279
4182
42678
33258
41740
54642
37353
16513
45031
14194
42330
6976
15806
14517
18933
33295
27858
55815
35072
13390
34298
24389
