948
41021
48005
52157
48368
48319
5522
27644
13964
8388
31729
36750
23173
19815
25686
7738
27018
27185
38116
49227
34648
10810
30009
58311
15815
25885
33717
20551
21626
32603
12406
30003
3390
3930
33435
7980
32186
25301
46872
19450
58274
50779
38161
27104
54323
56713
39966
58334
3020
34272
52459
33317
42024
54833
31500
26522
10421
27318
38170
16383
56341
29343
41156
10820
9417
51969
45651
56465
57872
58350
30734
24322
48158
14609
29347
36597
50742
38941
49750
11661
58816
50707
31099
12598
29027
31680
35117
7805
10598
7343
29782
28237
35400
11923
53109
46807
11375
45011
9034
27837
7744
13675
25669
30661
7527
38601
24220
7150
56638
38342
10993
25171
9142
47359
42009
13818
33495
15303
19471
50947
27547
22265
22404
38590
15323
6713
18366
43645
49594
53420
32213
22937
48343
28364
5013
48611
29217
21075
39578
38475
14930
57957
28309
28902
52414
22894
52067
35489
32530
35918
9523
20424
24878
14015
52947
16547
41638
55045
45046
41044
51135
43687
11465
19687
25260
36360
25428
36197
9396
16778
7994
23356
44027
43307
56221
47565
58005
46211
12761
34580
33625
18602
26054
25135
26668
3112
55151
44378
6086
30352
20754
32824
30001
23095
8380
8113
55135
4962
45221
20015
44062
43892
17315
39806
29345
16440
8745
5331
17642
54802
22091
4772
41742
11796
22948
18568
28554
47711
19277
44129
53762
16440
35810
32361
34496
54549
8313
45186
57901
59136
36970
44704
50088
36988
6040
51565
22275
50573
42960
31368
36451
36998
4962
24776
17009
18483
10992
3668
40540
31143
26721
33074
15589
26147
18532
55058
8009
56243
6160
22699
21789
6392
46046
15235
31590
41075
30226
48051
38267
16521
4038
57445
24474
48142
26034
12282
49657
47907
59471
6252
59726
31654
52396
27912
41675
6115
56146
6644
56655
38646
28517
56470
24083
19992
6575
19075
6753
40191
16601
31766
5381
18640
28143
27166
45691
11319
32626
48982
33208
24288
36783
14770
57357
8675
26878
41248
52610
20071
15720
6265
22456
28476
6968
15752
53198
34812
36214
56157
26888
31437
24426
36675
28071
47565
58328
26759
10234
6373
29832
19951
22224
37005
23791
12226
26432
49642
52371
8139
12725
27513
46948
36562
44120
17392
55965
21105
38247
23900
34192
14953
7309
11543
55550
31470
12511
59275
8519
33823
8878
3813
34427
12622
28468
42146
49783
44268
25684
31734
59123
52539
4992
44902
32877
55893
17183
27309
30783
49023
55313
43396
52055
41993
36517
26460
32608
46261
51523
5737
51902
42265
8127
54445
56267
4551
49866
4664
47737
22609
53500
34932
19761
36135
45257
9651
29251
18675
40583
13447
31592
29925
5147
25463
19034
12270
52989
38227
19239
28963
37258
37652
16379
33361
48521
27089
12614
31341
10844
56873
5777
53922
26868
8392
38510
42785
29770
6947
10427
13806
58710
15576
41297
13983
41695
11098
52113
18868
9626
59175
16301
17071
37291
29447
43407
20336
25254
59400
38731
42931
36205
6280
6257
14414
33089
28962
6640
10143
53197
15428
15463
39037
17964
54877
26507
12353
41974
11379
51593
28413
27189
44430
36796
18199
54885
21694
10931
8009
22101
56561
9323
57852
12757
51041
30432
41128
25467
48000
39383
37473
21257
24775
59149
54433
49004
8694
5440
19807
15426
19905
4859
4854
18683
27591
55839
36069
29885
47081
8201
26660
49942
33927
27845
41153
28222
12927
47587
9393
47120
22427
14139
29336
37074
19048
55007
43669
29549
12768
12879
52220
26772
47821
55759
41648
29897
33010
35746
17412
10766
5303
42196
19926
23519
50519
4943
33393
17388
26145
18886
53976
9387
27096
22819
11547
17467
24694
10027
38921
18508
42218
19925
13091
21655
37923
33295
46349
48030
33778
35808
27301
24083
10851
53867
23332
19011
37028
46015
7298
16368
12056
50192
51443
31825
55721
4611
9275
26802
52377
57618
30071
13160
42237
55991
10228
58119
22880
49062
27227
30573
35320
39098
21918
33344
29272
57893
4097
25060
47951
12538
45016
41991
51980
12512
20596
20407
5398
35356
15283
19369
32493
15565
24812
54571
21811
55186
15309
26538
57395
48971
8371
21449
10686
18939
33747
46367
5355
6057
32905
6260
22006
58435
15402
27000
9399
43401
43465
28332
39388
26026
20951
4065
25115
47454
24076
48990
38917
3023
32582
54319
29543
51399
43886
53657
39234
59423
57443
33409
46622
46590
52233
22797
50500
34475
15686
47176
31762
38683
7462
3876
39219
33771
25795
30517
17080
24696
9968
12894
30602
32385
6500
52583
8197
10184
7499
44718
51167
21764
6038
28345
41425
20122
22024
5092
43217
57878
33716
3176
54723
22753
14280
7586
27379
13303
7640
5432
41192
33491
49453
35415
45110
50822
6942
10687
52880
23069
42050
24301
36554
39121
50816
9191
36034
44331
56457
46209
32680
23731
32261
48573
23435
18328
55189
31086
43920
51487
54896
58805
19609
45708
11238
41950
53383
35315
24409
4385
59279
20430
40288
22965
45782
12993
42516
43661
27547
56256
52412
13415
13624
48172
21642
50411
50976
52749
32768
28676
55533
9296
17027
33221
49768
28898
31944
23877
3514
55461
33926
59132
10292
46499
20091
4788
44795
40228
47483
28110
42520
57119
3445
29879
8731
20669
53719
51289
12357
3208
3833
41232
47072
57365
40558
9640
43312
11543
51423
37858
17132
22142
20624
11117
54943
26548
34924
59001
51842
9891
48012
21375
44618
21908
50952
34943
35433
15747
33049
45163
36032
23246
6028
41838
4468
4677
45582
47311
59915
46055
22760
10060
52963
27851
58106
45664
30123
39976
49587
4497
21097
15824
35177
25843
50446
37834
42584
39132
24092
35334
7004
34596
17085
36808
8519
58730
37129
21492
38269
47433
48637
8921
12895
54338
46598
29598
52259
32415
33828
46381
36100
45498
27328
24379
15985
3205
59438
50093
24041
5593
37015
3555
18578
26027
16226
45849
44444
44170
57568
16535
26109
5499
17293
45685
31643
17907
57028
19385
47756
18941
35442
52801
40315
41107
44372
30068
11475
59681
54002
51438
5933
27410
41331
58995
41068
28861
