2075
30926
47077
17257
17788
42670
39243
24902
46314
26485
37804
56202
42553
49318
49462
32403
25644
17823
45370
30412
32832
20919
52635
26722
54788
4307
21019
57676
10837
45275
44083
29900
39826
52149
44049
54054
40071
48742
35420
5999
24277
49856
6968
48840
21439
55669
29995
11003
11011
9546
57295
45956
32989
57586
10150
23968
34456
41024
10678
52318
5076
34073
5938
48036
26098
3394
28284
40096
33812
14077
48247
25685
32615
38306
15324
48458
47165
55039
52748
16908
53353
43870
15749
34969
33758
14302
37762
3963
7595
20145
47654
9887
30899
42142
47306
33533
32341
4044
46027
35517
9927
55522
6934
44035
53885
28950
34156
59697
53360
20573
54406
59025
20845
32732
43667
35656
41713
34858
26061
48356
12198
15298
48566
17547
47382
6021
44515
18457
16519
25673
20968
42364
36548
55847
20544
58282
32501
52934
8117
27679
30813
3328
34948
47185
11442
32067
41920
56906
41695
41199
36675
49746
49295
18975
29053
31687
44485
40197
4664
29207
30716
38658
30821
29755
14673
29446
53546
48588
49699
45801
27647
46309
46721
40086
55398
23219
59184
6874
3177
19501
5674
11321
33723
56823
32951
44012
29115
21746
33303
9101
37934
20574
44474
26386
10787
38288
44123
33047
28806
8295
27550
47154
46690
17810
23526
35269
10643
28381
53339
37283
45897
10110
20380
51812
20154
53764
8795
50225
53546
59566
36026
24980
52681
47503
38944
32080
42537
33703
27427
47145
4697
50702
29065
33960
24316
48633
27962
52732
49759
23297
54841
32271
14683
53341
15132
37669
34109
33394
20951
58131
38016
23445
58528
42105
6035
55076
51874
25985
44532
36211
11246
18328
48890
34879
29003
15452
12171
36189
15592
7589
58960
7695
14066
18664
37045
29290
34445
26697
37826
8072
32597
45618
39736
49678
27187
22326
34929
27903
10405
44385
33703
27397
57682
50455
8144
56203
31172
38153
52462
45463
34721
37230
49481
25798
27845
18326
37159
54680
25132
9300
16660
52087
32811
49589
13542
4717
37281
30228
58117
47233
14304
54250
57968
21492
29582
47391
28638
21669
10630
41818
49428
12010
43190
15293
27253
59292
6849
36451
8726
51824
15020
15805
44435
8974
38244
14536
5545
33620
38196
32307
37306
40642
5559
51149
59193
29087
48590
34618
13051
58374
11847
25372
41267
4118
18291
59244
32634
38451
28703
5471
39497
7932
15375
41997
8542
13499
21116
40825
42687
6953
21451
47685
11104
14443
27359
15554
58769
9764
7906
58544
27358
59135
39330
47656
48882
38903
40985
27866
39328
53932
42183
31886
27099
57531
34291
17212
43523
15108
38047
37152
42007
47394
53199
14354
56159
31854
57729
59469
11383
57552
48198
3756
23794
8993
5679
29088
18569
31062
14893
17324
19250
10845
59136
46093
25377
52683
27253
40839
28877
21702
31035
48864
17845
22822
17444
48891
57868
6697
26412
10896
32770
14560
55509
8404
58437
18019
38480
47060
5228
3063
30493
6026
42933
11025
15792
18383
49399
52316
11549
37367
50747
20715
22199
57953
17681
5347
51451
3702
4107
23189
38804
14215
32955
55725
36420
21949
31863
9096
48297
52887
23950
57517
35636
8146
59719
16797
8160
59959
37444
57297
8570
48307
55879
44141
13948
5898
16353
30428
44498
16298
51564
56582
52313
16507
57995
30382
42658
42922
30278
32715
30612
47147
59001
17444
25822
58192
55731
28966
47566
6952
30809
55096
6049
7828
56093
59159
39162
47894
47217
4239
32826
56228
28815
35380
17482
32208
19715
15587
10867
12630
41702
39862
11416
4439
14803
39742
3575
57248
6417
59433
53118
29410
22058
39682
42377
16461
34204
56198
43893
16929
24912
17075
36567
37765
40793
51673
37575
14368
4943
45907
50990
23593
37288
11955
4821
43387
22441
23165
37561
6242
9156
20685
8796
57726
3296
12196
29102
50726
57087
11493
34132
58322
59150
19060
28722
36400
40072
17330
57391
15327
42608
28758
33430
23017
30552
25551
55305
13919
27048
41389
19039
38495
4683
8021
35712
37358
17965
52283
42266
43103
57713
58990
9874
54968
5112
58334
23080
49718
38898
36110
14531
54913
45714
5400
53455
57296
44616
56581
9875
42313
39822
25852
19867
15543
17193
18447
22128
33362
5591
9718
46174
56164
40226
48290
5659
12215
37724
11344
17842
48457
16776
3562
24407
28262
56428
34852
18218
21159
51535
23314
18912
5865
38681
46326
33920
56581
29328
28869
43311
52446
17365
16050
3547
27908
9309
55212
17265
45148
16974
23755
55033
5704
21019
14189
44839
49150
15648
16471
30699
17108
33803
42464
52502
20393
5259
21356
36017
13927
51298
22729
45733
48488
16392
56438
46994
3754
25558
23798
42332
32113
13376
59490
5098
40197
18464
19481
32435
42818
27428
24784
42631
17986
7310
27969
41623
45037
36274
26569
35916
46660
39614
48791
40944
17215
14765
33139
33065
58247
58676
44410
33357
4995
7157
20857
45038
56809
57254
41334
9304
19490
16214
6426
39929
5770
14752
56887
29657
9595
22899
56478
40687
47508
5768
22584
10568
6342
6455
44097
40716
50067
45001
16928
13905
38005
46692
36538
56729
46676
57418
15201
12032
24046
15866
28503
22080
5718
19484
6117
9443
49967
33053
27554
38400
29735
37867
19958
5216
12385
40960
12048
58708
6901
42795
32400
11155
48260
50204
58765
10244
23063
38451
23995
32393
7237
57111
41952
5070
52315
6141
32995
28379
20478
47713
43596
46235
49854
19583
57478
50367
51476
22637
28809
32948
41247
35184
23325
38371
31111
9982
52431
43656
39989
35727
59269
19615
36318
48742
23752
11274
40065
13130
30724
10372
57242
43793
53271
21669
40048
51541
54117
28480
36307
16981
4553
25605
41301
43828
15346
50692
54711
24693
45677
51539
58649
29420
13625
16749
3061
5092
49301
26335
44607
11373
56264
54350
18198
26666
22080
37504
14411
9103
46592
58170
5060
29853
35936
50494
28830
42337
3694
6280
21844
9425
58554
23701
28780
36126
34269
28961
33756
46755
51023
29244
18070
10726
55126
40899
58516
57500
25155
7450
16394
3563
9316
6844
5241
34599
42306
35904
46122
58536
28614
46747
38870
9030
18390
13966
25767
31050
23782
47971
43614
55192
12054
57754
14087
49003
55272
11806
41147
51961
9490
9397
6633
10499
52835
36429
12834
19047
14169
28886
20829
41206
17481
45245
46556
46591
49889
58469
44166
7390
57364
54778
20001
18733
35247
57844
9002
11937
57380
13999
17907
16135
15152
57491
9406
22412
12647
35581
42343
6347
36733
25188
58314
27562
18145
49435
31474
16454
33120
13725
11811
7770
56725
24857
44054
20549
38809
12362
36085
26684
3259
45744
15410
48699
40619
15485
22717
3589
40874
15851
45636
36165
19128
59412
47260
13222
11541
21072
7757
33727
46964
38751
23767
19296
40651
36292
29376
17140
8587
57619
16430
36997
39076
21212
28831
50069
4742
39876
9426
33598
21296
10445
56216
32215
6801
5995
47344
14421
36996
4339
17698
13981
47939
23195
40813
58451
49856
51287
26408
29852
22357
9037
33497
13504
29119
16099
30400
12632
59800
32090
46566
53562
10341
39916
34021
56987
55594
7805
9109
47471
10717
16631
12619
22190
5031
14737
3595
34191
11582
28259
16313
18455
12520
59400
21402
7356
59915
43678
27963
36824
53846
13284
48209
7073
28388
37417
48929
46076
43479
45175
9293
40687
51637
45091
52196
47045
6809
6357
47621
53247
52464
30188
9267
5626
58559
43049
18268
55724
6439
3005
51310
36355
7528
27493
49969
25277
41979
11020
11053
44201
11007
42788
43171
30030
27515
28913
11074
39561
28683
38744
46250
10998
24118
14636
7007
33384
35775
58711
9104
34962
30542
58766
8141
40569
9659
27622
40244
16361
58327
37595
30969
32909
15774
14676
9828
53336
16618
58384
20556
7976
23708
31345
25067
29792
8755
11853
43027
39340
4875
32967
42904
9504
35135
25615
43872
36365
40291
27935
45171
52165
6592
5000
6252
48928
50696
24615
19647
41662
34978
59627
11950
58071
52960
14988
55781
19424
31912
15915
30607
47330
53045
47380
48026
36104
48443
51353
29626
5337
56934
35618
50468
20736
36593
27414
30025
55530
45692
56361
57993
45638
26958
11464
20469
23928
20315
50162
43558
29439
41677
30052
20946
14364
36161
7510
15242
8375
6565
44025
43489
49399
26804
56402
51646
3370
4672
49697
11545
6321
27145
8803
14146
33172
32700
30694
52889
25189
25201
11537
38560
52402
30472
20859
33643
25278
51445
51521
13776
30216
5601
30128
34950
29907
57032
43005
49260
30444
58991
19691
14080
21878
38277
14559
17530
37168
42273
11572
3342
58282
9647
13854
57307
46415
44141
17412
43895
52140
20221
48221
26806
45832
9037
38896
44694
53615
20597
19647
22771
26845
13173
47031
40023
59344
51884
47090
59256
51768
14863
54489
3979
18748
50104
28498
43023
46595
53707
14799
41134
24667
6747
16993
17862
4510
32859
52932
52490
27575
56304
47587
52635
58961
55666
59830
54590
55662
43454
52550
41328
32088
5370
26491
53756
8302
7142
24230
14019
42348
43249
34523
17198
14955
22679
10654
29524
8181
32875
38612
32362
43426
57481
34312
8091
37301
47156
17622
22129
51466
23685
36612
7510
44510
40363
55706
55442
38237
31119
47481
20046
37693
11882
30698
38221
10402
12609
48719
19091
44096
38656
41580
46558
58219
52141
25292
48299
5400
54490
53525
11880
21186
59955
54848
30364
13294
28917
40078
35212
41287
27301
4078
47145
11163
4429
41451
35952
52253
11246
23033
54202
26516
20358
5072
58926
6769
9583
53441
6078
54009
41186
59350
22398
23291
40145
41843
53440
39854
24821
12506
52946
52604
46757
49437
24860
11538
42376
18297
6935
29559
23642
51561
23258
16043
34393
22892
29003
53065
20357
20580
13479
37345
28976
58801
43332
27034
19029
33634
51678
50191
44008
59755
11321
13887
41557
32391
5689
36901
14197
15689
52877
17144
12495
17590
51665
55124
4033
43577
55469
16284
53570
30027
23116
4446
32642
6541
48490
23447
5289
53392
59021
58042
20967
8342
5922
3473
39423
28093
29466
15822
16006
24116
10697
43198
50956
33745
17982
56796
29753
22097
7645
33053
36850
57350
32035
34524
47614
4963
13559
15458
57183
52410
29002
27908
29209
56475
19193
15187
38515
6017
5972
11910
46619
22016
50107
43204
31459
20742
27161
47204
11025
6752
11710
17403
42894
14095
48590
46781
47016
25587
41198
45730
56404
31669
39287
36190
15590
31083
44507
30429
43191
27537
44812
22080
35733
44366
43616
9293
19419
53118
14053
52387
23044
39343
16740
28083
46974
20346
46009
40182
28129
26700
48263
12803
36054
7815
9377
31705
7827
22463
7292
31841
27493
9664
37047
18579
25322
42785
52194
57973
43055
51967
7104
3363
49952
40360
8716
16154
37971
50300
34240
11596
54695
42412
25411
51449
16224
5769
55112
15351
20969
48410
34729
44512
43695
34194
10171
27255
31967
10145
56745
27036
51890
58751
51456
16487
29481
7242
12825
28057
7690
5585
39664
51241
11015
46912
17385
57741
7801
51311
16984
46455
10951
51554
8462
44898
36777
36771
44501
34255
43684
36251
33899
21987
31074
7647
58780
4737
55058
49952
12419
25808
50955
51442
31810
43247
6465
10762
42614
32360
44312
12518
37594
9294
57964
54383
14968
6635
6791
25106
12289
10798
33575
32092
59138
14320
18240
53125
16607
12122
13097
35809
34670
55835
49002
23740
40010
39582
48044
48470
29940
7170
36546
45292
56841
33574
29627
42891
25259
15643
48080
27139
31615
10294
45245
44846
5787
5628
56549
3045
8196
24499
39527
44040
46911
48941
18908
55537
44979
34024
43936
29547
30276
56589
31697
22358
50097
53882
16719
27201
4338
39456
23013
28400
17711
6260
54479
25144
4535
41021
8650
16777
15902
41812
45924
10511
22625
22746
38138
18346
43261
44221
46307
14479
4053
41482
12608
32072
47524
59209
24557
57001
43911
25927
42475
38132
35478
24414
47758
10224
6442
15027
44265
10440
11647
44843
14833
13230
37898
20252
27144
12690
46183
11865
31658
38287
16392
21507
25787
8619
27630
29846
9904
12882
3463
26880
26646
15908
44954
38967
42088
27657
26983
57270
54398
10018
10025
17471
34970
5507
26685
48806
51710
45220
51540
32845
26058
8261
5605
49577
41610
40222
40250
37518
16117
36150
56386
5135
9061
3535
18059
53141
18485
39991
58171
53475
56681
38649
24695
47603
4116
56061
18749
18846
52665
17174
20481
38811
36766
3478
46691
11797
52779
39865
6215
23527
27281
21392
5250
8030
28140
56031
32415
39176
54145
37585
37967
51800
12114
14204
33064
6272
43205
24799
37412
26896
58664
11199
3565
51681
13549
25215
37016
43294
19130
3135
11523
17785
18806
41914
51332
25784
6145
27988
41005
9293
15382
21647
22975
50996
12120
43509
52244
43795
24986
5365
16287
15049
24976
29333
54375
4095
15648
45878
7364
48898
22235
19848
47018
16033
7300
43332
21026
33427
43446
55694
52404
55561
58815
26923
13546
33204
36762
51924
30077
44413
39899
58824
20380
34696
5155
10669
41902
54815
10403
3364
57603
57789
16565
46071
42362
41022
55268
15760
14630
46075
36801
55512
38831
28061
24032
56272
15683
3925
27265
37504
32810
16977
46507
46370
59951
21754
21891
19130
27756
34523
34446
40146
18096
45198
48265
22723
4685
52356
16809
27657
54911
9179
14017
