125
27485
43059
35387
32922
54269
34390
9480
53372
14696
33627
34333
33392
40675
13298
36871
57552
40731
41986
37050
28255
17143
28473
44206
53293
40412
12606
28188
41554
7381
22164
10863
43483
38272
59666
28194
23136
57220
17398
51618
4617
57036
26893
49012
58401
56641
43689
45668
9659
43685
29578
43869
29497
25221
30055
32277
10844
22417
14375
28609
57718
59080
33584
18206
46251
56658
13686
33333
7939
45819
12746
19691
16546
40406
42076
57324
26488
54063
6191
13106
27994
55351
37913
52499
40842
15838
11717
25310
15621
10552
32391
11911
42751
54716
4757
41261
31345
7645
10855
6443
53920
25059
31436
49160
56505
56151
9708
7096
28546
20220
37398
50806
28906
24314
43595
30503
44378
12257
40535
33150
5262
42412
51690
58056
35406
41480
