1405
6810
33434
26027
30454
34394
42258
59603
26971
46996
13895
48363
40204
12010
59091
41807
5212
36298
54055
39620
37560
34288
23431
16577
58585
42568
20894
37981
9639
26381
46116
46979
25737
26602
54898
12237
23689
50968
37602
51512
50630
34317
30216
43908
16329
54037
35654
37923
20625
56388
19533
35925
49160
54939
38219
10371
3127
7588
44387
31940
6660
15795
55286
54693
11315
33246
43929
33848
33914
33804
36078
30411
15487
45090
18677
42270
21721
36907
58633
17973
36602
40686
29462
5140
4141
41152
43678
55317
20240
51631
34463
37399
28988
46375
47420
46267
26947
9513
17878
4213
34617
28180
57539
52327
45721
34891
48658
41548
39545
40578
22784
17395
41782
47761
16187
50157
31014
57522
53253
47497
20528
40817
39125
34571
37206
32118
16561
48825
19277
59079
55970
7524
34536
15813
11703
12843
29971
37910
13284
54879
25767
27650
3593
49832
32129
17906
20199
17275
26362
34435
32073
41557
36828
17430
48481
20974
30671
15568
27637
18445
22174
58660
11551
42213
10401
16273
31387
50955
6685
35272
6635
31721
53807
19337
39380
59694
33652
41566
26827
43400
50196
12363
50315
15824
47677
39937
57073
40726
26315
54783
37666
11910
54665
55660
37470
49728
5174
25176
16715
43775
49916
58702
43605
32279
12347
39836
22671
30259
13143
19466
48746
52203
4633
33068
39888
9347
27847
5279
55237
23924
48028
19406
37443
52178
59973
11416
18339
30816
7405
44090
26111
5374
31037
57092
47180
46081
36804
21926
42248
49643
31206
46989
44202
30784
16090
44165
13967
25478
44627
29185
20565
27358
40807
40808
14032
48881
34606
52621
15067
43863
57750
49550
15186
31808
18183
41006
26199
40482
10846
57126
50811
25472
20405
46206
17685
56271
37559
54356
38930
57790
25843
11659
36273
15661
28220
25223
5404
51917
9968
53689
27175
10614
40314
36546
52080
34472
58710
36993
35268
43458
51309
27603
21093
57528
20780
57699
19146
43658
38304
50675
13344
52689
50121
51605
26980
10244
14992
51902
23338
15714
17052
26110
18835
10143
49353
52315
3507
57314
49148
23803
20054
54469
35881
51268
48794
39044
58597
23841
25339
9451
23790
14893
4660
9799
54974
47911
54746
40712
47241
14603
34944
43313
33264
14772
9651
20023
54316
36051
14663
35076
39205
31324
36260
29816
22096
31718
55813
16943
28620
38236
6337
43945
4198
7817
3096
16416
50677
40726
56514
42566
17041
49936
13518
11507
13460
32638
53990
44506
33277
12917
50423
56716
43481
23958
54058
28318
5764
19301
56460
46320
17606
21802
35371
18850
47653
7250
41797
44936
29769
57130
6487
56886
48828
32500
22162
3357
29961
6061
3502
9493
57000
10215
11955
18772
21812
12409
20149
23130
25726
35509
18899
10684
15644
28896
56220
59236
28011
39028
9486
53076
35717
44910
5425
57663
40108
34954
4226
28685
42083
4438
36118
38964
31741
43950
16645
22899
31127
30111
16377
59763
57532
23555
11274
5705
29396
36262
44866
19883
46811
10659
22785
50691
50001
13306
34946
26775
34019
14091
47291
58429
5947
35368
22248
18731
17887
49243
31257
38445
41311
51627
49481
23386
37129
10533
27477
15691
37650
54726
39931
43271
35113
43138
51147
38819
3574
47198
56816
3777
57711
40575
28279
34178
33493
46484
19950
45918
38857
30888
41513
12346
54039
38941
8731
18368
40270
25068
28410
10594
54413
15089
21516
43436
25740
25613
9833
43724
7740
53915
46179
54304
21339
49988
44997
35347
46391
11209
20179
44028
45963
6834
50037
19009
23454
36158
50577
49093
46707
4338
47675
20835
24958
30888
10673
29434
41309
26126
32537
15063
41520
38912
44689
16127
56234
17106
54909
47128
31055
46989
26744
3640
36800
42069
22658
23755
46926
21328
27824
57411
16814
30820
28046
41085
41128
15692
6720
24050
10492
39167
46926
57108
49249
20411
31645
47497
24573
35473
37902
27711
6997
12267
35772
11902
48547
59708
58224
45804
24755
10649
4797
4689
37935
3147
58760
55484
56132
7618
46869
24332
51502
33368
25384
26482
59724
40117
19354
43954
20025
23735
59630
7909
38682
56206
38821
7361
43518
8682
42585
30102
5968
10558
39179
30999
49030
55608
21138
50996
19321
26693
25306
42178
6750
53790
52107
21667
59542
24017
36696
18468
12109
50173
59212
44236
6130
58535
14996
35999
35536
59961
11541
24828
14249
51984
10575
12793
29983
6706
46824
4801
9135
34012
36811
16234
16643
15183
55035
23050
57800
37979
34827
11609
52255
12544
43801
58687
33947
6791
55124
30077
12334
17498
32778
40356
19031
45015
42039
56823
8818
17008
38416
5009
32613
5359
43508
53397
5098
14067
20354
53595
28963
46519
30896
13052
29729
56655
28026
8684
48421
16834
32714
3165
56324
39442
24444
12365
51071
44423
39324
26776
42740
24578
42887
16517
16143
23508
35086
12635
29532
45917
45395
11903
59138
47912
24154
43974
49788
6937
19845
55563
49970
54756
41135
45517
59364
9532
28289
15350
33024
53506
11232
54419
36320
17470
44167
38890
52701
49910
58410
37336
56659
42251
53745
40592
29228
39786
8572
17646
41461
5391
56336
10509
29711
50190
34937
21605
36632
57015
55496
47109
28189
50308
45327
6049
5519
22821
22714
38245
47939
34329
52035
43850
21015
41560
53025
57808
29210
46395
31534
45422
55322
56624
32266
53022
58620
9783
9322
9719
25931
48020
41794
57656
23438
44645
49615
48703
13850
53869
54161
3843
44832
5252
32598
50433
44398
20640
22008
17794
57788
40133
15552
12445
40963
24149
43060
19978
8291
56168
25302
10159
38802
12235
33103
30534
50157
46481
12216
43881
40453
11857
49136
43590
22325
20395
4948
40813
43327
22220
38085
10137
18529
3623
35546
48439
5293
41292
47528
44696
57568
27821
23099
22826
7302
58623
10826
25503
9820
13202
10831
47117
14327
34303
45381
56024
40585
37606
24140
37613
43831
28386
26022
6415
43789
51743
47261
27592
32967
46592
18519
53263
42190
15189
17022
40575
50610
49100
22005
8754
34200
39203
11760
49992
26662
6715
14656
18422
32324
59851
11133
7700
52685
18603
32968
50565
58528
31718
46185
14571
35204
31766
55862
11362
53569
8839
49565
43768
17509
5881
56814
47824
23093
54218
12829
17900
10367
5244
3923
5039
5978
49074
38096
45154
30474
5163
35842
58390
7931
22373
51682
19718
54512
59578
26031
13488
41479
46072
21953
40986
32228
39848
28577
53768
13769
36167
33600
55940
9238
3957
56600
4327
25452
10783
48239
26539
56629
16057
12054
4286
55571
9732
48832
6970
48633
37284
45229
9452
35968
17133
16053
27435
29739
17536
55336
34031
36741
19613
23564
27841
39448
22483
25384
48964
4467
58627
6888
41297
20184
53279
21935
58145
41567
42570
24168
29694
17945
42136
24251
18792
23847
16168
27562
56267
52254
31189
49884
8445
17073
36978
25934
48981
25550
21715
27445
32891
49932
16011
20807
13455
32133
58991
51787
17693
31062
48976
45246
29933
27492
42488
27701
56215
38766
42479
58790
54816
42239
34887
20675
19258
17450
40962
27634
57245
51004
21407
49758
44600
39431
45285
53150
16669
38962
5591
36929
11101
50970
3318
6467
36653
34856
52094
49965
54241
44600
25419
19061
14739
19736
4028
51845
26641
38963
32168
36635
9884
14562
36525
54730
28509
30017
6314
59504
36452
19671
13908
21666
33193
59035
47840
58224
26230
55339
23512
12351
16005
14830
26858
20516
42242
32882
41486
30708
51072
30839
26068
48869
28859
14088
27935
44145
49935
33865
37364
19975
24982
54685
46094
36060
34095
11808
10259
46235
55864
30366
19702
49094
8296
4146
12125
4796
29107
31999
5109
53870
27555
17468
20229
56295
25031
40808
56379
19830
51544
21995
53528
37527
19921
53699
35324
50126
9272
59919
31036
13159
24636
42677
10182
17337
16648
11113
43720
4454
31537
15634
40052
17834
42537
27451
12833
57636
23738
8937
33706
26207
17563
55826
57140
17529
21126
29292
58545
22330
50399
19744
41039
22545
46495
6462
49950
36960
6723
39630
47230
11950
20294
50581
38008
39025
44074
46338
5417
8079
29557
15977
48171
44685
8889
10665
13904
10941
7978
21771
38404
34960
19362
15972
12628
8346
42139
19043
54652
31258
44290
54138
6751
8928
27743
12915
38898
5320
21360
27334
6194
32657
31653
14538
16324
55089
17833
53127
22304
55469
10558
37001
10619
42869
33286
50380
20659
16288
30808
56718
34429
32867
54777
8531
33169
14593
50221
47222
42183
19799
9800
6106
50931
27420
59631
17453
56249
45890
35269
40963
19820
7878
20523
5320
23461
9773
39478
6191
16930
16723
46314
44750
48976
22616
44062
43008
44956
10552
42710
37933
7077
56090
19381
10685
27589
25816
49155
19105
28201
50787
49117
14198
38698
21604
29535
39747
55500
56775
10754
24738
53160
52545
54439
54051
33424
11592
23995
11219
46535
27905
11312
45915
40031
3018
20072
19129
17826
51449
30915
16235
42051
4654
42645
51886
54716
27905
54525
18410
11046
32592
35655
49554
34650
55853
57184
15448
56665
