1109
10724
56985
59424
22092
34242
8504
10929
5726
20178
15894
31536
39324
16773
22795
23997
14199
51629
13564
32038
57183
22802
46890
12049
53968
55785
45488
4354
28116
26966
29531
8986
24691
32047
34246
19591
51929
4858
39236
6796
21007
27324
53464
54110
20356
11714
21197
7228
17636
5392
19213
19726
40001
46607
25611
52015
46385
26647
55108
23980
35433
4872
39204
9935
5825
48996
11121
25006
50552
33750
17909
28939
35332
6856
42248
21966
39696
55838
33224
36654
36476
30138
12214
30240
53503
43233
47509
24816
46162
47234
33618
41245
45890
21775
24458
51655
26460
42489
25270
6800
13272
22946
19012
12546
7638
26717
43532
24006
44404
20936
3220
22202
13404
46141
49561
28075
9500
34284
5066
37056
47336
37219
51824
51072
5771
42805
26301
32183
57552
35294
36091
59499
46087
25294
35982
53748
11761
38726
15566
30097
45967
33837
59517
8114
8454
16694
56536
49892
6901
43226
30551
28354
22907
52427
48423
51590
21796
31444
33487
50131
44992
24983
31832
24820
41009
7889
10227
33536
52988
44923
13888
55021
17360
37399
28508
54083
3857
29262
4571
13349
32439
39766
49601
59385
46385
57141
52429
12146
14070
50274
35767
24110
21274
17239
24627
5277
4489
15404
51914
47533
31483
9280
6510
45559
17512
53843
36828
24586
59508
26755
3063
10018
7227
25520
48919
43284
55015
58366
21589
55129
33647
26127
53009
7267
40544
18190
38874
43125
4360
50026
30032
26557
26093
4584
7544
37555
8237
36653
47275
23396
40649
44243
23321
15555
45199
40514
35963
11384
9498
18069
29145
38581
50917
28276
14130
46920
58610
31477
15319
22515
21963
36168
40798
24488
10728
29445
34024
56276
49482
29706
22910
40351
32719
45120
7740
32391
49328
32438
15246
57908
16549
57810
53100
51330
43781
57897
13807
51426
3271
44478
45340
27791
35530
19101
9747
36528
58635
13504
26111
32908
5138
59247
46730
54795
7060
12972
45283
25807
59695
3060
12944
31132
52987
55347
56520
28654
25961
36224
25785
46733
46831
15123
37637
46115
6878
34889
57195
21311
53690
22747
41123
30763
18712
32159
43585
21191
21545
37852
14226
31838
40165
35698
41148
10533
23806
59554
37524
24945
52167
45556
9176
38624
6221
14479
44273
38064
9220
18679
15128
12749
38577
51535
49208
55989
46385
5918
57639
54705
43526
30402
3988
46589
48338
30231
53599
55372
23062
59794
36785
4728
4800
23989
48255
36532
20126
47717
55004
4180
27958
24346
57819
3936
12030
53478
3006
42931
59817
21354
32118
34605
17326
19611
3013
36222
24042
23712
10368
53562
11768
39835
48417
26765
29362
5273
37762
39247
12828
43683
13741
45128
33264
54211
12979
21413
48359
23337
24545
25281
45111
55717
18751
11251
57043
30968
12494
35432
19444
7039
21428
34343
34555
3141
25962
48045
4188
16161
16654
39644
24996
35960
17705
59548
58159
16212
31773
28451
48777
43386
19356
23824
58563
55318
50783
36205
52578
12144
15719
15425
58115
13894
41558
40173
4326
44744
24621
35914
27025
48712
58025
57181
50861
44734
46011
42431
12043
28731
23353
54331
4560
30120
15693
35361
19179
44146
15749
8373
3959
42019
41770
18704
43818
3815
46915
27066
29898
37839
35685
31419
20647
50429
18398
36559
40709
31790
52650
52197
28346
33154
18732
31852
33085
26356
50628
50785
43080
35351
7008
44714
44843
58090
10686
18123
38684
52743
35698
12049
34919
18611
39859
15897
4405
45402
45233
54362
48150
35230
14801
20965
48971
12813
44244
47838
18983
11843
50375
51691
7168
8967
35951
17730
32816
53136
29344
11823
55670
29264
8131
25266
19298
10095
27974
3202
43185
47132
34664
13432
42833
42639
5370
29977
49264
8743
4645
35503
39966
36923
7647
17855
36564
19007
19773
44440
25521
18513
56189
28443
43443
47010
32676
12179
59016
48109
57800
30917
6641
16701
19548
54866
27249
12881
17961
50470
24534
9714
52256
47274
32022
27044
57952
45099
35618
44902
36065
39130
43933
37383
57023
31921
12019
36402
12991
16086
29195
9856
24849
15999
7669
59693
32775
17990
34049
47319
5906
10951
41630
23523
3179
15333
19520
10569
45248
32863
53904
54298
37256
19167
13165
52730
57232
15807
21516
49162
56950
16872
18573
26623
57318
44935
4487
52829
28526
7900
20556
38107
34439
12743
40588
14538
38474
53148
48068
43644
22640
23273
4874
14812
18943
26795
19880
44323
43826
55145
32616
56340
39802
39882
3143
48376
25533
23095
48380
46430
20663
21005
53614
16455
53647
33541
16224
21436
6049
26494
20954
32803
32888
12545
33944
5253
44888
33275
33202
24127
47126
42897
20626
15915
30158
11219
36200
28637
45243
48139
27836
43228
11619
23812
6969
59676
20822
14636
57592
39116
58158
53790
25638
37667
47934
56198
25389
43655
51796
47023
4560
38058
9482
10713
37665
59888
23144
46428
31572
56670
23984
20852
50988
44994
53629
19671
57739
24881
33970
10910
54588
50570
42497
30329
25332
24847
27166
10647
47283
41826
46124
12732
33709
19692
50031
58970
49061
39843
15157
18139
28103
24152
54294
17965
44825
9134
4962
51582
46900
7721
45823
30208
45973
21071
41948
43213
28505
12497
16325
17268
16474
7539
18935
9494
17023
33171
18135
40747
47262
22131
22591
51341
16899
37771
3086
42002
36063
17877
58256
59082
48828
13207
3239
37361
30912
14292
54454
48787
38850
43140
30236
21876
49002
6640
5759
47573
17823
8167
44984
20346
55648
19641
29555
22739
12469
42857
8132
3254
33057
15327
23226
13899
46831
10987
56718
22951
46900
9718
3604
25845
7963
57029
59380
27228
3899
29216
42370
27592
41508
22349
55212
22248
38667
38817
22101
35945
19318
23830
29620
19133
54699
35861
39168
48428
11283
31194
5778
25989
54275
9206
26757
24334
28249
38789
37977
58321
54922
16029
52324
17522
13942
49665
5137
31537
33163
45914
36750
31692
14214
13560
50972
33701
12555
15205
44943
3222
59116
28103
46757
27215
42123
3314
38974
56851
53142
34911
26168
27069
3589
11000
31267
56280
32378
16122
39701
21490
40232
23972
55787
21163
53315
18114
45192
19755
29874
3823
35357
39604
31785
16410
16680
4761
25672
24132
25908
58563
37965
41094
31965
42761
47370
50267
35297
44690
23765
15600
31170
14762
24966
15872
20393
48207
41135
41237
31028
33551
20943
27493
59061
34238
56904
52265
12480
22742
54710
27946
31013
16241
5162
25162
55833
31453
20981
24581
18719
39245
37408
45997
7388
49934
5020
9453
27642
6216
25766
3942
46535
14636
43059
41480
4603
9667
35576
53276
3781
11459
14327
36227
39524
8644
42880
21918
48071
14697
34770
44721
25864
44751
30384
42602
39087
27860
39714
35072
28803
44156
47889
40032
11922
6997
37125
36930
57191
21897
30473
44403
39322
29622
59590
17382
18378
38031
32813
45258
5744
3077
53136
46711
45724
18512
39284
55267
23005
57569
25627
9435
19155
7224
10356
48889
14682
34975
14569
36284
29605
56407
45388
43876
31949
27025
31348
3337
48451
4591
21854
57220
13218
40511
25960
40767
55642
36118
50100
9095
3348
53035
21912
22962
