775
28728
8082
15237
6072
13265
39426
34690
10073
43813
53098
54982
12568
56681
19972
50206
59400
37025
32496
24621
43569
42681
48323
41719
5590
43914
31424
40936
6066
28611
49014
30813
58438
40099
23716
41752
41966
27644
39999
33036
47083
4192
24582
14157
28255
42813
10963
55452
47774
39101
57885
7342
33907
49373
44699
29468
24185
30937
33205
7209
8207
59214
6447
21974
43127
23131
26218
55989
47099
45579
26378
58350
19846
35069
5315
35255
36577
10701
23363
32285
55458
11633
15361
6416
13571
56373
43818
40166
10275
34039
47561
5622
17313
22513
37936
11270
50721
3997
52375
46033
5201
45223
48981
5574
29047
42230
13989
42358
46165
11608
22678
12251
31455
48944
24315
19903
29984
51123
38655
41053
17850
28771
56400
50104
37678
32928
59168
16152
44347
14017
41625
24579
41611
38383
44091
7577
20504
57726
23229
34851
47838
37229
58414
59044
39472
27253
31555
28611
14313
51963
46236
28684
4128
59034
43830
17349
34270
18708
47573
26209
25975
32980
25153
54597
53124
49828
59332
29892
39848
44469
12938
41971
30243
41641
34166
36976
33942
35554
47169
49351
50130
33759
26744
12678
37621
34909
6411
19965
22476
5765
40901
34702
32246
33267
45906
39683
28870
46453
42220
55614
25753
30956
8405
36321
13629
14966
54012
30621
13710
27753
34702
21454
32032
27645
51759
5664
57024
29344
29059
37049
15751
25370
17168
4567
20306
55873
45983
43546
10045
56577
57692
50655
48734
36927
51667
30626
17923
20878
38304
37178
47800
41117
45580
43997
13308
41166
33248
38195
10553
4391
52404
22781
17773
16373
17651
44921
40590
15967
52165
54282
5590
16013
9472
40400
18956
26748
24171
11635
47260
21530
44197
44061
33261
21789
9294
6288
32256
19129
11124
9771
27117
41818
18767
14929
5944
20315
17924
50871
43004
37025
36582
10608
19671
11548
17160
5030
11406
59571
20687
43787
17345
46688
3206
33420
40755
9839
51614
59193
42093
6960
33924
19503
53354
17124
31070
47385
4696
31446
54833
49817
23817
11490
24971
14660
35133
5324
17353
40279
28799
10709
21731
46827
37247
37437
59980
49951
23990
12655
3321
33250
49254
59791
50852
41915
30022
23611
38269
40857
45299
46391
29912
34704
4275
45842
41630
19247
42545
33448
50154
9185
28505
28194
53959
47271
31177
16447
17373
13696
59029
54930
11085
5298
17697
9974
33185
11491
37023
8224
46894
11447
12682
42292
47165
54595
50317
20535
44754
17529
35515
25084
38539
43871
36341
22946
23517
34113
27199
9035
49632
35609
26407
7708
7966
5310
11995
7622
36294
26963
28433
47587
14343
47079
31179
15096
4864
12980
38730
30749
51254
48795
41656
33180
7479
46350
6666
54548
3139
14796
6931
40854
22071
57038
45333
30743
39203
47969
51466
5797
17435
5538
52826
28169
17032
54834
15593
9722
18434
43925
23553
31749
51244
47866
51782
8582
49767
4282
53815
52485
24213
11311
51765
44742
11953
36498
29868
49270
48692
3629
28627
41841
18124
14112
21290
20758
3306
18624
59218
11671
18470
6080
43855
16448
45781
25251
54088
41556
43377
55246
48038
18367
23904
5502
44132
26025
5521
22105
35850
27802
43464
3966
28278
30256
59837
25870
20776
34009
44345
42746
29659
59349
19659
57641
58398
12649
28123
38552
56335
37557
46663
51863
38119
16892
29804
17201
11785
24837
8590
18907
17653
15299
9311
24631
45300
53807
51111
44290
5263
23974
34676
16902
35853
46655
30528
36904
21662
29506
13761
7560
32404
56039
10064
48980
45048
40692
58486
27016
49013
53672
17489
11848
42403
35020
20634
40451
16629
37356
24801
41437
47459
24969
51623
44914
27242
51910
37790
44586
43746
57445
11081
58740
36834
16705
7475
38609
34412
4412
20840
33181
5160
13998
51829
9087
23522
15387
8048
58190
12712
46485
45306
54826
14489
21129
20037
57758
36434
54732
17973
55123
47544
22071
29474
10446
8353
54023
5386
26027
40285
56665
59915
54939
54446
23815
18693
8518
40554
16577
56157
53976
5695
55249
4821
37873
40201
57624
59264
48840
58351
12203
35213
48888
4363
23584
20678
43534
51397
17930
8169
48596
24545
38809
43400
59279
51917
31209
27911
17543
32793
14162
59848
44977
46996
10453
32858
53194
28179
49764
15291
43146
22226
57096
45823
57660
58931
29841
8087
50807
54089
48383
47598
44580
14599
23043
46582
27154
46194
22842
58779
26276
7687
55199
36955
40115
49561
54550
23261
33905
5103
29308
5263
7544
39716
42650
32709
11935
57580
55548
22382
52577
51445
53092
6977
11869
42400
8826
21630
39024
38428
37966
29678
5129
27270
14867
25642
24261
35147
31920
32307
36651
3296
56275
9632
52627
42387
6096
21869
19062
53092
30204
3099
10729
7693
33868
28357
48147
52495
29772
47759
6149
29483
38589
36518
29417
10989
20786
57646
7009
55827
22282
9843
35859
18704
21305
56740
18893
6767
38118
27184
11386
46890
24662
19777
21005
4724
23975
10894
42293
