180
57729
34446
38763
33805
14024
57577
50837
38324
38969
48402
25506
37713
7004
6110
48242
47911
54413
25269
11326
39113
33132
47561
20324
21192
45026
36884
51311
18343
22608
57240
33850
25715
8870
31675
44084
49786
43869
53038
57750
15384
46794
6986
49878
19818
51488
26630
20796
20994
16450
39295
42798
34090
23561
33069
9500
33458
20203
56371
24508
16606
55634
31915
33294
49022
3109
57283
46708
38686
29495
13885
41783
22298
7534
24321
45052
41971
51651
6468
53245
59018
19832
56210
19841
50981
54848
16490
42191
56362
22392
21872
10934
56468
13804
18364
16823
37473
13909
27293
33276
5185
17275
19642
58158
57085
28681
43460
3782
50260
21802
26683
9660
59142
25443
50937
54768
19322
16869
23045
45600
57641
5728
49898
27604
45911
55264
41455
3611
54451
6391
30012
20949
30867
5969
39453
51237
3875
49577
16429
22048
18144
24680
39074
19214
38343
41671
30025
25244
31243
54056
23200
48034
46023
45443
5084
7226
34689
11631
40009
8587
11419
28902
41074
23725
24396
5767
24982
28573
9937
32477
15372
53018
49553
24304
9357
22283
17025
58271
41221
46774
5681
