415
23519
38208
39051
48970
45305
39349
6305
47041
9739
51387
6665
24335
55148
43501
25101
38532
16413
19832
56082
14589
14714
13254
24803
40819
35021
29135
36834
11214
14884
48068
30192
8289
39817
35479
19674
54129
17392
59162
37172
59591
38075
24740
55089
19196
55822
7704
47442
40169
24321
22757
16721
51500
3668
56019
31928
7073
17662
34329
57979
22521
36682
3415
38112
27060
57972
12025
33998
9875
20608
25611
50907
53636
22560
35733
12076
5424
39023
23369
41209
28285
55755
40522
20835
56160
27285
10850
47379
47188
16020
50139
24459
20300
56218
16107
44920
16852
29207
15855
16076
32857
20784
42697
19364
47680
52694
52884
16016
33987
7845
30320
40990
42104
25595
33076
56125
34354
28181
27272
15423
44563
39262
48105
57055
59821
46733
33137
19369
34405
47727
41524
21717
22926
53300
40242
11320
45224
12560
12676
32816
10256
40548
42583
17669
39773
14416
8847
54931
5362
53333
35462
52610
35645
24027
28355
55610
17499
29382
35709
11703
25683
31472
6139
30848
55514
33365
56442
33560
51141
28586
36823
45401
14248
59556
9717
17460
4611
41255
35824
25608
57576
17711
30770
16822
15058
35331
18255
59876
42264
14155
37723
19563
34238
46283
14319
26118
21235
39405
55699
46997
45425
43858
35327
29613
5756
49124
59389
48971
27522
3094
49210
51078
51878
57478
51134
31246
57115
34646
37934
24394
25359
23858
29056
13867
7741
40724
29409
38267
48606
54996
32563
14538
46499
49825
32361
27297
42177
23083
34021
56724
29571
37539
5700
39033
6250
53096
42393
24404
47749
43747
22806
50813
51808
3323
36969
32968
22450
31602
7667
29841
35322
21800
29742
45777
22601
58838
22243
58841
47937
13073
12198
22735
37142
51398
5475
59417
34545
52564
33101
37835
54665
29127
35992
45208
24492
24236
8035
34064
52079
27120
59398
32250
8223
23445
23156
9118
37515
58258
59906
22614
13541
30842
27855
46471
42939
49489
46797
28756
53175
16726
43364
3652
51821
8090
25677
26902
59008
14446
7631
9942
22451
47138
55513
12411
21156
45397
21354
59569
50547
56976
37653
7412
42975
11627
54694
24135
22125
53668
36618
6959
48896
29672
4838
31959
39284
9780
5469
3628
4430
6684
48433
52687
8010
25274
33147
17787
9999
12923
39372
31708
48873
42484
11411
3858
20458
17331
52833
52194
17416
56433
19593
13644
5468
29309
3021
36420
34316
51020
27059
40558
59543
52213
11780
27069
30304
55149
5726
23218
43478
38085
28800
21072
40141
46812
17517
3917
19645
40953
21333
16530
49460
18607
9395
35044
20304
51017
41241
49297
57504
19214
38720
19867
46815
6702
18545
29547
