1949
19485
19478
15784
46468
51330
14964
56176
26530
3935
17225
22880
15849
40802
4728
25820
19029
31682
8042
44312
7603
8401
33850
44970
35235
5497
27842
39328
5330
54582
40779
20221
25885
49208
27444
8082
56755
58739
28575
30131
48328
57093
42223
49854
25532
56173
6740
53521
52026
17342
26063
21050
29604
27783
27146
21683
47910
23730
33837
3258
41954
37842
44456
27598
54812
10262
18805
7068
39000
52756
34818
55999
47883
27461
43716
17791
15087
41528
22068
46054
12915
47683
6994
35016
42360
5631
52198
37142
7499
13705
20474
28792
35038
23907
43548
4875
7520
24520
22795
52541
30718
39465
28875
39862
7290
47186
35342
29048
34961
34491
15673
26300
24811
58865
20727
24086
14000
57359
19744
57901
56973
6308
5437
50074
7467
57973
34381
35970
21324
29778
41927
51356
10418
39570
29769
16705
33912
54377
32267
52570
3005
41876
42461
53013
23260
11169
29787
42774
10269
56093
21501
39524
49792
16637
18889
24447
55576
44624
15027
39669
48180
42994
23551
55614
36958
40002
36380
47440
38134
6767
10823
48457
39726
27504
20527
13225
59988
8800
58239
45723
30755
29246
52176
41443
22664
42929
29321
8915
40279
52472
4919
9184
58751
6927
12649
25899
38351
56067
36089
9827
59346
35882
19463
47500
29520
43130
39697
34114
50775
16723
43759
19754
52102
46379
11251
50892
57744
12263
19743
10800
25038
17122
3510
6567
53103
58577
26985
56236
20264
13752
12132
17584
30890
28066
31307
48782
42415
52364
14337
24320
3253
19193
21485
53463
39006
30030
38201
54640
34061
51465
47724
45988
15385
8547
8075
41162
47693
56341
40852
9626
37360
8757
9169
13298
58279
55755
44012
51750
35420
22049
3445
56131
49808
48823
9709
49935
19100
16766
38855
4976
46141
22764
37511
56831
48531
50526
17820
11796
18956
33671
31682
18398
43368
58209
36929
55049
51771
22289
12426
47640
42822
29587
22024
26982
17092
53673
26587
9352
15333
16099
5046
30484
59453
25695
26705
53481
27646
32677
12006
25707
7204
44643
22338
57581
27908
37896
49161
48069
15224
51483
36103
37898
16722
14900
34710
33527
52779
36599
21221
13240
31567
47511
57489
7001
37495
26950
7497
32894
58090
12511
45971
57035
7739
12269
50012
38681
49985
20826
50575
52552
29560
45539
3645
49428
39676
50184
57095
44006
21359
50230
17313
13144
42501
3513
5258
46843
30020
10806
27212
57661
53950
17495
48491
15702
26657
14001
34914
38558
32791
39365
51998
4067
57814
28661
37336
48946
26368
4459
21943
21937
20743
46930
18873
39679
31181
54147
46961
19448
34613
34713
45950
44555
11969
33839
4306
28990
35272
25653
9459
4113
25832
27078
16545
53078
5910
13655
10690
40413
57187
28647
24801
8828
35189
46507
48247
31105
23348
48630
43486
40146
55694
13818
38853
27529
46685
21228
34691
14683
31562
8292
9050
10220
22667
36737
5443
20254
5998
55330
54440
44813
43844
37867
5446
38874
29067
38351
23332
19059
20136
19549
32707
35839
3258
5931
38375
52423
57276
3353
12066
17264
24495
43290
48173
16187
20179
58416
54060
21341
43448
55434
59624
27051
46418
45982
6000
4134
7485
15711
49871
57439
17431
42932
14454
10989
30809
38980
38250
28263
33607
32421
52912
31479
34843
21366
13577
53085
33229
9803
38323
21667
48907
30278
32851
8023
38094
3212
29651
13110
59884
55227
3649
25458
54676
21391
34361
20835
10961
49070
40196
8092
32108
50340
41401
27960
41213
52132
53694
57905
18060
21080
40509
32158
32247
52151
14744
53887
37142
39674
29749
46236
54409
57287
47892
19109
5933
39397
45643
5609
10711
57206
3570
25324
12862
30585
13322
20856
37365
46692
50696
57912
39138
43898
17794
9772
51885
34870
34612
48600
56163
16662
18309
58492
51562
53605
36896
22964
30767
44316
43721
26337
11200
58346
16736
50309
35404
39317
39125
23022
7873
49915
18853
17380
14675
31757
42402
10028
34139
4718
36420
15759
26786
14698
34929
52283
32979
15113
41884
29340
10414
10327
28776
51880
59194
7377
33365
38569
51778
27273
51133
34046
59145
41497
18661
3283
56125
43035
41873
48134
57881
46437
28282
48635
47694
15502
23335
18059
33564
34009
18217
23799
37182
8614
15004
23619
47517
14758
17652
48581
17031
34283
49097
51631
49601
53951
53558
22097
25564
29711
8924
11231
16789
21202
23182
57082
20198
46521
11188
56705
56019
42492
34725
51245
17283
7936
55770
26191
25516
30695
42497
28000
26015
40798
45932
16021
23463
21989
32501
8703
55788
11404
19183
53569
28578
20219
47599
26691
45092
14000
6894
31423
32694
34806
33544
45437
59940
33346
40845
39364
6352
19091
56475
38717
40663
59395
55650
15309
16028
10701
50418
8776
49892
41681
11857
23163
45517
50769
42569
34845
3619
7690
30213
48236
18489
32201
17443
34865
15616
4495
40915
43395
6139
45336
52767
23696
58625
12451
54706
16525
16455
20304
51787
50130
17338
58605
49610
47342
41987
14304
6018
16529
49551
25012
32343
21022
28559
18067
50229
17646
14320
19800
44500
15455
14004
35455
33847
54398
9861
6530
29229
18811
32307
54365
44929
9387
22913
32121
37046
24846
22697
16043
16644
51734
12232
28441
57614
38643
28693
44411
16076
23285
4287
24151
17100
38259
48511
33464
21795
26546
19734
45606
17106
3715
10213
10921
59317
8597
33161
59947
34721
20374
51806
56170
44561
38494
21158
30639
19701
20350
59726
52041
19924
44724
8203
6847
14209
5083
35736
5038
32914
17273
41720
45508
38301
48789
33842
22976
18565
14942
45882
40823
42114
56145
43499
53012
41917
31041
5777
24490
35976
33898
9837
57098
17640
8561
21143
50601
18838
52515
21075
42369
58625
55916
25473
35952
4842
31258
38894
32287
9919
27373
12651
33352
57148
14139
33563
8269
29054
30488
5006
50492
56723
51839
8445
46940
28813
45698
10530
27746
3417
11604
28153
28112
57836
44757
53441
56311
8128
21978
24056
14232
15012
19974
29313
12143
42448
15499
40217
56818
56122
53713
58401
48421
49597
51272
27235
10026
5041
40721
9328
43481
15003
58108
9619
47104
27712
34139
53289
37922
58226
20079
59716
48840
20461
44155
39500
13883
24912
25925
55019
9904
30626
28466
44659
8485
18361
3740
10833
22361
53666
5316
27291
52211
57077
39402
49870
16350
46917
39138
53504
29774
36719
46202
6369
10304
11179
29061
53749
30766
22505
37098
41982
39155
15328
37407
33966
4105
46535
36460
51464
58932
13355
32160
23787
25445
46147
52198
38769
30894
41990
18643
31172
22681
8790
17881
50330
15687
46391
49495
32465
58821
18953
38392
39995
52748
7670
34275
29127
5845
21359
58203
28068
26393
3897
22634
20502
58711
12748
30664
11348
35176
11692
5712
34562
44339
27040
19378
34585
48641
18844
42103
27725
29647
49571
47844
39057
27552
13917
27313
25203
31351
48630
30037
39805
19911
57937
31771
40294
44739
5236
7675
6452
33487
3898
31104
47758
38439
8086
33714
19694
10121
40789
4894
26996
50805
49469
21985
35575
12125
25503
10554
33416
20037
49281
16787
44078
3650
46516
19011
3348
59942
41167
6048
9387
19842
8072
28512
49680
18051
51453
49288
21464
53914
5625
18606
18834
32277
12749
56469
53372
27738
18428
56355
17547
32348
16445
13230
58242
13810
41267
38933
59022
47444
26975
45354
49927
15260
45743
24023
53983
39525
6910
49772
17603
5488
56909
34346
53217
58802
34185
37981
55320
53138
11277
49143
24939
36427
11827
8683
20007
50468
14813
5750
48424
27882
50649
47930
40730
35347
33143
21844
22287
39292
26013
57595
48685
21928
42131
39196
15253
8819
28751
35513
9095
8249
9125
48368
53171
47810
16446
51480
23910
19468
9016
12758
27017
43736
22406
20299
13291
9821
25528
18115
41264
6421
12816
13909
3265
17118
56438
6592
39883
31940
53972
17678
9544
51440
6048
50848
13276
51077
44543
20587
48628
11529
7844
35392
45927
52142
57648
40464
56055
11099
56076
23965
9154
8712
7726
16661
55636
48358
37901
20555
44909
38635
46275
26431
13964
51423
49823
38280
14180
17144
38537
17030
4352
7161
47926
50406
46678
40848
27853
57052
11490
24111
55226
39895
49639
39949
34161
39679
30995
18869
30181
16422
28920
46432
37266
46172
32569
45322
38018
33792
30122
17423
59292
25283
41802
31239
31318
40320
11953
6405
41212
59362
41169
17883
34625
34169
54814
52538
26914
18996
7253
53154
38031
30361
34079
17350
43596
4404
38116
21644
15579
58691
45043
30382
44838
36034
24603
44170
54807
39856
49906
25529
14632
43152
35752
42742
27262
42054
54455
59976
9902
28958
12658
3793
52300
50806
21454
50663
7949
7696
31447
4810
57710
25062
52253
34096
7811
25804
22320
55455
36662
43976
30794
51948
46770
58744
50692
45246
48036
39440
16979
51735
47363
39927
55739
42755
38783
27631
42266
52372
56507
35457
34255
20812
33572
57857
20461
44234
38966
36787
54169
25172
58601
33305
48988
14818
39107
13379
50928
55155
52557
25018
53047
59965
58119
41102
51301
58119
58593
13575
33840
36411
48218
51004
5426
7873
15463
26263
5107
27962
16763
25378
6580
55317
42007
17097
30126
22599
52625
5020
34462
24951
50601
18110
48158
27839
17326
45031
20963
42339
8212
57948
36281
49396
34288
4227
48455
33305
21813
13411
34464
7279
28165
8427
27541
45621
34782
52113
17307
51288
40096
28408
38960
7658
5837
9557
27246
18695
52953
37640
25675
8199
6981
51733
3828
49142
22633
14353
36876
57406
58488
50009
19541
16694
13563
37478
48461
10640
10210
28815
22058
52544
41843
41366
49011
54158
10514
58494
6998
26406
47001
3936
9929
25959
45108
37130
41811
44609
37493
57048
16837
13806
48700
5561
47803
51562
35364
9423
26685
49793
24185
41172
59248
52978
23553
25703
44520
58234
10733
57879
23972
9303
26191
27574
18776
28257
35022
17329
41336
52074
23965
42773
29530
23619
4921
15684
54354
24405
19655
36222
52620
41822
33803
12509
17775
19730
32786
22691
19732
16989
28122
16026
24216
47241
3228
19763
8791
46238
51764
42598
26608
9315
31389
17359
24752
30398
23287
24943
24957
25655
20235
41607
50473
41550
31396
28033
16468
53957
13474
14487
4848
17254
29568
49597
53363
36944
8904
43584
54664
59258
23123
27396
54999
52381
45291
14602
18526
29117
31592
18975
47538
32016
56777
45583
7954
49552
27859
9165
37832
8323
36216
23992
49605
16983
3247
40473
21849
44946
6591
22320
35110
47652
55213
22087
32170
3981
39406
59194
57014
38467
12069
18363
29495
56609
42075
42170
12515
34277
29896
38287
10562
32330
47882
48877
34668
22296
9716
34586
38706
5853
45553
18046
20660
51164
34938
28066
44349
10274
35777
59842
44382
40109
40495
36793
16179
24919
53483
23525
37223
58979
6744
53888
50451
18636
39127
44850
28621
55859
44699
14875
59989
45336
29450
33978
20526
18575
33476
38355
45751
46316
44242
14383
34004
42412
51544
57804
28808
21831
20714
5726
8819
22960
56692
47585
53682
20195
35576
25193
3569
3128
45005
41234
30248
40189
18562
43223
14289
3482
23030
21751
39308
42021
36099
20881
12598
49111
59635
57266
29958
3403
49061
37277
29589
38524
21473
27225
46904
17231
15660
30301
27433
45183
40542
59531
31194
13427
16169
4849
28434
11806
4541
44392
26295
28784
58720
34711
47598
33638
43214
52711
12538
51625
19831
25498
9944
22301
54239
29590
36239
28241
39727
50211
24191
9199
45306
10640
24269
6249
36133
28633
22865
10964
55509
49215
51437
11112
36401
43558
22799
45333
21659
35908
6045
4139
24626
39519
22371
47520
46756
34804
54464
36050
12190
22551
51837
38254
25971
55333
15154
39104
8408
5247
22523
33307
41756
39838
13660
21809
28769
4916
32680
47341
7453
59242
59641
44236
34311
47790
46322
33224
6388
46160
16651
14368
37901
47291
57223
44323
25501
55242
14656
37332
54159
54826
55540
5971
48475
46403
12802
19388
19968
38171
19534
28461
45209
42701
5558
39277
9292
6472
44224
50869
10276
33160
55880
42316
15042
52882
26257
8010
11957
5724
43610
26442
53394
6991
8274
33376
24142
42689
56720
18417
34782
28811
39852
59437
59692
54132
40125
41510
52156
5726
18069
11064
3768
48644
58154
18789
12980
34451
3321
28099
40143
45941
48006
55610
42054
47354
19263
27346
46166
13404
44490
39096
53017
25999
29781
52554
45318
54424
32132
41986
11147
5128
19713
17958
17451
58293
4488
48088
48478
19953
36057
3393
50064
23980
22955
28081
