250
26960
55676
53562
56785
45307
6083
59885
4169
45714
59340
25630
56789
54158
52270
44165
13487
50837
42573
11466
44970
9536
30994
52467
11741
21615
22983
28800
10392
32654
39388
49838
55487
17534
6844
22616
16420
38095
25512
26642
49906
6314
17680
9568
45247
25273
17021
55442
28999
22815
35719
14504
6559
31892
43061
53047
41554
48538
44904
57047
42840
28388
57337
8539
48996
26854
19797
58368
4687
24180
58209
18532
41294
26980
20960
24952
5931
44309
8610
3861
9429
17712
48069
34387
21697
31957
47989
52893
43670
21162
14574
28044
28219
34481
15672
29531
53184
23827
11783
12544
12460
47282
15765
44965
26790
26703
32731
21030
25998
53836
15832
6038
21583
24026
35897
19290
51501
15492
48646
15354
47544
21453
53987
47616
19933
39652
34121
34891
45080
48114
22045
44089
37356
46470
26772
4846
31730
24784
56709
11316
6165
21480
19588
19171
27699
19547
26065
52236
6581
9139
32554
43324
36793
3762
19766
38549
28175
39986
42500
51392
51997
52285
40756
35779
33056
51823
52363
40141
46202
39878
43048
40560
34001
36239
21096
49006
37045
37947
5576
39051
43927
59483
32763
57111
9380
25822
59837
26496
41857
18909
16472
59075
25470
43365
43501
23385
19199
14386
28401
3029
19456
46002
45743
5689
56125
43786
44195
13503
12140
9829
59972
56913
53960
42780
8232
47159
51528
43721
30438
4361
41414
36737
8535
39741
14741
17868
27696
56924
3544
51662
49395
3024
29214
9060
38303
53959
51336
43990
10871
45450
47034
45773
55126
42868
47596
56253
40799
36392
10470
14051
23929
