1981
57758
3117
29844
5375
57582
33652
52109
11889
4940
12266
8412
10730
56923
30924
59594
49442
23905
37444
35510
44986
6045
7839
15075
27111
37315
54199
38353
22286
39050
40120
33881
31982
32813
33070
49687
9105
37660
10681
6565
44411
20310
4589
39832
31739
27083
41585
39008
28808
23370
29821
17286
51301
31604
38552
34140
26653
58993
56304
18073
4573
39051
49768
30707
43637
56916
46630
46004
10975
14839
59421
52146
29715
39444
3598
11831
28431
58944
9927
27885
27856
21869
54469
44211
13211
33097
27389
50759
46939
43951
38286
16022
4754
28357
4005
55185
35543
37487
4674
31638
56846
35267
52267
15910
3562
9194
46021
13618
9455
36621
18186
56228
19128
37886
50638
32944
14419
41879
8527
29465
44402
57243
55755
49558
59918
27656
6280
31689
39727
10564
49760
31620
27240
34057
33630
9867
47007
10129
59603
32230
19058
14953
11047
10975
34670
9779
56779
42487
39402
4042
49765
14153
4262
16465
19693
57326
45130
28951
54338
14739
29756
6294
37023
8040
43572
34462
52106
38483
14408
18698
32420
44852
27975
47161
10198
33428
39357
4124
10347
9697
9221
30568
11075
41364
49948
55199
32481
32714
19281
35643
30053
25439
52418
23185
9058
37204
12308
56456
35409
54988
41162
40424
52455
45431
51933
36025
24402
36600
48306
26097
32305
43315
14721
9347
58737
45300
21578
14447
25016
6936
27025
52984
17964
43869
6026
31678
52041
59982
58028
32214
45198
3006
12483
3892
31742
7861
3175
12968
31189
14420
35455
19432
42329
24984
40157
34449
52251
41136
29600
25324
16569
16491
43392
29356
20452
38496
45646
50829
3510
31440
51382
49281
37773
5932
38254
38319
4401
10668
45464
29781
8399
27530
7505
9255
44535
6681
51353
59742
52944
17241
51348
9615
42215
31392
13971
5093
44613
4273
6248
18865
34715
24536
40869
27263
15542
21449
58692
21745
38660
49795
34032
8539
16001
12831
51553
59013
3543
15789
12595
35299
57389
41681
41252
57279
50923
29003
13997
44128
26298
52133
13455
14254
27715
17405
18435
56906
7155
54077
3518
9230
17884
10725
48018
57185
45588
36749
14922
13569
33418
43158
21651
53184
25723
17678
16652
26739
36747
38617
10463
43519
23188
12108
18826
22500
4361
16954
33132
34945
31305
35420
54605
30901
22225
14927
54928
22875
43256
49071
37139
37224
43054
24649
46738
48337
25776
58889
48545
39390
29107
22929
55604
34144
29441
54468
27421
22380
5585
14433
10522
37053
4935
15537
33867
6076
8414
53580
51496
7997
52997
52222
29587
29638
30074
13234
40831
51112
53781
48883
8133
40606
23480
19675
6163
4139
10624
59955
24226
19617
5398
6280
4832
3726
34894
56995
12143
23637
20559
25959
42839
51658
20657
57085
4610
5924
31672
53564
15114
35746
39434
9463
29868
29209
28322
5537
19591
44131
9230
10264
31632
34644
19272
22007
37602
17751
31681
33498
40191
4370
3133
59911
30206
30044
16755
26363
42950
11663
33169
12072
59504
47117
34538
18299
59147
55488
54878
40263
21794
45669
51657
44183
50736
23655
57312
40015
58489
48681
38662
37857
18271
37996
45073
30378
58098
49815
12084
28453
55813
4938
10104
8671
45242
5844
32611
16681
30846
53173
16846
57203
20688
37570
59397
10173
55702
26566
16314
44023
25091
24947
38284
44695
29133
21662
45306
6407
20944
50322
8339
22862
3460
15305
14131
43396
39932
54748
34366
49267
18867
57123
44928
7190
24222
9329
29628
47577
11095
17188
7187
8306
43409
24185
5690
23250
48592
39125
28406
3451
42960
36336
4347
10429
18044
50026
42672
36983
22301
9883
15753
48091
43081
16150
43570
12376
56854
51778
52114
15108
43751
48586
5883
11071
8041
27517
49603
49020
9315
12992
23258
41575
59492
28719
57211
57731
57668
42563
27577
48800
55426
26754
14765
16038
37708
53837
11998
16644
53832
20239
10659
28402
3397
22193
4374
38474
22768
47474
3739
25899
50275
59009
36370
11506
47660
37927
52054
8640
46625
23427
58754
41956
38855
33763
53491
59970
33777
5805
9503
23222
12927
35168
7421
46550
58729
21718
48625
19689
31933
45914
47077
48757
55073
42317
11075
33732
15778
28473
14838
32674
17290
9753
26869
37901
32629
20350
41990
3676
47148
11511
21114
33512
57401
14930
38276
33845
57465
11983
43092
59140
19072
16371
12484
25853
36496
54458
31272
40780
3752
8680
21561
41376
58081
44165
23764
33077
16336
26146
46335
50257
16795
20908
50301
45945
28481
52277
48290
45671
21587
9772
47903
28691
13944
21887
25446
37947
5530
8245
10361
4651
33727
28679
51070
9224
29153
59828
33801
10525
58137
13681
56876
46188
29865
17574
48523
13081
30776
8975
52936
14856
40997
45653
54521
31449
17982
26570
52869
36806
22808
19246
17490
51221
55190
57445
15419
39661
13256
5272
36387
26712
23617
57109
31932
11244
24025
52726
25333
42650
9168
18740
52286
47230
22292
5118
25600
53110
49820
16882
21758
26018
14581
11073
14942
13962
28346
53326
16413
34577
28488
56724
53350
49919
55734
41887
58732
29051
58086
13679
46088
3918
35275
23730
39080
7392
33460
45390
25320
43186
57059
40984
54095
19158
33688
31674
6036
22123
42744
6772
25087
14560
54173
45059
12307
49794
37452
13706
53135
22314
17994
29575
24639
23946
31513
12019
5600
20452
12219
50883
15566
33860
11417
31352
52746
25922
14577
48919
18981
12260
29160
16510
47002
16771
38907
14069
4032
49782
6318
27074
36024
7730
51029
27683
24197
37378
51229
6687
9122
28626
7556
56725
13503
40110
33160
14892
14973
41144
10508
9496
57881
32179
46336
57316
11937
25046
16970
59096
8710
15091
5676
33097
57150
31030
46828
3240
52964
53597
28233
29277
27269
5728
45241
19261
39405
22376
46042
59341
11425
56687
25633
17882
3576
46871
32630
27941
39911
28315
6587
47801
49970
41754
47856
38499
25067
42224
19215
33828
50551
31545
40241
53760
18414
3671
35377
33042
3516
13839
44943
6157
40946
29159
56100
4532
38224
42968
8729
14463
34395
49035
14959
15410
4899
31348
26229
29502
7889
10797
12030
56670
47763
57264
3887
56860
51380
49577
11724
20413
59070
56237
50583
59517
41575
53680
35434
53480
34207
21968
12398
50402
58201
4883
58745
57156
36479
53367
35800
25965
33679
53409
38094
48674
14151
51472
43079
11461
14120
25444
38662
25450
3903
59295
9759
27625
55513
29015
38671
43569
6990
9274
27088
9683
20819
57477
27764
27860
20172
49524
27878
33742
17491
52257
57223
19258
3769
20609
17863
43522
28163
59842
51220
20047
34873
52583
53363
53074
36107
22531
46383
11388
49144
38364
16992
9012
40241
22419
37468
36002
46186
6775
7309
17164
58333
55142
5165
41390
55535
57346
3179
19596
41087
53530
31614
59819
39446
38436
33736
46403
25949
9617
27839
38494
43274
56844
45888
12077
17508
23851
44302
18731
57272
56842
55276
20397
3582
41069
3132
50372
9435
8217
34582
26201
29522
47681
10520
25394
50197
39813
23434
18213
14516
32832
51495
20077
33865
41514
46774
4309
50023
46347
11288
58375
37954
7801
19764
35444
7561
54258
32066
12158
33702
14098
58132
41535
40228
26686
6871
38748
58116
11984
27852
48101
20488
41313
7476
6807
25136
47695
40115
9717
48620
8460
14735
51101
16079
16802
51077
23618
8611
56169
56442
44405
6991
38822
30179
34397
52647
51727
28993
25814
27426
32350
55675
47635
11558
24647
39327
11449
48617
34239
25642
3999
30540
26368
17783
41512
39816
8760
49943
55086
51202
40137
47557
39671
52708
13684
43238
37496
14065
29736
21906
22363
23446
25224
59993
46642
6088
31055
55661
23058
19206
19808
10254
3763
32568
47493
9284
28362
50345
52949
8509
17054
55710
16907
44124
3677
45325
45728
27729
42402
52758
56400
8292
17846
11226
38055
58455
26111
8387
5276
59568
59447
3071
57095
26434
23175
35653
56006
13254
47783
34049
21040
32242
8745
13434
44274
33083
10996
7119
11591
49801
52660
56492
3223
8276
45347
54387
50241
41266
55431
57161
53382
14011
9553
40559
43697
6473
22799
24271
48003
51027
29114
50597
20937
24692
43575
6666
52557
23684
17648
57269
20416
58834
16678
7952
10254
52598
9080
7226
31987
56920
42709
44673
3895
57377
49496
59563
17933
54644
25631
44121
18939
16688
37235
14824
23349
8933
15583
21175
54924
58017
28424
25853
36012
19846
48598
47865
11525
31013
28641
37947
6433
6153
29338
30201
28976
28489
35702
41438
3542
40604
53364
34993
15369
9161
36308
31686
42975
18801
18003
19335
22761
24921
56517
12283
26695
54429
6273
21621
36788
21051
17896
56515
10728
59974
8560
52623
52893
47595
45841
28888
5239
14519
53640
36954
10027
19669
47953
23157
5210
11017
41309
32410
48123
25675
27396
17044
16196
33433
37316
17884
46990
38149
21418
19744
22256
51663
45596
10362
6008
18035
49670
27213
33754
52066
18953
49876
5422
49265
35100
3571
26599
54135
30533
35535
42799
43999
30352
23952
13853
59541
30274
5764
15139
43798
22858
16451
5615
48601
13258
49844
45030
48709
50528
44875
39621
28325
55798
43679
50608
45640
33493
36032
58727
56779
31773
57234
13289
33432
6365
35220
58449
29543
14336
40189
39837
35298
3352
38844
38398
36276
47931
25584
29147
22252
25982
57884
27512
55144
17531
10828
35815
16184
57859
38484
47351
11787
48093
19693
35046
50984
28350
57796
29812
57015
41509
49502
22365
20030
44822
52809
39000
11445
59672
15796
44397
48265
9235
47404
52865
32285
51713
58675
11385
54675
26694
27604
41331
29198
46042
25084
11256
4037
46888
5604
55770
6440
9882
3984
52107
11879
31161
14218
54543
32661
34889
10414
30066
57889
39953
24784
8202
47183
23608
4809
3051
27993
29291
57463
5202
47423
35062
40282
9259
57933
53697
8070
32214
3768
26409
54986
34557
14438
26499
32040
15738
50024
34180
4647
21106
45239
34815
51987
34931
54449
15884
20105
35131
45494
51070
43999
12850
33335
22156
28526
58523
30140
14290
51125
17766
5736
46746
18237
10031
45259
38514
56781
11897
45795
51356
4104
20333
50349
33514
15573
38033
29125
30172
58831
29999
33370
12841
36214
18461
13507
38507
14977
52441
19093
17905
26398
42344
13688
5281
15855
38345
4358
48805
12125
43675
22833
40566
23193
53934
8776
13208
53331
39771
14614
53906
54065
23585
3101
40364
20650
41344
25867
22558
53671
55362
37076
37422
3129
53953
47946
12387
6853
3876
12709
7095
20876
21465
57276
10068
33919
54014
36799
14738
11703
6301
47567
35207
52236
4561
6369
37328
28868
51446
48868
43297
50820
15859
50648
11850
37400
49505
35083
8625
46365
41410
53378
41299
22733
20328
17752
51193
3551
31139
20167
4519
26999
50912
40049
35744
37914
29204
14543
40717
32204
43188
8494
26398
50047
38426
51760
21730
17144
54422
15185
44737
30002
40723
20313
11754
17064
57638
21500
44835
52102
47345
54383
14048
42609
50215
56877
54214
37389
37560
41503
13038
43023
49440
36626
28925
51611
7842
53909
57273
14089
16196
45081
43540
40163
36453
37546
50299
35942
11831
11456
22856
19595
12155
42821
50787
57018
26862
16175
37259
45515
24966
55779
49605
31476
39817
25296
31906
49883
17500
31968
30461
50480
36761
47206
22094
27216
39727
46247
38252
45900
49495
7871
25551
18315
6570
18788
4116
38646
31260
20283
38637
59148
36695
50013
38573
38806
43431
25256
58382
34694
21288
30691
10665
57847
58623
56314
50490
28397
48524
11813
32988
32319
40246
57643
9293
58089
55580
56667
14172
15298
40332
41872
6469
26720
13106
32592
12235
48667
23284
6926
27861
47473
24084
17590
44089
58834
11433
54656
59036
45116
19983
18043
20207
16160
8014
32713
47313
19035
24139
34914
58613
30914
48280
37202
43181
59173
51032
48629
16761
46270
37634
7657
52236
24987
41568
16928
41280
4579
20868
59696
15288
33325
38161
13994
57178
9326
42165
21814
19329
11125
56852
23813
50274
43544
21969
13435
59265
38538
56381
52880
14555
23600
29531
39703
17291
56112
8020
26427
51652
50948
55898
55853
11001
48453
23090
56739
23954
59043
43360
33777
49242
30635
53992
23012
41351
25541
25308
20820
8130
35965
7031
30322
21069
36628
36275
41510
33826
15885
10660
6880
6019
35263
34533
59927
18464
39585
57053
56240
34468
18119
5045
56168
37822
28078
52666
8716
40305
38515
47376
34428
59864
6117
45851
7724
24251
8017
45187
53402
18372
19614
4140
41820
37105
46281
44163
54104
9839
16063
53220
55048
21958
28264
53923
29674
23314
45160
36583
37364
56503
30781
11721
49576
9299
19609
4008
42310
29477
20849
44268
3922
36187
45285
10209
54360
40902
43492
57389
22611
26697
