2083
18031
48354
28431
15234
6611
15278
30895
22919
41524
43861
35314
40085
38887
45987
57527
31131
41555
49211
14168
35551
20390
8613
48021
35635
50741
42986
45517
33383
58279
50468
53479
20175
27544
50993
54551
16548
58921
57934
37294
39856
15881
41296
5973
13562
46581
53370
51374
16951
25486
54109
43618
55662
15688
50023
52275
5566
59084
22167
4100
4944
51165
31923
26537
39323
36250
14464
42706
59315
58805
7778
59951
47027
12076
44160
13504
15882
46693
16689
14488
26625
58868
8187
25445
50893
23076
3046
28814
10957
10253
52398
35981
41076
52456
11897
38625
46020
12783
31814
8008
54002
10813
16039
35836
34921
7401
58423
48453
50300
49942
5354
44783
8929
32207
54229
36383
42426
12947
9653
6493
36163
37322
39958
29395
22125
19301
39369
18516
19288
9960
24770
29996
36964
22521
41370
3847
49036
21126
22376
27396
55583
13849
5526
13079
17005
33698
44828
7594
5272
11750
43202
57724
9867
32869
8173
6265
10346
56574
32590
6892
5895
52870
34243
33109
10593
36150
53113
35498
51471
6029
41387
51185
22552
59362
42716
34480
40308
40326
45638
29254
22098
43952
33414
45619
19919
36827
43661
59750
54870
57217
18116
19192
12644
32990
43214
15094
30648
15209
18937
27902
45214
34374
28332
38660
18907
33543
54804
29827
43328
31925
26823
41132
45146
24408
6757
27031
19544
3068
20869
53701
29601
4862
25353
35753
45555
51352
38843
42918
49899
28877
51495
23714
51687
22355
42254
32063
13971
15490
10070
21909
50016
26686
39847
11378
41505
19797
10887
6349
53639
5801
44219
13160
16716
31349
7527
47667
15433
12963
50674
48873
33862
56079
46569
10480
43326
29366
20055
12433
8669
56473
52239
18991
10174
7320
22047
27231
14738
12863
57848
28497
38305
52312
31962
4137
39500
26999
37675
21766
19774
41321
28716
33532
57076
50723
31839
19349
37335
6870
29610
31967
37896
8840
31736
35501
21118
36198
56249
8497
32662
59671
33538
5777
27217
40336
46401
10285
55835
4145
32770
17764
29381
13028
26180
6521
57881
41225
39533
17613
25203
40440
37159
31762
5512
46735
41129
28119
55196
17435
6139
59143
15241
8692
39296
57316
27676
30952
17580
56719
42170
6644
40690
5191
31989
57765
32253
34496
13760
25507
19724
44247
17833
5452
28656
19315
42077
10681
54025
19764
33418
8653
49986
3484
16842
18258
23210
35439
26684
32976
10985
7527
19940
13302
49682
24668
36811
18278
17015
44249
46667
31818
20036
3116
31548
35883
4988
22009
56193
45969
56344
57867
13339
54926
19096
45101
30139
11180
44174
58234
10902
48474
16838
14952
37065
6938
49539
48120
37281
37208
17223
58955
35778
4514
16799
24000
8877
56245
36494
36707
37602
20969
55253
49571
21639
21222
12921
39088
29863
25777
20621
56155
50603
56707
16212
49922
41129
31189
43410
21907
15627
5994
3991
8426
17212
57402
44887
37998
28810
53355
12874
25381
49852
25917
10197
29718
53084
45374
20668
46390
28027
16440
37835
31304
40503
51842
54815
54177
46318
32347
27815
32639
54623
29494
56246
4815
51601
11361
21037
48397
17603
43869
17132
57745
56442
10651
9917
39157
6464
9188
43711
47070
45204
40085
14123
58873
9801
9453
58726
23324
3200
40245
52164
16041
53462
11265
32539
39254
8938
35335
47320
4317
24980
49663
52903
55303
27431
27209
22850
4930
29260
5557
44541
52016
7869
42207
29792
54613
7965
14734
23421
18281
39531
11132
29134
22647
36200
57256
50262
24950
12234
47255
31208
6397
26121
46815
11946
33999
28174
18694
26958
39381
11117
54275
4190
36054
50551
19711
42979
29694
45932
12127
40944
47602
20883
42915
46183
35661
58849
53415
30931
53208
15987
34069
36468
50217
51026
51743
20588
18453
18296
3573
8374
42011
31205
31725
48498
7558
12873
59706
58435
48441
15293
42283
18052
29406
36674
21943
23508
19377
46337
13808
49726
8323
41614
12310
36834
24697
58300
51004
12073
5739
9076
44848
57416
16369
20207
47950
32598
25023
19688
6870
43546
46020
3752
22510
50848
15811
20849
46944
17510
50061
22373
3912
12498
29703
47001
55601
19065
54627
35340
22335
36064
5641
31204
7712
55699
38856
40864
27503
28256
11757
37490
56326
39157
25111
34392
52905
24243
56273
34075
32172
18645
25785
49813
16751
46956
34795
34109
18544
53734
36925
8231
22069
13646
44135
59464
39019
16497
51160
53076
18481
20788
44939
15040
33751
31520
19167
46391
52143
36620
7106
33129
31982
47961
13851
9300
20441
50436
34248
19195
51934
24903
27147
38979
51111
7033
7027
35929
44170
20217
31848
24947
13567
45910
31570
7054
16877
33963
35760
18837
51526
3614
24567
26102
40885
43612
29451
34402
11863
47342
38358
7031
25800
30668
3768
4137
22706
27905
33334
37597
4523
6793
33292
49272
36290
10507
59576
42717
40194
30290
24329
13538
32329
13996
16189
39864
38481
13040
13779
49851
16074
20305
34032
54771
39393
38845
32850
5177
24437
7212
45409
28075
37125
30823
49044
48593
38935
12175
14951
30651
58886
58600
29365
50787
24583
7998
32082
21653
43313
41960
49528
4688
17304
4608
6032
46731
12720
50452
26991
44421
34120
31335
19412
33087
6812
4522
38107
55066
24271
20036
7804
24373
25251
57951
56686
38070
31178
13803
31969
45476
50671
14086
55365
29985
46432
12021
30882
26851
55959
34470
25884
11468
22357
6210
3171
19831
21220
35384
20714
8018
30379
3687
19547
15797
11429
7213
52504
21615
11663
52158
10100
37256
4254
41660
32955
45155
37247
56607
54921
47274
41761
41674
47526
59101
11902
42082
55651
20535
35452
51791
30368
47571
58033
17486
21564
17897
20773
3251
3831
26470
16988
51841
41023
15580
52560
23458
23983
8455
29497
27571
7647
23905
55920
47172
15510
3324
24821
26867
56285
50081
4114
27953
28956
4426
17281
44860
25281
40426
8544
52828
34287
31318
4354
54757
28802
47165
58590
31983
22431
12258
21543
33823
41359
50997
32930
13672
25364
50233
27856
47356
41101
43122
23807
50714
30566
17623
16814
24183
53587
12246
42370
28658
16800
54197
27173
50419
9693
23222
44976
4799
9227
47979
52092
47439
12037
42696
17745
9035
17361
34017
41698
7993
7679
23169
12716
53127
54619
22675
58814
20925
28334
30985
19201
32689
46214
48437
23591
8438
17126
10350
52664
6720
35987
8099
52425
9184
44789
40339
40134
8095
35248
22515
32747
24914
46149
13990
45470
3522
44062
50342
26182
40376
46144
41865
8427
23973
58379
8000
5968
17426
37623
20784
25802
54110
48455
25432
45997
26590
15821
58209
39956
22771
34382
33934
36399
31509
56913
36059
40775
4416
38815
41154
47663
12392
32384
38431
29353
27736
15542
33943
4829
53884
18834
43381
39895
36980
19649
16835
56950
35362
5167
53232
12918
18194
28463
38672
45275
52006
11891
53599
43000
17374
7146
19206
43246
7543
23919
41333
51744
38875
42644
13290
47530
7971
51238
47208
11961
26555
32042
42014
19200
42547
10222
13113
30398
43746
42394
59108
19941
34229
7130
22044
45839
51721
32582
38256
55355
21587
48071
12860
25989
12191
15015
7006
25489
26028
12527
22077
9709
9522
53699
26350
46732
56155
39925
35092
10952
4824
39371
49557
53081
18894
27248
56197
40403
17328
50635
46495
7083
34025
10254
9158
46197
3299
54413
35746
24351
52536
29752
32719
31511
49009
48877
36396
52173
52794
21721
51537
12860
35223
6031
33047
5496
46233
34319
48500
20352
4626
46877
7897
56008
53138
49159
7885
30365
57938
17876
20069
22215
10393
31742
15629
52783
30000
15350
3349
32513
21973
56789
18314
26933
36849
47015
33788
4635
8133
15404
53799
6825
9318
25917
57846
22143
20627
36449
19644
28860
30730
4785
30505
57328
21864
27543
30589
13069
46515
13645
36695
47901
15524
50726
9203
30559
6710
43549
4009
9476
24640
4315
50989
46785
22984
24617
52451
56954
32140
42494
26264
41429
55566
16258
46881
9767
6952
16632
20152
12816
37495
10628
24751
49960
50225
57783
21945
17544
25251
23561
8199
51403
21784
29297
18118
14303
15483
33136
4564
6441
52011
51552
14231
52118
46711
16011
24963
16824
20180
51209
44778
14495
39815
6189
8661
20931
3905
8478
51446
26514
12080
47474
43186
43545
28242
33927
42271
16689
20294
26931
31091
30983
23588
11220
40621
37644
55625
16813
24230
50256
5330
9650
40872
53406
18697
5066
42814
58334
13109
16836
12346
5111
22513
25470
12534
7860
59198
5511
6585
17477
57750
34152
5095
45011
9484
11138
13390
48195
36893
4432
51852
3466
23665
20201
19025
15880
38920
45958
7764
5224
22322
36661
49905
12266
53273
42117
20249
53848
39354
56825
25544
52378
10219
19788
28444
18478
9160
53085
39942
39167
25940
33469
54761
12927
59598
20390
54355
39043
11226
16482
36239
8122
49192
45109
24924
55123
47637
25441
53118
51050
35491
14253
22913
59866
59252
4074
57549
20669
44728
8848
14997
15454
27220
24660
26481
49819
18468
40212
12470
16672
47689
24117
51341
28290
52310
56493
52037
44217
3408
7473
22292
7041
19809
59824
33683
51951
37485
48993
16843
19028
22056
27323
19067
45004
17676
53276
13512
22940
25063
23945
36027
14437
11967
56380
33973
51807
42661
30920
16541
20701
21829
43055
58079
22368
8214
54717
55219
37125
13318
47153
51239
53948
44822
5716
46175
45486
25940
30806
50596
43935
23556
4599
26384
25760
31309
41614
50065
15596
27362
25771
17849
28498
9062
33022
29697
51631
10663
31944
20112
20093
36852
56182
26674
58503
53330
57976
56245
18077
15995
29681
28069
13798
55116
33916
7202
27467
35664
5012
20099
32205
47904
50859
57156
20357
15290
29703
18054
11475
36776
52372
54668
25018
13988
18676
35984
9874
54266
57729
11925
22625
17725
33912
6912
45222
48015
18395
57481
31324
47468
30029
19297
42245
54274
12059
31862
42352
56536
25655
9885
21961
15411
48076
23042
28022
33096
35784
23879
42696
18112
26697
56693
30265
17848
52450
38654
14937
32584
17171
47008
8375
21031
54421
21547
17850
59205
4981
8048
30308
39698
7989
59327
37901
7253
24718
56513
21960
32923
33988
26562
9068
48533
37844
23762
40001
48000
27356
39502
7578
54528
14907
7021
50730
38098
25090
28317
36277
30777
17042
9135
14072
21855
16618
43859
26125
41292
6783
22676
52038
26125
30177
15271
49911
37094
22904
22704
6081
54813
16358
9291
32294
55794
38299
38294
52422
57272
13608
31483
54591
56938
12996
7162
17351
45501
37411
47565
31524
18166
45553
43962
41394
25470
58194
24366
35055
19199
52969
41694
14545
51335
36525
37678
17618
35408
22552
19002
45843
13081
45873
40365
54621
54854
5583
32566
58624
4797
27726
35179
31896
12775
53123
38958
40566
34601
53606
9720
15275
28288
35974
46843
49062
57208
54093
4633
54516
13026
31467
43979
48220
20754
47458
17342
31406
22541
58757
47044
8831
46838
46804
29692
30931
36405
26086
24202
31911
40712
34424
16661
23295
7567
57294
9943
35781
37414
14474
59890
49195
21103
39132
24794
52939
51959
6796
45157
23986
58707
17890
16278
13168
58960
40509
21177
43679
55738
44829
17359
4135
17786
27872
23980
51935
13048
24540
33707
12993
36006
48319
34358
48060
18430
41194
52312
40447
43610
9592
16036
4957
54201
10832
41889
9889
5472
51269
18503
8330
58278
42813
58193
55082
23584
35968
53848
54350
59041
34777
35762
16173
31793
53106
41132
18022
21055
26757
17250
23892
34754
26923
15721
40827
42763
38199
17362
59112
45377
13721
10733
6729
18785
47867
58698
13368
50537
26234
10803
52871
20543
49194
37940
43589
10565
26806
35562
23349
23865
23533
29958
5060
41924
10119
17974
53101
21004
45992
22959
49442
32757
50550
52684
37251
29773
51032
14924
27059
22241
48203
20927
48271
48557
38137
45572
4280
4533
37038
55942
17837
56743
21637
58492
38978
36765
19789
24323
25506
51947
23369
13323
49303
51257
29493
17329
23071
35762
47287
36731
12158
57429
45338
21674
35514
53540
19637
52715
20952
57546
47331
48425
39855
49039
39159
4887
3345
18870
55514
45555
3868
31902
14654
8783
39730
32623
35666
15195
48769
57012
9077
30068
32314
42862
25046
26034
14201
9592
3399
45224
18228
58522
13007
43197
17322
8551
29215
58607
18628
46702
24507
54610
37474
59567
28908
26621
25083
6517
11274
56371
34516
5437
34008
45615
56902
21554
9709
7386
22314
58302
29674
8574
39602
31765
5419
57468
7667
13562
46552
54664
44812
20627
20889
22078
9944
8913
29127
52910
34968
19694
56639
21526
38085
56320
25528
26953
11786
45659
59754
14825
33933
22268
58825
15595
34066
7429
44782
34834
36752
47734
42488
23905
15638
47076
44273
55250
14430
15736
6125
21629
28226
18138
36212
25240
27572
38922
11431
13904
41284
24249
39372
57199
36183
20570
25697
55398
58224
40345
6112
26009
28090
8404
36045
48198
26315
12722
20707
31025
40651
29349
59009
20572
17093
48433
18333
31634
30684
55047
7791
23537
58572
19160
30779
24582
5585
23960
20894
42033
47244
10486
55054
26695
5253
57900
24748
42856
35535
42485
3036
29082
8527
28517
52680
36854
41983
43780
51492
59652
37649
51140
59917
11582
56568
3477
42643
21350
47184
25345
6990
27664
43280
50041
11598
17064
42109
56674
35614
55556
35019
32817
17165
41870
20939
11677
29634
