794
50111
30313
41492
25007
18963
57508
45441
14979
30201
17592
24393
12610
52906
38696
26385
23781
59261
31552
40666
40630
16835
10406
34677
21260
11091
42544
16095
37277
17038
24503
15913
20972
31901
55209
51886
43915
10580
7122
42843
16282
23943
10570
19164
21740
40381
46920
31359
54285
47889
8902
46221
43330
13742
18697
48022
24872
51829
37210
43298
19088
29718
38430
16469
46288
46074
24074
5130
44339
9356
46654
33083
16716
37102
25323
52911
10133
46600
22786
59731
23834
36335
24692
21592
41657
13222
31101
48045
4687
23984
56433
52889
51500
41344
28799
58739
3620
19605
30841
3028
55487
16853
49658
39454
32817
39820
43538
36492
11103
33355
13528
56554
8366
51245
6614
42192
57261
39062
6498
17609
22634
31956
53661
41935
33461
50934
6167
14680
9977
7896
15400
10957
31703
33465
10447
3682
48456
45328
20600
55495
11425
20229
55753
49539
58912
23216
58645
46657
26222
18216
28473
36011
11350
26892
5227
35652
7897
10654
39922
17913
36288
45683
24265
13703
11844
12975
26964
56823
8512
37568
11861
28865
54295
25709
52783
17370
45288
12530
41370
32760
24211
16259
9411
35379
10532
6197
25856
26831
16686
11308
56195
42645
29494
9345
58255
51097
56233
34482
10402
28421
50658
15626
18260
18552
4077
15640
42087
54224
42149
33050
22286
52616
58465
48046
42132
17091
7158
35588
14045
8395
42784
55335
27024
14844
49482
11633
58258
31383
19538
45692
54439
16390
54595
19607
12529
3382
5844
17078
18354
16660
20360
46472
23299
37465
24475
40863
21188
34789
41044
21216
48952
6764
15353
45071
17170
59048
45582
57011
9335
16581
58372
45247
29145
26719
18334
50411
15995
50743
19802
33566
52710
39998
50736
46483
54461
29300
45067
20569
27758
10855
20554
23698
23559
43439
43408
56015
25130
49263
48356
15925
38694
42389
48822
10022
47620
23126
59618
42142
21621
30397
12264
3992
44646
8033
24397
14547
45409
51937
45893
8362
42396
35523
26444
41487
50995
14948
31479
55872
53679
49432
52662
33586
49508
9084
13884
43338
4106
42995
36178
13068
6927
22853
26685
19234
44205
32024
5048
36650
5136
8336
40368
33267
34789
57500
27693
46723
13724
34661
48116
15666
58470
32057
42755
23541
58825
23095
49162
43202
29185
14364
40940
20589
59064
28040
25448
17202
13452
7992
15744
58269
18742
7414
57112
3774
47790
37364
30750
50198
55004
8802
52720
3534
24484
40601
50339
20351
30420
57145
44119
24846
10236
42669
39591
22411
7874
38714
13186
52132
43659
58737
50717
44010
26479
47520
54793
14257
53770
48650
29304
14475
8992
25715
39281
17376
21805
19877
30294
22676
53256
36439
34180
34343
57609
28903
59663
4031
24760
18156
24529
22730
17697
27723
52610
48285
50039
17120
52662
20550
51474
51490
44865
4109
39654
51772
18815
27706
57188
44007
36678
10964
33684
16354
23748
26301
53383
33802
58171
41882
15125
58576
24009
14285
46338
25935
56038
41604
42927
54520
49029
47480
30467
3249
27844
27645
21392
49658
20889
12975
24498
12369
22658
15467
26162
36697
48506
33394
14274
3820
55373
7796
55955
58433
47782
15050
4771
17301
9542
55442
6210
46301
3939
53302
28727
28026
30698
47598
5006
59556
37145
50491
31176
25672
31334
8333
51673
36756
29292
6424
55816
17920
34036
55317
5626
52565
32891
49792
47510
17653
24376
19847
6265
11428
47873
50739
26795
3079
13422
22803
59673
5060
37203
14861
18466
25245
57171
58783
9667
47573
56694
5396
49958
3240
58598
52744
8374
50004
37415
9961
33483
3303
26707
57461
13889
22276
51873
38012
9788
22974
35408
10183
19427
40377
13917
33026
7388
27463
58606
20193
4311
16504
15481
28619
12115
38059
52628
43984
24967
12537
57539
38280
22988
6316
18816
12856
52662
53933
35088
54826
12523
13591
22475
23619
14567
16031
56384
36152
10070
22840
10585
7030
22211
3504
37179
48600
5083
3240
51579
7376
47430
42230
32038
10450
31653
12980
7227
27713
31219
46888
36370
44580
7947
5594
51767
45892
17565
56017
28515
52517
36938
33387
18200
55651
36948
54983
30285
45724
40910
36890
32149
41900
9879
26277
10126
58670
12489
37907
15393
16137
55998
33675
13372
20827
51852
28917
52316
19296
41666
23420
34305
18298
12833
42081
30573
26459
58238
21046
20035
43520
34501
45058
10675
57681
40894
21177
42756
55635
55576
51035
22949
46437
54470
35920
14920
38578
48042
57437
17261
47255
13935
49776
44138
9343
26116
52996
41879
5114
5199
50065
37854
46147
52788
55100
43773
3554
18768
16326
41829
3767
31379
36028
27962
34806
38126
11821
22348
21780
54680
32288
48697
55457
31158
39024
22948
59309
30625
16241
37390
21817
26175
28713
54283
50032
52872
51335
33423
44854
3691
54600
43123
19557
52093
38409
58871
37807
37127
8094
55667
45429
43372
45985
17206
3884
51620
51788
42972
48478
53055
7146
40609
51158
11962
59516
16001
45079
56198
11291
59786
39322
4650
42954
37221
56804
14026
49815
24531
13107
39405
49055
31100
5941
18862
5018
12549
53720
55889
