310
14791
11667
27346
18930
50150
34295
53824
39149
44303
58074
57019
34031
3219
35244
43346
23706
10678
56238
42684
47343
16945
53706
34006
54297
19044
56413
36310
41619
35941
47444
12043
13794
33602
51787
54988
57577
55337
42515
29589
19209
15261
18632
18584
59435
35746
10291
15327
18175
27750
52456
23983
56124
36351
26580
29297
58952
4638
12523
27430
18994
47022
19665
7836
5747
8978
52510
18153
22148
20728
29137
50438
15997
23321
28620
20359
58851
8280
52110
25393
11499
45556
53106
3853
47675
33720
9785
29192
25584
51890
45740
59235
58500
37116
18366
54504
21191
54021
49615
21534
17402
13056
7152
16010
3596
34883
41775
34667
19237
24227
8146
21239
4170
56639
18292
35568
21998
45977
20132
27006
59078
38676
20218
50841
50488
35643
51042
51198
31970
21318
27859
59693
29952
28854
36803
37690
11360
25067
7187
36226
9754
36962
41370
47756
55131
36644
48983
24256
46692
49516
50235
7692
33584
45153
25885
12738
11853
43922
30976
45364
9875
41619
30628
10392
9300
55709
11502
48542
37467
54209
40839
15574
46909
37488
15819
38738
20761
19770
52542
24541
54327
15539
30616
21511
5992
5653
3374
32166
33465
31031
58721
14896
17946
10600
21326
25369
51975
6596
9399
56734
34929
48626
6091
50044
35707
42474
22770
57619
11825
59416
51369
55576
50975
30448
44676
34634
14029
50594
40995
22179
24270
10039
37134
58277
54927
8024
40108
30534
45302
34779
57759
26231
45453
13422
57784
47902
57610
43154
37377
41213
23871
4344
42602
21250
25727
51639
23286
28052
33777
40991
16362
48539
54136
16461
17834
25221
38906
23584
47187
31709
8059
16150
17600
41734
5439
54130
51530
27876
40232
55242
13387
56006
37739
7769
26878
56036
16747
54227
26855
28545
54104
36297
50967
3993
57125
10978
28803
41159
55311
43844
20089
39400
27139
37342
4135
24866
7344
35953
46579
12385
23267
24020
59165
37562
22076
19233
26951
22910
10651
42326
34993
