1115
10285
34727
34145
40178
8219
46125
41313
41478
48652
20974
11939
11986
29959
5495
14537
34026
24663
16663
17655
48494
6038
5443
43626
44805
17476
50117
5550
44505
7060
19000
32291
37109
6022
6133
40028
52019
11776
46352
23226
46412
4741
32076
25857
16427
33501
6942
39234
58350
15879
31068
12156
52199
49976
58611
46891
35644
53565
25775
27673
35902
57767
45446
35158
29704
52055
53289
46846
11838
47169
26623
44122
34374
40875
52523
43902
57420
22777
18578
20044
8342
14491
4554
30853
45242
12922
27892
6021
52929
33052
23168
13000
47782
58399
37719
59122
15585
6610
59903
51089
23222
35208
31529
44336
44073
53134
17019
26169
5069
4060
58041
49607
36910
23444
26776
9985
35565
32843
23537
22189
33580
52294
53398
35963
22546
49102
27841
52165
16784
13154
25500
28491
15021
28325
43208
35652
46093
32218
8441
6284
11334
38249
59782
31801
55284
31770
34620
3048
3554
10552
55252
53302
50193
31243
57081
27531
31117
23238
18754
42374
12941
27200
30999
16380
52132
13776
11736
32234
18031
40714
31992
55538
46165
49905
47931
18087
39253
48306
26151
28920
11546
58405
19463
58502
57167
20606
3143
7211
20987
41881
7804
54342
17116
49834
11972
59077
51390
32381
17890
32738
31563
23769
49407
8277
24102
53277
55843
57800
57019
52870
24724
33425
6309
27177
55686
48892
9356
12598
21792
45497
30160
48092
23879
25755
17196
8219
23898
54770
22381
14932
8825
23756
43563
59491
42989
3306
14456
17044
42669
55075
8293
9453
7345
34972
38848
59471
22630
23999
38859
32550
16334
8740
51935
55351
11413
27605
58036
53713
18808
54346
47389
24224
9930
16018
25863
34613
56158
46290
39182
36398
21877
24901
32585
34040
17990
4739
25548
12021
21985
27378
36168
48112
57856
37441
7902
31648
36090
12305
27649
21265
15364
54424
3466
38737
41945
25002
55332
31555
29246
44265
43131
8299
12356
36990
35516
42540
29699
14070
9432
22568
47621
17645
48231
53737
31408
10108
24090
11978
4344
35017
54374
6567
5794
25141
54794
54475
54422
36809
58354
32987
48824
23184
47349
43177
48585
49645
34916
6148
45262
54015
13451
57744
46567
14485
53190
56927
12356
5315
28504
11910
20029
55745
8830
40864
8187
57353
14634
11348
22550
16845
28300
34180
26152
45004
16519
3119
21648
28320
57897
53264
54587
21631
24453
27927
4174
40418
39831
20140
54716
14119
3308
9756
25340
4644
3052
20714
57026
22969
57423
40445
13380
11940
51896
14092
54460
14245
23140
18428
36990
27881
30946
37219
26945
27892
30888
32857
48457
20592
46233
52649
45720
34573
19767
48631
40683
5608
3855
24890
40652
29358
49839
42267
9589
53741
41166
46479
16449
17353
10251
33047
49624
7382
11475
45566
52874
48413
10706
17702
34913
40502
22066
59959
35192
32423
36854
42402
16036
14691
34452
13258
39584
40794
7299
24994
12909
45324
5194
40563
29139
58349
14524
54526
49515
29275
9541
55970
46364
28249
3433
45915
11034
57363
18917
45340
53553
33189
13290
44418
8074
28131
25099
59405
11130
8558
4879
7567
47428
58688
12115
55609
37084
24802
22429
27765
18364
53463
19306
59096
7933
6987
33275
8015
29295
26850
6960
55623
58904
54421
19915
36825
14474
9362
42529
42013
32424
34262
12786
7598
39063
20270
15556
7196
29897
3894
9606
7736
53216
28699
10419
3916
23236
27171
14932
47462
46391
53448
26414
34675
30969
51752
26223
52426
13317
44741
51556
23008
56988
9286
29604
24382
5101
44631
45130
33073
7502
38963
3030
14068
40035
33533
12538
38383
24216
58779
37953
40992
9046
31658
39322
42921
47970
47777
49127
54521
45191
39728
47296
46459
15996
4888
15808
45463
46830
45220
22606
40575
47208
45708
5966
38145
11480
23991
51369
27656
55372
29203
43425
53246
4692
59336
50303
26259
26788
24402
22227
49177
19220
5377
51642
17480
29511
34669
6070
34847
34576
39595
59324
46494
26521
20855
52818
14008
18013
48108
52671
48492
9979
18909
18566
55056
23414
44593
57895
29908
10030
50958
22100
44339
31120
34220
32548
34297
31009
9013
46357
38559
29854
14523
3785
27429
53533
13114
8779
50384
58403
53071
14667
5771
22590
49687
52408
53068
31209
23102
13857
37858
8691
24262
23208
59077
31395
40575
54698
11175
3942
50466
55934
29099
13219
30918
29891
39588
51558
4212
29364
34214
5717
55537
30604
54427
31067
27432
56687
52443
39346
43632
8197
40536
25116
8610
8962
8452
8351
17108
38706
48400
25153
10802
30798
44605
26776
47976
34469
10105
31172
47749
14098
40640
20531
45680
54473
51408
36153
8114
20173
51089
39954
45903
3582
29579
22053
56641
52763
56288
59740
55613
7843
22791
50206
37214
59374
58426
58232
15627
31702
54238
14181
3615
6674
44331
14723
25195
44630
25326
6323
29963
24567
38782
12151
46595
22070
55243
40702
14560
23329
28003
59683
56495
52297
28385
4180
27859
51391
45905
57968
56753
24540
52903
38285
18024
45646
17843
3904
50036
33673
5245
33129
57181
49955
12630
15197
31690
5743
40543
18183
44477
38365
11365
18539
51605
10539
43118
17444
36795
39839
9634
28659
20183
5931
56096
33895
51643
41380
12746
13118
56453
9298
38941
11362
37907
32176
33599
51220
22568
35825
22051
5979
52607
35362
26429
21054
29634
44479
50898
34198
45769
45263
48320
57455
35143
47466
21264
13059
38083
48483
45059
56426
4253
39881
35016
29938
14603
44186
58477
27912
49661
45316
47206
35981
30314
32683
45766
35462
21738
56771
19812
10004
53106
37018
16443
19510
21660
15950
38323
14899
3351
35397
59742
40091
33327
29940
47801
10511
40593
51416
59233
15627
24924
9666
54945
4351
13179
28201
35003
59050
46182
36561
14499
55620
43007
24862
48362
28501
51789
22542
39749
34600
14874
19144
5965
25696
15790
25578
55336
33407
9288
41759
14782
17796
7972
58806
4335
53481
44832
36835
24796
33198
27629
54288
35494
46469
21757
49869
35083
34441
16481
36346
29603
43490
45692
56124
56193
30582
41864
40746
29312
8644
55744
51551
4765
39541
28991
20019
49921
14630
17667
51220
12460
17615
37597
52486
44614
57405
3969
36913
56816
43425
17086
13629
43525
7940
44167
28284
20322
49689
57996
10664
3302
21124
14173
10206
37769
25585
34940
31454
23300
5994
50133
20162
26285
19663
33690
47678
22879
49780
37643
57841
52754
58594
54472
12104
18479
45643
25041
26040
16930
12428
6353
21999
57676
33938
26396
5825
23614
3335
9484
4697
43815
40538
30605
56288
28887
25828
13225
21949
59519
41369
51543
29791
52215
24249
19183
7652
19357
3012
24457
11238
35281
54551
19143
26908
17458
45971
7703
49587
47690
32145
57723
15888
16985
31831
51210
58283
51445
53930
3666
21069
4848
58141
55947
5860
29266
54538
10677
53960
3736
58750
31875
16066
15175
59309
14172
51513
11579
35423
14917
59661
38931
7635
17621
10321
24571
30175
50504
27188
13869
43150
5102
5366
41894
49892
5838
58177
10857
57480
34506
46581
56994
20053
37837
53194
46889
58401
56823
54685
13832
49382
23909
18141
18462
51410
52626
19263
11931
15949
43050
