2058
19397
30582
34069
46790
13389
47695
44262
29304
22469
13929
25787
42916
12499
27240
21073
58479
57244
52718
28420
4472
18057
5290
37458
5339
16160
14810
54023
9537
38063
32699
35234
47337
38327
59402
50978
11646
54904
44343
28878
31664
44867
23008
7435
20773
33776
17200
54607
24728
10079
5171
52173
32866
4893
39270
21221
44928
37134
3120
57977
55962
22221
32685
22401
30000
35261
22083
36567
37458
15780
39841
26892
46476
25174
13865
8113
34118
5477
43797
12602
8943
35187
19311
50970
15597
19603
47554
57452
19708
18115
21594
40649
58974
52302
31977
15290
8031
24763
9174
31158
37723
7964
20381
5703
41378
25506
11933
25504
24901
6044
18948
53178
51387
40169
4011
6031
32933
10049
3807
17573
18840
23772
17948
33367
14983
44635
15956
51044
24685
25071
18673
30134
33571
25678
6937
8484
20901
36441
59455
54039
30904
59232
10637
19281
41722
57030
39731
36810
47555
36551
17940
23366
58729
26661
45000
7815
23008
9587
16546
29181
14560
34540
35809
27052
11716
29167
6318
55848
20445
33140
41906
46184
55794
59583
32078
36636
20882
53994
38972
3185
14217
44552
30117
59405
12811
57816
20198
22345
32542
27531
12714
23818
26308
38092
36054
15184
42813
10030
55030
56737
22453
41440
51538
12686
15468
32135
39931
9832
50688
22714
30172
27902
30594
57533
57533
29938
23683
39701
54362
43934
22967
51513
48016
53053
11645
37455
25727
25261
53004
12165
34883
46473
56311
36142
33259
46928
26059
52781
10198
52170
25441
36143
41141
37444
33438
43626
26438
42384
16528
58311
25852
6025
53061
22367
9950
18475
38417
22667
16198
40870
11878
6839
12737
23400
9940
54637
45588
11658
14013
30039
19833
18879
20273
21218
35513
56695
44621
25819
34136
29490
46555
54005
5435
31099
43230
47774
53228
6213
21955
52177
43442
30217
29985
40975
4562
34511
42201
40961
51527
6196
30217
26527
27569
14790
35977
35680
7741
3876
23697
26887
25500
48727
16477
16008
53285
7459
19584
58930
21140
10570
26309
43272
27204
5865
45770
43357
53739
19271
29407
45093
33687
41514
45626
4737
11188
38335
59418
53834
37284
35734
53780
55766
23805
39026
50133
18364
46762
56278
25867
56178
44732
19969
55394
21570
50252
38366
3032
17041
35247
51722
46175
33147
8849
10779
32553
8155
18859
32129
7967
38901
30644
44902
39217
8453
41822
35963
30110
29916
36014
29062
14558
32969
55991
46891
33953
55561
56749
13230
11829
57369
48394
26341
5066
45388
27270
45357
37003
24715
51337
17153
49763
16799
3765
48440
4679
27624
3130
40321
28376
44359
52044
18395
36145
22831
8537
31672
17692
58440
48052
29097
35424
37181
10709
59349
13707
59939
55389
29886
46721
15362
53827
49933
18240
23394
30823
11977
28001
17347
19723
19403
23688
46718
23587
30077
36306
36910
36558
14662
38282
48341
3606
7170
14788
25196
5269
30754
11222
23189
27875
11062
24793
31343
19002
28606
12955
47602
7630
55683
56073
53725
11715
16576
22337
30698
51943
46162
15963
20928
52557
15597
21672
18675
42708
52514
59346
3735
26038
57526
32710
36011
37252
38494
22247
53070
14720
9050
55648
42570
58273
54571
39057
9453
32726
34524
32393
17267
27088
43425
59548
19802
28247
49966
30480
44968
54759
50820
15170
14641
28596
59091
23377
20571
49560
46359
49609
4428
15227
25631
9691
19303
16536
50561
13346
31650
19872
12591
48281
41509
50985
26535
9780
11835
43713
14499
31936
32325
22411
53697
33545
30224
17651
21987
15765
21335
44368
35190
45878
15276
51222
50718
35705
35685
22930
42215
37375
43451
15930
39828
45208
21742
11086
51326
27334
56225
35260
29178
3776
51021
54750
22366
35752
47707
17811
22260
46745
18785
36797
47088
14463
50002
39567
40336
32852
48049
40010
48813
15578
54826
34307
52538
23038
54173
37963
14633
56571
4641
33997
4325
6352
9636
31109
41514
46629
15724
14079
30764
10291
11327
44182
50506
44488
27049
6726
36249
37692
36433
17932
55158
22142
44796
42234
12704
9489
54330
31857
59481
34556
56506
20014
40728
47982
4897
55177
14779
34307
49542
52083
40796
12956
31008
45717
28736
36317
18968
49201
35106
49181
34217
49253
9642
6571
46797
59016
27541
19468
39657
50562
59710
52551
30299
45298
9296
3775
46712
51987
13957
30899
55245
14001
27099
43562
29674
19490
12230
56487
30157
57729
26782
49254
36096
55089
19701
3193
50552
55631
41031
10640
7426
49466
25044
29216
57473
46664
45974
6662
46146
42679
42632
55185
27431
17587
6813
54998
17486
33664
36747
53074
58158
45800
28196
30377
12914
27162
24466
59342
28611
18721
23772
11089
7547
31737
17629
42258
4810
5826
18561
55358
26853
36655
16011
46352
26511
43805
35088
38608
40358
7015
6315
28360
15644
36778
10476
16836
45560
34374
27941
20408
42262
27095
38021
33029
39438
5099
31053
50601
36549
29633
39964
12425
9307
4722
20211
10265
5190
36428
18223
49759
58724
22517
47965
27341
51886
9456
32436
39206
17723
22913
46119
56630
13414
54207
36664
6701
23416
14897
45163
25492
35212
31479
32282
27195
38647
12619
39785
39594
56694
27215
35156
9031
31790
27984
39128
18703
12892
9790
22973
53599
5718
40387
38513
17105
8387
12617
29789
3785
25512
19875
58064
38909
10328
21274
59841
35235
13157
22339
50018
8752
3264
3852
5722
17813
29018
52832
3478
25026
32209
28323
38472
17661
10304
59402
37231
59453
54347
19723
33372
18952
39948
37268
34989
53622
43025
19744
52612
7232
6401
59941
9191
34083
23341
18713
53081
19011
21435
45367
55246
20506
16729
27273
39225
47630
30661
55604
11172
13970
49435
46148
29085
22465
20967
59102
36662
5565
18564
6629
32786
14477
37788
54404
59807
8274
28481
41159
23056
51771
39017
14783
40150
41189
14201
9104
32931
46511
51252
45847
52441
31488
14431
20162
37790
7955
24070
51609
36646
57471
4214
32347
43985
55990
27730
45819
22158
51572
45154
38933
4427
31230
6520
3017
51469
14482
18901
6014
19332
8624
39456
33460
25046
33724
39385
58613
25851
7112
43825
49270
39108
39760
36835
37670
36412
10257
57640
33938
7968
58769
16751
29473
8191
53414
48509
41279
22220
33501
35089
35010
54892
26586
49210
28780
37455
39588
22798
16560
14005
4305
25482
53648
30972
25542
58881
22561
13794
23888
18854
37806
39198
10776
40095
13453
35296
42611
15231
14054
7397
45620
12276
39716
51455
33304
34240
32677
43043
38571
13103
8673
37063
28210
41553
49100
50799
43729
38993
7489
55382
31920
51115
21481
26385
50012
5496
42070
38353
50490
35617
31615
59985
15449
16649
53185
30874
3319
53435
39910
59188
51376
27734
56284
13254
38319
27942
29303
56268
35307
28488
24429
25269
54731
50827
48762
52183
22024
38612
25731
31144
5041
37471
47121
24653
58006
43788
32538
39944
49214
15773
14454
43722
9136
26445
53234
51648
41642
17396
58448
43467
59272
21852
11004
51074
26034
14261
46514
30063
43016
40665
41410
5006
50192
59211
36957
22735
21590
14184
24907
12172
51824
36680
57318
21770
22333
11190
36391
11491
36956
13916
34951
30005
55421
25269
51833
20016
50107
31377
27494
15603
5242
30735
6903
19899
39960
44660
53406
45073
3220
40900
15396
47851
19731
44280
10489
38418
20300
36870
16336
17361
5415
49959
32015
20583
52439
20704
47896
58908
30748
53957
25095
8653
20207
19642
43184
15773
12744
35141
35701
36645
55985
10346
40988
54986
51861
33934
14263
45089
42180
45449
59440
21078
34180
29712
55708
36314
51815
13775
48977
5064
52545
43466
29534
41073
56163
4711
37195
56245
51831
30102
49761
38389
26838
36441
14949
38886
45748
33689
5191
3981
5636
6609
48729
23342
39837
53287
50196
12727
23252
53805
35105
23534
56269
55656
38530
10624
28439
36319
27235
46953
17218
6654
31180
45711
3141
58699
47796
38845
56920
38920
26250
39040
52801
9460
35477
55678
50356
32594
14726
13152
23273
16341
42634
55159
30214
25759
6790
23495
57645
24972
59875
30940
33067
25096
19595
13296
44472
55688
51127
23615
36157
36095
8731
13836
44814
47489
18081
53237
9097
42824
54930
53867
49677
43551
39253
28623
20850
23951
54414
31258
11409
25656
58551
45308
28221
3786
54540
59318
19330
14594
38140
7826
14075
23480
11950
5268
57229
41852
20935
20444
57942
34231
38266
14873
27908
51804
50238
26631
56021
41877
50264
17485
30198
45948
6142
48210
18531
5142
57114
48444
12188
51605
9245
55602
57950
55817
37449
46923
46774
46485
23194
41657
22603
30630
57725
30934
12220
39618
22224
32173
39365
53803
46844
33792
49596
30532
56001
34071
52396
38948
39710
54780
21379
9026
42377
16363
4450
38542
42197
14843
33434
40013
25356
3128
59648
33778
6935
26780
39968
22688
42866
56733
46839
59695
59002
39054
56304
41168
28395
22081
31246
58946
55328
34481
14656
41852
55490
31108
28212
14685
58931
17102
31295
49609
13697
59785
4133
44428
54253
14191
49483
11017
22744
58233
41692
14844
48198
28253
34194
48053
38191
6511
52348
18359
41764
30307
9008
52033
19563
55778
16608
55349
56012
21263
8020
8325
17344
3449
4233
47089
8059
50309
15554
50817
44474
52942
24121
10196
40559
37928
27781
52168
4271
18873
49704
48451
51641
59688
19486
20392
22449
33648
28039
34291
16310
30937
29001
12286
16741
29670
10497
51725
14265
52655
39204
20415
50227
12417
5125
15293
37943
57453
11245
28247
30550
54150
28758
20780
58814
36432
11134
38267
30153
12290
40059
30680
28819
49639
39917
53603
4806
15640
50816
57388
23831
33698
4370
9259
41704
34242
51235
3576
46733
56498
14086
53002
27086
49184
36312
13384
38341
59272
15009
44016
41719
14200
16941
21409
35201
26399
25208
52577
21727
27415
9250
3111
6701
11286
13621
32004
45105
23410
49839
45865
24072
47262
48515
3528
17339
51388
6718
18381
55239
46120
5263
13494
46644
28088
38127
30573
7345
20504
50870
36782
58621
50132
8982
19471
30880
49303
59544
33083
12783
45157
40226
34854
22419
57245
23250
21810
49405
59604
8012
29512
15889
42881
47432
38661
8412
4007
26759
48021
30849
47986
12241
38516
51242
41757
35103
48248
25466
45015
17271
4157
42803
42078
37199
19107
46005
17775
21991
20863
5837
52157
45279
44841
48436
15912
13987
50111
10164
36835
43257
19386
57476
59804
5228
6255
28058
19052
55619
16090
46071
56383
17865
18415
35944
24828
39282
20513
29876
12936
18810
8127
31363
33246
58049
4041
6454
48109
42190
17635
28736
25507
29609
25196
28151
41680
34511
41384
26831
45798
19517
32256
38446
47025
4977
22654
47673
20007
4070
24713
4576
47648
48511
4913
7259
56047
41138
20230
10210
14766
55143
8124
26991
20015
37779
40222
28672
23566
23373
9225
5223
13633
27733
3343
46054
11235
26278
37116
10140
30497
39567
39282
4697
45729
8514
3941
24642
50330
49573
46451
8687
51105
29362
5156
10370
28002
44395
27122
41986
13626
12146
41231
29692
56493
54487
23819
21767
16117
22430
19987
41135
57972
40216
7240
18732
8191
20016
21322
44537
23756
9535
48969
54149
32499
5850
47379
52556
38310
52784
33023
34275
34671
34763
51792
37243
24798
46847
49306
45039
25147
34517
19514
26713
50645
24916
57037
31841
55700
19264
13480
9168
35511
28486
48665
57344
53092
37786
48503
13796
54922
58197
43155
4978
45433
27792
40107
56030
9740
34908
49829
42420
41244
20482
59912
56957
29136
22813
46036
45551
3405
17131
31240
51258
10850
9704
41961
20940
4389
58454
12725
17688
46321
43069
5091
42935
38692
14625
23468
10834
6069
39331
22960
24030
18451
52098
43888
4735
10628
36849
22412
3089
30272
58083
33749
20435
38519
20442
45174
44437
24653
54543
24294
53173
37853
16673
17990
57040
27519
21727
40461
12182
12312
3073
20406
40802
17031
15553
37830
42080
19990
56484
11733
57640
32228
57056
28327
12820
46224
21345
55065
11251
26539
22104
24991
22243
21890
12563
24167
25344
3175
52041
54808
4457
13578
54382
43982
13595
36952
43002
31244
6063
20706
26022
19376
50793
23659
9311
57905
27971
15280
29289
46550
5887
58511
52683
41267
15192
52094
24702
20954
59629
23480
37552
12836
11035
30695
8675
9166
59261
20002
27398
35392
55250
51609
14922
40119
14319
39584
43250
48712
47049
6366
57259
55518
49323
31077
31835
40692
44843
7672
4059
18744
39823
15893
57175
10594
26358
23404
20550
57615
13880
10424
10867
23378
51789
36957
24760
24857
40548
9364
11500
27386
45823
55736
29891
5747
54989
8688
28795
6091
41829
9176
11709
56644
3411
20224
36896
29687
18091
23443
23692
35535
13188
4025
26841
9641
31391
28139
16061
12918
46352
13261
47906
59691
16782
42560
23654
31182
6903
10953
22871
11253
52350
17857
56541
26196
56983
14444
28608
55707
36760
36131
22395
3797
48636
16646
26109
49382
9812
53094
19232
21534
51096
18832
48656
19942
47295
50764
58979
8414
37975
16969
43930
25559
17588
55250
27872
28675
56317
33085
59149
28582
59679
4895
28635
30706
32937
44178
49624
28480
43221
34954
55759
5079
48296
5927
31669
48642
7035
11470
30723
54516
15852
