1348
32175
22574
57863
47799
11210
59178
20177
23862
5908
38025
49174
7368
29672
14107
46261
27519
26501
23134
43449
21102
39877
13865
43480
33008
19760
32330
17894
36600
41589
21533
23903
21957
49349
19024
5829
9639
19654
49373
22895
22210
10326
9596
23956
51827
56483
31054
49764
7620
46677
28682
29582
12052
50083
36018
48839
44703
22298
9606
24960
50583
35998
11398
33191
29452
9555
49454
33235
22245
21687
7560
57316
14187
11450
23579
44540
51661
58802
27839
13375
52702
29918
45894
52486
25367
42981
34580
23461
8700
25800
42631
35768
34292
40646
41403
9142
49367
9012
17333
49244
31855
44942
53742
33385
28114
46140
13523
9496
55347
14829
31067
13566
12405
19441
4305
43825
38813
31730
32858
43911
31949
44156
23010
4981
6229
36882
13984
45852
20180
46536
47525
4065
55495
18994
49454
48884
11780
51262
27393
21832
58475
33616
22695
10502
38109
6873
56625
24543
38212
3175
25737
3394
18096
45679
18880
31924
54609
52271
15552
15251
34758
58923
48319
17296
22930
55213
18008
50988
37981
50616
18203
21776
33909
4173
46801
41530
9381
44007
51575
28065
43194
17418
13925
8147
9089
29735
16855
19362
24519
55795
59792
3847
26855
4325
41826
34061
43075
48025
55896
33939
31352
41597
54053
23842
19542
31484
58072
31549
34671
50284
26161
53013
27126
12606
36411
3946
28827
26400
46991
49167
25759
10705
21864
21868
38598
18029
50715
10082
49196
22289
50868
40412
37120
47190
40208
17675
50639
39148
39786
50428
53005
4370
23508
18466
43897
47051
56816
34992
50567
57471
39105
27910
7844
49421
42057
17052
14018
26317
20397
4939
30760
29399
27604
17464
5204
17166
20110
8216
58925
19561
49186
44739
39625
17979
50554
25666
47762
24004
47735
3097
26014
56027
31767
25693
16568
54917
30648
51228
32280
45903
26635
54613
33180
42271
30691
22482
28959
7751
31902
23920
7902
26591
58895
39318
34504
58512
42632
8216
7764
33098
43296
43059
30246
45322
58240
36228
7577
37102
43230
4884
54751
54163
24736
17579
32733
34217
30925
50923
44001
55313
56005
32312
54824
7590
37165
24974
53068
14227
13137
41140
39934
10052
34839
20149
44719
42624
10911
41348
55911
43835
13193
10168
23035
45473
32315
26407
42069
7455
55777
47764
59449
16807
41296
27438
32871
41263
10513
5746
36817
35555
11885
52530
20347
33668
53870
23622
15617
50711
7614
15214
58611
58945
8139
41484
11735
26719
38299
48089
38091
29712
10307
53416
22128
9494
25060
45159
59925
9078
49454
15464
37407
19467
47761
8270
7647
3459
20380
27403
18193
36706
17386
9217
16594
52293
19029
33356
26183
11948
15080
6325
51574
8927
25446
41776
36514
41219
42264
49645
44258
38910
42487
50122
20315
44385
49139
57869
21887
57952
21067
37235
59416
41949
57832
47129
29986
30371
46806
34046
59046
25803
41288
29414
23479
12375
39239
15047
50552
3974
22953
53572
37654
44152
30154
6616
45587
38387
8320
31327
45048
15583
49360
17932
24760
24007
25301
45643
42984
51533
19947
43219
6426
22213
28588
25619
17330
58543
55932
25127
4248
38359
49604
10592
10733
51364
42779
40461
51903
33206
14592
55838
11388
21561
17515
36945
25759
54180
59847
13234
10371
17699
19283
54117
49886
12793
51087
44108
44884
56113
36338
5565
38994
42340
9231
52030
36716
24092
51714
41882
40117
50474
43899
50379
43148
41169
13925
25113
29973
27136
24713
59059
54864
25815
55424
35478
19513
50866
57887
32216
45735
56580
21138
46993
58929
31501
56529
27300
34024
8127
19156
28436
3355
6520
21036
32174
46402
48821
32530
20754
44604
8061
28048
37336
12511
18514
19119
42253
8964
5986
30641
50885
51312
18481
8740
3379
42908
46271
42124
15688
52432
15149
29176
37752
44679
44275
54960
52262
32786
4941
50935
4400
13992
19847
10772
27607
52635
51171
39038
26127
37160
5893
50635
51201
20744
44337
29281
39223
34492
22309
3991
9326
56502
43941
46860
36123
34673
13239
16536
13127
32971
31672
15969
42967
59570
52454
37028
45246
25832
22350
30484
25254
50393
57388
55576
12643
12039
56872
41951
35320
15083
29482
4628
11274
55163
29575
35047
17767
15665
51834
30037
54745
17306
12091
36666
32604
43439
25995
42206
33665
15445
4645
19171
40887
59435
40054
53730
36430
14359
51571
47213
37966
18813
58008
31076
9838
8115
24738
53264
33307
27541
14266
16205
23620
16711
31426
7799
39075
33676
57526
32964
47986
42481
40991
37718
7724
17529
53919
22800
55692
11907
43785
28413
36351
19326
4716
30253
24228
49400
17669
23771
31044
56445
37308
35539
8656
26578
15907
6697
19073
19650
50479
51371
40530
15361
31918
30284
21941
56811
11329
55696
38985
51448
7777
5230
17552
53746
28252
32911
52434
31599
48662
11382
48394
58103
29788
4450
7205
7638
20055
5511
57868
28246
41999
52498
3942
20156
11889
14503
52128
38836
9678
40837
6633
38387
55420
12700
34803
43595
42224
25844
50642
50180
30374
58041
4319
4511
40113
52122
47179
40698
50773
4124
46586
28847
52829
52237
50110
38638
18220
28387
38383
32026
11678
37207
20708
37549
47176
3022
38234
59296
8894
53327
50546
25746
53638
34749
44801
18099
41954
4772
33827
28678
27916
41802
3026
11216
50205
26109
36079
29138
49969
16004
24541
22582
10833
37523
44913
11979
15550
55198
37461
21977
31322
19205
25745
19210
23794
48320
19804
3145
52540
20606
4802
18905
21865
3142
24347
40833
49939
7141
9284
33020
14409
28859
28854
49466
33023
28892
7812
30310
39063
36224
48572
34782
18111
30399
13240
57272
48573
28439
22416
3367
18253
16065
6842
43176
59768
10352
24638
39765
6387
35730
52680
29125
36467
4648
43278
20448
38763
7757
41936
9515
31729
59960
15435
21527
37042
37050
15944
26849
4238
56263
18814
21810
59943
6814
11342
23347
25523
56934
14148
13187
26948
44574
39384
58972
25578
6728
6088
32502
17106
27611
59621
33867
55339
29743
47863
51468
12240
39396
39004
16308
55738
34062
15113
32877
7517
42525
23919
3095
37742
9466
52019
13663
42671
9989
7135
33223
43260
45746
26888
18695
48966
42745
15975
34056
35385
54361
15265
56303
42577
59889
50489
4822
26733
26958
43952
20451
40788
42837
27193
59744
12070
57092
18055
50587
17310
21250
22351
8355
28832
17234
19258
3648
16193
17509
47868
46472
58706
18557
8850
26099
33886
13877
53245
48632
26547
8801
43462
39298
27518
4234
10476
14708
3600
4764
14984
19106
31749
54689
57719
21487
45251
54255
42525
9819
33922
41258
52790
30411
50012
17192
44480
48494
15467
30986
58422
53457
28332
53113
36070
37344
47712
27751
49623
37324
53388
49229
4189
22904
7126
48375
41568
44926
45410
59853
46616
58575
40729
29274
24812
31628
24236
53904
39641
35909
51474
47751
33720
34775
29334
55616
43028
14792
54815
42844
55556
46631
30050
23554
55108
50074
19374
18945
54451
29165
14511
49952
57680
29795
13305
5432
10207
16069
55022
32603
50176
28700
56389
32911
51356
14810
22210
10671
24377
13551
3010
23336
5694
22522
25638
48238
17847
7219
36690
5248
47120
23563
58485
43685
42894
18634
45140
21007
53552
59160
20830
45307
35245
3647
31975
27631
35366
11743
5510
49220
18062
16591
49606
6671
18000
39770
15168
4976
58220
21661
47365
18547
53227
32840
40636
44849
31919
32694
16539
13648
31297
15526
37530
4912
19103
30159
51727
48769
40192
28456
35371
49552
47683
23079
13593
33478
28224
5278
17544
47858
30529
28172
59601
38565
55594
54727
13839
18985
46169
33980
10069
42088
54234
49006
37044
56893
35012
56523
15892
21104
18092
14208
23806
37860
47510
36993
37221
45247
46578
5103
53865
41464
7679
16836
38289
31767
41942
28526
35721
20753
25296
50808
9147
59730
46579
35503
20816
33328
8766
31024
11486
46780
42971
47914
37703
31180
33856
30023
25966
36699
6806
30590
57363
46828
52115
31434
3768
7546
44034
42695
19414
10408
12461
9971
24004
22499
46409
50846
43171
12238
14401
40984
5050
30522
24078
38862
53588
18883
22118
7335
12907
14628
22125
9456
25642
33940
57415
33455
19936
24682
37804
16329
44380
54788
59993
50561
17275
42674
28757
12400
51506
41269
36818
21423
25859
49399
30299
11250
21819
29213
59091
55612
21676
54846
40810
56254
28890
22465
43365
41109
15682
26417
5459
51719
31556
27777
25265
34061
16806
4037
12145
58019
49580
12852
30511
5739
54544
23556
3759
36575
56572
55899
59259
19571
20458
8791
58579
47119
18646
22467
30329
23046
58259
57534
52094
48203
32847
22418
41086
50753
36916
55101
7245
10552
