1872
21128
55453
39868
21352
25677
14457
59334
41874
42745
36136
51911
12035
24761
12630
48556
5319
20184
18380
53588
29508
29788
52275
20025
53566
46631
23163
59661
4325
4243
28689
56509
12061
52260
44536
3391
29639
12728
10849
30294
56724
43082
7780
56481
36185
42778
28589
5821
31719
50982
6117
12821
44993
50830
37545
38203
34284
56154
16150
18427
20488
27862
26431
12168
35660
23218
26714
4309
54875
52284
16056
47056
15040
15355
41031
58730
6993
58493
46586
12440
13999
34993
17056
55941
28213
54111
32696
47290
4796
8256
16507
17735
48839
56987
11173
32179
36361
16994
57736
56259
55227
3217
23816
43908
51119
19470
4873
31251
54652
32937
25685
45111
35813
19678
16231
50198
49817
59948
52432
26804
27745
48280
8111
45946
31786
33195
26892
16883
50269
23497
48347
48295
56537
48459
26855
29556
34148
44316
25246
10175
25902
8013
46720
52403
9116
22549
35597
25902
21677
22352
38921
10176
24640
14792
12779
31614
53193
31625
12210
44661
4301
35470
4567
49441
47161
42282
57473
37251
5559
15079
7920
9833
44983
31294
25621
42618
21181
22748
42999
56161
41502
33479
17162
12872
41822
16419
33236
7451
45036
37414
43756
23635
25776
33619
5099
30874
10612
52340
58365
38546
34535
32001
59464
20713
56226
53670
35936
20308
59459
14028
24008
20825
59016
57393
7617
33321
31344
37134
5253
21615
31189
42368
59447
36581
54151
17275
54134
40012
6409
48965
45602
23234
10923
36043
10313
44422
29059
14183
42390
23916
5001
54214
58870
27567
28521
49442
28872
35808
16785
48112
33827
21495
3478
26836
18393
17149
46798
41781
57631
52796
52107
6432
31189
51293
6937
22924
40310
56045
39889
11350
52709
50071
23445
28767
48553
12298
52888
3870
8928
51253
15722
45833
58436
9022
5638
24845
59798
56936
29662
49106
53738
47592
45529
34113
11268
3241
30608
30706
20993
47695
26354
42463
47874
8962
56972
7780
9602
33604
21828
4261
5057
20845
23915
27286
45549
7045
14260
40754
9201
11976
21834
23618
17847
48930
33075
55534
54908
38991
53052
41886
46392
46360
21450
43115
15789
18374
50226
8203
58528
38128
51060
52764
3100
8368
6361
34896
26612
10190
38678
42177
59691
29311
48476
44544
42981
35006
30031
42668
49957
45866
47203
15929
22355
41916
13660
27395
47131
55137
45044
30872
19967
33540
32386
24126
13596
29686
30735
28107
21942
48663
37253
3203
14789
46441
44528
10899
47540
8378
5493
44355
40603
42295
50877
10931
47413
33159
22987
5706
31642
51780
9836
3199
30054
15920
6316
23374
13792
25559
43020
8562
22391
11191
49867
16586
28747
11262
32567
38412
21484
17012
46473
30740
27564
19493
37966
31559
50955
49529
3612
31411
13467
10248
19649
58202
7269
58197
54296
49700
54420
59105
35342
46726
31525
16981
45486
19747
55385
14255
45339
21140
53442
9675
51385
13449
15672
4232
4775
6156
16068
27581
8016
8801
6729
36213
19233
7927
6869
35513
52254
35722
27889
55166
8099
4732
5913
6954
44418
42974
24945
55827
37703
7928
12526
41101
51624
21858
53110
27832
37466
7112
49571
32000
35716
30712
28903
41605
58111
46070
31542
38586
8265
40077
23001
37186
13862
28203
22066
23372
22996
24410
53962
33155
36646
35153
29978
31718
43821
57605
33885
12387
38772
13709
30817
45698
5403
25887
47530
50328
44813
15346
53859
43166
49223
24309
14859
13197
56264
35584
44643
15151
29262
21976
24763
19384
47619
39546
53938
55438
33507
38019
34358
46948
56614
30926
47375
22554
28347
26966
18760
41951
22756
28411
5177
19878
33465
4704
33943
19775
36332
35032
58209
5135
42170
35296
51233
26824
19028
39129
13523
12386
35429
26903
18899
13713
17647
7646
41069
51566
26380
56070
56037
19275
19464
4364
32399
8183
43196
18815
30078
34759
38061
41049
34182
16404
57350
33748
31763
20522
48495
18324
28863
12210
17595
37098
29630
23786
39341
10494
37091
9590
54873
31539
53175
18242
41249
8336
46343
29199
8686
58191
49719
40112
44775
43540
10322
23140
41495
29406
38924
46694
40118
52371
25981
27524
19445
46001
46515
23020
49265
55959
21009
54022
34237
4951
44699
59636
49531
13810
27206
46324
42811
54396
13492
44406
26726
8078
19692
51300
28453
59608
14581
57540
31727
48904
19632
55331
36762
44761
5917
38331
5403
7359
29585
42297
4594
46782
8070
30545
28784
18322
17766
32139
34681
28905
30114
29182
47554
37898
24748
16005
59582
15183
41060
5931
52409
5748
48878
9454
30572
24958
53000
28106
31268
32380
35722
44796
51733
55734
38631
56633
54959
19934
25559
42498
40915
4007
11003
11681
12589
36634
5181
55933
22374
37758
30911
5990
42271
11914
43120
51790
50728
9211
47053
20925
48499
4523
23330
16162
48871
38500
19710
9041
56052
8114
42836
3586
7845
6655
50388
31329
57584
17142
7295
47027
51072
5558
7260
3736
32950
11204
22439
27580
22927
26422
42151
42489
47201
23119
47378
51738
35260
56081
49073
4771
58352
53672
39458
15853
54210
59835
34934
10711
23748
34898
5858
12681
41886
10375
34351
47649
51407
26301
25614
5522
51280
26827
9460
18024
49228
49207
29756
8511
32999
33206
7325
31244
54596
58497
56616
30433
19796
52204
40701
31082
31607
59810
10761
23604
30312
57802
44120
35814
33867
21167
13990
19911
35599
13855
17513
41917
16185
26913
28825
54192
28432
17961
4012
29520
15273
34877
28737
40073
24894
3502
7628
39929
24254
55658
7128
43312
21325
40193
13873
5213
21850
59191
38719
58876
58023
23248
41427
3326
21777
24785
16165
42178
46957
31761
23925
8599
37468
3201
29846
7735
8844
17411
38756
28199
39828
15684
18759
15227
52734
33317
50121
13003
13688
27178
58877
14105
42675
51818
40334
55143
45928
31554
10773
53469
18368
52191
3116
51498
24041
20799
41677
7628
24502
33391
37159
51261
52139
41229
50213
15711
59732
28570
16124
17661
21863
47244
55671
23254
53155
47851
12098
56996
18104
10200
11039
28097
40434
13377
42135
15029
21500
30075
52382
18037
50748
15215
21498
21565
38329
26734
39877
25906
10237
45148
23634
11900
24196
12847
38695
13890
5406
42742
17154
9429
37024
51142
59621
26756
8362
16683
55008
38763
23103
10182
51319
44106
13944
28714
17461
38166
19774
10547
42234
15433
12035
36764
47479
42630
37875
38411
28841
23354
59207
28677
53833
35462
33566
21527
54577
45902
36390
46986
32222
21637
43493
43681
19461
6740
24765
30600
44892
22482
58407
13013
48582
10923
10352
49337
8414
47547
33287
8243
42917
37613
32745
33448
5512
39858
17642
49513
25680
40604
16255
21196
23240
9024
41654
21917
30648
5065
57613
54783
35907
7243
39100
22148
4861
54034
27193
24100
53825
42867
58606
43183
32782
10857
50260
48363
32358
46979
19698
31539
14764
25795
38368
45848
13351
26991
14675
30224
33289
18640
17779
21136
7956
27450
56692
19419
41847
45032
31736
48944
15953
40185
31691
52521
47966
29712
28825
36496
16475
28147
44407
53994
44415
27631
36510
25427
58146
28725
48838
31150
16963
37154
49036
22304
57575
56918
15926
12554
58900
3573
15312
56118
34471
25318
59102
42265
44781
11194
10969
12564
13856
32259
35453
4311
36699
8004
48938
4561
59853
44868
11652
29628
32381
48243
7217
25471
34753
26558
14755
41384
42816
36538
41395
31142
39587
13340
33582
42904
29177
22604
39721
43880
24552
13110
56119
44199
13244
23093
25134
41568
33173
17390
9263
55984
34963
42415
23585
18612
8237
50313
35945
19271
23261
22620
57664
52222
26811
42191
38769
41144
50292
38789
58355
33999
14864
53560
49956
22847
3303
33079
25216
56092
45491
3271
4478
38608
33556
36392
56819
46296
38222
56568
12965
5752
47068
37128
42066
9516
41104
36235
32679
24954
13961
46874
54185
56823
15089
52745
13769
55282
23776
50310
36017
50105
36441
11134
9694
20023
9208
50509
17520
28274
6805
14781
35868
3458
27373
48571
59681
13056
24225
55681
8532
48870
36611
17562
48654
8238
5856
21979
33468
3141
35403
3224
4167
43032
13921
36305
17315
51466
57528
56470
25074
43457
28382
31154
37478
26431
28026
3667
7248
17527
43997
20724
55300
33270
43661
36713
6852
32706
20826
47957
9166
23932
44906
52159
41899
25551
6398
35951
26431
18872
39682
8113
59773
16563
36610
50678
48223
22097
50753
52765
54061
24651
29191
42711
59838
41406
30965
7025
55001
39094
55427
3855
42144
48637
42109
39455
10860
58916
5902
55512
50405
56386
47919
39891
15358
48087
44092
9135
38140
47049
53567
17732
40125
41124
27879
14826
18685
7362
56027
44208
13280
26583
59034
34219
25536
29833
19177
34239
41103
27467
44197
54407
53470
29113
17934
36107
40361
36871
8995
13977
23409
30367
49363
28221
57806
38241
53824
3470
8705
27088
30630
23104
5426
25385
6283
9815
4037
57962
7352
32738
59370
8550
13122
11556
43880
37333
44902
33945
8266
3536
23547
53529
25247
31042
28819
20772
9941
48869
4621
51554
13263
51081
55435
41331
25903
36163
3291
5165
8306
22979
23537
15162
49342
34303
51159
24080
52538
59491
23153
30662
25130
34647
45300
16362
7952
26032
58318
59581
39142
49405
40909
37578
9605
21305
43165
34236
10561
47628
26983
57466
6424
8208
58149
41357
4112
51041
51004
35350
8984
18399
36461
40639
33321
24360
31627
59831
36933
30339
38172
42846
52878
31524
13848
50903
41914
40412
27263
54218
22909
22260
23869
47789
57777
42096
3329
9711
33425
6986
20111
55303
4377
40277
35614
18182
18157
40627
25308
8215
57084
55833
52825
5428
14349
10879
53697
49454
34059
39788
18122
48727
4345
32960
58939
36499
39482
41191
38245
16412
16965
48640
51842
25732
7158
42101
7031
23046
56364
27452
54336
33101
41613
44323
25527
26562
45454
35295
57792
44007
18627
10693
12955
45106
25366
36299
11254
46420
56961
53613
6133
51487
12398
13447
26807
46519
13552
47140
18335
25867
59030
8818
36129
22604
14815
54883
47176
23464
10589
56009
14064
56434
26229
9237
24808
10599
36568
4348
29375
55881
48303
13226
5111
38900
28564
25670
48314
17017
6490
42409
20806
15033
11784
8968
28147
37826
45449
40675
42567
54494
28175
51445
42601
20166
23167
27726
14422
41623
44583
48525
27773
13421
48908
14572
10495
10104
10224
49759
16230
35012
10764
26357
3989
29661
37768
59008
11268
41190
45244
17575
45033
44401
52935
7536
35162
40533
4091
28412
39421
31087
19454
45703
11966
7035
53244
27829
21383
49023
17972
35651
47824
25768
55937
4573
36624
17228
54349
40366
27808
16404
23533
32481
47372
16529
23874
5508
37777
24187
5398
15680
3993
59433
41690
13261
14192
45025
18056
59127
44083
26695
39963
46510
27060
40287
51555
44699
46210
8089
56729
37642
34197
56421
10645
45121
25468
7142
38638
43561
38434
54999
33650
21958
5013
18337
50988
38504
10654
19294
58657
35413
19483
28860
8201
27410
43703
34301
54673
30551
52021
17741
50368
48977
9533
25846
31990
39487
3786
58596
58342
28404
3409
51448
52364
3356
21540
19016
27179
49651
45693
20137
38335
52145
54155
17662
11529
14068
33568
37814
16216
46286
51756
23980
35364
23365
55758
36493
16662
58286
53284
13682
55407
54092
52908
57402
22713
30612
53647
47088
46721
43655
19896
34311
58807
18161
40072
13513
21786
26791
28629
54066
45614
37698
19919
5046
29341
40368
38887
30889
47939
7368
4773
32446
4410
53363
26104
34448
53642
17428
38056
22080
33850
50481
9721
31027
11318
7196
46717
49186
9691
46776
23840
45025
40673
10422
16897
14249
47844
38978
49095
22321
8987
15172
36356
22582
23369
42033
25137
51727
58977
29435
52278
30425
19031
23131
37861
39347
50913
34347
47306
24966
42435
42957
46578
46469
22843
29098
43284
31700
25600
45658
53063
32297
39288
21834
46311
26534
47949
9168
10457
7280
7832
49146
10256
46821
44680
24961
6016
13365
34464
6493
44874
5290
20885
9431
11215
39687
43721
