1809
40623
30773
23694
32770
30811
56519
56536
44203
57390
53792
57428
27152
14569
18705
52631
14965
26076
11696
5562
19578
14036
33961
41292
19542
43241
13952
13661
28616
30551
48952
12592
40276
15991
39107
30207
11155
26031
14959
47802
3076
59995
39404
10157
3233
32295
13989
10533
7214
38223
45412
54140
5899
54653
27660
55408
20345
24985
29582
11590
58538
39117
21246
34557
28703
23803
19764
38330
26983
21426
50564
4238
54381
23756
39843
40743
19019
42342
53938
50732
51247
13915
41942
14293
14360
55816
35516
11357
15920
52919
4104
24625
12625
4478
43022
24518
30541
12841
56914
42338
10189
20377
58957
56075
31199
39682
47601
29717
26920
32131
23882
29779
20088
7020
51340
19107
54298
55274
3121
29919
27517
26675
24914
30666
44020
26402
54057
13667
59467
32234
42886
30032
38281
25209
11952
51280
18680
16347
49981
58339
8455
27042
9717
19401
56396
57886
11187
38593
28666
16637
53226
31831
23983
24040
40435
44146
32982
30133
57660
11479
50033
43029
39859
58057
14413
21181
16359
40105
48914
6906
54893
27644
4596
22188
37392
59890
47344
16839
59299
51131
34974
6574
33923
56766
43650
5210
33559
47174
26888
7521
24776
55213
14823
45316
30769
12449
11455
30283
28890
49741
16184
28990
12428
4529
21834
25508
25877
12579
54886
48149
31255
23052
57893
56065
19166
8861
32315
47766
41059
11042
19826
28131
49493
12055
8878
3765
39696
7757
45603
25382
25611
20604
10577
39275
10278
36346
15756
6335
32464
36546
56473
26261
13522
24754
9659
13029
4248
53807
58821
51570
52030
59948
19720
39355
30485
46423
54593
34981
12129
15583
51003
36209
52817
34089
26323
11984
14490
34387
23813
12724
49432
41661
51200
6338
21867
23257
28972
26145
15239
5220
7028
59804
58960
5485
24405
39524
20893
9512
34978
7950
10062
40543
36541
14257
28524
7509
56262
42484
34967
3756
3930
36128
30342
32249
59326
24119
22346
15415
36590
10173
26162
47888
31752
34221
28866
22154
58720
29471
28940
19790
23581
47333
14943
13017
25580
25117
13577
14907
37274
40069
9172
40386
29051
47287
41604
24082
58360
31343
45079
7574
15711
18393
30019
7591
5957
23535
37523
9121
9304
56851
48309
26135
55673
51512
47342
34236
57745
17041
50867
26229
59279
19951
42415
11783
25834
55330
42115
21253
57497
11705
21710
18715
13153
39259
23499
59392
23159
39956
19705
30964
7057
15185
40061
40544
35903
21208
13370
21599
13393
21343
38894
31379
19063
20449
48291
12504
54041
33397
20952
47989
13466
25638
55270
45625
29027
8391
26772
11588
6245
28764
42973
37208
54553
57383
56759
31452
20034
41053
7502
21273
25648
15603
42770
3959
15780
42577
20529
20099
31274
37638
26598
5016
26969
35253
52282
26855
28370
25631
34793
18787
24281
30387
45890
35609
37434
9607
49321
37945
36796
4352
23624
58629
39651
37302
12878
29496
17566
38231
53768
20315
8435
39372
59690
48299
15626
43996
52837
28016
18074
47479
49088
5421
14407
50775
10194
59978
25082
17821
57233
16889
25444
30862
49853
35339
58875
9407
10104
37702
20193
11884
27440
4352
9906
28349
58186
50195
59898
18583
15304
31686
19316
7205
5691
18911
32100
52588
33240
16429
21082
30821
48944
59128
20198
36219
15324
16544
17835
23347
15430
21464
45223
47588
44891
13140
26266
9382
29028
29541
15474
9637
22501
12482
56342
3441
3825
7529
41959
57107
21302
49594
9430
35425
10901
11594
23728
18786
51410
5697
23334
13904
5968
53106
21581
36237
16623
56979
50310
16191
41764
20500
54537
39018
7635
37550
9836
25673
9135
50482
10804
40879
34148
11410
17585
52865
36589
57567
37269
8760
23737
12923
58209
46869
23755
20170
27190
16074
15531
15640
58744
29644
31316
50182
20434
50177
55492
11667
11553
18956
53863
8127
53883
47114
10446
12587
5887
43759
9640
18836
57744
5858
49286
50446
43489
22404
22729
3719
4436
22530
40690
45526
56253
13073
53709
30473
51328
59160
32790
58176
3993
31702
33814
11315
21114
49506
11157
20004
15567
5444
35399
24818
27895
28417
22761
28257
31114
10461
36020
5247
31039
58130
40142
54513
58123
45719
30775
4992
26089
53896
5259
16836
59708
21915
52653
17955
52775
57723
39189
58975
36263
23926
13087
4895
41868
54526
3134
58188
46872
18593
16070
40919
47451
45954
54182
4110
37563
34629
36850
53172
17709
59321
35402
51974
14581
50492
9335
3759
45485
59887
40340
18964
44060
51082
43815
3837
41153
20711
6459
41541
53768
50779
23415
5499
26524
59598
24325
45462
23230
9035
50986
5762
39210
50131
35465
9032
30850
17417
32887
53455
50201
13063
44370
54204
15493
50083
10811
47779
53104
13387
32445
39777
28304
9435
50194
22320
57233
46016
41605
55836
38380
46874
20068
47974
23045
12332
24555
29885
21463
56793
32681
25995
15403
32881
45400
35568
26662
12321
49132
57381
36591
29141
20482
13753
7769
15841
40471
32134
30659
15399
6314
56423
8119
54829
21599
13119
30966
23541
50242
52520
52009
15892
25560
34933
3701
56086
34528
27183
3696
9254
34008
34751
40074
59616
16561
15668
53174
48892
27282
29519
34247
31075
21635
37243
21478
48474
41744
16616
44422
36639
12520
57054
43043
11024
35744
38344
30564
4185
18121
53714
21549
6212
3566
53446
38152
43778
30081
52473
20732
30782
48489
34546
45359
55257
35995
50992
36670
5561
30094
7343
27197
48593
47747
16350
42183
9182
29070
52428
54195
22117
35322
32947
18224
19156
22687
12028
47227
49976
4907
16878
33981
19488
9223
36387
26971
35508
4525
9338
47071
50694
43555
56499
28194
6920
36911
44004
20740
31623
51319
31933
56647
16100
21914
38180
28947
6633
50293
10619
24067
14381
35417
45820
25532
34640
48176
41342
56639
12389
52472
10270
37112
59273
26538
36465
47665
36367
41416
39564
22944
45773
50105
41393
59301
6859
46358
59753
37231
23526
22676
8340
24004
53851
13004
47413
42178
18882
21026
12366
33796
38371
26642
44260
48895
5384
25762
19985
28173
39282
35132
19694
11316
23428
51192
30784
12186
7939
51797
26387
28200
11397
34461
26643
22223
28307
59282
21118
12527
35538
19439
10279
9330
15324
49329
8776
8933
6310
43250
50965
28173
36269
39104
35120
10329
16759
48700
31582
24302
35616
57739
41973
4543
53150
44917
51090
25780
29949
58541
5255
38920
51159
49748
39197
13203
19954
34001
59061
54378
44593
26905
21012
20722
54832
4767
11928
45242
17514
32207
43824
17816
15481
8093
25218
32671
46727
31210
26711
50367
21960
17920
31769
5486
27026
52527
48989
54422
42155
41454
28898
56999
59257
30557
21041
48659
9198
19469
17086
54859
17600
20410
39169
10941
56293
25534
9427
36133
52864
4073
31527
7032
46718
27499
50321
10721
18108
11349
39632
39269
28644
48138
25984
30799
47366
50125
12535
16640
54615
29630
46873
45351
30215
52284
51583
8799
34516
24822
42336
59164
20259
22180
5724
19737
55963
10659
22069
48735
30179
35516
34621
52970
57586
55407
52445
51025
32066
14979
31826
20867
45143
19724
39673
43333
30191
17072
12912
8034
42980
21020
30817
6834
56536
43940
28914
45280
37720
41466
31722
28049
9212
51654
18780
32478
28934
55069
35776
28066
37956
19363
56171
5116
35682
52139
47224
21085
47536
45780
22348
6287
17648
52910
30965
13671
40388
33042
27531
22808
42505
57303
7667
32574
23605
34331
51287
59527
11542
41865
53989
3106
14505
26324
55452
18987
33052
57503
44055
18346
45777
22952
39656
21705
46405
4779
21499
45451
23917
37207
36785
44334
57500
57260
54282
59560
51999
49894
42185
17197
38461
48449
30838
29766
58167
32524
34173
45266
59278
6307
18993
25285
16144
56883
22977
44946
54749
37301
18789
54969
47509
29620
31500
25859
4991
26436
46713
31633
48168
45819
6781
9884
37813
41900
42333
52800
21614
54141
5738
30388
58687
39737
45168
7263
34954
5926
28624
22388
31064
23508
33276
3452
6235
13804
13332
41966
38948
6688
41581
27502
55000
17676
42675
51517
36391
50450
48049
12139
14133
53335
29714
8859
22205
11986
49824
22864
32002
33971
54037
17173
28978
33480
49545
40932
31777
30527
7459
46727
57627
54254
53007
9813
10201
50539
53032
20578
56063
23414
53093
54171
51196
29976
20949
11822
13724
42421
26782
48585
52148
32456
30288
10507
21059
38116
35407
26748
17722
16674
57930
15114
56418
20908
29569
59328
58980
18945
49832
29102
15469
45838
46034
7412
20959
23527
13528
17030
49213
59617
6731
36266
25630
51595
8504
40118
24445
52313
11447
12729
10134
10229
56830
34491
8382
35658
45394
3051
14428
40416
42624
33729
59877
50826
57659
11716
50650
50182
48936
41575
52370
41739
58127
37665
10258
28477
22392
37917
21942
44634
9169
13642
56818
3549
8327
7104
37469
43479
55640
57527
21426
13641
50237
56021
23259
49498
47190
54016
10789
10840
36862
32806
58149
21032
7775
43546
5210
30678
53252
9078
19126
7259
11511
46260
33134
6950
51782
35172
6898
6524
50808
36837
57026
50768
51394
57498
36455
5317
23108
25372
54709
8717
14554
17656
55017
43832
27759
14482
36630
6445
39021
41196
16136
20307
22201
20011
5710
33958
35454
45419
43425
21838
56855
15979
41909
58467
39251
12297
26097
56480
24108
47183
49171
11821
24911
13266
3732
5287
41733
53913
56426
56260
34719
28901
17977
55029
44352
6568
53080
30278
51546
37507
16591
6001
24701
17944
53348
13855
9910
51360
6859
34894
23851
42176
20226
15073
32122
4512
26974
21912
6632
36783
38624
38633
5493
8052
33180
19772
32650
59243
5122
20879
22744
26546
57889
37977
59054
30843
13352
9053
59468
50820
7597
12756
21411
26226
33886
48019
15441
48964
58038
18055
5265
34797
12515
42724
27546
51879
31188
49191
59677
39774
8676
58224
24582
44716
36304
21168
38709
27469
11012
20650
44221
39865
10973
10623
41264
27627
33835
46966
23293
42642
32339
40384
14401
31697
55432
47115
55688
50767
28019
59098
57410
57861
19271
57656
18698
19525
29060
49941
27118
5878
21413
11399
54597
53165
40506
46731
32796
41456
16208
20359
33340
52769
33538
18480
40555
31092
15029
25521
36871
49692
21189
34953
42886
8640
53880
34280
9600
38761
52822
52400
52949
8965
20189
11666
45037
11351
23707
35207
48705
8920
26555
35353
39546
57259
19630
4933
23414
35028
20827
23067
56597
59855
34652
25646
51968
13364
13400
17024
54254
59491
49442
50563
57472
39548
56670
56243
33499
50965
42950
43654
52643
25267
28383
19718
4146
3725
9030
56796
18038
51318
54535
38158
16111
5087
25959
44984
8181
9947
46112
25409
9702
11084
47291
12097
35364
23033
46783
35796
33793
7826
13738
22760
23217
59495
51388
56092
28574
28150
39475
50033
39347
12592
44787
20469
31422
3306
6859
20476
4039
13040
23540
24703
56597
36474
20694
14084
24403
37636
43317
43087
53188
12437
8097
22907
13368
52583
21333
14447
24660
36658
25505
54989
46485
31088
21917
14314
45904
10774
57369
56185
32489
33537
52454
33743
10237
46051
48717
54140
33855
19793
54016
7215
9349
58003
58305
9730
47008
24258
26315
33782
28415
44305
6480
3805
55787
20447
28012
31833
35490
37743
51525
51181
36630
22276
48671
56557
21281
20609
57133
10827
8240
23475
23558
36649
42238
54715
7805
38479
27987
26769
44225
22624
10724
35535
58838
23933
40720
57010
12232
30320
24778
38078
7058
41558
53780
33758
59370
9814
16724
4819
59108
34446
9492
7602
14029
4904
15780
27816
4824
58945
16959
36094
24941
5316
28011
24989
12199
