1642
55115
18189
24776
40399
19819
32205
23197
55462
9673
40619
38051
45554
28428
52301
53254
10275
37380
44895
53198
29051
22641
28390
42665
34722
30160
13457
34364
31700
38118
8617
18012
11183
20719
7184
24833
55231
25907
43550
8558
21468
36725
46648
50241
55612
44666
25144
41470
8762
20813
20884
9565
37577
45308
26197
3272
17075
55736
26952
56363
32996
22681
14404
20144
26064
29391
34929
5777
58631
28363
27949
13338
48866
44223
23227
3564
52952
47347
41467
59461
23574
5628
19603
33519
5510
43355
34932
30743
48733
23703
23611
50249
53603
58927
12024
8977
43322
13888
23708
7153
58749
49700
51161
8048
54273
10327
21168
23571
11741
45096
46299
52802
15138
16873
52076
8154
23672
7542
52758
8977
53534
39705
11278
27407
24000
15550
17618
16309
48945
37595
55733
16439
52479
34485
40115
51285
44319
43627
12008
31987
53144
20170
5347
49793
33786
53625
41158
6467
57157
25788
8929
3140
41393
5264
55771
57725
33117
36490
30571
39549
36462
6873
49916
59268
8486
18965
12203
10911
50461
12981
57419
34987
39752
48898
55779
38379
40812
14024
12804
42089
38700
43672
58109
49780
4261
54299
50398
28237
15375
50598
5848
56423
40224
46980
44544
5054
34640
24904
40285
45680
45128
7103
36593
7962
34872
15489
53579
5287
48106
56662
5143
54795
27613
33758
30553
50887
37527
39060
26191
45269
3713
49105
51605
34106
33989
18246
30635
36797
44764
58989
43351
37212
3472
27958
46956
14159
39834
23744
13623
42717
53952
48470
23762
56886
41579
23849
35888
39337
11253
45073
45976
56260
16066
16930
55311
18927
14008
34893
50420
28190
57153
31114
20084
50761
35365
48558
51338
52303
22012
41084
11800
47156
40649
42269
53128
42711
55304
10180
28044
43338
9853
53815
42683
15263
15618
14858
31986
5071
58453
16608
8773
7385
54778
36420
49893
47526
47656
44747
29130
40144
27052
19638
7581
42858
54725
27526
35347
42526
14155
4810
54874
9592
30155
37740
40217
55817
48195
7843
52386
12733
44304
57820
17810
7445
11988
37265
56613
14939
58060
58332
41411
16700
23480
41563
32513
50085
38590
29089
20157
50692
20974
4060
53663
40733
51109
17321
39310
26967
40638
15061
36085
46537
17251
31948
49318
36801
15622
53437
37822
59060
43225
13655
4657
3714
50635
53069
15682
24338
4135
45429
31876
32813
37309
5131
50272
31383
43058
50369
8569
59640
3040
54799
11492
12431
17563
38131
27602
20139
8157
14159
14821
19288
7847
36869
9063
12799
53770
16440
51992
5017
32888
40254
58031
57800
41403
21330
54875
54628
59409
44641
45998
32481
18807
47899
17912
32077
52739
59744
14019
7066
56456
44606
27234
34395
36702
32964
4745
38078
9948
27491
18555
10726
34452
18986
3037
34476
49205
34376
20536
11938
46483
48010
8795
21839
33889
41240
4934
42352
28859
58319
35390
17669
41618
18503
34255
25428
9267
18150
51894
42554
58213
11478
20665
13809
27024
35941
25124
49180
12765
7324
49033
57548
31905
28926
36988
45255
56920
57076
23047
31042
18984
3363
22718
57065
39989
20710
34959
23010
12523
19969
53198
39874
43164
9458
43200
16617
42444
42374
58184
40135
54201
17695
48765
31307
45992
50625
31546
46140
33934
43212
6249
45598
12721
46363
9174
53319
58947
52323
8948
32757
52816
25828
30568
17528
23483
17775
20795
50460
44422
35237
5824
24856
20719
58484
15121
58852
29840
58595
14800
24756
31872
55780
57847
12338
13267
22334
38499
55403
24976
50673
19500
39312
19514
22890
44876
44261
23012
51896
20792
42824
15100
33941
21104
50315
29660
15305
23269
22345
10697
30716
23872
22083
3063
50157
48364
52454
36998
47994
46909
12465
39603
51861
35561
16957
27813
35492
47521
39846
34185
14666
57570
25631
3224
24024
33867
18009
52992
21905
46407
24006
31896
4752
27673
13886
8375
56879
10389
7540
50222
7109
15873
49583
28243
21794
24146
35662
10517
29198
50746
50027
29683
51760
49889
5216
51618
34472
35585
18872
23800
31176
24907
57600
34182
6587
48503
26715
50985
46369
44039
55227
54493
27732
7318
12318
27386
50229
52468
54353
20210
46768
59066
18339
44135
28271
46136
54203
22394
43445
36621
19975
28140
47551
55657
46423
4335
26012
23826
7961
58857
34074
44130
23154
43992
47132
22273
22304
10537
59705
43164
43885
23631
26747
11005
37715
28637
15626
49466
45786
40713
44668
47363
31006
56554
56007
59395
47713
34050
7742
16760
54397
27536
24240
47509
37216
31156
6484
47039
45573
58218
59271
36210
25167
53471
52797
26189
12126
39367
38589
45219
25527
54873
36538
46320
30524
6683
41900
50400
32168
7276
36170
10917
45949
38405
15231
42713
58548
33266
6354
26622
24750
27420
39373
25989
3093
58470
43617
35920
56490
59888
11651
41172
28131
54879
14392
10696
48879
41423
22782
46159
9755
37750
18403
31161
56419
47499
45364
12990
35958
20777
51702
29106
19013
54372
39111
35370
50339
59103
40031
53816
19776
46062
52091
23594
26672
41506
33782
3286
22138
8691
10689
25202
36065
14068
39684
8729
18568
22363
47787
47976
47976
46296
33839
34740
36472
59800
37204
36163
18606
57294
31579
26963
4640
59236
24068
46605
8592
50691
5118
14797
32199
38905
40256
11165
17282
12505
17436
20468
59557
20811
40381
21134
44461
40598
52192
58227
27509
58898
17755
55834
11978
23345
48026
8707
15321
7012
40446
52261
28108
39497
57769
47083
58867
33098
50300
17218
11411
9957
35090
46072
21025
37866
13015
3909
51161
29697
47145
54468
52846
45225
28215
54396
13731
7718
36159
7335
22366
31589
51675
16618
9731
54634
9697
49684
14138
4114
52423
37366
34508
35429
46739
36459
14824
9183
35910
25239
45378
48831
29138
9620
56307
18796
31397
56438
31737
58789
7087
58094
35068
49176
52917
22112
17120
50844
8587
30386
23294
33652
6982
41997
30473
44840
24701
55754
51869
41449
31041
3163
41960
3180
19688
6660
20180
40749
50888
21698
4692
57654
30886
3579
14092
41314
55970
40666
21876
4206
38401
34259
16980
31995
32554
9948
34349
54782
50098
45182
36943
31687
6889
53695
42813
14294
59996
20701
24731
53992
42193
41523
52008
24665
20133
5688
35019
48349
26829
12766
51579
11579
29019
25739
26521
10217
56160
53737
20399
19117
11920
7448
59175
39364
43367
14414
11937
52647
36490
30612
39470
47877
52279
29955
55574
43897
58863
4965
56600
6349
57071
41659
14162
46217
41300
31468
7833
39050
19195
34945
6887
40800
18249
5164
46355
29123
7192
34888
56663
31258
20486
32382
54624
7648
33672
44802
32932
55615
45498
11762
4161
4501
46517
23397
34407
42481
57844
6375
50871
39522
52628
6854
58580
14671
53285
55134
35143
45878
53336
15967
8605
24146
35170
26233
33415
48934
41663
52470
21441
55647
8135
4071
11351
46380
11900
47469
37728
11862
36939
58894
57080
27500
27322
3917
26551
5229
57578
27998
10909
35396
59626
55300
45532
10348
24646
45601
41628
52826
45022
19053
44158
6930
49801
5880
36813
43553
57432
27076
49768
4305
41642
52103
15798
10879
32264
8951
53428
38425
26506
59338
45173
51593
56793
15430
26451
8933
45075
42047
51171
57288
34668
39366
34575
34115
54468
21536
3943
57813
23108
48710
24696
48117
19191
15515
36260
33911
39690
9935
51141
24752
30084
41066
33522
19866
44389
58391
41630
10544
6494
9911
25936
22436
36658
46266
21122
25348
32603
17009
42493
51976
56976
42536
14950
24651
27881
26106
54914
30406
13827
35422
47518
14032
58907
6633
21421
26258
28811
49297
37242
8527
48179
7878
29277
22468
24995
58410
39213
28413
11437
16636
22788
16263
31972
44166
48282
48360
59629
4530
26526
59914
33731
7128
5995
4147
5681
44611
7086
43566
10674
24925
5182
27358
8597
16451
32224
30675
7755
36996
44390
57097
46791
19120
16639
23073
11451
8504
14754
17096
59167
46844
31391
17080
30008
35041
46098
7082
22309
42446
46021
52315
55552
22744
21283
34699
25032
24775
54356
20147
48217
43659
22292
7717
34556
3947
24900
48596
44815
34081
28592
41168
28694
20548
37322
22865
44664
58237
51267
40838
29172
12519
50651
38979
39982
52713
49077
45794
46001
21285
24743
18420
5264
24673
11674
5188
42565
18864
39600
51957
50155
53747
51969
42373
49313
34639
12761
3904
47275
42699
5347
59930
9310
53714
8179
53548
26246
50239
12731
27106
16056
41813
24377
58526
49678
52575
57287
14209
6504
22605
24447
3183
35244
9892
19761
26822
5844
7605
32274
11246
55045
50568
4838
54443
11540
13982
32226
4765
30513
37495
7335
52577
33322
22158
42337
17108
37172
7247
32120
44830
12498
37168
11468
19117
36495
36274
12180
21881
32235
56377
17976
11940
9557
29518
41225
16392
4489
37659
5682
16580
25946
55560
38536
42899
15667
49190
29056
44664
24669
50656
18371
13577
4408
18623
30763
31554
5561
28543
37493
13465
4606
45420
50696
16680
9480
55830
27933
38330
30096
26550
52511
26675
57938
46736
44181
9858
50356
55637
55709
14218
9223
56038
20169
18329
36933
35071
54148
37205
41994
14142
43731
24846
31010
23584
7961
23864
4230
19892
16864
7959
47009
6634
50992
19969
53834
4717
49852
55319
53350
35264
56644
7802
20649
7128
29541
27609
57781
23023
44428
44930
11126
35877
54974
45498
13534
51929
57621
6304
42104
37211
25635
28989
11839
21247
31969
42436
44382
22513
12905
26310
3523
24353
21852
30645
40617
19539
16683
32978
57760
32333
51117
4800
24143
32722
12442
18931
41003
12971
39313
3110
5454
30045
20836
10383
35984
24345
14666
16404
15390
9228
33112
42504
21526
23284
18798
16025
43600
34649
56554
31102
29450
34842
45997
55743
18449
10122
55462
34482
22112
13938
24182
55134
32678
57423
35154
19046
19707
43489
12907
41677
35732
59038
35755
12202
22787
41303
33126
27698
27279
54682
48935
31334
59150
48597
58715
3125
50854
38532
55657
3846
15905
34375
31205
43670
37016
27755
49691
19165
54999
33510
14859
48468
38167
29367
30529
33295
5092
12632
21343
58303
27149
45555
35882
20571
50138
49614
41369
16679
26002
17147
5994
17456
17914
53835
3532
29307
23666
32907
39749
24688
53971
55895
48406
45032
22206
45168
51108
6187
25856
9048
23005
6582
30152
44290
50371
10716
30805
55169
31754
57348
18458
18878
19323
54826
55066
20194
23191
22365
41129
31581
12056
24881
55728
24113
13655
54731
28491
7132
34160
45918
29140
54605
3175
44419
24388
15934
11127
28523
19570
50379
