1116
50580
54528
22278
13438
27792
15692
57687
36542
47297
55026
14295
27241
20173
35431
42179
42072
41705
5322
58325
9582
31151
56014
57192
37649
56731
26768
55211
51159
13022
59786
34224
38759
6433
28612
45660
26495
51782
44802
51138
11434
23466
7543
56632
11724
18256
42448
7825
39462
23993
41964
32723
11281
17703
59931
54792
15047
26856
28535
30670
54641
4092
33283
26772
31046
34187
24311
10853
7068
9842
5364
29530
12423
37419
8437
6777
41063
36100
37324
52289
41835
42413
8804
30005
31862
40278
46642
31858
19580
30454
3853
14148
56627
14039
56982
45371
44643
4239
27853
37643
33598
6552
23120
13852
57016
54694
6637
4267
6715
29325
58241
17295
52280
17683
11922
16083
18000
15898
42831
46977
33294
33367
15431
39893
59657
33207
13765
40832
22058
57226
36106
49749
50634
38480
9487
26799
27632
31271
6043
56464
27373
33349
16579
27087
7600
33006
43612
46933
44338
45268
37113
50906
14925
31241
33216
51009
15899
56916
16724
52192
8062
58549
53961
38745
15338
12367
9953
32625
12373
30955
24030
14232
51273
14936
48254
4808
54986
29739
7797
10352
19206
50677
12282
15084
30879
24220
57991
13872
16183
38799
29303
12788
34273
8988
18014
33837
33013
55000
5971
4478
37898
12324
56484
16079
28541
46820
23596
33193
4584
40596
21041
27234
6989
10825
34889
3742
11617
35979
41920
57188
44575
12766
7933
9363
13065
7406
26441
9817
50940
34087
59816
18304
56684
40580
11229
56053
19346
20592
3085
16273
39384
49275
47762
38805
59301
19280
57702
25732
3076
42956
59295
55757
44109
4430
25509
53282
40851
36571
52855
3184
26229
39890
39647
26335
6584
49922
43249
59049
10286
38027
59476
48791
53436
56563
45776
33601
54203
6405
26880
55774
42035
24539
3271
57113
58550
48536
23690
25483
6980
41817
44162
53580
14821
45898
6750
58184
41004
26671
58917
58860
51175
39637
3383
46369
31774
31569
55445
48042
19281
40472
46350
39661
37424
42096
48064
16252
58072
50857
49893
12155
39924
43553
47681
19780
25082
42786
48929
46656
21765
51569
16080
7725
27089
9217
29750
38936
22463
33478
51456
56747
42030
49183
17804
17791
19631
23697
29778
31504
6559
44581
43797
37430
25198
49756
40047
52948
58497
3341
40907
31906
48254
19090
28028
59011
42499
22186
58762
6193
25445
52400
59485
31750
8410
45124
49873
47522
35619
16791
32764
8609
52347
42399
7447
32063
23833
21622
32864
12878
50043
38062
11595
38345
39185
38584
16672
29245
50061
44502
32102
5671
53924
57157
48170
10820
5675
50487
56514
16340
59862
3671
33271
19525
23815
49110
29050
50382
16358
56559
17496
26418
50754
38432
56541
43618
9073
16137
42035
34216
27841
17740
54275
26680
13082
34322
51280
43790
34127
44518
20255
51442
9200
47371
39149
52278
36379
56076
33210
59321
57968
51559
13640
17350
49498
8792
7764
21060
49034
17639
9932
46312
6482
59816
12566
37704
40500
50564
6837
17413
50625
38831
13635
22922
11643
22080
29329
34424
51050
39681
52119
9233
18276
21550
24114
42701
19500
42095
7336
18860
44592
24821
30557
5065
18097
24209
51699
18638
17774
38576
49836
59938
53476
22815
35928
8015
47405
40430
44352
25542
44802
31828
6190
38633
49120
56699
48669
43341
39723
39710
59076
47997
46272
16592
11314
52758
11548
53122
17662
39646
49914
38897
32491
28670
31461
4308
58952
32374
52680
29073
51390
12928
17343
54259
36789
32927
32251
15246
48478
23132
16617
31882
26383
23090
56639
58387
44931
57705
40720
52663
23132
58730
35814
49961
59795
33574
41598
27336
30235
34587
17935
57113
53103
51930
56670
4810
13471
15236
26594
38818
11129
5837
42802
6179
32684
55924
14366
43291
9642
48075
4628
37731
22948
8944
56843
4298
38858
53454
4426
54576
29120
15545
3192
18125
4986
14090
19245
48871
35104
4326
18588
20360
26818
52639
41518
19267
45778
46956
36511
49646
43563
45394
17061
11573
51282
50184
36333
7831
30452
27660
31966
7711
43274
8635
32789
58112
58878
18906
22091
45880
39699
51037
45619
39850
47619
10286
30384
51790
25779
36208
25940
19058
56446
25481
17427
4557
20365
54355
37630
34615
46017
18755
30985
22520
9676
26141
44020
33797
21281
33687
55786
59760
13880
30214
43799
51296
53564
30845
29118
36609
26819
55725
38265
48579
48758
24095
49040
47712
32417
40135
53222
48470
46524
44523
44794
35910
16214
10480
35356
9390
28989
28739
24794
29742
16202
6231
47484
30290
9025
29836
49590
53375
49413
36066
26528
44302
41887
55569
40132
13705
56237
55865
37470
37856
32335
51046
12532
50218
24886
49963
40403
23767
9523
33880
35775
47289
3892
10798
35163
36222
48636
9180
44549
12140
33395
52069
34179
46275
58908
19858
47236
28325
23293
39482
54373
29631
31007
44585
13779
7229
56649
19367
59146
34704
47394
57279
43281
46751
21827
15133
12379
47340
59440
49907
10901
33827
45901
44068
8900
40741
9947
39643
17059
9603
49141
52460
45430
46633
27976
21918
13326
11476
47944
57815
5545
15490
25530
42455
30701
9505
21848
28895
7387
37737
59594
59054
28477
3531
54596
51308
4420
22582
11026
13547
16468
38519
52775
32115
36222
24325
6139
47370
4302
50024
53221
28099
49633
36687
16791
33668
47848
11817
36781
27139
45378
27981
56278
44681
24414
42908
7763
23780
4594
10873
7528
18154
32268
8608
48789
44781
25415
11041
30622
8677
56582
39869
11457
36482
10882
32370
8567
55234
53667
4532
11493
22271
15164
13013
56246
21715
6509
23236
42308
43925
10526
55902
47693
57952
43604
36408
29651
46134
34351
23585
24605
58010
35292
33088
46144
3387
25625
13283
8749
24592
54960
14950
4656
20100
6111
58638
16057
22042
58419
3948
30664
59820
15596
13855
33543
14173
43803
59555
41922
22073
27347
33152
18374
57140
3397
33411
7330
43800
39282
59534
18515
50327
21895
23296
38465
34625
28225
21251
16489
31572
57078
16036
47471
12326
35853
26383
5047
29748
51926
45490
54339
25346
28462
9917
31447
57623
27532
15174
11573
19705
6884
43150
9023
43092
17849
42283
56710
33163
27287
37559
28091
56068
54230
41229
18454
55596
5446
48006
12904
7197
47614
7182
26757
51076
25164
41538
35710
10216
13935
43498
6624
52224
33240
48177
11687
50738
9843
41944
14478
46408
56227
23320
25595
28897
21540
25108
12249
50308
10763
50216
42480
27336
35739
14876
26638
53067
30870
22295
7811
47713
6568
32336
31447
25445
41597
3024
7082
38377
48255
41255
22113
23166
56907
45271
54724
33659
16463
6237
35766
32926
17368
41107
7626
19126
40635
46513
5060
58895
14500
4120
51009
49454
48655
43771
4272
20640
8687
43737
10197
18623
38896
30467
19908
32395
43499
43403
11951
4573
8100
29858
31785
47876
9302
19097
47980
11614
35742
39467
23907
54449
31536
58695
30340
19415
48126
10410
29439
30280
59996
29809
8124
35838
27318
45601
12596
36911
57785
55651
32317
48833
46574
34279
49605
20008
16420
10564
51281
50006
46171
9880
4030
11765
16364
16568
54795
33642
13534
23984
46802
23157
21169
25291
13112
14831
26670
