1971
22545
54228
8279
45071
44531
6984
12824
40002
35894
53841
53262
24938
52210
18176
45888
45595
12797
41014
34900
40927
53571
3308
11513
31641
11396
55514
13509
9747
48001
41681
24217
32530
19521
17949
18688
58024
11655
41480
49377
52185
35881
5212
36018
54139
32086
58689
27925
27413
15820
11237
35072
58259
44169
42215
47211
37151
24689
5727
9347
23064
13686
20735
50872
52877
14968
47493
38627
52944
54624
28797
3059
34938
19683
42966
58244
23307
18503
52846
46731
8249
38447
6074
52651
10891
55266
51357
51705
11299
48316
28979
16631
49147
6103
50153
32003
4617
35176
25703
58553
18362
48793
26230
18973
54727
32106
59358
50319
52553
26742
58218
27309
31424
17428
15951
12985
41515
31356
28801
28221
44946
27903
16474
33856
51375
8011
5780
3655
39794
36994
19474
42135
56176
43759
11520
5374
6557
59292
11071
11507
17351
9077
44693
51917
5892
18297
59269
12508
48300
8932
30279
23679
11658
49747
55998
15484
47129
29121
3281
17519
5506
45849
15810
3298
17892
41005
38463
12877
28220
41436
53775
32884
15999
52517
15303
52694
13157
16726
43225
52373
29305
3831
22077
38849
19755
17707
11367
38978
5351
43524
37639
18294
59053
39680
29210
39995
39790
13799
47426
34082
21935
49736
41606
14968
41211
26384
44828
28779
49592
41985
47402
50613
48053
47944
9559
50915
3806
4425
17812
11121
23258
55017
21991
41134
8451
39915
20655
58831
29071
48827
53436
19316
52910
5286
32324
50802
39189
44233
6633
20427
55668
11630
13101
3631
44168
44197
51166
30779
39392
33989
14277
42070
42011
11961
36962
23442
10222
59194
20536
26935
14416
6673
57731
30148
23399
27122
9428
54385
15515
49950
8281
50389
41761
45031
50914
29237
47726
11362
41045
40270
19171
13602
56766
27701
49353
15905
25107
42424
56271
3356
6796
4488
13473
32636
36438
50149
5300
57314
36775
19870
56702
41082
6080
38487
37841
45723
57696
40532
15380
43133
12980
15353
40785
53471
39563
34105
7049
44711
52858
38164
43448
8889
13005
15329
59214
57439
54247
38163
35404
56194
27727
15279
19596
41248
16268
52519
47972
20255
43045
36758
53906
42335
51457
27100
17505
25152
56993
4614
40439
17453
33208
45025
34403
39593
49028
45339
15267
10493
35256
15245
7645
51107
28255
28871
37873
13190
42477
33847
21864
44299
34430
57510
35744
54400
10322
32013
3996
51246
13844
36114
33038
18220
10593
15592
9602
11058
40996
39612
40777
32696
6585
50557
56276
16596
23279
47610
38787
54378
16488
23763
48085
27156
42540
5543
33574
46873
3894
38614
19679
13304
41361
57581
22467
24980
45433
41822
7344
50171
9460
24705
47375
22615
52566
58950
45853
42727
23309
27994
46318
8230
27551
25216
45948
23832
46309
39816
51555
17440
58117
8448
55159
56684
10726
14586
37265
56349
35130
29758
29849
37802
32841
9646
24833
11500
39101
41038
26783
24885
36341
6250
55343
23941
59545
45552
38387
10153
58837
37477
9026
43961
15511
45519
10380
52483
5157
36629
31391
50114
7139
27390
15317
52391
49310
9881
11562
27729
28319
38470
57986
38491
26551
37452
7030
48868
36069
34733
29896
11567
25614
57958
19117
34425
55543
9755
50748
24351
4544
44038
15557
30832
10820
59700
43174
32631
57473
50711
36583
12603
50415
31778
26873
12156
7994
16777
39652
54815
35300
52643
55476
5631
54749
28149
5740
44758
28485
31479
23772
4629
4057
57742
38046
49513
28159
59923
30437
51697
35649
43716
56486
4565
7609
43010
32142
32229
52074
56376
12705
14615
27521
19990
47444
56145
6361
44124
50557
33729
7809
21271
30154
4039
18298
26323
14709
33134
29781
53765
49178
55716
34518
37420
48880
4337
35740
54559
47729
3171
11994
56762
46515
39510
9438
51328
47176
13094
46082
39112
27252
38856
38232
31488
55858
45017
55554
7317
39919
28129
21808
55892
22018
17439
57615
58345
24534
37740
43905
47902
13058
36276
11668
43387
40785
40796
27309
12400
30006
20800
36435
11488
24802
28598
24852
14652
3498
12605
49511
56482
42791
4539
18469
46020
51003
15635
51217
33324
53296
39578
59053
10470
32734
53136
21140
10369
5064
6578
10121
15047
20459
21277
40345
3841
27118
6025
22166
26379
23203
19471
19361
24233
25235
3895
30602
24979
58877
49716
59397
17263
42654
27652
43748
48499
31921
15261
48914
30480
18620
16829
8200
58986
40411
24978
29016
16641
52342
48587
9705
34645
9801
14968
7579
40187
59489
26000
15735
38750
21698
41195
21722
23625
59364
3559
26479
49396
46769
54017
22167
46392
11090
28665
3543
20760
54514
23803
3901
20345
36956
7765
44282
25180
44047
18208
7762
12753
46542
26780
39417
59291
57815
25120
49915
21205
32408
41301
23225
25218
30695
18073
32833
8108
35327
29057
52735
55029
57547
29672
37454
25325
5200
54093
13719
33397
54928
25810
10241
12161
50945
14209
54359
14982
50540
27842
25265
32295
54198
50026
8674
10421
49817
28266
57152
46719
13377
32797
5994
53807
4284
37410
53603
31585
36091
42861
12981
49622
57402
47058
29288
6241
23164
51024
35889
26673
13235
43472
4026
48789
36347
15904
44547
29563
4394
17412
28393
9118
7420
55743
22426
32772
56625
11152
25000
42676
4414
8103
13947
52091
21788
9061
53913
13201
28246
41616
6790
41060
16278
25747
39637
34340
3947
17511
21436
19355
6800
7818
53806
20076
50501
55089
52160
43574
41457
7232
9846
52012
3336
56609
49152
20095
11435
52700
38999
30064
54489
14102
34003
6840
3132
52627
43016
22016
4237
36801
58771
14618
25943
25096
45666
29894
7844
43742
29701
38159
6075
16427
50238
14230
23967
40121
45469
6542
26344
52149
28541
53595
51161
25152
40709
58428
44384
45390
15249
37830
46131
34865
29615
57866
20387
27624
26530
41266
49719
29953
21178
13258
18205
50681
48089
50300
57634
3159
44012
3768
9943
45413
8947
40057
32281
52331
9623
23700
32271
24182
24598
17802
36721
9310
19995
3357
14150
24265
8427
13224
41638
47051
53102
28570
51668
47188
13250
26749
54393
41636
32693
19083
58379
13008
32872
9725
8668
7894
14829
41495
38153
23233
35917
34718
24857
42177
31729
39539
37357
41238
27441
9498
43010
19642
52616
43080
14176
38999
48593
46604
17242
18184
36936
59998
57513
8811
17476
5667
24632
29848
35995
9017
19868
55633
21586
59014
49047
37254
9647
14584
37207
30062
25379
30520
54438
53143
35007
53362
39223
59886
36568
56707
39294
39061
33886
12773
33055
8055
28616
58652
46792
23968
14741
19715
34067
28676
47267
29076
49717
33634
26751
28277
52929
40191
4368
44869
35524
16849
21103
26152
30292
17859
14458
35310
55757
32314
29792
27605
53149
58848
18828
51309
59004
49540
26119
19027
28235
22914
38593
21040
56750
49474
29412
24703
26953
16827
25884
47943
15664
36285
22759
33624
11769
35640
24897
14160
21612
29644
11851
53003
36835
47985
49331
15662
38362
34269
6514
7339
44228
39550
6743
15725
22714
46788
48053
32269
5651
22546
17100
18549
53682
31745
22732
18123
28146
28870
19566
51220
12673
54283
6938
7507
39571
9639
49568
50490
15417
32289
24055
50199
14816
23931
16678
30155
23621
47686
49838
59182
33506
53008
13668
56281
55455
54617
38551
16208
30880
4486
35170
19995
21746
55507
48204
20666
54997
21159
3276
43006
48791
11042
4580
43702
51480
59761
40825
16759
4970
45777
3238
19307
24167
55980
35915
44529
35335
8879
36488
24290
16498
51391
27533
41689
16815
55248
14722
16097
54828
18796
46817
4597
37146
38654
46960
29811
21822
39456
34784
31632
25309
45320
17163
28443
9591
56330
5856
40354
18575
38446
8157
22795
50408
36496
37491
19631
20376
25920
48907
34728
6404
41175
6441
45411
29542
18483
12533
36671
46723
29442
53658
52508
20441
48004
12774
49902
28101
4667
30148
34700
48577
12416
22559
27603
54697
8995
52763
24628
45339
49406
50503
56415
34065
57399
7006
48419
37432
38022
8793
58561
57084
8961
30158
48929
31200
59881
15258
24148
56808
54540
50152
35490
3307
33635
16773
34654
54658
16934
8521
25822
10588
22464
29573
40259
50358
38105
29590
29308
59466
11433
3245
46275
17142
29224
32598
6199
9457
43970
27967
14123
58268
47820
13232
6978
59288
47317
16790
40357
15999
17651
39852
41129
50853
9085
38565
9310
26470
39491
57353
35800
26917
32850
35727
4948
50957
29819
16753
25237
35486
48547
35559
48640
41782
22473
4927
54366
36883
8086
36076
26643
39139
9032
53130
34193
28618
22084
30970
28567
58500
26775
47801
14426
22995
4374
34116
53786
54849
44968
46414
49901
29281
5288
12803
25095
10398
8683
33956
3508
14382
11945
20234
51119
51424
4537
30641
20802
33718
7367
48403
12750
43837
43635
20862
12434
42611
34321
38792
12758
17017
59130
55734
7706
32736
43223
34176
31774
5172
16077
9631
13048
4580
23881
18864
56188
26251
25916
55017
42153
33443
53022
56155
41432
22030
18769
24613
32606
52046
55307
54425
30861
44532
43111
47327
22427
41827
17399
3168
29648
13026
43853
23405
59119
35921
41561
50170
8682
44258
5279
56469
29152
32675
52688
23712
54667
23438
22953
45648
22772
51711
37459
49357
24502
41311
57351
22190
3238
39158
14516
20008
18998
57936
12018
15391
41587
33373
23887
33071
20506
56179
48987
8826
15028
17958
54517
56553
6586
15688
16446
4118
27236
19481
13601
45679
11035
26308
31999
58722
15722
14041
54980
45311
56566
18171
56946
25971
18387
40037
9988
57143
44278
22690
25819
32171
48777
32170
16705
14432
24347
25064
21335
59094
34996
57518
11706
24552
20977
47801
14516
49867
15486
3340
6027
13542
52481
37876
56229
41258
27341
54769
51040
13041
53434
22249
21247
5663
27099
57206
3651
51186
52858
32084
8354
38094
31449
24773
17081
7454
58674
43460
7894
35262
6431
34088
13461
19479
45024
58967
48218
4580
47070
8661
27926
21415
43657
17353
8873
4935
27553
12657
55621
16298
54651
4110
57966
18845
7003
39783
57053
32684
38370
12037
54470
14453
4868
58136
21842
56719
54085
17731
14707
19329
37031
8092
12554
13874
58539
16363
6024
4421
5667
31226
40124
33332
58951
43070
14586
30069
49894
33735
48035
12469
5860
56380
50967
57772
36051
47120
21189
44846
10852
17481
51176
44327
38966
36068
58184
9613
31169
33184
18714
21305
48334
14955
30532
45537
54390
34759
19914
26093
18078
30363
10507
43265
41403
59501
21561
55746
10027
11958
15695
43197
23397
52406
32365
12581
48021
12581
40976
32613
6460
53809
39035
16961
28320
4498
55546
13040
26066
29867
58282
29923
32702
9945
59383
25825
28461
5421
27035
47583
41805
22954
55947
43864
15439
38059
22465
24580
32253
29152
8545
18128
11598
26698
49171
55132
25961
15669
15393
52022
26834
40275
22792
58089
16919
57565
27876
51265
13824
32798
26911
23395
17973
10598
10148
45560
8250
33734
15023
43710
4469
28269
56273
25164
44648
41364
36347
33820
52114
21353
46152
35247
12828
44776
4198
36204
47124
26209
11637
41705
9115
15453
30200
8314
9178
22349
6147
19009
44360
43375
44385
10411
59777
30651
42208
29390
52590
22311
29544
45260
31014
53106
27183
29473
54878
29075
25810
43984
56911
27447
21585
51573
37217
57527
11783
49685
53821
8788
55662
14863
57854
55694
24925
56030
49092
59617
5818
28141
13446
6183
5662
39113
3832
10376
20696
7045
30116
23146
27403
37277
36636
26572
15365
12257
34119
37906
34185
57655
34937
40927
15778
42811
22459
44143
43766
20526
21621
48004
47914
50858
52602
18111
24854
30885
40437
56671
40930
59468
10293
8575
6274
53977
10661
27952
21924
12042
29649
39549
14664
51635
23343
43657
5423
44812
25661
15353
32303
55501
40537
52482
41133
49627
57481
14098
16700
45082
27228
20595
43869
8163
39931
42060
50637
19773
28177
41327
48618
8726
49159
28999
6675
56501
38138
33681
10337
10293
48507
6092
31441
56743
29995
5604
3385
25899
30174
20058
6997
36005
34363
32679
41535
22184
27835
56475
51151
11561
55404
44502
34786
37753
18965
24020
32573
40674
43422
53633
59278
55543
36722
30000
46550
21510
55094
31104
22939
48203
35462
5503
26098
36850
3146
24416
17101
45064
55738
55912
19361
56801
26869
16071
38778
37346
5125
18713
39179
55989
19311
33282
58225
10640
47877
41667
24091
48694
45009
13291
24423
51698
52299
10365
10314
43675
50643
43923
31075
34058
27797
17485
15252
29036
31129
10353
59787
52448
4033
59078
6634
50250
43668
36584
43059
42930
46332
4981
56089
30229
44206
55245
35214
41415
26266
47117
7284
47174
56714
