791
22434
14951
6416
14400
23583
45748
40879
14249
37670
33038
28951
47694
21012
13034
29700
58696
52552
57707
51878
29775
45941
5823
40728
26266
39625
33325
8368
53014
12762
34235
10592
32483
51256
33041
58053
15904
46300
6654
34263
13194
17440
14800
10504
18462
22856
45883
38861
40062
18979
5327
24239
53553
11832
57155
37721
59515
23280
8232
59963
7169
4860
23303
12389
46464
24207
9216
8262
26313
59510
51089
23450
25028
36254
7298
59460
41372
44801
45206
26641
14249
6414
40586
44700
45897
26428
12802
8374
57868
34363
24787
54387
43431
47221
18094
9028
11249
24129
18265
3684
36294
46895
58545
59737
16412
55848
3727
3568
50760
45517
48430
22914
58846
23494
53083
33909
29874
57273
9621
9591
11875
53502
48678
44650
29146
13652
25432
7376
4802
52723
41441
18806
26928
44452
8778
15232
51051
44978
28665
13261
51141
17819
34769
53191
18949
41668
53808
57270
50529
49483
20569
56744
15376
18151
10519
57293
36846
8619
31119
33688
59627
11271
3806
33817
15981
32557
32380
16778
4130
54203
14591
42595
43273
5029
44600
41985
30698
36918
30911
16309
47570
30140
28408
8329
24870
22247
50353
16214
6366
40553
51219
15864
5531
59846
22001
46255
11883
51303
30104
50127
45342
3538
25822
15151
37904
56627
47837
32403
47084
34356
34784
44149
8505
59854
6293
16092
52355
39373
45633
39466
39446
35437
52534
42999
31410
31843
41778
46368
54182
17775
5688
18377
19465
51012
9558
16059
5947
32573
9650
15289
59987
18557
51776
58538
52843
19845
37267
18241
39773
11083
51600
54970
25618
58822
23284
28852
38472
30434
26450
3440
21392
49600
46459
45724
10567
17981
25613
21682
42865
48293
35005
27841
54641
42854
20398
23581
55463
29311
31656
29400
21200
38816
48027
3786
23138
59342
32787
51201
47171
7849
28835
57988
44520
58085
20748
27554
43771
23303
6681
21210
44000
13538
40809
10366
26992
3935
31402
59302
21645
33062
34144
14925
43406
24105
4944
20173
5914
55491
17924
21608
31093
24682
47808
12752
26950
23736
20457
17409
49521
59576
44959
58538
27408
35799
33703
8572
45229
13722
21128
30701
54722
5451
14437
25706
6708
21713
42428
22038
33360
41372
39968
58768
5290
47284
34693
24008
41385
8185
46576
12623
50909
35886
14844
7102
31611
44759
23564
58161
32100
31153
35828
37294
53919
36621
36104
33624
52189
42624
51588
35730
14182
19598
7743
46335
26411
48099
30991
21891
39930
20396
30649
14246
9610
28386
3828
14564
32233
49801
28997
6196
33329
43899
20638
12287
32686
41175
27379
45682
6536
31287
22395
46732
47305
52365
10202
5165
42048
59517
29328
43057
59436
46775
53035
24738
21973
36689
16626
23260
51194
25176
29223
9811
32366
16293
39024
12274
25112
29067
49115
26835
12460
51794
31572
41839
5463
56893
49378
44777
9884
32455
16175
24432
53972
11114
58118
51677
11340
31637
36203
48442
7253
10403
44666
55155
19449
48577
43689
54817
55646
56391
53025
17138
35564
17015
35597
52334
46767
10005
27301
28444
54306
19226
9466
46220
49079
15901
3126
31083
46916
31839
51292
14745
54868
7054
55869
40714
19495
53342
29066
17935
21228
18193
29776
31275
29744
39915
48829
45233
19101
11256
51812
28827
29864
44371
30621
59564
30812
44851
49567
3101
38148
9460
41168
15506
31443
17497
8026
58717
34814
43575
51228
4159
16268
19199
56112
10739
18621
16441
8397
53628
47295
38629
16349
18847
23359
40454
4970
25486
4406
33769
24724
26900
38502
45760
25796
17721
24903
50120
36561
21204
29074
54763
50090
48414
12304
54629
6545
56149
14383
12664
34402
27503
22371
41645
45843
51928
50037
8841
50858
21207
42780
59716
55610
57448
26756
23191
50215
27687
21714
27874
7302
49290
41862
28796
16761
37147
8719
59261
9421
58211
25488
42300
29788
26248
57016
46742
15259
8051
26611
50266
44065
37923
30156
39672
37310
44739
19935
50360
19640
35045
45093
10892
48075
51561
39557
54101
10715
56188
50732
55017
50968
38121
10742
6445
56538
28098
14759
51896
12726
5885
13107
33739
24722
25713
18262
34707
31905
24478
48024
35965
16767
40985
40692
3857
39625
18785
5870
24805
41700
30777
42901
23251
23677
4077
10417
22548
14227
57913
44421
3294
6700
52507
37072
55007
51840
16970
21520
38055
53655
8405
19943
18087
33732
58186
13798
58847
21909
11801
42485
55405
42904
51424
27041
21486
10066
51048
41220
14636
46832
32349
5794
42468
20278
31310
42707
4934
35729
57065
58041
56290
27924
16871
53575
50184
30012
19668
5415
39214
37382
25302
19138
12934
18213
24520
52524
41854
5928
12210
23422
21155
34108
34414
54683
40444
40882
23814
12321
57295
58906
50275
23626
24105
38475
7478
50501
47455
57378
41219
34936
36390
4144
7034
18539
26040
16472
19745
3848
21672
21414
30287
33305
10420
49171
7055
6753
47527
19589
55165
43262
53647
49523
58335
33428
7799
35559
9745
17280
32933
5293
17700
14847
9840
52086
26774
52546
48106
58602
46130
51416
21314
3308
17288
