2170
23262
28468
29636
30393
55743
47967
5251
18011
4663
40177
44300
10972
3460
29119
3764
7742
55437
24465
33489
50857
30924
58024
49487
8383
33067
57514
34182
34101
19699
4947
6685
19120
23438
18751
46126
5872
47305
18650
9206
11312
56489
37149
42433
56934
24861
22984
21940
7319
49336
27346
59210
21732
17735
24488
56587
58561
13740
54117
57024
7152
59967
25739
35700
15328
39164
53099
5143
26238
44271
9066
5668
55259
8698
21818
54696
10430
58497
10694
17785
57198
25252
53778
50210
32775
56849
39295
34684
13911
39585
21776
38134
40318
28950
21634
17465
46196
49018
26096
35592
10817
13080
22629
35913
22020
45202
45804
37984
56166
32025
52341
33854
30753
58412
51115
19235
27987
22853
12846
39208
20228
59133
58234
4743
25721
13720
12362
16840
20350
5752
36722
30558
21596
58111
45608
40244
12291
37084
48260
17428
22651
12420
18397
23325
15225
12036
56008
10649
51913
58416
42576
23287
28216
7160
47997
42784
39200
4956
47252
48071
35195
30101
44279
13802
52968
42950
53771
57637
24859
3030
16925
40025
44051
9158
14565
8102
9036
29951
24147
10334
49657
44957
22843
37950
26002
4668
22285
33351
18067
13338
19832
57919
34329
34018
23101
48471
57477
9975
39955
53234
14155
53491
22749
54059
4383
7126
15078
19624
45217
18126
43314
31286
46506
55914
25941
29970
33058
9079
39717
56303
50202
28515
47111
36204
20778
20087
46976
26920
29004
6218
27108
32792
54620
10779
10480
52656
17393
48081
31602
20888
39882
42291
42855
53065
22462
7685
56130
14212
50439
49301
31947
34819
54513
32485
43697
20939
24307
54103
41902
30409
3748
59035
51530
19710
29485
54187
29101
53501
54886
52013
16368
34017
27134
28435
53944
20387
29408
29404
12477
25215
44804
13688
39306
45384
13754
38743
43431
12342
33436
6226
46007
26944
32349
56457
14915
50552
38105
45810
14666
59659
7692
20606
37794
5884
8377
21793
19919
52918
47289
46957
20568
18944
52428
21490
9621
56924
32896
38558
19842
14844
45621
23320
18702
23211
12471
44658
4312
53094
20240
26693
12777
21802
38525
37223
32912
32283
50819
29351
12949
5622
46261
46623
4247
48176
40311
52157
28430
55906
8090
14612
37549
30841
21194
6819
8490
27430
57757
33059
29969
37103
28659
9351
12167
44900
36909
23271
31951
10804
34184
20323
30315
17737
37447
56405
39832
23847
27525
54394
42161
28224
17059
51853
11055
27455
23230
39314
45941
58051
5979
30389
15123
11309
18784
18221
44037
31917
6250
53620
5810
46159
57300
27137
19251
6040
58012
20990
27194
55449
45316
17232
30569
50094
41712
23313
57371
14721
56936
46606
53844
8227
14370
56493
20853
7434
55182
42201
38542
38541
49314
58326
58049
55969
39377
4010
42348
15934
11694
22916
25088
37827
4788
17335
13196
30779
6388
41389
45537
19099
13726
14829
4777
59193
57682
39375
57953
59637
24154
27095
11847
44299
27061
39018
16393
39821
53602
18212
8219
43856
45501
49441
49319
18192
7440
36608
6092
20788
29113
28231
37460
8361
26505
9435
9936
56049
27514
25405
39733
42618
3056
54257
21723
25560
43441
9755
18200
10011
45687
25723
38752
17465
15059
59121
33870
32019
16588
46663
45369
7327
47093
12060
49296
44613
49114
50016
39298
34705
12745
32547
39989
34294
4928
16118
24535
36951
52228
20414
29869
34194
55470
25307
20368
23345
27389
4115
20761
43491
11886
8532
34176
55346
21626
13219
35367
4423
23449
22471
58775
53835
19364
24442
59548
37441
58800
15827
45562
7132
15483
57875
36737
21860
53832
29888
26865
25054
19390
43578
54809
59575
52853
35759
16603
31578
32784
57541
54838
34954
59705
43347
15676
11729
37407
49006
29308
9515
45874
8542
23550
57809
8852
33374
25784
16120
36576
20839
4689
21416
12112
14619
59305
55099
50567
34182
14942
15415
39513
35043
15753
35744
9478
24894
20672
45728
57786
38132
39242
9369
32985
11873
55975
38136
28063
52141
46291
31456
39472
36995
46320
41733
26455
49586
36412
4803
46369
41976
10290
37811
55841
6235
38220
57830
39286
35286
50101
27311
46742
18282
52341
46264
31436
17006
53325
18327
58547
12939
37655
46204
25394
16771
41698
11953
35584
37209
24730
24753
56363
26975
4608
52394
57248
50108
54554
54548
55819
10727
57139
7017
33391
42767
55165
13170
35326
19365
18460
37309
5666
28795
28432
46582
8296
58554
49783
26029
52132
46073
16202
38168
14513
49641
25764
17354
32005
6241
14181
38342
43732
20397
55421
42622
58544
21260
35211
42313
22138
24858
20373
45334
58002
21300
12990
56065
30806
44976
30368
52331
23307
21218
12040
35119
30120
23032
32622
42815
3962
27366
41829
51773
53874
25975
14644
38163
48517
41403
41493
45843
10181
32826
37242
14734
36828
48727
10462
24700
40148
37790
26191
16255
49545
29430
36320
46435
17608
7998
28394
48787
38946
58177
12252
8752
59402
32255
38741
54370
30883
31845
43289
9708
46877
45386
11797
29612
52134
59230
29943
13365
48856
7601
12499
53330
5789
13442
49374
15939
13759
5459
29392
17310
32538
57622
37355
56616
25695
30925
22661
58443
17548
56079
18333
14837
27339
19546
52099
43364
30113
12392
4396
34102
19044
38410
13266
39694
32699
35013
56608
56228
33906
33833
24263
3089
42218
45886
19881
53826
45327
30139
10595
31494
4777
8382
59317
22766
36255
48895
52205
51829
33088
58041
24158
52688
16233
55614
9547
59999
36374
19019
50448
6115
44072
5666
13214
46714
29520
17260
50701
43935
10165
59164
8827
48806
17094
40967
49038
50389
57669
39200
25889
29433
9519
43603
17668
22757
37871
39586
34913
30895
33511
34517
49037
46844
23022
37543
12482
53927
19267
12731
22169
7211
5104
13359
58207
18817
39111
53105
29589
28346
19029
9813
40161
34544
56924
56576
29297
41161
28340
24839
41512
52772
40173
56755
43180
12813
48106
46045
18043
9234
54987
57837
18627
36219
51950
48795
52432
23272
8550
54222
9885
56147
37915
17949
22755
37688
18753
20009
53694
40083
11534
38512
7160
50879
39680
56051
32834
15787
7371
19191
7294
13721
13384
9572
46812
56642
38070
54573
27008
39973
42544
3554
16961
37048
46745
31518
51106
15813
47418
46691
13653
8543
54688
16290
8401
54217
35321
39500
43530
8740
29173
53372
13887
6236
15265
3734
20564
18901
39759
4654
41575
9021
7869
9028
9912
26450
14232
41679
29083
21734
31603
14953
51133
53960
44940
31516
24485
11652
8598
30300
43000
48343
32450
50376
9096
6425
28174
54661
40668
33160
26352
55340
20465
8465
45623
7155
14257
9795
10814
26458
9179
4935
51068
29837
59795
50484
28617
47311
22680
58724
57485
19425
38603
53117
22026
28673
17240
12315
54646
32745
21758
37077
47086
8987
40787
44877
29155
51759
59942
34919
59675
29212
26205
59443
22085
58542
53424
15720
41544
26685
7392
37778
6664
35989
35280
47700
32817
19204
58607
26934
19288
27345
37070
16408
53353
50638
33284
32895
7785
12056
37594
32810
58364
28748
31695
40560
44268
17447
5325
47570
9549
46527
57091
51541
5755
18038
20690
53814
7287
35042
5137
39895
42776
37578
47000
12279
18316
17291
44306
50018
52006
10301
24040
40839
7758
36702
53450
29972
56977
51041
57064
34993
21855
54778
9303
39961
53079
50403
42789
15977
28450
38309
44152
7680
13179
39036
24309
30458
36614
56512
36415
15512
18948
48435
32119
34732
46655
59345
47347
38979
36802
34272
35842
45878
17026
38677
42914
36397
6706
49926
32381
46513
36271
6465
28463
11635
56083
55544
27858
19013
30681
26890
9307
9779
57164
50675
21164
50677
37963
44157
18808
17489
53971
19434
45288
10643
18727
11218
54232
30351
14206
6711
40189
53571
8859
42035
54934
25382
3701
46679
32733
11388
16479
52748
8993
34711
15360
25742
16847
54417
53614
48329
58553
9886
54790
43684
10741
43746
19158
58279
15695
56815
38658
22536
6051
4337
37816
41306
45587
17447
3899
58955
41318
53379
48536
32047
30447
7870
5108
23805
11547
24361
24339
49870
35574
13757
34662
10324
46435
18182
25516
52186
24674
12067
24106
18927
24935
25004
8236
50061
27900
49464
36595
11925
41766
15109
44232
8456
34243
21388
53338
53763
47978
20198
8404
9609
50684
7652
58556
22743
53776
35384
38521
53699
46190
29018
54091
38581
55483
25355
8853
31179
3912
13137
18692
57476
54727
39688
52907
13831
48227
26250
53983
26578
37337
12230
5017
38064
25762
5470
11870
13683
11627
49283
29902
43269
56516
3932
38980
33408
14649
20305
54748
17641
24854
37998
26054
51001
38867
43860
25613
59816
38131
31266
50793
15515
12596
40789
29657
13022
13424
9113
49287
33653
54510
44189
44979
8927
19246
27374
28146
37034
16173
15939
34135
5159
4461
56563
49914
11381
31171
16982
59006
59065
45357
50147
31599
58678
14324
43716
22377
50005
7532
43233
38085
58902
31115
47581
10838
58942
58296
22001
7493
32532
27600
58114
42918
34191
28702
22946
33107
43546
41168
27560
36528
19995
10319
27550
23571
12055
33642
56634
39595
26201
11970
11160
17810
8630
15106
14011
58611
18679
9100
20471
46997
32475
58331
47673
14318
46887
55512
47878
51693
42604
5276
19071
4895
57126
27477
32251
4206
4310
19963
39145
32825
59566
27765
52520
38418
20772
55857
6235
59241
49171
23712
29949
34484
48148
49240
55810
37732
57205
28748
47231
45373
40297
19622
47327
12338
41049
19180
59855
43578
8107
9831
42524
54021
53028
7898
54687
4824
50453
27773
23961
50945
27881
15108
6836
27254
35201
23189
27876
34672
32799
57200
28250
53612
25983
19167
16298
59014
35358
29750
48450
57177
23955
4496
6351
34810
15686
48490
42390
42351
35322
42571
57454
26735
41190
27317
26773
36123
42219
7801
17495
23962
19585
44086
13712
8614
52231
51224
13554
12656
41600
40306
16912
44671
58045
49432
29976
51720
24906
31115
19213
32326
18098
16902
32843
49230
40587
3235
21932
14185
27811
54673
16487
46001
42443
31011
24029
12291
57465
45282
50294
33790
22524
46094
3657
50265
42746
32007
31569
19097
5587
5297
14927
53122
8306
29800
12894
44956
46670
26769
28990
27197
17567
39049
45871
30254
20023
28501
48143
38976
26021
20636
28322
18828
8637
24098
59677
27154
21075
51667
40049
43763
29200
17730
57905
46237
27428
11015
50737
36009
56656
45178
43888
17487
29998
28624
17333
3493
35663
15578
4729
10261
53024
45506
7522
29079
38245
50540
24821
39331
47876
26725
23182
55046
40581
59345
43895
57102
21174
41849
33636
48968
19738
49133
31477
38799
12507
56264
59259
59829
16640
43579
3310
25730
11864
56394
8834
59820
37813
33761
44437
45348
13160
12040
27067
7392
13733
24310
10915
10964
20011
10618
40357
21177
7732
17072
5081
32588
40908
21526
30100
34038
7555
59517
34493
57045
33050
46396
14849
59843
45460
44755
34383
30498
24031
7846
26114
57959
45700
16156
25612
29739
18433
16028
9036
15571
30415
15814
15499
3839
46772
47574
4637
24862
51129
36236
30338
4571
34588
54755
41782
46425
41135
55472
4642
28770
6105
3518
8880
28812
17185
29766
56135
25651
39813
29189
8479
34681
24549
10347
46423
9908
47024
13613
37292
24698
25017
12146
23010
11300
12152
33254
49661
13735
13715
5229
42227
26917
49173
59816
32781
7030
11978
39123
56726
43064
59551
15583
9610
10193
47639
30131
42750
20865
20124
42466
4816
18887
21452
54705
58197
42168
27292
51847
33834
7004
57686
40312
43321
57781
24164
41605
5668
48213
49468
16318
29048
23098
44760
42567
37829
14640
44900
56476
42860
26664
50081
12980
29542
38375
38444
14263
41333
8934
45900
16688
31835
20133
43143
38039
9081
35434
42395
50391
40579
53569
8324
17291
43186
35375
7873
17362
56940
21826
39893
10355
21211
29539
31793
59275
26260
25096
30714
53722
24972
10756
41821
41691
50749
40788
30316
18567
28773
24403
18139
20289
38440
54068
12258
8743
57825
7242
39573
9974
51764
9063
50192
11764
39856
35559
4231
28637
11320
51000
51990
18219
52342
51117
53919
7861
49050
41881
47213
45172
21572
56153
24680
13382
31715
22883
5188
55337
59472
25468
57913
18932
25011
34448
23174
14902
3030
7264
25558
38549
32408
45675
26096
18309
40008
3287
25946
11301
20022
52483
37078
56071
25209
23091
4704
45957
26320
37609
55230
34511
16327
52705
9568
11996
13714
21923
3379
3116
8518
35893
17856
10472
4926
13624
40931
50115
39418
3041
10581
42716
59967
42971
58964
32434
35066
57430
23126
54225
13986
57474
10874
10427
22799
18522
9848
18958
38414
59766
18878
44980
57718
24580
27166
56059
9560
21527
41510
37958
46205
27837
55268
24616
18886
29853
16963
33837
29252
40138
57488
46199
28225
20957
28110
41607
30149
22873
51598
35270
57866
53150
15680
38530
35852
33308
7326
16192
49392
14389
8714
35716
30923
25610
44799
54925
8909
24060
35631
56991
19759
34792
13875
50813
20173
38714
53604
48849
34308
30239
3173
51506
58383
30899
34902
15964
42063
42631
3075
26494
21806
48301
31633
30184
28286
44789
18960
40234
31397
48971
15051
34255
31586
36687
18109
20769
26674
41134
20696
17760
26257
32159
37831
48497
35500
24007
18386
28184
45150
27895
15508
35610
24619
33496
45228
33152
19932
13797
50954
33310
20409
6606
45517
41761
21876
5100
38244
55089
21904
9077
55253
13369
37332
58056
38786
33280
10340
28177
47081
23100
34923
19816
10999
32647
52303
58949
51003
44846
30586
14745
3569
13095
47596
46652
3338
22227
46492
59954
16413
46132
16655
26116
10966
34864
34378
24604
48763
6745
22442
55660
22763
44021
24603
35004
7756
50070
30939
49530
42357
20386
17329
43018
31748
37041
14037
31158
18103
32354
17424
3391
46321
53571
9985
39201
51988
28450
58103
47396
23447
43983
36662
53690
31794
19682
25607
52466
56790
35980
27651
33843
10910
12781
