1756
23809
5614
15382
55400
39885
31146
22600
22953
54328
39500
47850
31952
29107
29091
54654
35641
45165
13495
29203
54872
24153
23128
30686
49225
16848
57598
40455
8121
8667
51634
26704
36697
51834
26719
20375
28361
56853
53883
26062
9316
4028
21402
43178
48638
23420
58086
45758
46942
59148
51055
6080
49103
6525
40246
24793
40257
41120
40020
42611
54116
32325
10462
47262
27247
25637
32295
32647
10276
23501
51246
16517
38221
9345
7455
12979
33495
53959
14107
57645
53774
52247
27149
51221
16569
6910
23476
50948
3648
36192
47654
24517
17242
24764
23374
11470
18049
57177
35257
11852
31036
20596
14781
27702
3129
42099
12265
55965
7474
40006
4357
24879
29408
38996
55070
27412
46385
51944
26194
24939
21336
7179
11586
59576
12468
48306
36858
16242
18640
35337
10124
25138
4649
11636
58496
43527
45114
12227
51116
21653
46794
34917
43146
13884
22674
28956
14725
42317
38822
3996
37089
36235
31844
47793
14901
39808
44919
29083
31288
12301
47543
16603
58765
43771
49184
19261
26759
8234
12303
14583
23931
38587
58706
30645
53803
57523
15604
58218
6683
30442
39397
49308
13823
11462
58262
22797
49338
18832
34056
28564
12296
37799
47085
43589
40241
55816
35343
58933
6779
20568
38244
36689
53259
11011
29705
57658
49065
12847
15316
50326
25424
55621
30184
27227
5778
39727
8385
35742
36230
6923
33090
9753
4030
35286
57267
40834
40609
11298
7133
37016
20016
16760
11939
16080
14892
41434
52009
13566
7708
43780
17842
18308
54447
41993
6828
21684
25898
54166
4529
13602
3757
15073
49600
54833
40874
9653
52768
19051
14684
7113
50942
36336
27322
47307
36978
9611
57172
27853
36626
12928
34623
28877
35590
14103
41710
50648
10511
3689
50004
56254
15870
21795
24202
43685
26991
45321
39380
49569
54452
28987
29403
45492
15744
9266
48789
11807
53163
9802
42639
41615
38028
31059
38774
57843
41194
17789
28944
39077
26024
52971
47163
4072
51332
7838
4561
27371
39041
46511
27189
23872
29332
45180
6595
36076
19812
50605
33674
33378
40146
29885
7286
52850
46535
26829
21122
45986
7190
41555
31865
27993
53763
32515
16430
39256
35320
54021
20627
10164
47008
14989
16918
36123
56620
24854
31358
18409
15727
57662
6236
33219
27779
44575
57921
33733
16056
8224
36413
39323
42455
54696
14343
7420
59838
44900
45039
38395
6697
28403
19879
21038
29118
42622
55874
58388
57474
25115
20245
27568
22001
38410
14944
5934
40612
48887
20745
57407
24226
55019
6483
7779
28462
6232
8431
24404
27479
11097
9872
24539
29326
58899
12848
8129
34620
29980
17627
49707
45978
15797
40379
35131
12484
35068
52410
14604
30871
54835
24434
31852
5102
11184
58557
49938
40646
40810
5032
9393
53421
24516
44228
56755
28865
9828
31859
39585
24341
23362
39999
39322
31677
10690
39390
11909
11152
38640
57746
44997
56871
19004
4451
31568
25914
38197
15604
34418
58986
53200
4429
43253
19870
13779
8957
11342
53417
27656
40042
31490
4801
50659
5927
35256
16577
16244
37346
54252
38038
36054
30441
8852
51680
12567
57521
9942
28027
57534
44874
28263
53563
55928
13545
32705
32570
24282
9884
30987
39649
12424
46302
47645
43949
17707
26878
19911
26669
44068
22497
5819
29554
50564
42859
56016
59570
32978
18764
50934
39064
27466
55466
34125
42822
44665
3890
15810
38068
43955
14418
14356
34728
40985
19602
13364
14624
30507
52912
19242
53913
12459
30937
23586
4351
12451
48016
34923
23794
43586
11628
10521
40162
50012
21768
20706
11458
56429
9526
11208
53897
52327
3709
30771
49586
53420
3786
38732
53899
13817
21339
27508
39564
15347
48481
48423
4370
14405
18997
26832
50329
52829
56324
43653
27367
53146
54488
34326
9252
56085
6545
53345
3158
44464
38079
17962
17532
31197
16839
3377
44916
23592
27471
55640
35241
16747
35122
26740
53897
41176
26922
19259
22495
15905
40504
12928
57883
14094
42185
21519
45156
52044
25521
18491
54153
14415
50551
16480
55433
23379
33812
6558
24278
12352
37429
10575
43944
28947
14403
59089
47209
7362
14592
16723
55049
42598
28081
5479
50781
17763
58940
4536
3299
16630
54992
33609
43705
29808
38561
27873
26524
55343
22702
8793
49957
30064
44710
49706
40267
4260
4394
50002
10905
56286
9908
9035
20335
43045
28980
4313
8860
25568
3226
20751
39844
43524
46725
21817
10509
59526
23595
53092
27107
37350
55406
8552
11497
26224
30816
50383
9933
54873
17817
21588
53643
24809
24242
35451
42389
53631
12006
18533
38516
20928
34274
26130
14233
21844
9589
53669
32914
3784
49233
23645
12742
4500
19551
47337
32835
52717
43044
42341
37129
7440
48619
29805
26214
44984
8833
48814
58106
34655
22716
24030
3924
47256
40397
25218
30866
9439
49791
56707
22168
47950
39050
50504
20114
24014
56056
57888
42527
3079
33798
16250
20595
56226
50500
6126
39790
40147
4350
21103
27872
14662
50097
13139
51124
42070
22299
32519
39017
55899
12470
37632
24925
25481
53576
33631
31011
12826
37960
3821
57400
28348
16965
27356
5075
10272
34339
27420
20913
15598
50008
46338
18782
43353
26463
42057
3900
11428
32088
24480
3610
48731
40988
35563
5298
7878
51431
31193
42236
7162
29065
45945
21408
37575
50494
58376
47057
42724
48503
5042
51963
28508
17511
20787
44239
19059
35143
29348
50565
31801
3322
45733
5078
15623
23648
34774
22174
24985
44378
9912
25363
48914
49493
3589
29325
23955
12007
11774
29355
53822
14368
20857
58381
36714
46138
25117
39686
24807
5519
16231
16328
36222
50488
18899
50790
15621
54045
19013
31500
30389
24181
26817
46394
22531
45212
13972
51562
35970
25610
26324
58989
8868
31354
10795
58208
21661
3736
55723
12679
39129
19217
12685
6643
26547
26135
30450
55746
6723
47441
5619
54690
52868
43054
17530
16988
29151
19207
37071
58640
20189
47650
47253
34683
16853
6449
6056
8744
8860
5390
6976
27286
41955
59108
37052
24387
23037
24314
13740
26007
30084
32134
38026
21539
54615
15359
8803
23763
26054
26456
34264
3982
26148
34795
26832
11778
39848
21593
59298
12140
7518
33507
31200
52018
7702
20425
10048
22696
53490
34046
31602
4373
42821
52490
33222
42702
30461
49980
34261
58598
45341
57797
58335
30543
6888
52840
21785
58348
6656
47513
25705
16618
8251
26500
54948
24794
42682
5381
23282
24366
11894
13230
36916
18780
58596
30182
46597
3340
26558
22229
42972
20003
11390
6814
52525
18300
52825
5254
27924
49862
49659
42351
45142
38542
47920
7999
59872
50007
55239
57757
45464
18980
11284
48936
35274
30655
58526
4633
35943
43249
53890
19388
11187
45176
9288
9829
13838
17794
16945
16028
9370
23147
27942
6170
53639
50301
28422
48296
42318
58174
33853
31135
28601
48275
32456
31757
34727
37081
41666
53399
25448
20870
21251
48058
24981
32558
30311
18416
17301
31720
34948
10175
57656
16754
56026
15339
36100
3227
16247
8073
59545
42615
45864
12684
44587
23904
46463
16029
27798
25970
30363
19316
46812
58712
38895
25624
23095
46188
20499
30320
34329
36189
41802
21107
53820
44204
20316
32650
51184
10324
33114
52947
57873
31373
35350
7042
17681
53443
59640
7004
23670
23352
31276
31764
52968
56157
16766
19912
22337
18152
30334
16423
42031
21792
10562
48203
21858
44822
34196
49717
3126
34395
31894
23452
37310
10624
47680
19119
33456
10865
3025
19212
49174
18229
37709
8440
41233
6706
37065
20291
19619
37932
14895
43284
15085
18948
57458
32096
49614
36044
42251
44985
24546
35968
26410
41001
10837
55064
19224
52929
28406
37244
27923
53855
39727
4052
52635
13872
25117
18108
44832
43258
17321
27774
13232
34075
17406
21819
36182
8415
26936
29861
33023
52601
12224
45616
41437
38931
34551
22108
23368
33208
18006
18946
47116
8622
53412
15191
45616
49633
18879
12285
50801
41029
42677
59034
56685
47533
58226
8714
24807
59193
3249
56750
30302
16205
5197
44402
33738
47269
30791
5429
46181
50990
7953
24959
23756
43274
50642
43644
3212
38849
23610
12772
42711
11922
12748
22843
15561
44131
34559
35081
6090
49108
47083
49793
9542
42232
37231
17607
43127
29303
32042
21798
20805
24231
48792
11638
6365
50099
52202
20285
9016
21010
5953
45720
14399
59778
9687
59240
37657
16183
49827
30355
37845
29081
18474
20044
19860
19433
42717
52010
38031
25579
40908
25415
53138
49576
37950
35242
56754
43538
40605
21575
53537
46186
37918
46566
49428
5931
54445
40075
10033
49389
48422
8635
21643
57066
15552
20094
31295
12625
59882
3088
7883
43182
42249
53614
18293
41741
30080
9905
50804
57804
10928
52171
50620
11713
14321
40653
18303
21312
55648
10089
39232
50544
40995
54430
36332
15654
48654
40543
3390
19838
58869
21980
49419
34487
33259
41370
5365
48470
11243
36959
39578
36537
32192
40626
30905
19722
26819
40381
9299
34914
44736
7841
20821
40674
14137
53435
40778
35171
17032
42635
20695
30443
13392
17878
35044
7487
56728
59006
41304
17113
49514
24982
33483
10785
44987
54026
10327
27126
12908
32676
11477
11295
32074
26973
25378
40124
33995
18785
49651
32388
11958
31139
25429
53178
54185
54221
26844
47809
10646
19026
42126
15063
41272
54183
40451
10459
11687
40422
59387
23986
54569
17165
59870
50486
35926
46429
8231
46361
44315
59428
47740
49232
9848
56727
17858
25695
46543
54270
56582
47569
15080
19838
56424
21001
15442
35115
16204
45131
9289
4987
48973
44982
6666
8245
54520
3869
3029
13168
26938
35875
54443
12999
58890
13365
45915
13847
21419
27497
36511
30598
49514
53432
50283
31907
25271
16984
33186
17638
20071
4937
6619
11739
29233
59673
26072
32799
40348
31550
26974
48648
23791
36203
22124
52051
43467
36361
14513
6881
50952
44188
23855
6896
32238
49321
13786
17788
41766
25071
17827
20432
56230
19544
30830
33526
54129
37530
18132
33821
8595
52143
22657
26725
11857
34020
8772
45218
14445
49122
13399
33116
4848
18339
51963
9271
18557
29415
10708
37047
14654
14688
40592
33749
48154
7394
8535
30641
36860
28107
34134
30085
14022
20340
32431
51217
49869
22460
53298
42444
7250
50999
5789
39848
24550
59889
44668
43113
57914
47249
39247
34004
37203
45434
40292
16307
7987
44585
24478
17264
20161
23382
26903
28398
12420
14736
3714
53083
40369
8494
33632
8889
48768
30004
44002
12980
27785
49480
19298
24349
13126
36112
17317
3458
37880
37180
11002
25347
20702
28570
41508
39917
46870
19554
38507
15359
58077
48436
44821
32291
34031
38578
28504
10566
6331
35675
24517
15596
6448
28724
49330
37180
48292
19715
16563
29501
6285
29262
58781
13115
24560
40320
8977
17480
35784
49910
37351
25325
48457
50782
15976
30902
57890
27311
17389
12769
53631
11404
55248
4202
25190
10175
44441
28438
14040
59261
32436
43861
18827
18741
42572
46000
16073
4374
23033
10584
15784
40687
45778
20819
53192
46026
12257
13198
38397
17322
58867
27287
29080
47853
47024
13204
42072
50847
40700
20084
41365
9558
44494
14134
4322
30011
39221
30789
29620
55892
55287
35783
47475
5994
56060
42645
26590
31329
51925
49651
58996
40411
36520
17518
