1868
53924
23367
13976
17010
37196
51567
34513
13520
31416
29439
38085
57148
57628
53097
28240
9654
10461
39423
19943
25101
57037
50866
37343
36462
5309
44100
12986
26657
30398
56342
6906
5994
46508
57533
20754
51548
39623
17696
23144
46634
10104
51695
7281
13097
16073
19291
55938
43921
35905
28097
8929
53554
12970
41964
51006
37663
7310
15861
46458
54697
35644
29731
56886
44303
33674
6067
9128
3897
51790
36079
34036
53608
9203
11931
34915
48810
29003
52890
6172
55425
50063
21548
12797
39508
23740
15605
34207
40255
31009
20879
39883
5592
18854
20289
45136
23466
22557
28066
53133
37544
9753
11348
51100
29697
30525
37734
38224
52214
20098
50634
33799
55700
21975
3535
53426
40368
14025
12987
9413
54997
5092
45110
31658
6054
42278
6492
51956
35383
50253
58669
13545
23033
35418
25307
51671
4016
7635
39143
50538
45988
16851
57274
39791
40008
42948
31759
5186
11782
55361
44920
42224
10835
56316
41028
50697
40461
45053
30890
16513
34466
7353
44018
47086
59949
53767
8034
28877
34916
33560
53162
10378
59186
22813
17856
7405
42954
58502
18604
22311
37043
38056
35972
16044
30128
6895
47708
58951
11288
45717
23522
42565
8820
53928
38979
27574
20691
7753
21990
49191
42088
48912
17037
17472
35223
28440
6628
17043
54355
36948
42468
13769
48039
7893
57326
40931
32933
13460
17663
56368
11372
7934
55730
19623
40603
34626
45144
10180
27439
27994
52707
15180
3573
45679
46973
49836
41643
29208
57434
42947
54411
45551
3914
50354
41264
42817
58825
29588
57745
38514
5023
44148
21291
57602
22029
28818
27585
16016
54888
7354
13681
48565
30677
16155
4093
7269
42760
52587
30962
14016
6074
56385
49526
25493
28754
45681
8606
14392
13644
9769
33529
28137
14003
37489
9621
59402
33608
42790
34754
19611
41104
39216
51314
31747
12507
3489
55966
48119
3063
40397
50245
10646
57437
11588
49617
23069
46483
15461
5264
20711
58347
41204
53997
11169
54723
20513
17083
60000
48028
28211
23960
30855
40911
36337
27610
18866
51345
32554
59085
54301
37427
22187
58523
36764
30774
58964
40436
33378
38348
23442
19922
28619
56758
48668
27426
41876
14266
29052
22325
40994
37987
57473
24968
57557
34323
13068
8575
14045
40816
59208
13803
31621
11808
36866
12591
3146
17387
26181
56106
12395
32254
3565
22577
44055
57664
39172
25281
58458
50846
27950
18106
7025
53250
5145
33485
56431
14123
27342
57937
25596
12534
8761
59801
56149
33322
35776
20541
19817
12569
40119
8777
58139
30261
43081
37400
47333
56661
27975
3281
42777
55382
9510
54825
38203
33939
37227
3565
13809
42180
38661
59546
58136
21072
26636
49063
49263
16783
49536
21938
40016
51447
57329
55739
10541
44476
22400
3328
35037
56376
7279
21691
44066
14518
14020
31613
7154
53057
22841
59807
31580
56411
56505
43149
33800
11685
26570
38817
57714
43663
48765
12086
18942
15243
53665
9842
35429
4347
22172
22961
27201
57560
53201
9798
45535
59923
31599
24794
51387
4864
27916
54929
57463
18158
34284
23800
50197
17835
20573
25760
33548
6872
48594
27706
28055
19938
14523
20426
11469
26625
33921
56164
37418
54389
26538
41537
53444
39064
36624
57946
38870
28438
7835
56864
19077
59990
19861
43611
59352
3255
26156
32339
17023
13135
33609
22905
24168
46380
13285
51320
20888
27139
30239
15678
24671
31210
8302
44436
51719
46809
3777
3543
12282
34859
17687
10925
13565
9035
45635
29428
26953
57448
46359
58867
23291
31041
16223
41257
42195
58708
56749
15240
5721
22615
31196
25502
6365
19482
41330
4004
5391
43374
41062
58632
54130
23498
54029
46372
34870
22049
59830
27204
12777
45804
56575
41115
56079
23109
15929
28993
53091
57669
47286
54822
55500
57145
10458
24345
52543
22271
12894
55542
15551
39890
7407
45903
33514
14883
27122
6171
23735
59371
9646
23966
55394
55615
5945
24763
49748
12106
24923
10905
54462
9268
36404
54549
55378
57217
58111
8663
34015
54303
31597
5412
24487
16043
38505
12895
54421
17263
18591
54567
56700
24054
23819
29485
31296
45482
3145
56315
40751
30422
42118
46282
51914
7581
31502
6219
8251
42569
24811
31163
41598
42291
6546
21945
22196
9047
36332
11641
15920
13438
24664
55340
9135
52890
56683
51064
46848
17770
23955
41813
13116
44024
43410
48090
31811
23970
10857
41967
17766
16479
7220
29127
36135
16729
40215
10041
15125
12321
52904
56173
27180
33716
12842
24070
20446
58600
9141
30000
55858
32710
17274
46916
55979
21470
30690
9149
54764
34623
30021
4962
11092
20355
50439
49528
55088
54525
19376
38415
30629
41387
22117
29264
38458
46117
31050
44621
58830
7271
7506
4775
56212
20846
42595
53429
47245
53358
31694
29752
47786
48738
5435
21044
25601
45684
38014
9783
32601
9642
40377
53560
25407
27258
38966
17196
29756
34354
17471
29725
52470
3218
58270
35269
55207
22413
49660
52198
22818
17613
56703
42832
25031
51770
52656
30649
49244
35526
47382
32389
53870
8859
41745
17740
35158
27759
46308
16769
26404
16851
29063
40601
50549
3384
10517
26241
37439
38716
23974
46098
22337
29162
10694
20116
46952
33085
55130
18658
34066
3368
56731
3120
20832
23927
11224
32985
22299
37524
6197
52763
22440
54619
50248
31595
4987
52437
27495
43398
48738
54395
54906
30124
57524
29142
33393
26690
51493
22480
23661
30530
57573
21790
47320
39138
20228
16522
33149
3135
10841
36751
15441
57901
6909
28149
56469
12930
23044
43284
21824
41092
7421
33099
8872
48726
12109
34063
7166
12020
50006
13184
6528
22588
42328
27362
15010
13406
22724
29298
26895
8315
4552
31942
41108
51741
41391
32830
38435
59558
40367
32047
21812
50013
56075
44646
26013
6861
23180
6077
37656
58035
5198
16368
14265
40641
40199
41213
13860
31167
29711
50081
37665
31908
37622
28348
12908
43529
41570
7852
17953
28938
29776
31155
46633
45842
57562
28812
3191
19738
9293
13849
21667
8762
37446
41834
20600
7157
26561
54519
48030
48277
29769
56507
56640
30861
39178
44619
47765
8617
47676
25176
51655
41972
49769
48415
44198
47005
33134
5182
28856
33280
9807
56618
29691
54113
57506
56757
57577
24021
50181
42652
57612
49164
11121
49397
7553
59325
54477
43111
44875
19165
21229
20017
33628
40506
8247
39549
36426
21526
16894
44601
7995
12197
55368
18941
55983
23463
14198
36193
47631
56245
11767
48714
45305
24461
20249
3293
11280
27360
43293
18442
10874
12656
16159
8383
6098
52132
32347
9329
15864
12074
5775
28110
34158
58657
34491
32631
38891
36709
5140
21687
45339
29396
43026
39453
46102
43705
55882
23767
47443
47055
55462
3052
51429
57868
40786
3130
15517
46878
23576
25863
42359
37207
56436
55378
51612
54620
9665
59416
32281
44717
16530
21573
57664
12186
25381
31498
27033
9929
11042
36093
42781
13036
19106
7022
31896
20685
33756
18300
42310
38918
50470
43065
26457
11507
52667
9424
8864
13839
56700
30688
31564
15545
13818
17149
39215
8313
16095
28308
23596
36935
19641
36181
9558
34048
34880
19654
20223
13348
19405
37237
31959
35037
5142
18332
51524
8752
29888
55404
46955
47789
15034
36850
56659
10685
28510
23482
44725
27511
36576
17884
36188
43274
40347
55987
22432
22591
25407
57412
43123
11178
16866
31331
55274
20429
5723
35907
33939
53769
14271
27370
42505
49886
26315
25198
14664
29554
47724
59613
47644
21939
24633
15152
58022
55579
19630
30167
21888
17521
35487
18800
22548
43443
33058
46507
10393
19008
59182
41714
52946
12094
11155
29352
35819
54360
40929
56885
31261
5031
59983
57785
49335
38473
38950
47100
7888
33073
36301
19777
16294
55948
37797
55631
56465
49335
57395
50444
44913
31359
17503
39889
41935
47266
23568
13496
54294
29027
44317
56699
23782
48044
57366
32308
7976
17402
53255
52034
13688
58304
35723
55983
10669
40743
31863
10703
5472
55497
6912
18517
18197
16370
59207
11209
50589
54055
32071
15646
21648
41866
50629
8859
29857
29165
13923
54196
48655
55118
40217
53581
28462
48782
49471
35411
15255
7996
52854
43436
42716
17520
38993
46769
5029
7624
7117
27186
28360
41444
41005
23316
29423
58104
28834
25722
38222
23310
20122
21380
38609
31829
48226
59657
36679
45826
17393
16339
47728
30414
30109
43322
28440
15472
46665
58878
25834
37493
9553
32628
5138
56347
53587
33066
47670
47274
53354
28295
52358
17486
54466
52103
55496
28105
30472
55626
44255
26822
16127
22932
26679
46781
28235
11654
57349
41698
32729
4168
47018
11957
53999
9651
49543
10081
45670
29177
52873
31791
28752
7554
52816
42803
16059
26733
36837
50618
16177
3973
26204
5924
8056
52181
16758
52778
6087
30139
40909
8057
40770
20143
47895
45455
16930
45571
34842
13013
9237
26230
38572
27807
47494
45061
45834
10047
12250
32213
15376
38188
48179
42210
48797
33221
19775
8788
4935
54331
40786
51684
35707
32460
19036
55114
16562
4748
25687
49729
52754
7058
17492
29183
54066
21954
59902
37341
51241
37511
40588
27580
13446
50024
39872
24355
38169
23478
31027
25190
23613
57496
23731
49410
30055
38361
7802
50708
46578
49077
49662
6748
30050
41157
58761
23004
38560
34949
19830
17074
47468
12378
25284
38074
53676
4595
22319
43090
24020
47613
56037
23531
24897
40092
28230
44531
10224
33528
5373
6311
26579
9475
57798
47909
5461
39556
28095
27740
44655
25680
36910
15037
3397
56718
55032
13062
6954
51703
24086
23875
50449
3832
58708
22145
18822
27036
39266
16990
9483
43524
28834
23312
16019
42368
54842
23722
49128
21573
7793
8903
35850
24873
54428
53494
8456
52325
15716
3005
27084
5783
59700
25716
16971
6963
11183
15495
50126
27859
13654
51007
5010
12448
59661
48379
43993
37882
47517
21098
46347
43345
4296
23984
5793
27999
55484
25592
14962
8930
42349
16519
39327
56399
6235
53530
4158
29034
10449
34801
50196
13214
27169
45393
52256
54542
45556
5978
50668
44188
45307
28189
16069
32649
28904
56434
29579
25131
6091
40228
5702
30983
46835
28516
15881
23930
12307
31514
15431
44951
39016
58743
18519
44715
11052
38125
14307
53968
44921
35215
25266
42711
48350
41323
58783
55947
49564
33573
29448
24369
12335
4293
38029
35609
58630
23015
26417
49642
57455
22172
59677
30524
5199
57424
46578
42615
40985
46532
11398
52254
41463
4612
50124
25945
54920
52953
13723
17347
38312
41985
14231
57207
27419
23506
19856
8681
56156
30271
37956
45619
19554
8939
10894
35644
13191
34300
4878
13867
12597
55798
10221
53584
27652
25157
34355
32129
20304
53794
20387
6027
26494
20530
34455
21030
22196
30485
33139
25754
4377
38548
58562
37448
8106
17570
56201
45280
52024
8050
52729
19721
3712
13962
59452
18623
25331
50792
46630
17471
56061
54830
37614
33547
11881
20706
22294
53190
57681
25192
38825
5178
6986
57489
26181
43350
35330
16297
24985
23042
14143
47094
4078
23672
17742
18821
4273
14170
23340
45499
58467
52100
49981
26821
41200
15942
19025
56988
43333
52988
8331
16085
3782
11521
35536
14236
22211
10524
50550
38043
44461
59996
17475
11421
44588
18525
3009
22574
38272
20932
26843
23997
56955
25728
29782
3472
34071
5714
55778
20473
34211
15827
3607
41078
3936
4572
34051
6604
42395
46668
3627
28640
3329
51369
17396
10836
52281
22752
17011
26671
15302
17493
58467
41613
50833
9424
55565
10951
45037
3374
53134
5349
39963
18175
16305
32835
39165
18551
51076
27889
19212
8264
5925
16841
19770
6961
30996
36681
44892
55555
43180
46626
47001
10976
12352
56863
37113
46574
34646
19613
17477
35033
25727
42200
39000
21472
35068
20262
27072
47899
27740
43536
30082
34991
30444
8038
34497
59524
30320
46065
25244
20312
10119
40618
29031
28263
33321
6006
38883
11668
45942
6666
3767
44248
29848
26200
34372
33390
11684
25196
44963
37898
