1749
30762
37536
14460
51792
23192
51361
47110
9371
5535
39069
42003
57529
20478
31780
48616
29208
50539
49068
17595
26813
44212
33155
49848
16656
52722
38943
19449
48452
8661
44721
14481
11862
14123
32667
25900
8311
53380
48170
11696
26842
17919
38862
57113
54096
5857
4654
43747
47760
20769
13813
56473
36164
32267
40357
40031
25267
56434
24895
23808
34288
56500
5256
8082
23879
24196
29753
7832
31753
8468
56881
59017
7615
25967
20568
20362
54391
10599
52616
55679
17088
57504
30533
11681
38370
21795
40009
25210
34661
47324
37004
37071
59539
52901
28333
20904
25228
51310
44165
24112
44382
5176
8839
55068
22024
7905
12070
40541
31431
33767
51851
45836
55188
16304
58008
45136
14495
39185
6472
46883
53680
57568
27167
28962
53491
45270
24605
6991
21432
18059
53211
24885
20721
54087
7196
25769
40601
32693
7625
15909
16531
45041
36122
56817
48562
19458
45729
45950
13731
26446
15611
24634
7800
42853
11663
3898
44411
6136
58180
52448
18108
30177
55559
58140
49069
45235
15575
30740
34883
41644
46339
5995
15004
58004
12315
13033
13967
36784
30390
12596
46027
19863
54441
44682
38644
3872
51555
15199
12737
56292
29823
19414
40029
36491
14446
46491
28261
17916
37918
24157
5956
20842
47444
16514
27905
13187
6986
37288
15379
37746
19997
13811
54278
8748
14810
33218
20397
57946
29619
59430
57946
58963
37862
53110
33822
36813
4408
15112
54014
24176
15207
48146
14680
44856
11960
19834
59391
10453
15915
47726
52765
47480
5293
26703
3581
6007
18195
47313
43678
49222
3865
4461
15810
43949
3310
40558
37952
37260
17132
55369
58066
21831
53284
28268
39016
23081
7527
15180
37715
58952
45273
45707
8688
39969
28278
41375
36350
59902
54104
53265
49064
44402
5035
42133
8901
24036
59130
54646
3374
55532
38044
27083
8566
34443
47134
17402
59178
43422
16948
32033
5526
55989
37851
35274
45516
20141
20659
35104
58034
18660
21402
51988
12383
50185
24164
6227
35761
34042
8839
4915
59253
25624
43755
59991
45808
5650
6778
48822
57785
15817
12822
42498
34599
23190
28988
24370
25790
9653
50280
4832
4878
59635
53573
14267
43784
51946
59306
40185
14070
13661
20631
30133
49909
15702
22216
53925
51982
21047
58105
26145
12991
30986
37320
4344
23957
30786
7099
9672
12321
30226
29027
6198
9881
53997
50726
52409
9324
30346
36438
6494
33270
48294
30029
56811
22240
25366
41010
5790
49279
35216
34979
9944
6006
17700
32462
58926
13142
8401
59811
22679
41089
47818
24929
18256
54936
37483
20278
40469
38247
25186
10252
31400
37913
55861
15926
31601
21899
19352
8589
38146
14309
50479
32069
33765
47692
6291
44617
19471
24397
52154
3921
57414
17923
16942
57163
44296
5213
23902
5521
11015
57268
47815
15520
13841
23694
40837
43638
27681
32173
23724
12589
44276
29230
10722
47312
9168
7735
35148
59698
28505
18042
34593
48553
38688
58208
44628
28236
11374
12595
22105
6319
38948
4904
50328
39555
11702
46728
33119
48924
45400
32864
56013
8154
52892
15007
34785
31291
17733
59235
45790
10800
16353
41691
43103
55640
17362
41904
48089
47422
33396
43728
18137
31914
12347
38134
50298
27222
21937
23053
16243
50303
43015
51740
47812
59361
52967
14146
12262
28383
55234
19450
28278
3878
53179
56038
18704
57203
34934
3123
26200
19078
34403
29899
58150
28390
36336
54399
45447
28886
55848
35050
21656
30500
39778
21355
49119
25537
46884
10185
39769
10196
14141
15757
15272
15628
20196
50499
12491
9748
25842
41396
31065
53159
56081
56540
45051
8305
4970
22422
51740
12559
19330
14053
47913
53939
9622
52420
10772
40048
32946
40597
50145
37143
30734
15789
11966
50904
33638
36749
15392
19645
22319
46782
34876
38866
5866
46128
21782
38952
3802
12550
18021
46006
6834
48728
42337
45584
16061
30333
56161
12295
52438
34038
7950
3849
33384
20247
55386
45122
22326
29568
31705
32849
23997
6936
24172
39113
53993
54771
47088
58031
40612
35713
12839
6821
42184
11747
50323
4854
9983
36497
11050
5539
25367
10938
32344
14083
47760
10520
50839
31925
32171
29726
51227
33239
26011
48485
57616
40932
10544
36062
9407
49013
49653
15921
30160
33991
36794
56641
58765
40788
46883
13505
54196
40382
21199
44506
54012
3134
25214
34443
56162
4343
32466
19601
26699
27353
18015
30681
29518
53798
51978
52277
24749
8090
16546
8423
5676
20131
23599
50447
24726
47190
25955
47743
57909
48081
39509
33114
13309
51717
7430
25283
58528
7168
55694
27947
19921
23827
56266
50350
23739
10720
31790
56163
47337
55154
11067
38358
33864
15546
4645
30748
52873
45712
49486
20126
38222
34694
40832
24132
16674
54083
5935
6930
15190
15057
35466
9046
46155
30880
56055
22789
58958
19883
12675
19264
37135
7404
7588
44948
11606
59593
53577
30294
26161
39019
26240
25764
5084
51616
58114
38723
17080
29866
12735
28974
31935
14938
35168
24975
30385
5729
28750
23983
38769
55174
36600
26084
29055
19242
3679
52981
15668
3573
6352
57234
54971
5526
16228
24961
49841
41696
47502
51194
54074
15243
8773
38957
23856
32194
16522
7905
37570
40194
6460
43916
52063
41005
25185
11327
25350
33162
43432
17975
33336
49708
54599
54122
9296
31050
14605
50485
14746
56135
56448
43337
13077
55757
27194
30907
20292
9799
58800
52630
9496
9722
43154
8900
7156
43678
23208
9162
19706
35174
6074
11252
30493
48692
48804
13649
13468
20818
6455
57547
10603
36155
28626
55722
55032
13857
15411
40958
3903
4331
15504
46824
33833
22866
22305
50901
44825
44631
11976
53219
22442
14034
50559
49129
53007
18095
37122
7145
17762
52933
3988
57018
53645
40038
6409
26349
3272
32998
37573
21800
59093
51839
58092
23344
31702
55971
6189
22424
32580
55510
46575
14690
27625
36396
50528
50424
24140
46904
12339
12100
50093
11711
31332
52147
24192
11876
49737
37820
11674
23798
50859
35389
14794
21347
50478
56983
3396
17838
18313
42878
35318
52832
4909
7480
27919
38296
37752
57322
59479
21186
58036
56235
58362
3595
47179
25894
27749
58708
42114
38952
3223
50571
38160
7608
45015
6520
3798
29717
16594
11958
50743
19862
53463
10831
7990
41741
23438
17740
33578
35443
56013
27801
36824
39987
26212
17054
49462
7510
53075
25395
22430
40875
46825
20096
47231
4537
4811
51743
50028
49299
53697
3821
28754
20779
20926
42829
7697
7623
26146
22594
28706
29581
49127
19831
36510
26004
6293
21858
58938
10783
13622
36376
3043
55181
36359
17272
11527
13721
53303
5432
6136
7592
34234
49680
14721
22315
30817
26132
21210
37068
38075
23012
5249
27667
59350
34524
37472
46844
54519
22624
34367
9454
29456
16266
38721
18558
39092
55851
49382
59497
55218
41745
43579
30379
37996
45042
8914
12539
23568
36482
22747
6570
33526
41463
14948
4280
38203
57869
51648
6722
20005
7578
58903
43222
28919
7901
34665
47380
23514
52661
11068
34748
55332
45858
19201
19534
52490
52131
25717
39519
25809
15654
55416
13933
3116
57996
37590
36804
8282
27517
6665
30157
55996
20027
28117
6998
27988
34291
14385
3276
27718
10470
16215
55214
34012
51623
3905
45617
7640
52961
35509
22069
47232
13296
50346
30708
4696
40401
44119
59304
53775
26042
57236
13966
26159
39143
13960
37129
32775
8817
4782
41447
15384
56603
58609
52066
28990
33928
44932
48669
36626
10752
29589
39324
52173
50798
24068
38825
12285
35146
53826
59734
45217
46594
17448
59825
30216
42429
25123
4716
43015
33912
20231
58687
11225
23860
15770
27522
56487
47420
7219
51070
52924
40102
53822
56486
5780
7123
52712
36607
53006
39199
8625
57511
29948
41382
12121
43521
55115
55719
39251
58739
58631
37498
13891
37317
57283
19136
3583
40104
8002
43347
34444
58313
59171
10119
33429
46601
34852
34018
10141
8966
42423
16282
38988
40265
11142
59574
38916
18504
35449
53308
11074
24575
6789
3370
10917
4180
13220
10307
21981
11133
56996
40097
6254
46555
33086
40862
29246
5783
22516
7005
9075
13388
7361
55846
23530
59735
52473
22205
4618
33635
54325
9202
52529
21519
19552
28626
55505
58623
39459
8038
43664
32586
47615
37708
15354
49224
32019
56875
46931
16980
32783
3859
18709
28447
40567
35866
11375
22395
43183
28620
12343
3336
14445
57123
14634
27006
52362
55016
52317
59713
31918
22877
46089
49734
22401
9588
36400
50612
44411
11518
42643
14248
28498
4999
22503
42547
38712
37743
9635
6604
39998
32307
34489
17584
5197
16867
9388
11900
33947
45244
35588
37454
5526
33475
38809
33508
23565
57456
58092
24962
17230
26096
37701
52990
10406
58893
47206
5151
18144
49383
49255
3736
11190
48272
5788
13280
45615
48018
21378
56724
12058
26402
22345
21281
29621
20164
51349
3200
19968
40295
22166
47439
18991
26963
23690
57063
41583
36265
38164
54816
31160
19842
31830
52454
33146
57044
27781
54818
5976
59185
41524
9641
33976
49914
44645
21186
53921
34415
32241
24115
48508
23783
15246
24319
53699
41050
48860
23018
16002
14998
25379
35859
9981
53767
59743
41540
14768
43117
54807
12616
32922
47032
28344
11968
36899
23339
46598
11421
38750
11038
13793
44151
34243
30613
21191
48920
35737
44149
31620
26844
29044
44712
32819
38174
26252
8867
35887
36956
50231
52172
36244
42088
31935
32515
53427
41261
54818
6192
49921
14480
41748
12339
14796
41345
10890
22081
32183
3209
8346
29833
20533
50323
31311
13942
44754
26991
47432
28548
33774
36818
39389
6231
17764
3729
32292
10827
50478
50420
24729
40938
53267
6346
59058
47582
37007
38035
17172
9070
39795
56758
39614
6077
34235
33430
8876
14892
45708
20430
11129
38960
19755
28168
38992
26684
40431
35597
3195
11312
38232
31155
18501
13197
13976
17937
10575
13016
8240
28077
15915
4536
26277
4407
55476
26805
53932
19635
44717
31755
37578
10306
15402
51318
39270
33119
45325
55425
26153
12292
13382
39879
51515
9963
56629
54304
18346
48876
37847
25013
39955
4161
40619
22809
15179
28095
29351
28347
42697
30086
51976
4545
47420
27365
30433
10886
45154
50363
49444
26678
38536
33069
5660
32037
29156
9949
17065
22399
6496
6860
52828
23787
20802
34859
52161
27144
33453
52294
32446
52029
28255
33141
59790
51461
35357
35899
24912
15596
57508
24673
21214
17092
26378
29984
20652
5162
52892
20802
6777
57681
54991
35692
58102
21654
55675
8740
9361
27201
34171
34807
21667
48350
25187
18774
32381
34281
6841
15864
7912
7731
5427
54357
14870
18967
37576
49629
34613
10119
43796
6038
27889
58810
34626
13172
34882
24848
39249
26694
45154
52085
6202
15405
21677
37631
5723
28048
17799
30094
50002
33759
40813
41484
32342
39945
4117
16788
13540
35387
42740
4878
36698
8581
39193
26774
17614
51386
6673
46996
32543
48430
27116
30631
56713
58291
58082
46803
35622
37283
27030
42711
54344
26584
58537
54487
27053
55563
20176
29407
54542
20342
18345
25955
32466
20209
20765
36039
17786
30689
59093
53868
6994
49502
42081
59757
24058
7326
19739
44207
39482
36628
36577
7764
35894
13595
31260
