1904
43116
45706
51566
40487
40880
49601
34000
8415
30141
59759
54684
35286
35778
14303
42110
18198
15862
19744
40091
35399
54886
21851
40202
5580
31004
27678
54228
13074
14637
53466
57306
44571
12178
41515
36747
35517
45048
38976
53334
51078
23242
50753
53025
4016
55418
55925
29998
46388
48182
15479
28074
19187
53980
55045
47100
21661
40845
39671
5221
9043
33100
27532
14038
29580
22191
37986
55294
59379
14951
8975
14199
46479
56423
8882
51419
30593
33010
9035
38203
32467
15142
53692
20248
17993
43002
6136
29358
36002
9810
48258
5571
58311
31690
54291
53410
42392
7759
43558
49276
58050
54104
7295
28392
36551
19048
13281
4982
27728
31758
22589
36394
5020
24003
21036
6712
48119
44919
23523
5582
34658
10546
36515
44851
4464
55692
20042
58546
29225
59489
3830
22472
31793
29868
17498
28073
36552
46804
45479
37061
58103
24825
7167
36497
21031
7319
23793
9032
18888
43779
23648
15373
59245
25606
7860
59934
27101
52701
42735
42783
13262
23222
38611
27866
32169
19722
22257
21050
25652
56858
50718
42684
19627
49113
30836
39513
44185
15887
22123
11227
18116
23338
26113
50713
24307
19792
48554
50446
21423
39265
4723
22178
52603
5229
26675
7052
43230
51453
53783
59723
32701
56922
6840
30741
53449
9976
49183
42485
34151
46942
41930
36663
6702
49786
36685
32667
32548
12177
42628
56296
51263
34764
9127
23082
25883
25218
56955
39504
43565
59787
36998
53121
29587
14822
23341
24972
54931
14506
23640
17078
23870
19170
20349
50070
50075
8299
7835
5556
43542
7457
57129
55708
29944
29492
26388
42986
25718
35753
10239
34984
10713
54263
29135
44257
31171
42503
28699
25068
31579
40937
23447
21844
51056
38557
31563
47039
4430
28631
25350
23730
44845
51986
41616
57759
27441
32956
50435
33128
36114
20698
20189
6210
23481
52401
14765
30276
55582
31430
11032
14101
14656
5188
32132
35341
42798
52365
45435
7965
36384
20983
14358
42689
30299
50045
38065
22529
48794
36209
48140
37046
25522
15021
18431
41983
20150
55577
44800
32921
9314
27012
25820
38261
44329
53098
48306
11958
19322
56624
28724
40524
18267
37801
14025
4404
52655
24926
46459
32951
44714
46262
17548
31185
33903
24990
45169
16927
8917
59805
22889
52857
13101
40208
27613
10855
27545
4890
25773
25748
36280
25955
44326
34717
34693
33730
32128
37985
30009
19608
44539
6471
59989
44198
35714
54056
28496
45586
46157
13828
11534
6774
30497
31512
21216
25395
9683
4498
56148
12514
28574
55320
33220
54474
59770
50630
5213
18787
56795
17667
6087
49632
36064
53340
46732
29944
18829
47983
16945
51460
24483
13474
38815
53045
47793
39793
35847
57050
21334
38743
31226
37234
16043
16105
46609
57710
35924
24756
55092
31677
52741
10352
16324
59202
48267
34711
52246
24240
39522
22728
19161
37049
45191
16426
6816
56483
45814
19339
17556
15470
13981
56492
9424
47595
45798
59602
21330
26571
53145
16130
32338
25420
24166
28861
13692
16949
41824
31321
17218
12143
49954
29339
57870
57560
34183
33961
54601
28777
58136
51588
21042
8181
35585
20955
41001
51773
46787
11022
23685
14492
39750
25292
22469
26273
27338
41769
55073
30680
22272
7907
53743
37658
15512
29484
26552
41149
29647
44737
57486
14424
22312
18937
47838
31218
23989
37161
59101
33405
46882
38537
29024
37567
5288
21500
45796
7219
49867
28194
49856
44577
6341
17902
28587
46183
25461
8073
52584
39185
28155
39869
24222
5562
40862
8575
29157
57341
51283
30894
40003
8625
13054
16921
22740
39767
21092
8986
46647
44538
4740
19439
30948
38830
21596
14482
57106
58848
38005
51052
59151
54861
41546
42118
58483
16205
35111
18209
25450
39311
12530
11847
10904
49202
3407
27092
34671
6081
11153
45115
11311
53617
29138
28637
9557
21306
10157
46307
20650
28807
24504
4555
30788
5210
37746
7783
56510
55570
18040
55934
59760
15103
49098
38588
13641
12749
28009
4974
19447
52848
39576
39850
34967
51762
29343
53570
52795
11901
39117
21355
40945
5011
30194
22851
38365
15060
48765
28733
56770
24903
17115
53573
54421
55557
40556
25640
19845
35628
14688
45470
33931
5845
9674
36622
52453
55492
58390
4680
20644
32614
51618
38497
10596
10445
42312
55203
34006
3293
40901
18827
9431
46221
55808
56041
27170
11475
12447
32630
17346
21515
53925
48337
58770
38345
50448
20995
30214
31106
51845
48782
18335
15308
55001
21296
6765
5117
53465
15811
38636
3182
17963
21946
6644
39047
53362
38007
22706
31282
50786
57315
12406
26006
16015
23963
39429
18190
34928
17294
42262
41887
13648
12510
28260
47468
14557
59983
45046
7731
57469
18255
38521
29111
48111
43558
19050
53883
52884
28538
45733
16446
16250
51366
16635
56596
51727
49863
7822
25993
59607
46472
32945
3513
58787
59001
9020
41565
26630
57850
37975
25960
17000
5551
15303
24321
9524
15376
14354
13102
15803
3044
42914
9112
47636
46512
50895
31873
40521
35058
33011
30908
9003
59957
55708
43523
48087
23146
22318
50047
52173
9859
58643
45150
58609
6068
36695
34837
43936
32253
23410
26476
19875
12043
12829
53746
49449
40662
23402
13444
21989
4745
13850
52830
27197
7254
32415
48426
40751
58584
43120
16880
14530
6413
42282
56209
37872
38794
52709
15754
20070
45514
53406
47704
29020
56898
46362
34655
23355
37452
57219
35093
14616
51659
39209
24208
25676
51249
40217
53812
47085
36721
33466
6436
54758
16043
11971
43404
59991
21034
3762
58584
42996
34975
24767
13551
35727
46888
8116
17931
39599
58646
38834
37226
37286
31752
28510
32482
18122
6631
5383
20237
57996
44812
28451
34309
57616
32870
15185
40589
8360
24700
54598
55068
55622
45645
15125
52508
32368
22086
21769
35465
39713
12048
40563
47447
39363
48606
57045
24308
47388
40352
13462
17523
54700
13916
14662
15106
44769
32769
31926
50832
44885
32027
14563
28039
46440
54942
18408
23723
47449
12983
23691
56271
10798
20251
43317
34350
12904
53807
33962
58579
22892
31239
20289
41328
12615
58927
47023
4541
18307
13178
38886
4744
33910
27996
31299
50531
10176
7049
26401
42440
18351
41614
54228
42033
3766
54715
42015
10674
14430
21337
37012
12143
44310
13180
19216
21263
32293
38689
17813
3826
11785
40737
50538
51576
40372
40810
53983
21686
51227
6507
50339
41635
12615
46882
52511
19880
30383
19788
12848
40572
12511
26852
32442
14930
47403
51210
6318
38011
55024
32768
17072
6329
43444
20374
6940
57384
43977
54488
3731
25246
16128
3694
52616
41328
12906
17870
9220
18178
17923
21419
8766
22924
41848
15292
59174
6824
51879
18698
12236
56330
3343
15607
35572
20689
32575
33066
46900
49314
54073
53985
28462
24863
9241
20524
41791
40011
8216
31600
26396
10668
7288
11747
40188
37809
24328
5198
8027
53151
52385
20026
22853
13101
46212
57646
6030
14399
18097
40276
49224
32515
11615
12410
34786
17998
25456
12609
3944
57922
57242
22657
51237
34555
36880
18200
56029
52147
53099
34948
12497
13682
13315
28171
10852
48777
52192
13921
20671
23291
49566
25431
6118
24156
15492
29336
50958
3835
54308
30679
41432
49170
53163
5926
17395
56546
48379
51473
56606
41028
43285
18343
42919
19081
36451
12577
36676
5269
23249
27024
28056
26159
52105
50228
50151
58899
43358
49669
22370
26762
9901
46275
57215
12980
20753
31796
40234
51965
57345
27822
38220
38521
20764
52912
23045
51589
52937
4468
19368
11492
54645
35650
35730
47582
6700
51262
12275
4290
48934
13786
42761
4726
59047
29630
26693
46811
41668
47416
58639
17343
22476
18783
11815
40460
55781
5947
4059
57397
12300
55764
58824
43385
48513
4436
17531
54306
5208
3346
48941
25073
38912
6343
49640
18758
25332
33763
42420
35295
29943
20109
45663
17038
36110
42089
24083
45117
54724
28949
50356
54990
22059
46732
57396
42665
11601
33310
23817
34660
48597
14697
52759
58935
45598
23399
58796
42839
50188
46585
27369
7655
9212
30754
31300
17774
10148
58586
3570
14636
46776
40361
40146
12685
23492
8696
35240
5249
31082
13918
5052
33001
8809
52971
28317
32178
25649
29988
41905
57118
31192
58149
54827
5139
32210
9177
7724
19812
47529
3076
42745
7104
6183
37061
6182
3529
27762
8217
18684
47100
18242
54663
12350
49979
57668
3006
31934
24825
30197
40305
4770
27893
18158
46276
30858
37388
3108
33962
50703
8323
31919
31624
9059
57360
46471
22319
57843
59057
11826
9847
59385
38685
13291
16568
5236
28783
28892
6527
35113
24871
37368
55066
47838
15096
40786
28051
31712
56529
29183
18734
20067
4611
49957
15039
35949
44892
44879
35353
33905
41024
48984
42483
34057
43844
4637
30697
31033
36184
52898
59675
44938
27797
41656
48000
55108
10681
51695
43182
8148
5136
10939
51374
37854
46880
49639
34367
46557
42388
50702
21438
9504
49671
46224
31510
17252
44801
9378
22905
41205
40282
11020
34884
41580
50130
12107
45217
28678
50557
22877
35701
20903
46002
11313
26482
16970
54434
53729
57162
58427
12332
31939
14117
32327
19431
9081
53491
16112
29314
47295
46540
15252
28436
53133
45310
16208
42694
10731
43306
20826
54492
12688
41841
11505
36366
56469
45544
53101
4598
58957
50572
32841
21519
5420
5467
34372
45920
50962
58823
17980
40252
56142
21507
4983
33365
34499
54018
49748
32599
3997
29658
10064
24987
34904
25355
56291
25791
33401
10272
26176
9062
38956
4446
22976
29398
7421
55839
56321
22365
34988
57044
28798
5134
52054
42359
36752
45095
18443
50283
30686
9784
23226
26397
15944
28468
25997
51408
27771
24037
41060
42391
14902
42048
26575
17160
34325
34692
3942
57744
40985
9513
36663
18773
26802
13031
31395
59238
32215
21424
57695
50575
30019
39106
33765
59142
22779
25528
12555
38694
18180
16516
3421
48957
53171
4378
20779
28431
54188
23280
7932
14722
17264
12116
56127
14072
24753
25033
53461
48173
49651
5506
14102
58301
9379
36341
29288
52811
53645
56780
18707
51068
14701
58587
4437
57396
16749
33218
33118
43607
20219
40126
3362
24472
56185
28889
53746
40837
4426
25797
37262
6188
23581
53703
57075
36307
4198
15608
34190
13155
32749
39979
39110
51142
21185
34803
12781
18103
39786
56623
30197
23382
53820
17640
45311
53639
34445
46446
16729
31073
30481
47598
22003
14451
40506
30289
6745
4489
52824
12155
33979
48182
25002
30873
48459
9374
11862
5522
44206
26371
44941
30779
39468
27670
39852
58833
36725
56667
16224
43773
46903
37574
55628
16467
29336
16671
16730
58941
20018
4929
57657
51484
27338
56790
18278
35670
17267
22333
35514
43183
29825
30336
30299
11007
7691
39314
30571
58617
13047
10349
35540
42594
9544
5971
30028
45583
11439
31822
7374
38639
48846
37329
20387
37649
18391
57332
43329
40208
40540
46957
3919
16359
40252
45434
42733
9706
17119
18942
8686
20093
35639
51007
36587
37439
52896
9945
30486
59790
59628
5679
25108
12448
15654
55855
6149
45605
15715
37393
4791
32811
13776
46405
51672
37526
56283
15370
30063
51592
18727
15837
46841
5054
26430
13190
47702
35756
41283
52678
58422
35910
28967
55808
14372
9405
49892
31979
30578
12066
29402
12849
46025
37364
24944
40623
4040
3619
57752
15570
27651
32266
17328
14082
17671
40380
8785
11769
37609
30655
23208
36774
13640
6223
19714
50935
46470
37704
16142
21175
20333
47918
16766
17183
38777
54339
29869
55655
15807
20070
28151
5373
3390
45933
4401
26170
37714
5761
27118
55827
17303
20314
8087
35565
56637
55389
55041
39203
50015
6343
39595
18186
34042
37362
26296
10358
8495
7568
16644
7889
7161
55332
17950
14132
19351
26917
11937
19071
5813
35670
56495
37907
50097
40671
14508
23468
40758
34421
22695
34342
55611
49785
45295
14870
34286
42475
51924
6729
38768
7844
35904
52664
24161
44292
33533
3317
13452
17522
30500
30232
33349
37765
8850
31578
52970
44164
35639
59930
22316
16369
46538
43541
16462
16670
53083
51621
33272
13176
9050
45084
35452
27323
56583
48523
41384
51437
10434
41403
50522
11560
40492
20869
52921
4860
6490
32697
53126
