222
12430
14925
39859
22016
55799
48562
38863
8005
4676
24215
44235
8167
6307
4303
55066
24402
48111
19475
48636
58085
12346
6888
46480
59218
14964
14813
29524
48490
29132
51277
39450
23925
38175
32902
3716
41591
58515
25726
8739
33684
16598
52697
10687
9758
25193
40977
50651
42244
40857
39724
7391
28669
26054
30494
30473
49061
25593
8961
51882
6667
49547
51961
38555
59204
46610
39369
51443
36567
49015
13737
47341
4172
55114
45494
34089
42407
13051
9283
6729
16109
29786
27097
38637
38921
19780
13185
30507
20140
20458
40164
36996
40787
6816
48561
4764
31573
29284
15796
19088
52049
56693
28702
43500
38816
43015
12670
15855
27331
36086
26968
38724
18959
44145
3337
18961
47538
13943
45806
33979
28507
56472
58622
14616
4606
58732
17401
10554
44803
7239
28604
53110
12705
25204
30509
26093
20272
18628
42934
17289
56222
31198
51343
32222
41011
37297
56063
42598
43642
16537
31208
33906
24410
56935
33358
53414
21499
25281
8059
26138
30439
51313
38772
33342
10622
33746
49786
32616
52275
13947
42653
54459
6440
53295
47052
22590
25014
12278
36432
25398
24004
53085
9582
49083
13229
32118
45141
17285
35256
30110
42142
57250
28627
28393
37697
46600
50313
6470
10479
3756
56408
16703
29901
18175
17553
34818
7007
36566
8215
10499
46298
10395
5611
15124
40481
46237
20619
5362
17463
13093
25837
58232
15420
