2216
8702
8812
40825
52091
47599
8299
40880
40097
13501
49568
33109
17450
37152
19412
56199
11511
31342
52968
14376
48213
38924
53814
13411
45164
30006
14455
59713
58681
18894
57780
43480
59985
26298
56394
14876
8599
9048
6964
36631
3685
6243
15217
30869
57420
30702
13559
23307
15614
38858
46289
14643
15391
55728
47094
50205
43374
56052
23362
46852
58931
44475
52590
28800
20359
16197
48330
30455
52463
33834
23805
21582
46771
31140
14665
49077
11419
43280
9922
12529
18668
18570
16790
25104
16454
9374
40468
43159
54743
14419
35195
37520
30441
51209
10233
31656
34068
49192
49307
47624
51659
58149
32740
46757
14132
20892
34062
24070
3956
44406
16572
40493
39321
17016
50047
35136
38369
42921
51601
57879
34862
23254
21745
53794
18241
19328
4404
46209
28744
47874
26884
43182
28107
11452
6187
59472
12859
56334
47982
32575
30440
17683
12624
17030
49013
12966
37424
51599
6688
6160
22988
32929
44487
22684
48328
11667
52328
26158
40895
59662
50983
54188
8645
28602
19564
42898
32717
30707
54501
41796
13426
34381
22084
14401
55875
59232
38481
36877
44557
28919
42246
27204
25862
17978
5810
42974
41195
16901
26040
18133
16248
23439
45334
29546
4542
12585
36870
50559
47046
34862
34316
51814
39973
43503
28066
46333
31304
7144
54867
57603
57869
58420
43099
53359
54263
48145
51681
59738
39053
27694
37480
15534
4480
3834
31020
4130
41476
38584
42623
35693
42331
28680
37964
59340
52277
19895
5003
9136
8809
42144
33544
56286
30077
44517
28245
58777
58351
4594
49624
7739
18184
52911
56873
8150
20519
27579
57662
12817
21856
50673
29238
45317
4426
28529
39361
13448
40964
43618
14890
13733
44577
44616
49570
19117
59683
37218
26021
46953
28888
12884
36652
49727
12817
18030
49647
29339
54372
10325
14798
15016
17535
32956
55392
11195
33168
27396
21570
47673
19276
31850
12599
40929
25897
59089
47677
10574
52702
40469
51830
10557
39533
38373
12294
4604
44367
8532
35588
28406
3715
9011
37371
51139
19170
28741
17156
52448
43975
21131
18841
53646
54577
6478
5211
20012
30976
43326
31944
29905
32247
29955
24749
9181
30268
13980
30234
58090
35087
17133
6753
3296
41525
57715
23833
11373
25750
9366
36208
4046
7348
53636
20271
39428
29084
43088
16483
49198
39509
28447
5098
24333
44302
41766
13416
17209
14525
56456
51082
15612
10259
41029
37308
49516
11789
19530
12527
32489
34261
3045
57940
34334
40807
39061
19713
3839
46223
51490
12202
22345
56201
50323
8110
6163
41597
12662
4856
31328
32308
20358
40657
28115
17125
11616
7298
46505
8948
56333
12557
8315
11459
7313
20800
41034
18742
29709
26013
57423
24736
9297
48859
15429
57893
25364
9128
38481
51149
11924
6438
51266
57776
30917
26012
45609
6348
26860
5443
33533
38654
6049
10816
32792
28090
17919
57179
58450
10856
33954
56610
22091
14560
14307
54667
54907
15765
28461
21068
21538
49747
48804
50009
8097
29315
23557
49570
54929
38832
50891
8904
45166
51131
36857
36212
52853
41880
46230
33180
26842
54036
27812
8304
4849
23669
20079
18358
18882
42058
56387
13646
43587
22092
36318
38871
33434
38031
59537
59272
27979
28899
5120
3880
37637
23785
23944
25353
5637
33373
36924
39711
54272
57359
50038
32683
6383
27521
18028
21618
40741
6693
18660
44641
12957
16132
47396
50029
38218
19316
34913
24504
45525
51656
6370
8505
9742
45150
46536
35353
50983
31769
10590
51654
5040
33821
53232
57095
18062
38470
49997
51701
39857
41664
10963
16064
15332
44341
35732
25338
49224
28796
27761
55350
48654
24063
16020
6900
25232
43666
10957
29744
31068
11305
36615
51057
38466
22992
39909
3329
19402
25789
22465
51942
45164
13119
15114
21032
59228
25907
47045
46997
48575
19104
30336
44788
48822
48593
40219
7257
22554
41876
6135
58553
39877
8184
55019
41078
49634
7719
44938
38843
31234
16738
59634
45634
7660
28693
37536
4258
44078
29252
28743
37765
8472
15833
33317
11365
50073
37755
38703
10311
26706
13258
48811
24039
11185
57847
57308
6228
3067
34750
59404
26478
57025
11866
16353
59837
14842
58165
11858
29462
11101
19274
6799
24926
42486
36433
16128
56112
35022
21566
53768
32894
15957
10257
25531
14648
27619
8561
55905
11186
9948
45472
35075
14993
40742
48780
51822
54954
6298
11206
35005
34417
20429
21839
20630
52823
22715
40751
44782
43880
59518
59824
30511
11786
12708
58062
10681
12099
24408
11971
6360
31611
36529
10821
8545
48769
55557
14972
3855
5987
25455
44364
42992
8516
5545
50683
28477
44917
12086
27975
29415
6709
57643
51315
4936
20356
16756
8504
49273
16966
12381
44183
30380
37586
19451
19302
33369
11504
18249
34724
30138
23945
57484
21529
37010
26663
4788
12391
49717
24052
30663
35969
14505
7059
49411
45663
40504
43721
45211
22159
21631
11205
4906
28965
22270
39855
35358
49550
13303
56094
25962
22447
39371
11915
10760
22813
33284
5740
44428
19291
14678
42078
33504
51445
11555
23559
10738
7880
5274
21456
53493
16393
26362
12025
59154
11995
43876
59814
59817
44068
41859
7125
38359
49930
24759
43753
47297
55651
17266
20163
10904
18226
15276
8050
23290
27499
58342
4809
40559
26678
29483
22138
29282
52179
45287
19887
58286
32964
10944
30551
22338
16148
5155
19814
5999
6516
24816
7066
51971
41095
55851
58565
13894
54210
55512
20208
36893
35089
46922
34043
33984
24932
8752
53246
5096
39652
30519
26435
22510
21447
53571
37442
46436
9479
14369
56778
46120
24262
27776
55323
15121
12814
45241
15963
50521
43785
15009
19679
24212
35587
7201
44044
27213
44660
20453
13280
3616
19473
7167
10927
7423
56549
36468
22048
20225
40414
52322
30546
15848
17214
25398
20334
5921
31163
24246
51501
28256
16713
24123
39769
23841
10321
32827
30286
19000
19348
59420
7896
21587
18153
53410
53674
19124
37375
24287
52805
7587
47209
11908
47410
38932
21878
8733
30636
12481
52060
12843
47383
15349
57347
39718
12073
25181
44381
32915
4414
53890
13562
26750
44800
46110
45237
11663
13446
43045
11293
15488
7502
24391
39061
44018
46367
17067
31305
5845
34387
45021
23754
37667
33663
14162
54226
30438
5958
13990
41004
25983
16559
41614
30216
24346
55315
44979
18685
9179
16102
43573
33026
3860
41609
23694
39151
35638
48308
19206
19427
28964
26574
33995
39815
45710
41607
23139
26510
36858
38286
55084
38052
5644
19323
56358
19823
46149
45245
8976
20496
55909
52680
28765
36859
55842
32717
35001
23676
44384
33222
33677
28590
29905
54920
52748
35672
39092
55112
49600
6761
29255
42304
6458
39536
48753
31180
4440
17542
39537
13300
17001
6210
24214
43808
55515
54318
50050
37923
51728
18709
44520
57794
34153
25398
58200
23564
3556
43713
9856
18946
54766
45780
40605
4039
54682
35990
47069
50714
33829
36527
29738
38282
30481
37231
14863
31819
55683
3989
6399
36104
36963
36662
6321
39637
38074
32201
4063
17931
16765
24355
27109
36856
34509
11244
48745
58620
58095
55710
56441
18510
18069
31521
8655
7309
30871
18572
21801
27664
15908
59873
41718
53998
57379
9129
6717
30233
16977
9434
17567
18759
49936
4875
39915
35776
56859
22317
21093
28220
18867
17334
34622
47232
59640
30853
56709
6278
7734
17566
33851
14352
7030
3739
29650
52750
35183
3376
24751
48119
30727
13492
47520
13955
38088
32790
5130
57706
8558
32462
39890
55947
42309
29505
11590
18331
57135
54959
25733
49124
58397
53624
58562
38112
33577
52380
20776
10212
47755
9274
48978
56152
35234
36594
37107
52725
5248
6571
9331
26638
4016
12685
38215
36002
49115
50358
49586
14808
46075
44466
24252
25610
29473
9185
57502
33459
25885
29042
47457
49389
51654
7628
16571
25520
40088
19224
14928
56733
19580
5872
58054
34921
9940
12380
54188
49512
40521
11607
50435
58533
16598
51131
31344
16469
41227
50357
59252
57107
46523
41002
56191
53000
56781
33138
44914
30626
8775
19040
26382
16466
45929
49676
16857
13267
9197
12488
41872
4145
17844
43218
30211
57504
28202
21797
46891
31078
19762
26806
10853
32521
18863
16045
33098
25696
6542
55731
4118
36511
13880
23173
42188
11604
55300
58995
33520
11517
56232
38644
27471
51680
42218
21788
29384
3076
6506
47941
19455
42036
52340
7795
3977
35778
20438
52165
14127
38322
13241
34817
3687
24899
4615
16378
44802
55829
23988
43711
43628
19501
27848
51120
54223
34491
26322
35710
33454
30919
19711
13159
16090
26120
13348
44533
32704
44659
52120
46521
51324
38350
13546
29461
15261
54189
5596
44248
12404
34289
28439
13227
32665
44470
7181
47351
57796
52936
42005
29367
50571
44733
17111
47554
15034
4278
51969
30752
31386
38719
18881
49582
24873
52360
35531
10328
12656
33838
56069
24977
40234
51856
18405
5941
39430
22482
21528
54869
31544
42936
39666
10137
37621
19816
32117
17362
8347
19949
12007
6640
38831
54798
46792
31497
15886
27572
38819
23132
8764
21077
25832
28533
27298
51990
19338
26365
27933
20794
24984
12741
10548
41789
26231
42058
58016
33606
18460
20807
44018
20003
6456
52316
7969
22128
31405
17699
19688
53647
11504
22799
23328
12062
23960
21461
54683
39617
49756
16508
37218
5076
3970
15871
24350
45192
26162
55016
31111
41588
24643
49552
12346
43603
41165
46352
8958
21836
42506
17109
46662
15453
19766
56025
54552
53962
5702
39188
50155
4752
21271
20078
11027
37298
57192
56935
40910
34674
30866
30332
15323
25278
36290
53324
51404
11131
39154
5149
6766
32301
12071
59278
59580
48057
44937
57327
27550
42772
32816
35766
47931
37488
22508
42002
19746
52025
25386
56999
41208
40930
54647
3081
9158
8067
51133
35295
37984
16737
19227
24751
37001
59320
48135
22498
31222
21369
24317
39964
48770
30900
9179
53297
32999
32354
14147
11048
9688
17239
44778
43480
37266
13773
55473
17111
55928
13104
24701
41595
26813
15888
44344
43919
30919
55457
36759
33202
17494
13174
27679
57393
4494
4732
35026
37800
41072
48640
17102
48434
11354
38758
41036
8396
24684
5335
22278
55314
20446
4312
47506
41848
11402
45659
48216
3977
17745
3098
45923
26663
47812
5247
11406
25885
6139
12599
8693
18408
11969
21032
37414
38867
53295
17673
50538
39559
6958
39727
23929
59596
51041
38688
16045
10668
3938
41735
55906
56682
41500
22040
8815
4379
13023
47925
25009
11093
43192
34045
9977
17295
55177
58619
26247
6703
41268
17900
18488
3042
42858
21334
42700
51718
10528
48815
56717
39264
54216
29286
12713
15046
51846
12769
16640
18863
46851
16207
28061
14995
26193
5160
44305
28965
31724
5875
23379
27998
33928
43288
45258
43547
11215
45727
15390
4823
38839
22017
14763
17187
50000
24850
45885
3690
52493
52089
16355
58164
46758
14540
52569
29892
58692
53594
4788
31045
44682
28089
52085
59159
41169
8319
9479
13580
30285
25342
5850
20608
33452
28949
50551
33289
29617
21886
29131
52753
6225
25147
57584
19713
40187
23868
35702
59122
58664
32882
41549
40233
19746
4395
50843
44362
49918
13423
24071
37616
43340
46091
28467
22791
47878
42042
11692
42784
54191
45884
32086
35009
44441
20357
13491
44769
9756
55055
9777
19257
19436
58503
3813
25655
16607
36286
21095
12995
30019
54985
55965
55795
24902
28454
7725
38170
15259
42158
51117
34903
22444
7063
35924
11441
50691
11958
55004
9868
33775
25800
13797
43183
57661
28863
51042
50608
47316
15973
48507
33604
22893
5047
56080
33585
44199
48623
37447
28348
7561
6376
41352
41561
13351
29379
19517
39198
25585
9586
9444
49717
46906
25677
8511
44521
32534
49578
10421
7630
7089
41548
29201
20150
15725
52865
52744
15216
52580
36111
48641
39999
30541
3113
3488
49142
20481
35211
18077
9931
8220
6148
57387
39855
4161
23162
27316
5277
18405
58977
56406
6432
24547
18443
36229
20422
43891
57135
3356
42825
16358
23201
11058
33764
36744
45877
35284
38706
34232
44645
7915
50764
31825
13218
19300
36960
32588
45997
58161
12573
29176
29532
26844
6927
38509
26487
4089
24729
21426
47548
58980
15964
24701
33188
23912
21220
34226
40514
46510
24090
51977
56487
6336
57217
17097
33270
13936
13824
16279
9763
37200
29054
27280
21880
26055
12985
56074
5841
21643
37763
4181
43743
36222
37196
50094
25322
33149
30259
53470
10699
42815
45137
40720
12323
17960
29222
5134
21550
40733
13008
10668
13159
19164
17745
13833
47207
38147
14685
23039
27015
22905
13883
24266
29751
33833
42315
59161
42430
15661
8390
26545
43779
17592
51005
10137
8158
48392
52887
7443
58081
12561
49278
20140
32497
49160
28951
44248
7542
11285
56835
22711
52990
42959
7039
14544
20006
29518
45156
15979
53800
35266
47938
44157
52506
18162
41478
10687
10359
10943
22557
53360
17505
44615
56569
5316
20158
8803
14485
8515
30084
52485
17675
25196
7312
16130
52522
11233
8313
33144
7813
48678
35222
3896
25632
40772
26545
43753
38986
16155
53470
36253
11670
26457
3908
54401
27914
28741
30275
25733
57192
46634
57346
32486
8611
9045
44336
17145
56678
17330
51179
44615
31431
31502
8845
57312
5640
47609
3851
31529
3153
29134
10058
20430
39824
15843
37572
35765
51648
45609
56852
25495
54810
10829
11117
16222
14607
5914
43170
50045
21916
3933
46125
35143
3903
18307
45949
54460
27746
30756
12432
49963
14401
6734
57061
38271
5860
40052
53696
35344
4784
49027
14035
14556
33256
5343
41801
46858
33872
17214
4351
27737
10588
39621
33470
37234
27193
46369
37869
11620
21133
50178
27388
35964
46408
31040
43151
53298
43362
32818
17093
28434
13740
25921
48981
55122
36331
49034
39011
26424
26715
47657
29892
11864
30751
31298
30288
27932
22173
6240
36905
52519
55550
8153
14983
35362
46900
52448
59867
31456
12217
29922
7583
55366
50195
25937
3101
36780
7900
12169
14271
35158
53453
23089
5418
40136
38161
23940
47423
17846
5485
25731
21821
24797
58550
50309
11841
45645
44032
58664
22155
59440
11000
31494
38000
11551
34754
52242
57781
31377
22736
10752
8039
