2175
25870
30440
49143
20576
57328
27615
30382
17213
12864
20302
39934
45213
56507
42125
41792
47578
41245
33896
49184
55343
12717
43360
29500
25134
35783
3778
30029
6170
5430
44256
41878
40497
7832
38097
11716
6325
17871
20061
48918
17018
35236
19673
19193
59870
26688
8033
40659
33905
6687
18975
15989
59112
50251
26550
21761
53686
57600
21733
20186
10863
45621
19597
24163
57921
9301
48023
58360
24578
39807
40375
35581
20331
45211
50246
52082
39962
26373
57596
21121
47451
12644
55877
40993
55101
33426
38580
30149
6952
13438
32609
20699
9038
15065
41002
54611
46960
14884
36808
19375
21296
24157
44454
48265
12467
19941
8207
51333
9549
44674
31467
58769
46957
45370
17852
57670
36622
7465
18731
45560
13262
38366
47215
8661
12087
34814
44121
16252
49203
49887
16385
21732
12734
57869
17802
39019
25546
25179
46351
40551
50093
15966
20849
3567
58942
53687
25291
44710
38328
30422
52655
23326
19081
28561
11237
38637
33997
37339
34428
48330
58430
55979
56815
24388
42996
49236
4013
8963
33320
6412
25329
28697
52550
42122
49767
34617
19671
10732
59002
30385
39211
35343
21387
20726
5175
14923
25320
16053
30979
8678
48103
38464
6541
54044
10306
37872
41284
21253
56097
4839
51726
9641
55728
52809
55510
33582
14880
18570
52689
36009
13115
57981
51754
54842
51250
37729
37792
34016
21208
55657
46767
28373
48437
17728
10908
40540
6336
28591
21735
27146
19354
15449
49328
40982
7235
47083
28321
48112
23157
59151
38771
55263
46302
16032
53389
52914
25965
6149
18554
30102
3699
37761
47342
50240
16718
3911
28531
24188
8489
16206
14353
12693
7840
59181
42916
48058
13139
57189
26033
3853
50608
47489
14886
19794
3442
52823
11660
11397
7111
23694
42940
39859
49053
54825
36537
3793
6320
5071
30604
27825
36725
52907
58028
28031
46907
20039
19793
30094
57459
25096
36664
45704
57210
6932
14236
18118
23547
44012
16751
54893
10018
58780
13026
54050
32920
26004
29196
8879
23070
53255
5800
15592
32793
46661
26176
48850
38960
47977
30934
46037
24597
19078
27986
39959
53330
18346
23184
35409
32360
29886
20807
44242
48265
20958
37104
46295
9301
37963
5391
58794
32413
4743
19871
54344
21052
34794
49978
40198
8225
14049
3323
45728
57148
26099
10229
41455
49644
40605
33760
58595
48397
43733
53485
17018
6056
53989
20730
41705
58829
47022
46976
19498
38526
41614
38385
47879
50279
30655
43733
6036
50007
23941
34297
8152
57905
47150
47688
27661
50923
55926
32118
35623
59608
19735
50192
31241
28973
10456
39787
23817
41616
31574
28957
6488
6323
32422
52481
56718
55494
16949
13948
15944
48855
48199
49405
13566
20647
21964
34331
14131
59238
37508
22929
57296
25276
19589
5778
57845
16292
28101
22304
3359
31868
48687
35304
29773
41417
42600
39578
14410
26892
52575
5910
43672
43549
53731
51011
47268
50049
7316
53641
46871
54844
56153
40533
46595
57299
20163
34716
24102
38196
25586
9000
55360
5702
5984
9834
8258
21148
40420
24036
20987
5056
15502
42908
12970
59569
51902
19409
32824
32517
38592
42423
17884
6384
22432
16169
5904
8647
19576
28356
46021
6060
10189
46117
52706
36818
57199
8020
12179
30423
33173
47193
27689
23496
25907
59771
41553
14706
16519
4217
25506
58931
32704
17287
56758
30050
18819
18679
47433
25340
17993
38685
34975
3591
40752
30884
21602
32711
49721
5911
29083
48420
39609
55275
26400
11949
19982
59381
35670
23459
8323
47090
12422
17879
41754
26982
53199
52283
31560
38879
31438
51588
16565
14225
44922
7702
13243
6744
50499
18067
22119
32622
27036
4348
15918
39698
8566
47253
54137
53817
43394
13934
45478
30299
33012
38363
58185
4658
16411
33604
7137
4631
34776
37926
24738
5773
49543
33299
21545
31497
27287
31412
33478
4478
8452
27839
21768
29172
19768
32414
17352
19222
41985
49813
20476
29344
36838
34896
47108
48354
10688
25128
44818
20272
17941
43542
15211
52034
37259
35335
58375
6322
10300
54752
39365
39492
36133
15122
9934
35723
42963
29858
36243
45607
40645
39186
11968
30770
36716
14129
32532
35426
45023
24479
14636
27839
5609
31275
21590
30027
52952
29396
13306
48797
21745
46955
29967
9403
47911
39947
51019
6566
29239
14997
6374
11723
4783
53787
5873
13740
36756
16112
15331
56229
17521
57922
6970
36146
55383
10465
57422
48561
57763
31027
6844
16153
20582
21653
23712
37624
37281
16466
8140
18334
17184
58132
19620
56870
32957
21277
5092
36299
4577
39575
20001
33142
40118
23177
38631
19422
37488
20366
11243
47908
51514
57129
31493
9547
58989
6783
58458
23104
37725
37037
44527
56835
9062
25521
46294
12973
10403
18809
3401
19649
44122
48555
55497
54119
4796
53270
46499
17120
17466
45403
56728
16983
4549
57902
47674
59539
59460
56504
12431
36590
9939
42126
45008
52232
34903
42371
12943
35620
20976
29698
28536
24357
35739
39827
9726
19735
57529
14010
40671
37819
23895
14769
53289
37410
44702
48445
28019
53900
50808
10792
13332
59562
5439
50449
21261
14380
47118
10908
19431
32395
33325
26086
54033
56011
37945
50771
45422
15495
24907
21653
53464
45988
10834
27800
38519
23142
25714
35258
36613
16012
52245
9573
51621
8981
46196
14884
17484
28937
50422
18137
20364
44112
44432
59325
4783
16497
4556
11830
43492
15322
40418
26428
19152
41244
13174
11567
4428
20324
49491
30901
6007
14769
54158
41797
41791
17197
47858
7369
44560
14616
51682
13459
45228
33416
15996
8165
5348
11610
16172
30162
15461
19514
4423
40559
53119
11070
49872
55372
44155
40280
5933
20414
31247
20900
33184
38799
59121
41798
40173
8850
53144
16948
56090
57190
44382
17524
19609
33611
12893
44214
12940
45074
48499
34403
27022
25715
19495
47843
36856
29616
27350
18300
36887
43965
20292
13747
39574
13432
34902
4991
33821
39185
9108
27467
21567
15517
36986
31301
48531
45288
22621
30706
47475
34272
4345
5389
35657
17620
49260
47578
37583
57801
52322
53680
15905
38159
18384
19098
39367
56095
17463
21373
31962
59809
52643
50606
48866
9270
52909
37618
27373
44421
47912
44802
23877
29117
51047
34827
27449
5898
24368
48797
14919
15234
22772
27233
33826
26899
40654
55007
17522
47600
31624
29908
34930
19644
59160
35349
48824
31080
21357
22506
6170
24189
56294
40185
57439
46084
11407
18547
53369
39048
26396
3270
5360
24626
27189
17451
57866
6625
42290
44484
20560
21595
26236
48102
32555
5880
10254
17164
59462
32415
19598
20976
43102
12737
18604
33783
44204
50110
42472
22846
6537
11911
55657
58412
52692
38026
20646
17374
27578
15113
55087
38401
23870
28262
19368
51473
10912
20603
50532
6513
40995
55505
29219
12119
42799
38690
40917
21813
41778
3577
14727
51114
33604
50540
30360
8470
10572
52977
12988
53338
27767
24591
39370
11091
50590
58858
11496
47490
16443
48431
33384
57513
6289
52118
25669
49660
4482
35544
4001
43037
47209
12578
26571
57139
51303
26688
13118
7097
24424
40353
19722
29989
37487
46833
3719
22106
20762
51544
36902
12067
13276
54579
3661
41963
21323
52671
4137
38396
28201
37142
57458
17491
36763
36430
8735
53929
4283
43042
50623
15737
52156
16088
4840
31018
56492
56219
39655
33300
38689
40011
11011
9114
59262
58029
59276
26403
49980
33201
42128
24873
24969
47477
27871
26713
4465
17303
39153
30304
57856
33041
23101
4806
35770
14752
57243
33774
32612
58175
28580
24573
29078
29232
48449
12393
13798
18104
8070
47967
30872
47417
9445
21423
21875
30754
26396
23235
49728
51354
14266
40638
18490
13869
3147
50535
37172
3723
58754
4777
38397
7823
12213
15356
45249
15332
27218
21467
23418
57489
41745
59759
32158
19107
41220
5114
7012
22029
4793
37226
13968
41810
39510
46618
26057
32180
42956
3643
35045
5082
10456
59123
12572
19721
55696
58626
26775
34465
47404
52193
14994
41973
6670
37438
21533
52352
13784
31252
44976
13752
38747
33820
33277
5303
50244
31158
14999
3503
47655
6471
59579
55942
20399
47805
38487
8770
23933
16717
48409
24574
30582
27642
44881
20219
54115
49268
9611
18979
58243
49123
53756
37133
30744
7771
57586
58395
54125
17150
20427
45941
21680
21035
15637
49458
54559
4082
11257
39549
27701
47850
47133
34328
3841
52275
28418
50472
40620
48506
29302
57199
17499
5822
55351
19181
13254
39365
35756
56181
57696
21665
46606
35212
40625
15489
19997
15342
28821
47581
4095
27426
41000
3351
55199
17671
58991
45821
55551
31685
58877
45986
16486
36296
33564
17771
16782
28312
44380
46492
46985
40315
50340
52350
13860
8627
24259
22516
30736
31122
47540
6935
14286
49301
26364
46562
17318
36998
15065
6885
23860
48935
25493
28402
42320
7464
47575
6101
5553
10422
33476
24269
42361
37527
52731
35199
42819
51393
26879
19804
18027
45902
8563
31197
41715
49678
19041
48728
53525
31436
15291
11323
51759
39720
58128
7862
54777
36097
46398
14786
17309
44744
25835
42739
17599
32630
8431
27824
35135
51481
48180
8209
57479
49528
29604
18722
38032
11235
10683
52334
19784
33612
39681
30325
56449
46233
11188
27140
48605
18360
48074
29445
8250
29669
36180
31000
33678
37382
33096
54687
15811
40861
7879
58255
22709
35948
55718
56354
51149
4260
50937
12123
31109
44763
40203
6064
40608
31709
48672
33636
33795
52657
36845
35624
21493
27941
8208
14387
22980
59263
11369
21425
17991
4679
9351
43533
51027
28220
21639
42811
25953
58756
26261
12986
30003
53044
41551
24174
36701
23776
43564
13269
5082
13307
46780
39809
50033
33547
29933
26216
20122
34024
28837
29828
31588
48766
4546
30198
13298
49296
48470
57864
41938
23872
57816
12966
57408
27537
36172
56898
34790
40549
11028
26618
21767
14930
7007
15513
10177
58070
28217
48568
20304
58876
30336
4021
6355
24264
22489
38893
25700
22581
7524
17775
16805
13592
25188
4907
44533
24354
5350
48549
7555
25562
55354
20396
14825
34386
33446
50787
51027
50149
20201
56725
56656
6129
20539
12150
22445
7239
15721
19560
36891
32547
9999
28661
39637
20975
40304
14353
4858
52219
13884
54559
20700
45355
11773
33099
8079
56581
29499
32264
59474
26809
43510
59882
7415
21350
36200
7570
25604
58072
26097
33411
19598
48953
48125
17406
30278
35885
25121
47560
5330
36881
43514
45047
26466
29401
53226
38865
51436
17091
49129
38254
50655
21031
6373
48332
16190
57286
19545
59222
25912
34925
24096
58212
23279
32263
11995
17038
46435
39388
7736
29319
59871
20735
53914
13725
18161
26467
16241
5211
40804
36564
10737
52842
19375
50213
20522
22525
47050
10560
46251
25317
31190
13573
58674
3448
3196
54434
53552
21431
47943
28805
35891
9922
15483
47945
28994
29424
36379
59577
49925
15744
26104
54472
58911
45724
46280
40159
8461
30820
37604
30185
47681
55861
33930
24688
28229
7284
38205
50476
37881
52221
9482
18693
24005
49814
28289
17012
35330
50897
17341
23247
42851
49307
58408
57063
16691
24101
37812
24264
25927
36407
50530
38275
3276
56771
56849
15317
3834
58803
34241
43364
17743
29656
13793
5180
40205
57740
30606
59102
37078
57754
47582
39479
8715
31385
7221
15001
47269
6152
17049
33505
29273
47629
6189
4813
6125
37754
27411
52261
10488
14655
5792
43161
42388
27803
45504
43690
51469
50364
35084
37219
47510
30417
52883
8899
13808
38611
48491
9991
24178
18931
50936
14511
9208
41208
33497
53096
22690
26699
34809
45969
46181
39439
46766
27649
35910
54937
31028
49244
30012
57756
54020
17658
23129
46996
33008
43754
21808
47988
7480
11473
27146
21264
33434
53928
36289
54675
59214
43435
24898
32693
28825
47983
26394
40942
50169
22476
39548
52744
38955
9182
51393
6409
57109
52118
58299
9678
23056
36637
34604
25582
41154
28238
23193
22690
19488
31794
6505
16828
43668
51043
36417
52328
51454
37005
25127
57214
58479
18134
29495
38772
16936
51650
23343
42472
31308
37569
58231
19510
54395
26185
5754
16286
30620
12380
34746
24756
38394
36044
52329
58141
40326
40567
16673
18649
14146
32558
15908
44696
45317
3650
50500
58718
8326
32137
32131
36353
21566
3096
38399
22062
10011
26891
34672
26821
24709
8684
49346
35661
15443
46922
13665
40808
40784
48391
44399
25088
58850
34955
47978
41591
26471
11024
42472
18780
54229
52503
16915
24186
23937
34699
15948
13625
56599
7173
37304
28804
48307
50103
28872
22114
24609
15599
41235
14517
18247
22050
4753
44489
39838
28689
37835
7025
3372
32173
48338
49471
49090
15533
41115
32739
45879
31283
13973
39125
51606
58266
44247
48177
32602
10642
9123
51309
29349
25343
18090
46184
6040
7620
44560
51824
41461
14734
25472
18606
47327
49099
27084
45407
4241
12001
46366
16761
22539
58807
9915
58663
23757
16171
16648
7879
9962
59569
16785
11124
32391
18277
27345
48281
15450
18154
38455
30109
33126
31990
47037
53751
18049
44327
51920
16375
11946
23232
47585
58842
18529
45781
37209
31990
17523
18019
29714
12288
24090
29606
50507
4321
50235
5554
51448
59505
31876
31178
3392
37572
18223
49487
12915
59035
28890
4395
23888
15519
9763
15863
25443
10528
25329
43680
54378
32472
35945
7220
39783
34631
20661
42427
9977
16404
21288
42683
8946
4166
10952
24396
53472
11192
33947
45278
46596
49380
7514
54824
24984
54974
21252
27995
50322
23158
11015
15868
26464
20091
25813
10307
13031
9292
33475
38083
24740
46358
27353
45860
23127
33358
53695
53561
33232
39802
45311
56386
26402
14769
48226
49667
27466
34299
46301
32092
57228
7388
31929
35127
41332
37940
28465
33776
32897
28329
59928
8712
11066
47407
11766
59229
31894
50525
47535
9475
39409
55091
6908
22198
15069
3579
38159
45980
28147
48678
34965
38139
7149
13209
43165
23723
48193
15926
7291
30719
56528
