1119
26782
19064
34023
21169
12444
29250
21375
23742
17572
17880
57754
7953
39512
13755
19092
6058
56442
52896
30437
27765
56191
24785
47709
52068
11935
13227
7344
9833
42806
34323
32082
10266
49685
50206
3056
43693
20315
58344
6692
34367
11302
57531
25933
50514
34134
15430
53740
8117
13031
7751
38135
19767
52294
55457
16246
27180
15179
16821
26923
12487
55888
18476
16983
5356
53526
58066
3753
3255
25410
52235
7414
33785
14754
3385
12103
15860
49357
16573
10435
39662
43023
6239
5211
29268
21253
34530
45638
7669
42252
7309
35875
9274
6916
26833
48885
29405
55054
12058
45460
10468
25857
43642
5488
58774
36532
38244
17031
9720
12342
37923
34904
58709
55665
46323
50680
14438
41559
7455
3802
54071
37280
12814
24595
28785
52475
33831
44548
46064
5009
19265
41387
48325
52673
51876
17978
57719
49700
36519
5056
55638
58676
35036
16301
4977
29013
30453
23763
8208
38031
16191
47254
40960
4157
49873
54933
58577
24622
8030
40973
25704
57779
55038
53017
25457
22742
58769
17885
58831
11505
23366
42965
48637
45686
40738
29509
51346
18185
44664
16049
43365
12931
27304
40467
14563
18866
24454
39730
28344
12177
40222
37453
40652
27647
11685
51080
8687
22824
8458
55105
28660
44279
18678
28606
48867
44150
9193
53015
24185
36456
31531
35329
50612
41680
59669
5754
5373
32849
5824
40075
22685
6712
25601
43363
30110
27829
51106
51256
19075
4800
52097
48021
3022
19616
36078
54442
47613
14942
23334
45059
41643
5697
18205
33724
35260
49418
9125
12188
11996
56768
19797
5572
28469
48912
11526
51303
29515
27715
51359
5829
27012
18935
57746
12934
39715
56599
20165
21998
28287
35933
17676
57862
27530
54444
59074
48332
34383
50051
33829
27588
55159
51294
23952
49608
14471
41656
38528
9140
54647
58513
54521
33206
57339
3499
22742
36372
47512
42801
26391
57493
58811
46894
57357
11461
23381
55094
28261
56850
12646
55067
39051
50008
36540
24491
53359
30431
20981
22448
19207
34722
4934
5315
6483
15284
19391
9560
49747
51712
38992
14951
25835
8997
13734
40018
50873
38808
45632
26289
55966
30733
24097
56715
58444
17696
48554
25215
22197
41436
40049
53833
40287
56396
34328
36518
49307
23856
36278
14665
3947
34238
19232
50065
30184
35088
35244
21473
9640
17746
23254
43522
28555
7835
9471
43601
33668
5478
16977
35463
44590
3103
8328
43181
15892
29927
31431
25278
46067
51573
37045
36222
10844
13941
58694
45013
26288
12452
51291
40155
33706
41868
31979
26199
54580
5856
3852
56767
55821
23075
11843
21009
49846
24925
4028
40233
8586
45005
32966
5331
26308
38845
48760
8920
51620
47342
51631
40428
11805
19554
4699
39179
9192
10659
48965
11865
3461
53630
8566
56917
56861
54341
8130
19105
40500
35421
21091
18042
47757
24518
8069
34917
48577
34173
44301
47461
48841
18773
26664
48756
19883
34097
34782
38586
47950
9293
57378
39204
17693
30365
56431
17469
49591
51827
25366
15489
23540
36788
29237
22063
3062
15869
21284
39310
36078
42738
48430
14861
30494
8611
57377
57118
51617
31985
24866
36913
17249
38702
40511
58725
35958
44309
56542
5027
15498
3639
29168
58055
24499
22338
6209
55721
16387
47053
8098
51651
44987
6612
48152
59524
7137
56916
5705
32447
33415
53561
57797
50024
43797
9162
9525
22507
5722
26954
26797
59118
46916
7181
28104
13693
33159
38585
36130
52230
6964
20546
43699
42670
44588
3226
11482
6234
11493
53927
49165
23567
29876
13171
29988
6205
38698
3617
32567
39558
36143
37242
43676
22294
16925
20050
47531
27253
23796
41946
26063
48934
7163
32764
8447
40129
15336
5749
4545
20046
7816
27149
46650
47159
42932
41040
50632
40338
45213
4789
13409
57805
40253
17609
19031
35084
29924
38986
36004
24215
46764
16898
52721
19571
50822
37686
53155
54032
17526
28663
46568
51540
26668
58351
29645
10014
15567
46814
56102
53765
40915
34041
21449
10451
40741
51533
54164
40105
27083
49927
52846
6765
11809
49269
48098
40634
12620
50715
28711
17275
55222
17885
36304
34418
10471
30522
18545
35075
40028
58652
10653
23285
11656
20842
32093
12764
24615
4691
49035
49840
41228
55501
22607
47415
19825
45950
14635
48845
15544
38284
11727
6397
11888
58789
52131
37290
52725
46030
7031
26427
11567
40766
20806
18971
9780
21251
42825
11942
7690
32971
12882
22720
10895
59931
26607
23045
23180
13212
12379
51864
8392
6066
34692
47038
45359
39546
11562
33317
11303
36746
23342
14124
27176
39100
13430
46355
21639
55546
3200
50231
28669
4050
42601
39112
48093
48374
25326
46783
42732
16188
50748
33507
18888
51111
49920
21686
3514
30308
18640
52257
40336
4235
14400
9371
50591
59197
38902
53556
12613
50069
35278
7249
54845
56695
26888
42356
38703
59544
51540
18962
13091
48389
54589
31325
46028
25883
50215
49299
31240
30316
6848
8912
23080
44285
11787
21085
37807
38858
33471
52508
52085
51305
33741
20381
48187
34959
32284
15354
12210
24204
24746
45263
48961
6483
4977
46672
3650
46929
35316
42410
54092
54904
58343
10578
36523
30367
8315
52140
27695
23585
38664
45953
12756
12521
32115
24878
57365
56247
21820
38822
33044
58497
20904
58656
37602
45883
24120
28450
40210
48893
59338
32119
19922
43313
17270
46402
54661
28931
52876
32709
57728
47687
51681
14378
16353
36097
59602
8392
39402
39033
59498
40676
15199
48580
41557
39874
40459
53411
51028
34882
36983
44360
43294
42241
10571
22086
6246
15191
19586
43936
39602
18384
46118
43366
36703
10469
42171
14810
36512
22202
5891
58360
5063
28313
32133
40136
13510
31634
3400
44982
37022
43001
23208
33596
22743
30293
43019
42580
30392
48786
59231
4798
47082
50834
46999
49859
31471
3880
48506
56515
48860
7809
24927
59946
9509
33663
37092
10165
35136
26239
7494
5773
3287
14087
54397
14844
40772
36245
40163
42592
43312
15181
41649
52623
37037
26336
53506
26773
13082
16232
49329
39316
39817
14513
44150
16607
13588
46456
57616
32963
5120
11625
45544
4023
18532
52701
51205
28912
26141
11628
36387
17328
24824
23354
48670
23583
56358
44309
44355
19701
17042
30484
36315
3524
20006
39695
58795
56798
37739
58837
44297
18886
34824
47692
39879
54513
46301
52145
22178
15359
56093
44808
4360
47523
42347
3470
3041
18268
39305
55230
36816
10437
15000
29719
41817
18084
39946
15131
45179
24249
17228
44156
38005
17256
4093
39691
56926
58109
20416
37784
15119
55839
40808
8090
16239
49904
57732
56001
52043
54424
49752
3267
52681
20514
3106
55486
56437
40069
57898
34404
30344
31904
4950
10629
37350
34321
49569
41562
58511
15300
15602
17306
35757
51998
32582
13034
53165
9912
6588
17949
51299
41016
42935
26994
14669
32510
4318
44552
21078
24875
24626
15697
51895
9364
14271
53130
59573
11940
24323
34767
32348
40059
43208
16435
9834
31458
15350
17998
13230
38864
19496
59781
52262
58026
51276
54968
54535
15186
56196
29896
23304
16883
35895
30483
46863
28563
46551
39080
3555
9223
58843
48646
52798
22599
51990
51282
15374
17184
