1585
25006
50943
48026
36292
23617
20882
29304
36209
30907
17457
27904
57383
44043
32882
39706
14359
45968
16854
42046
38114
50688
41428
42008
38905
45273
31979
3534
31407
32971
46235
51569
39792
57066
17823
45718
8015
50489
41603
30731
48536
8532
15263
23505
20042
52712
8526
55148
32202
7502
27319
40231
57228
40774
40339
31307
25513
19791
23972
42299
56353
38423
53400
15877
50382
17089
18511
31516
35028
32109
23092
10959
10185
35194
15271
42825
34118
13365
42300
28368
52374
38351
18075
10420
3754
15100
36283
20296
10301
32666
24754
45641
44983
38194
55210
6746
12472
38602
11248
46944
53593
16796
5087
39090
7834
43804
15553
21302
20376
37197
31836
20772
33306
10003
18900
41878
58422
56709
44397
23278
54526
41131
37692
58095
35276
13702
32414
38448
4554
11731
20209
24051
39882
13771
38084
21284
16661
30185
44747
44502
22281
21395
58603
53145
44596
41415
26211
17810
55592
19760
24036
40170
45930
11766
7770
16467
57231
45767
20147
3006
3166
27934
10344
39874
7567
23265
41516
3050
18191
5736
9163
3063
53700
18029
41753
38539
36321
59014
28938
14704
18218
41670
27338
34480
22127
19063
50479
35887
45008
52847
23604
8940
56201
50129
23999
28626
38595
14154
47529
41843
37210
27485
59400
40780
32363
56242
7050
54321
49132
23658
6172
56022
18472
3930
49348
15363
36954
20989
21947
23949
21356
9719
30389
27618
13316
6034
57758
27185
17627
8966
46176
25786
12288
16638
25807
3882
4165
46389
41821
17105
7374
49696
17284
18493
28548
40742
3569
3603
14602
29227
38849
14223
15933
40709
21517
51423
9178
3117
43218
11823
33165
24121
34438
15508
7282
59792
9914
39818
35778
40939
6769
22056
8649
22773
30888
4648
35165
20891
15167
55471
26221
39555
51434
24458
39526
57084
21490
6738
42812
36220
40054
41497
30803
39822
39737
53137
53669
29596
4520
43585
18260
25500
54235
54602
7390
16866
52843
12635
22390
10731
44081
43328
23122
25442
24664
55107
11152
17358
19582
52666
45903
22647
10574
12523
49386
15715
28553
36102
13868
29532
26272
22754
7668
25732
3175
54423
40438
40960
16953
16911
55967
26806
55766
44280
35912
32931
42285
52142
10545
22687
56872
23892
43671
52127
41025
54059
24777
32007
38780
23865
41047
19308
54681
3541
13355
57479
45681
54419
31459
48495
15343
5463
40056
28871
39701
52290
7898
10275
43808
29764
39199
23199
56134
9341
15250
50446
35517
41694
45422
43989
17646
27823
34527
43182
17788
11805
22276
42818
29746
49161
4212
32248
59788
13886
26171
56011
32945
13177
58766
27304
27837
14422
18088
9388
49295
44275
15989
49513
25497
27499
40452
44465
4954
50691
28047
10322
40272
8374
57779
33672
24298
5613
7491
29866
18897
7444
46633
3223
6129
56601
19585
12406
34640
15312
55831
9346
21717
4534
43295
54023
37891
50481
15123
59994
24823
17140
11965
37360
58035
46316
14013
29557
25282
32876
17295
3041
11512
32633
35560
21349
47482
53830
21142
35212
54673
7407
20897
32830
28669
20224
19190
22044
10876
4534
25390
5230
9544
48332
34133
59601
38023
43606
17560
49292
41546
46033
22939
42777
10850
39522
4475
49988
57018
45968
15013
33849
18045
19707
11043
43038
56588
55015
39045
42081
18352
37046
20126
32691
44770
52203
6231
55414
30248
37259
25861
50953
49953
37138
36123
19975
12237
46864
36183
18896
6069
4385
47921
45630
41556
53378
31787
44616
31504
22665
15873
10422
25041
45095
56446
17296
19962
48335
27353
53268
19982
39751
6303
57791
13253
32838
42927
4479
41280
26053
55359
20950
54653
23590
48541
59095
7661
5416
42940
5466
15514
9799
15209
33852
13238
53471
54541
47951
54188
28728
47438
47210
52056
36321
56527
20113
15382
17268
10014
26822
35607
45591
52012
5614
49148
11615
36191
45000
14452
42132
32266
7370
51449
17828
26562
13854
44489
46672
9307
24864
51960
54325
41410
7672
37311
4325
56222
31866
14800
34040
21038
46304
50871
32226
57881
46292
31682
41100
59796
55946
38630
18372
15806
12456
22871
54372
4708
49630
34199
18610
18437
35208
41413
40069
17080
7268
47461
50973
35938
35343
5797
58645
40135
32663
58108
41119
49154
9498
10562
5777
9458
55265
16092
56520
59308
29501
13269
17716
16918
54036
44720
20686
58149
9891
37732
7755
49742
15357
4329
11767
57962
6903
23718
48936
38824
41060
3047
16981
51189
52389
56816
21327
20079
50050
26314
20357
32198
59886
56186
3385
59764
36179
58320
9812
48754
22417
22424
27872
55386
24246
18057
54206
59537
51923
34625
53501
33270
29126
46194
46664
45039
18401
4832
56468
13656
46458
59173
46900
15779
30031
15648
47118
24616
56689
52998
17972
59892
55463
4771
3609
59122
46197
53451
24220
20422
25130
41641
38086
15691
22505
21913
15832
16629
15072
6214
56800
59710
43307
5948
42839
9729
50783
20224
53366
29068
15483
3882
31676
18863
41451
15264
53953
49811
49369
23375
51881
12222
48010
37235
21859
18413
17395
9483
9129
39118
42526
9415
57331
27457
26777
39532
59795
7554
5524
26312
41945
47813
34638
30927
31557
12848
22385
57386
46123
26535
20906
51609
48512
43607
35125
38183
33042
54604
17405
46731
26571
51918
4047
55084
42548
5224
30100
25297
42793
48226
59551
14809
38341
45908
48333
16100
17646
48750
39954
15801
33761
52046
29604
27214
16944
58940
4453
42332
44916
30351
51831
37201
34224
31747
56078
29184
8197
55607
37473
36227
55732
15642
41035
17564
30897
18503
26657
54778
41625
45234
19705
36530
50112
5972
42259
56172
25321
19495
5987
14707
35123
14998
50444
37275
40444
46827
20923
52683
42399
45737
26375
31582
52575
18904
12297
56656
7165
44420
34774
7662
41020
50514
52116
30815
44927
42311
36231
31402
49007
34643
17249
9325
18416
18088
56673
14791
46423
58038
46255
20137
18271
4552
49379
59416
22335
3306
18816
9077
44127
18359
37792
12442
45195
57140
9524
31365
16811
25849
50115
41459
35885
50302
36171
30431
32269
59404
23706
21667
52437
32974
53797
57558
11526
17085
55628
19717
37809
55939
48711
34907
39954
13927
11467
47466
34161
56791
14912
45643
48592
38468
19499
37209
28117
27225
9029
35703
57438
40938
4264
58601
22597
34505
44654
23942
7640
27461
8472
18585
45197
47274
7281
10046
58075
24599
56199
56230
37253
49997
48388
16745
19249
5505
37163
21160
12462
7785
6639
19008
57168
56742
53107
32635
12442
13946
37025
47706
56995
48557
44704
3349
8644
16108
5226
43232
34965
24833
5164
31566
29128
56759
50822
43976
25774
17173
44388
22354
12765
44581
3651
56526
41793
46613
57642
47417
28937
43211
25376
14617
28668
39246
22763
17754
11428
35206
9516
31901
10895
54305
50038
29302
42484
13457
35170
33019
20592
7048
44533
55854
13938
41032
38562
57374
35597
14273
9676
51638
5940
50539
7802
25171
22324
40653
15536
25544
32797
53542
7396
25580
41100
16832
27858
21857
57405
14951
52049
10742
49962
47415
13653
50439
21188
25909
35766
47669
54785
34294
36910
35058
33870
57719
17726
34286
9403
31102
53174
11939
58400
37418
10003
34361
26164
41150
25122
57744
57817
10945
8648
22121
51738
31842
27921
44903
36737
42324
35792
43390
24590
34648
48384
55886
32843
25294
18970
33086
17239
20599
52619
57839
13568
32765
13602
16354
20328
46477
3367
20525
40554
21490
8218
21619
51213
41235
11738
3758
5689
56235
47919
13610
50226
24423
5528
8215
10823
44004
32589
17770
12757
58004
21799
45002
6212
54547
19671
28342
47185
31638
42408
46031
14980
33143
41584
30292
32570
47004
45089
43412
22433
30937
14350
42877
35004
36732
37616
25230
14296
28002
51419
35584
46144
55570
56445
30562
28388
17159
54936
54628
10629
44364
3103
44341
34293
52316
25002
38647
12929
21388
24047
17093
20284
55819
37282
44043
32724
31544
20582
31180
22974
19652
10179
10953
14551
55691
28957
8027
48657
46747
51045
42024
46230
25261
55411
12725
17439
7532
41860
26612
22716
14700
50964
11798
19618
43776
51827
9645
22315
37902
8732
33442
28912
25514
58032
26583
35984
46565
41800
55402
12119
19755
58661
3555
31494
10505
30211
59705
22832
7685
28942
48358
43014
25128
59842
51814
57130
21744
36822
15742
49399
59177
50935
57793
52848
22653
39522
37824
11568
35083
10691
49208
10850
17240
43511
9310
29943
3225
44966
29925
22455
15709
34001
9059
27323
43830
36570
19966
23761
38436
27218
35263
35626
51923
30414
46169
25220
35180
54163
50257
59002
8981
4186
3166
35130
26328
14075
58124
35140
28357
38277
58488
5332
48062
12058
3949
55734
21806
38691
15348
11377
23932
51253
30255
39586
3807
44734
48378
45388
25456
11423
16062
7433
6749
24833
26705
53528
13620
19699
40963
29686
12083
42618
37516
57661
49854
31757
24409
23333
5784
52135
27155
18285
47787
5950
40331
51780
30972
41904
6953
31109
16173
51960
45508
16786
24602
48305
29662
41295
46247
5270
3108
6716
28474
31177
13832
48055
6961
10416
36326
5258
25089
13589
50698
33286
4698
7961
39409
46509
58738
44165
43067
10714
36277
41130
49946
59172
15237
15403
24714
44463
7954
30082
50643
12787
24011
28740
17208
25008
39699
9712
35637
22456
7753
30634
55201
46298
23197
36376
42215
29765
32372
47557
6522
23980
7347
55553
17764
53322
17786
35192
48563
22769
16802
42362
35310
48839
50874
53392
20276
23600
33235
18777
43960
48041
5664
18475
46025
31502
53857
21003
33130
31743
5521
59606
25811
20681
33324
20355
45554
45799
44702
56785
34617
30990
15126
6578
7840
9058
44026
11567
52487
18938
56450
40723
26048
32222
55780
54227
49757
42617
10951
30769
38653
27559
14453
25959
26999
39401
10945
14949
32189
57652
44482
7440
30325
38914
57837
14272
44602
32644
28484
47850
45607
21411
18149
42336
16497
22826
11378
43459
45769
16168
45273
20226
8537
58175
5905
20975
42466
8479
40575
56285
26984
23175
8656
37511
31234
9591
32101
29288
47523
41131
26058
47215
19221
28051
54678
24541
54787
31436
28223
20531
45238
29204
25232
54546
38949
15136
37112
59889
