314
37522
25272
53731
35696
30775
18266
6034
14692
46108
3401
41468
7332
43420
23884
57643
37267
21442
37244
7730
57261
12500
24627
51825
20844
16411
18195
44419
58084
42725
42235
11786
16852
17662
38223
7998
55829
36940
34395
43953
57561
12469
7628
16415
55770
15100
27035
18756
48247
36097
17550
51456
47987
47314
30905
17636
23489
19059
3589
10475
48161
52005
47819
36364
43881
19182
12520
30076
38265
58245
17479
36833
59408
35637
27489
16363
52720
22215
31375
39188
28664
49645
6972
53069
17661
3512
30968
51659
32902
44794
14231
4912
57932
3406
23519
58186
52748
58607
54988
43055
22770
47942
50864
43140
40926
48925
53096
6657
37835
27443
52566
5180
17894
12644
8919
18243
33030
21656
23182
54631
30482
23737
13478
29737
26950
59700
34665
12514
22123
20137
32719
4988
17151
59975
24332
41865
33515
4128
22685
11271
14804
3599
34348
16865
57110
18723
22691
38752
6007
52276
13963
21001
29880
3321
24036
12727
34274
50984
35660
18582
41684
19251
29134
36444
37602
5560
37619
59928
12931
55186
34571
49748
48936
27884
18981
31551
56118
15465
28919
21417
11399
41968
50559
18691
8700
26605
46728
56917
56127
22108
6592
24377
8449
3824
41414
18761
10148
19219
55018
34008
15169
47575
17156
41374
26169
23998
19745
40908
17405
31746
51245
53744
16983
47620
20122
52398
4055
37075
3295
19754
9529
6555
39342
27443
18674
7804
14864
33040
19860
35185
28139
40963
51644
8147
9254
32620
38824
30637
49837
42364
31090
54252
39093
28174
5009
18046
49574
28349
24851
14788
40748
46013
56410
43069
45231
17171
57956
32279
59039
39602
9679
25280
4437
46964
9521
20118
50066
19907
43838
8469
53967
29808
58819
44820
53777
10035
18489
42797
33618
11380
21812
7879
54673
14180
57412
49547
54076
45822
5660
3728
48712
51453
11407
57382
13503
6467
10531
52367
18970
49401
38490
39736
24622
57373
25496
50545
47754
43022
57367
35479
57827
38471
38757
29481
38654
