721
4959
12239
20811
25664
21934
8524
14684
40595
50881
44310
24448
56009
42017
13275
16596
49303
31551
41254
24543
18872
25408
29552
24296
24780
56704
17779
37379
17703
35376
45085
28691
48354
21195
44106
19933
18989
50298
18602
32371
4705
16154
5621
17362
41673
46893
34918
26622
47785
36574
48765
16460
26939
7446
18496
54020
55557
44678
59688
13807
7609
15047
23327
54344
18647
5964
5329
14304
27740
50432
36757
51166
31585
12088
8846
40046
48446
35520
4740
59597
47517
3549
17162
47665
35062
57980
25588
38218
47038
12942
58821
7199
31033
56131
18149
50384
20751
4215
50070
57971
48158
29800
55282
5530
8236
9543
40476
34349
16354
26444
14667
43182
16721
9029
25499
45311
38662
43148
16819
42313
17068
52209
42072
47708
6515
48699
28996
54632
59925
16633
41578
7279
4621
31690
21637
55689
40280
32243
47916
11674
37927
43138
8082
56638
37787
43783
12978
55424
50629
30093
38090
10386
21414
30653
18530
7181
36686
7718
31997
54322
25492
9396
43160
55486
19637
55883
25408
11684
28940
34343
12874
4245
49899
16432
39658
31147
11603
33942
4407
15487
45414
57447
22536
45293
29992
57697
17650
41285
41148
6313
44269
28560
34204
27863
42065
4886
39421
59116
11958
33787
25268
19585
21339
18209
44418
36332
35203
22965
24716
10831
36538
53728
17614
56844
55956
45392
46322
33201
19272
31443
52995
26681
55542
23312
20587
31938
35400
41140
10195
52490
31129
22441
3037
24355
23668
47798
37250
28518
38423
49582
50300
55131
45944
51973
21771
31482
58159
39766
46173
27401
9613
27473
42372
58386
11749
57188
42099
51460
55122
43446
48273
18471
20271
22468
51889
41819
28794
51934
18617
12319
34887
32628
35462
25698
35464
22643
37580
30272
52772
8520
26574
3618
38786
52124
38423
9162
10999
3719
36490
52301
49885
49778
29263
27862
45410
8888
43792
39441
56955
24047
49658
42734
56013
16246
30561
14551
49804
4729
27416
35045
57077
12848
24530
21084
13383
25383
27898
57121
3724
21462
54720
35962
24380
48684
39261
27155
14814
41256
30753
33827
39487
37686
35122
17364
28561
6051
31706
33738
6646
13038
50624
31730
37892
28963
24254
17587
18060
12258
15949
15023
16649
47587
28160
14116
45324
39870
20499
15269
18684
54787
19595
36898
26238
30690
20597
43015
21545
24627
58671
43249
27757
24843
15956
45189
23616
32855
51481
39204
24110
47585
33230
5980
47273
31530
25455
58259
37725
53580
57813
53726
26024
41561
59107
8425
52320
19304
8109
48515
31933
11267
49004
38467
48028
21255
8114
40102
27656
18068
14840
20742
46205
46561
24224
41937
45365
12411
15650
44517
4752
30043
55621
16542
30263
18898
7808
39692
24691
57942
7145
16936
51046
31213
52163
52160
8754
37552
57025
50866
28900
58177
14629
5753
59597
35068
35545
39537
51435
4949
50696
52665
24100
7438
31806
12125
7182
59992
22775
33631
39681
58121
48733
37392
10712
54585
46112
39028
4347
54325
27201
37757
31103
6000
49162
33189
50880
30078
44458
36537
4408
43951
16357
16276
51006
18833
21362
14021
30453
8343
21883
49562
45903
8712
19271
39043
50200
9716
22585
39086
28946
18614
6525
55799
27544
16340
25984
24534
15850
29407
37746
10147
16000
6415
10018
59994
30934
36290
46045
32645
50436
50622
51325
36284
33662
5440
12063
55252
19611
27655
52102
47303
21458
55725
39515
33358
27928
42278
54541
54892
5365
28363
51009
38659
16937
23952
33333
3982
16591
38027
41124
58656
19279
52219
29121
45134
27149
57104
15324
30691
21509
6678
27124
20131
41303
22933
20724
53153
51668
46529
20092
16100
26633
31776
20423
24603
30780
28499
6843
45898
49193
25913
56099
18693
6514
12491
10716
14187
35812
50699
29562
46326
26687
49952
26342
36167
22764
6216
47169
5010
38422
51323
20430
20700
42113
55927
43230
54530
43411
9143
26255
7145
37016
53824
56834
50150
28865
13502
28762
45654
45575
37071
59317
39336
57254
47437
59759
13809
4085
54465
35598
43568
26427
22946
55294
29583
27682
5658
12479
35453
26871
11901
40741
32321
43837
44927
37331
45841
17878
24792
6465
14413
56090
48941
17834
9053
48616
6343
38879
12588
50412
9989
55212
36504
16702
8537
44742
46297
25639
45333
59210
29423
40463
35167
55742
22975
58831
9173
41787
41700
5369
7751
57431
36156
29226
13625
25924
17737
37525
49575
45071
49317
36252
39429
43226
43784
51340
26373
21977
55223
58547
19401
32537
45244
18628
59935
53100
38795
56841
13073
46907
51395
4390
50547
17308
7692
3559
7317
57049
31740
54936
6661
58841
9785
