581
22426
44823
11104
14697
5877
29000
42042
19178
19000
10600
16459
21440
9817
30734
8413
37697
44338
18920
29326
9649
5159
35516
51937
23578
26956
28854
50686
34868
49700
9713
35457
42501
18737
48616
19245
30401
4104
17994
22122
36877
5895
34155
20931
12436
49762
30417
30052
47063
36865
48921
10341
18491
15738
42281
55508
13500
37442
51151
9294
40968
50174
40616
4321
23137
16724
15871
39797
19769
42833
7629
25239
57292
9175
46410
49589
55755
46139
18909
5746
44884
13877
54161
57210
31951
45589
21435
28693
32596
23132
44210
54465
57428
17159
55429
44194
19037
11739
37234
56219
17253
26905
29784
29430
8240
17916
19569
53511
53715
51524
5890
20667
48224
9901
7739
4751
24946
12622
34110
39776
54963
5378
28882
33711
21421
25134
21971
55340
35837
54861
26096
5971
15450
10746
11666
14617
19029
15785
17879
8426
15770
57819
51436
25170
24043
28342
27577
31522
33170
48346
6592
55847
25591
17879
34016
11248
38605
49873
55380
31574
18189
25176
7838
50831
43037
35518
52354
4679
20150
41204
38837
11463
21346
19250
30793
39729
18950
34985
50609
40838
25871
15657
40111
26382
50379
32954
16207
25287
26281
58021
19744
32945
55498
51997
50706
3609
54675
22656
51611
31216
30925
20754
22284
8941
33591
17417
16879
5612
5931
30632
44860
35025
25750
51431
48069
41989
45932
42466
30115
45783
33702
49593
29155
25702
18274
26802
50956
24043
27647
10207
25928
51446
20476
51835
22564
20577
46487
41907
33441
27424
40705
37791
59290
25475
41324
15466
10994
15785
55884
44506
34385
53282
12315
52389
29004
58769
12583
33992
37849
21140
53156
27477
19356
40907
38589
35478
43452
22450
14499
35703
29120
16014
39209
3403
55397
29601
13209
34105
27424
37884
56742
40330
19997
39516
38755
9935
49189
27257
46620
4128
56127
19391
58224
54734
40445
57955
51573
30208
38247
50251
25332
16567
31731
54622
24590
6994
26319
42675
4296
28414
44147
25098
7862
36678
26662
38595
15831
22298
10903
3991
38836
22123
16013
16316
39193
35354
22523
13198
30281
4460
57927
49126
57155
13732
30634
48915
12561
19225
46612
57998
20282
8561
53877
4147
21369
58199
25091
48876
30126
30038
37641
27649
29150
29843
15091
33848
33750
36429
17180
16407
31162
46098
18813
22080
26147
30371
43548
44001
36087
38118
9332
39049
35908
20246
36238
20576
17342
3658
41689
40723
21932
35101
13899
3090
43967
46213
51784
24982
15423
47100
15560
25199
7314
41750
19361
3519
24077
7766
13366
6800
16552
31511
26072
32603
8724
59156
18214
19157
19796
17764
24317
41880
57162
14315
13231
42595
5408
12395
59807
16608
21558
37310
11414
13473
8529
32130
58867
8519
21094
13923
54226
17851
8814
5422
40514
19692
9734
18547
44562
39483
19171
26453
3901
48293
11328
15108
48032
11148
51973
24886
18215
27800
18363
53985
42755
5513
58697
12911
33015
42478
55848
13524
52872
49534
18556
41570
33544
20213
26476
36691
5247
20472
44840
12660
39488
3811
49762
8091
45888
59005
53385
48251
54315
46756
36150
46443
10109
12482
21082
50480
43446
53002
22558
6512
29692
36949
15236
6138
6904
54826
31734
31233
56554
51370
33171
40413
59157
45187
44374
43506
56822
30882
5094
7382
15102
10923
37428
11536
39597
47045
37370
50436
45042
8732
21445
44422
33665
35401
54831
52747
33528
30360
40411
36288
40234
8652
47463
55783
7249
11832
44622
40909
4208
47048
27184
50259
27776
22164
47763
5094
51604
41449
53791
43816
17314
19123
26738
32386
14224
46697
10782
40005
53504
5125
20892
26788
20587
46505
3760
34076
19337
46732
30482
6368
3662
35310
26534
40208
21256
31307
11826
40544
