1042
42395
26979
44450
43172
25073
31045
58244
53496
53665
5748
46215
11037
53255
18718
32220
6041
55931
45436
47755
34858
52349
3115
5103
56154
36480
46452
39219
48329
12007
55479
4459
16235
34332
3256
57304
12166
19505
37757
11865
18848
7838
47093
3633
8995
53978
37364
54380
44905
20714
44661
7307
32221
50636
22249
16173
48570
20726
48554
48103
12029
22362
20693
5783
21693
20119
7687
54413
40576
32807
52451
15905
54023
18745
28082
13742
34611
24329
7932
45190
24476
30689
40274
39507
7935
46917
40331
56990
26719
9049
32592
40384
43142
18800
50452
25399
49186
13416
42205
53241
44117
26746
31122
7393
7456
35326
57476
29182
25564
37217
18618
31198
59841
6785
16575
59618
40384
48866
33086
18748
42031
15096
25998
16477
18031
41056
31844
56283
5621
42651
25574
18330
5771
32535
19502
9256
54315
51729
50932
47206
5760
20576
20259
50340
23692
34135
14343
45925
24032
24957
52143
14460
23542
25623
9059
21380
49335
44432
23588
45060
33503
54951
44295
17876
21301
48772
17592
4056
52451
12303
29822
5764
16168
29603
49500
13988
29924
59991
53084
45857
51298
10776
4119
48409
40421
37294
50683
50186
4382
4128
9582
40954
26396
34537
28738
5673
46275
55628
24838
46964
36758
57171
15402
51576
43375
58082
28300
57946
5980
26287
39703
55773
40671
35116
50715
20937
47935
32484
11075
56896
3222
38082
54985
28715
9707
22511
41793
36984
14009
54249
16587
34713
39449
29684
11233
4536
57241
53036
49415
15077
45936
58569
26600
55512
42984
49038
27091
54146
54154
51487
24412
42736
41410
11852
33772
12002
4810
8035
44016
15183
32530
48818
44152
7455
23001
7043
56569
11447
43749
52293
48057
59006
3242
16819
47384
51968
29763
48223
51771
43717
21404
58987
15367
6977
34076
15143
59615
8068
17643
22863
26042
10685
23248
56111
47348
44945
54081
3072
42617
50381
16306
49921
17882
24236
47283
46862
52490
36123
12036
51951
43377
55492
56257
59118
47772
52324
27732
17991
27806
49076
55934
28486
37916
13428
55388
52919
34747
13031
35824
49226
22839
56483
59146
5624
37206
6922
4570
5108
57052
17388
15359
25911
44378
24644
11689
38420
54623
11117
32831
32475
47824
38657
8637
38694
51423
31701
39011
34251
31191
26344
16576
40400
25599
24103
47333
5303
50038
36843
36420
33834
9966
38966
24552
6698
18763
7520
3228
59365
10354
30270
42860
43354
21915
53334
21661
28697
40433
42038
32236
42726
7875
22215
7253
15420
15214
40972
21748
48691
3660
29381
27175
30176
42352
29573
43981
52797
31028
51413
37381
56730
20283
54443
8098
4764
12350
14385
28421
48029
57916
16088
49558
37265
19913
5152
7269
21303
52143
54545
33638
12560
15746
44523
4275
44367
11489
7942
59953
36567
25871
13554
15938
5085
30494
31128
38310
32479
54140
25847
7775
11188
23216
20600
3146
14763
45667
19818
42330
8716
45385
21470
47673
4007
14277
51059
11668
53330
24714
35394
29871
12331
37793
7753
44520
54662
33282
14235
17780
15449
39524
56813
54070
31703
14599
8998
50877
23630
9629
25935
21977
59005
42472
44993
24203
42265
25542
7596
46194
27821
41373
17659
10985
13896
44086
42898
44915
10188
15197
26182
51363
50188
7395
24413
23252
53361
11579
23349
19154
30558
10872
3690
19067
39780
16024
15830
32758
3624
42308
43505
32639
4960
31484
15251
46625
40665
51795
21418
46823
32648
21385
43649
19778
41734
32107
32640
39837
47336
20944
30543
6718
25227
43507
4850
49231
38313
6248
14503
45482
45698
16725
39575
48432
12600
15257
12180
45913
49690
38940
30015
19874
27850
38005
8878
33447
39770
51012
13899
17100
3742
30707
33146
20381
29101
52723
54963
14965
16794
3413
11777
9686
50516
26550
47945
15176
21678
38167
51825
38974
43570
33086
43688
53270
9608
13444
36952
44164
51004
36641
27601
16322
33235
23412
40354
14193
43344
7720
12971
26235
16146
21290
6732
9989
32655
9318
47106
12816
39736
29077
32729
51097
23823
33494
46559
15024
59750
7372
10042
42596
46953
31921
44951
58526
58871
32513
51467
13559
32405
14768
20413
34542
6841
17093
31487
31634
5231
41107
15922
37767
35405
52981
25517
12918
25894
52953
9907
57429
46300
48660
5721
47474
14708
38354
28510
37336
23848
30813
7276
20840
24809
45312
36484
9663
56662
49948
23058
16714
25336
35036
15558
51047
15688
42518
9863
21595
56002
24204
20171
8113
25098
24944
41307
31405
50255
43183
4695
16936
9184
3723
56394
17856
40084
12718
41364
33498
13782
25380
8040
24207
38423
21506
14433
52903
9513
54300
32162
12661
13605
49550
54877
45208
22919
52202
25434
15865
29995
14919
43400
27409
55581
59934
30325
19763
59066
33719
22897
14244
38970
41757
38531
15186
58028
30918
29644
32195
24888
26132
27432
38410
20700
9103
36476
10795
49217
16779
17857
39555
34670
54850
38828
21004
3187
59382
31329
56217
11886
46798
44716
24284
24024
57323
7668
38305
59959
41850
31195
7706
14340
7070
9790
23439
53233
5859
8602
43489
41380
27691
4776
9921
44555
13164
11188
17140
6807
5046
9178
6273
16301
19808
27433
41041
45825
50999
54578
33465
36716
31281
41108
5641
12841
17384
16327
47986
29352
23151
19840
21835
42101
51091
30164
26160
26771
18250
13443
34326
29686
54113
32926
32416
53140
39791
58883
37717
14242
51750
20798
28579
12445
27092
32679
29647
15591
53292
33025
57233
10986
25454
12940
39491
14979
22920
53675
45501
54738
59635
59355
40234
4023
30470
13620
20392
55503
49117
22203
19745
37479
6870
34954
55392
6289
22002
18607
24194
44117
22933
9284
37381
10387
27377
21751
55575
38121
23772
39437
50858
3338
59491
35613
18691
24986
3267
39450
40679
41894
31664
5281
32802
40854
7102
59206
58826
25766
30534
4671
17623
58320
8453
34984
27879
33263
38705
35979
53199
55596
39395
31812
13339
44235
34541
42920
37869
30988
50200
19487
45925
50728
20376
33872
6323
54430
14253
34513
31439
22964
53954
39264
43531
12184
5339
23563
42600
20657
50590
37901
3042
20967
46747
45921
49926
14673
57486
43148
37434
28080
15937
56306
57489
21227
3778
25434
3062
57097
17148
51894
59351
10710
48637
48222
32378
49695
11894
49562
20311
38857
32461
6174
45354
41538
7735
11058
37022
32400
29695
45869
28888
9800
22532
57216
29517
51365
28364
56749
50582
7696
5628
49563
30035
49005
59466
41871
26516
13709
57113
55511
26356
28809
57445
24854
40530
41513
47223
30393
29598
7450
54349
28574
33928
57444
20503
49829
13083
34452
44187
47441
18764
10258
48351
3563
55244
10295
50035
48395
21394
23038
6794
