1238
36934
9182
34534
55667
26043
13902
26154
49227
39732
32873
25405
28558
47864
54267
43931
30676
41787
53930
32877
14308
36673
28318
36441
44815
42872
45085
50542
26330
58771
7548
39468
19658
55616
12318
57769
49240
44146
44153
32491
23593
41201
40636
21591
47177
41893
37466
45678
18127
55263
33558
8473
30153
16694
21596
4625
21577
28524
28307
40645
13841
42524
32408
42916
55296
40390
5597
16570
22434
30512
35065
15661
13851
33962
27158
53621
14730
47736
34064
7695
39872
14634
55710
46514
16248
11256
33163
7888
53739
8733
48303
46713
40629
53472
22119
28864
42047
41472
38086
5218
35837
6773
24238
13825
39750
53079
17240
30789
32456
46659
34449
22543
18635
3180
24458
36773
30013
48993
46659
22023
44194
37494
13662
58009
50810
44392
16608
51893
13352
38469
3054
3028
29746
17113
50578
44560
50051
40166
50493
3770
57697
22867
13831
33772
17980
17538
17247
37353
31389
58866
17570
36747
47989
15032
26918
56795
41768
40122
11461
41687
53483
57422
15441
35660
22364
4961
7096
3479
22528
12622
19699
37042
35019
25121
24502
29997
58862
50248
24495
4259
15517
36296
20589
11309
24096
42069
4897
55895
23352
41660
40114
26315
37912
53611
26121
47484
56841
5260
18752
33545
16709
16704
6594
18140
24384
28636
57415
42061
47691
30000
14178
49633
38257
29318
39617
28950
45735
46954
12352
19625
18526
49007
13059
39537
41454
3121
45053
52283
50268
28510
55004
50608
19559
42707
30853
55825
16921
56610
57981
49420
26258
11956
37342
24968
42673
32278
56132
36056
47454
53769
4203
26914
11751
22059
48675
41400
24039
51115
5795
29558
20029
13551
11799
30834
53535
55727
11096
7728
50283
36845
57321
51597
43230
34939
7818
4287
23204
56318
49572
54327
37052
13232
23189
34452
39637
26436
12147
32573
26437
50460
46828
43654
27407
29311
54958
13832
27067
32464
20734
14730
35645
5909
53731
44317
19522
36148
55934
56520
45136
41264
54742
42509
15619
32605
44747
14204
46619
9960
4878
8239
58611
38926
4018
7006
52874
12342
30323
44215
26341
29819
33808
27959
20866
38893
18457
20590
34765
25226
25393
27561
29056
39258
18898
27872
17290
22863
55996
46668
39971
49688
59844
42936
59133
57815
33341
47532
3380
27713
46780
26944
21284
25032
48226
7250
37258
3274
29451
26224
27923
30158
11438
46255
54958
35620
22425
16565
56174
35393
54492
10143
19920
52719
8892
41869
39420
43922
30307
3460
22944
6629
57817
5862
44810
5167
15632
8071
10843
22671
8595
23888
51572
41489
42659
47262
10459
32901
16114
57374
19289
45549
5321
52565
39085
33575
13268
40291
17759
7625
53919
44036
14241
53373
13637
52266
31267
17028
21819
25111
8874
5670
5087
56084
7196
40662
28186
53383
53020
30228
5884
42588
7236
31740
10938
24540
26319
50327
16594
20210
59291
27482
33897
7673
7860
47083
17388
38656
34641
42093
28735
53216
6802
32662
4546
30224
40064
4448
33140
6248
39499
32399
33117
59737
53280
52718
24942
7911
40432
44271
28352
52999
45350
30676
26630
45968
38300
35101
15135
45955
8016
38340
23916
38895
8928
18266
49050
11948
34295
15893
53821
32767
51582
59129
42313
16076
35943
48040
38576
55953
49654
22293
51664
31126
52254
13366
39264
10915
50236
15199
9061
52571
27093
10243
5646
42634
34413
26578
43124
11979
29527
33005
3270
12309
4458
6659
11275
36009
43193
28762
54594
9175
38809
25688
56148
49819
14615
57131
25743
22447
40681
12114
37034
32080
22449
11596
57127
55889
10537
27358
37761
46913
19026
6309
33454
53432
19012
38646
3065
58403
7782
11228
49860
4917
59107
51926
18616
33918
24547
19617
42162
27875
17026
37491
14770
15125
56671
6990
28006
4776
23001
4111
52079
25031
55463
13916
42599
37690
9422
22228
27714
52145
16920
49000
5842
58628
50453
44281
50860
20014
37553
45521
6982
47064
5253
27627
31993
21997
49685
59678
11851
56149
4423
19288
8374
15937
19510
45000
56835
27931
47252
28275
29489
38161
10878
9895
46859
11588
23039
24143
10786
10555
37831
3576
5335
13613
36887
46208
32704
25174
53919
7600
4922
14973
12628
13939
36769
11759
51416
27877
28436
33998
50865
50055
33437
31879
26325
3091
12175
30921
31926
54943
36508
33793
18135
54113
14396
53424
36843
4810
18421
36249
54506
13116
4400
23324
11832
22889
37135
36802
5720
4347
6131
47263
16007
15961
16735
47421
27750
49279
59646
43791
29875
10704
58995
49535
56033
44453
24221
33794
22537
37370
55747
26026
16549
50705
52056
15519
55980
34592
42994
19493
12542
59067
39328
10796
35670
54622
48476
26070
3531
33254
48232
7939
24885
27473
10917
13896
11862
36085
22600
24916
24431
49575
41186
31800
8401
50327
54492
12617
47273
37633
38882
8716
57196
15848
37136
42080
21365
42171
49022
50484
54209
8487
7030
7566
19564
4133
12984
24118
54898
53074
34046
14295
38905
22971
40874
13397
52705
4399
46000
11403
17165
22682
24609
52129
35659
37010
19811
47096
16516
54034
7178
59840
46648
39754
44067
45188
22449
48137
11066
23907
17688
25163
32091
58136
53710
31772
46676
22655
53137
23820
31041
51199
38237
21627
16693
26491
39161
44659
3728
56925
19564
32751
11413
17593
12723
4590
4952
10690
54455
50346
28005
11810
40290
34773
12032
10133
36408
39380
54089
11002
6537
3744
47647
7126
22039
31382
7330
27657
34160
31769
17420
16400
6575
4868
53045
42967
34611
42367
56063
33486
9749
9213
35413
27312
24588
41984
16051
12521
37507
8874
50899
54885
30324
8879
24648
33118
6891
19001
43582
57637
11288
22812
15684
23877
28368
52849
45104
39839
38475
20359
57021
25669
11080
34489
56054
19547
44172
13950
4399
56594
23721
17747
58905
17239
39655
44962
50878
4682
47626
46638
26102
12642
56622
8457
23214
26887
16218
37983
17002
51576
23797
34935
49426
18068
15400
11073
33620
54819
32259
37187
5437
6597
22336
11637
41488
47800
45900
47682
3763
51174
33866
43618
35902
10451
21223
50228
15092
57547
49636
47464
14183
36508
9508
25525
21577
17042
28058
30439
26503
6312
28192
56521
34738
36730
10265
26591
38244
13206
44080
35655
16623
41584
14943
9967
29313
16216
19078
7772
30545
27863
14985
59044
39094
12342
3959
55339
9429
10466
59923
32222
6146
5915
11374
42849
21882
29136
56604
22702
4286
17286
7979
27033
15999
36103
16820
48302
24962
29535
19292
39902
51753
43826
50349
59912
43637
54897
11613
20853
32584
59053
27962
14480
37347
3055
57086
23921
46269
29372
46311
26762
34217
11096
57822
41597
48847
58068
5273
54339
47628
35892
48760
47158
55836
57636
34134
49988
43483
3452
52201
53970
22772
18902
10999
58055
6529
46227
8391
41355
27547
22210
49965
41111
59083
40262
38995
58194
15402
11895
35476
26998
20206
42123
7713
35569
45892
12483
16966
53186
10356
53465
38042
45357
14144
16820
40090
43141
18917
24972
55961
48137
34584
40342
33320
32817
40567
59131
30875
50915
58568
29491
27601
34221
17838
45522
59352
50376
9227
30291
17993
20872
26226
41338
38282
25030
47681
37434
31934
22816
7848
58992
21145
53381
25631
17172
5939
47255
40396
5243
22880
36088
23661
35783
4539
56851
30211
53523
25608
58015
11370
22944
12834
12390
40066
14549
58101
49376
24837
33040
59333
58861
39434
3898
39549
52988
31223
27419
24113
11962
41321
35214
28469
21963
21611
48714
29536
52967
55354
33988
27801
41681
12230
54249
34893
3640
43857
31365
42600
43323
35918
8071
10607
35097
17733
41864
48882
8991
39409
45421
23838
22669
30008
44640
37198
52601
20469
9621
53597
27874
44045
33757
54062
23759
35711
3449
9769
8978
33895
48463
57176
19114
34519
14873
42704
12278
26180
20970
43568
38583
32995
44262
53887
45614
12208
40667
27939
51249
26304
3473
57601
14900
46013
34653
50227
37415
37272
32400
39250
23846
40793
