1401
3250
51962
28593
55069
51997
20196
24928
16869
48429
20950
37259
8680
57740
10939
46637
27179
14044
38397
46802
57915
19579
37971
56717
44758
40085
5648
54159
47462
13485
28213
8015
58582
30580
37129
26420
46423
52411
41275
3944
15106
39451
16155
17745
34235
37824
19061
25929
57015
25943
20077
41158
31100
28223
8630
28504
49716
58755
47578
35528
17241
36986
59344
12725
44682
39340
5881
12155
57257
28280
36061
29602
53029
36587
20875
11781
58047
55567
22052
30556
6331
50894
46932
47672
34752
49109
16338
4415
46232
4058
46342
14049
5976
32271
14172
53578
17791
24216
13431
46191
21026
49123
49295
17115
42335
59635
52975
30118
50893
36991
47286
57839
14141
24459
23282
20024
38698
24837
6790
16240
24079
5188
21176
36290
33296
20266
57448
48670
46184
9358
24665
14203
50824
33052
25877
55274
19106
44289
24310
37891
5478
26837
17741
46722
27273
23939
23500
51856
19274
46522
12833
31915
7091
30576
37849
14959
11223
41249
43765
23131
48934
8086
28172
36080
32156
12961
29161
34811
30189
9726
9571
41930
5460
14093
12068
17131
52744
8741
4116
37147
58301
37368
14909
50922
34162
40195
39136
54538
52368
29804
41456
58845
56661
9795
37456
34114
49534
39764
48859
39184
48877
32563
46273
13125
13303
6896
53053
49345
41394
43014
3644
43080
49247
36518
46686
20098
5035
25244
50040
16797
7777
46045
56940
22086
58359
51336
36288
18624
26624
28926
11071
3830
32961
44787
33568
9857
45271
27553
7264
10988
15798
25551
44025
38201
27355
21394
41505
42348
3691
54392
4890
13806
9728
34711
45968
37309
46924
58332
32911
47877
21007
55949
29640
46321
9300
3483
51591
13186
25400
9911
12393
59300
21683
57059
13179
36822
17079
50564
14061
37381
54373
19143
43043
57261
49561
12801
40335
28004
5611
32565
31640
38124
37653
30425
19185
55074
12385
9079
38355
27532
25590
11951
12808
51056
29373
15001
51873
25472
11468
48468
10895
41385
33341
41779
8063
41109
35994
32842
42505
31441
44314
30366
39692
7139
58166
11139
14370
27803
48843
44820
44499
5847
26189
36904
45111
20122
35408
45829
35482
15155
37975
8021
36656
28214
37486
52314
3174
38179
53786
29431
6637
3626
23555
23297
13753
13420
12274
59200
31299
43263
56495
53010
35144
32065
5079
53055
25665
16535
42506
46613
20853
25188
58343
21327
37345
11940
20453
13418
25482
56978
23591
46872
8737
49693
3741
56632
23034
59805
3933
39177
40498
42842
8019
4382
7135
3022
11312
27054
22833
24261
34693
47356
13744
48619
37757
10866
16250
44245
41893
6443
3833
5353
55428
27773
51748
19502
47858
21076
27300
58355
20305
30156
38110
54730
36599
51249
33817
26364
7298
50567
49604
19104
10785
57756
40763
54246
30834
7382
13252
10933
57601
30071
3117
47447
43063
10460
4909
42481
30355
14900
14617
57163
9403
38737
53519
49097
31394
35418
56326
10672
11552
19439
31310
50727
12949
23567
13509
37783
20870
41881
4795
43887
12077
33323
6270
45255
52442
59110
23304
7453
15369
38947
23406
59336
35374
37576
53613
57861
59269
40051
5262
11061
16378
57567
40159
38519
55095
5906
12996
56515
35920
20952
40129
55010
14660
40828
40099
54506
21726
17374
49220
8900
42811
58389
57962
44299
9398
22304
57167
28022
21027
44930
10153
15926
33062
59478
19197
57181
27014
12888
41924
56781
12598
19048
40530
12838
33472
22240
55234
33244
35508
12877
32284
21323
28335
6406
58699
15612
30788
32867
14378
22896
52715
16168
10272
39462
22462
17306
57425
33741
35521
34103
7462
4227
6127
46137
31715
33166
54540
21817
16482
21900
33185
15953
54407
24994
34751
21107
30893
50765
13007
4220
39306
50248
27989
34878
38642
18451
22646
19866
25438
12221
57240
49708
15194
15328
55218
21483
34986
44241
37669
51497
17996
55399
20423
53337
29860
54166
50354
45697
58488
8216
5527
16261
33570
5428
43725
43090
48893
39233
46567
35391
46241
39886
59057
32095
58333
45384
13067
12439
24461
34564
50560
53326
59823
53135
9453
42739
44574
40289
11950
26963
34814
8523
23868
30125
57667
25274
53083
37037
21301
35367
4255
18095
5258
27727
4618
12297
18808
18583
51567
59936
38025
38546
55353
20160
25803
19131
33998
12231
53776
36307
14000
54144
59966
16525
39781
53629
44908
26733
16724
42026
38277
44456
17690
8612
57897
22157
4622
14800
35114
52596
6278
55952
36696
27944
16848
59221
17972
53781
31264
51453
34505
18797
48904
19429
21776
37977
12240
50019
39811
40250
34360
15041
41806
14209
44970
54048
28067
51371
18098
43615
32373
38031
5446
13008
59364
54612
54238
47512
8222
51731
22061
11317
5024
23652
31047
21188
13400
11593
9029
26957
26313
52319
48410
43718
23228
18270
33866
9664
6436
8719
52183
34663
54270
29460
52986
33090
52132
15028
23873
33703
28116
50706
51715
37385
39570
3705
17555
34179
45997
7276
27331
29483
57654
49286
11053
7918
43038
13458
20063
3120
10346
4575
30579
37529
22304
21111
38930
56570
26548
40848
18498
54060
49210
31682
40009
8624
56805
10864
53907
40456
58132
31807
31567
36111
57645
27277
24112
34323
26413
26279
7554
9258
25766
40243
49286
39283
32818
36212
59664
48833
17157
29943
58032
52379
29957
17604
5493
8745
44631
35181
24530
14215
17188
32039
41925
59417
14633
36698
23123
20084
53961
22435
39899
50687
20050
23402
31747
19958
33792
24597
7133
45077
49643
47385
20108
35746
18145
49416
46972
31751
43627
3783
39548
22019
15591
6443
10895
16301
43857
8971
50299
41862
24160
13547
11224
35020
14334
39792
41770
45414
31948
9016
31618
38378
49974
17817
3950
12153
36585
30979
52864
58305
43620
41873
9032
24408
27983
55763
58551
24017
28250
40099
59356
43727
30730
18354
19180
21927
16777
45852
27129
54636
18891
35787
26328
25555
57253
14453
24699
56467
21239
16575
6993
53728
35575
51788
49025
47078
46361
6965
39153
10346
15794
19078
45895
23863
36780
58245
54652
50459
29344
59531
12332
48592
59714
56805
44572
52850
35755
30272
10454
19608
42241
20899
46103
42028
19108
58704
14302
47329
51620
47928
4391
59903
35375
56322
9476
7700
55643
26895
49471
8541
55029
48924
56675
6832
26276
23428
33776
43762
56520
52618
25339
8524
49546
55451
53507
10388
37132
18465
57540
3635
16937
37144
29859
33780
43280
32622
38960
48932
13387
51379
9092
36541
47402
8168
55886
43233
50081
16648
42738
59680
11654
14952
26632
57608
52923
57798
12886
53802
7089
35914
35012
50460
42076
40946
26544
57550
17213
3060
51819
31004
33388
18938
44221
36932
17382
39061
10815
8333
59765
52511
7250
22337
12630
24864
56778
54464
31224
24944
58134
13281
5407
45720
26811
17439
57978
38910
48810
30226
22170
27876
59149
46072
58622
53891
5764
14353
12348
59595
9091
11701
22415
39755
24616
7496
30243
13254
29536
57455
30654
6656
37717
15730
17156
42098
31770
3503
58422
7315
53852
28852
15013
13436
7712
3412
53567
43588
6053
40069
53621
8880
15071
59991
21910
33958
13779
5929
43612
51065
5557
55242
47482
29688
32539
54890
27550
3270
23906
21723
57951
25595
27414
34363
7567
13942
14618
55566
47638
41126
4583
20889
52543
24910
15770
41611
27627
7639
47930
3383
12098
39582
34545
15219
22378
36179
33301
22710
16509
52640
48433
21442
50226
26237
43690
33367
33527
21047
45759
54174
12986
25188
54162
44079
51487
44397
27035
4288
56891
12803
56886
37748
36246
42543
32321
30853
40228
46848
19583
37717
42887
12040
48108
30909
55134
53998
50014
33278
39793
41823
19506
36324
19813
16159
48125
30919
38295
6955
52725
30700
20604
29533
18796
49051
34498
34743
58039
59964
51159
12042
25968
24126
40347
19342
6088
13052
19626
7993
59278
45887
30206
4639
26959
57007
51957
35235
22236
18123
36924
53676
6022
52095
28851
19015
42544
22124
14760
28918
56829
24411
40628
58936
51231
44006
21386
48269
7545
53468
13923
33056
4894
26462
15496
23322
47735
20860
12280
26292
3319
17973
21729
42898
9439
47360
3074
53699
59761
35025
32358
47397
22224
49946
20335
10166
22180
22246
9553
49218
37905
3214
15708
25506
6683
16567
26569
34926
28602
23310
12759
16025
33472
47665
8666
54189
49574
18862
34062
59210
39385
54791
35913
11215
27813
54225
17271
5598
33936
46056
3628
23193
18378
16318
16317
12415
19049
5209
15746
6273
37969
14078
19889
50791
44051
28278
25454
56227
52718
53430
47412
56626
48993
10455
34641
26323
19049
4088
27793
24817
40888
38788
6143
35907
59087
40753
10034
6348
13390
9851
21442
35368
11394
4862
5655
9838
52596
39159
48516
17252
26117
33592
57941
33152
29282
47479
22883
29343
20021
44874
24295
42802
41926
3573
9716
17427
32228
19311
6383
16589
36479
36821
33330
39982
29841
59338
37193
48975
35300
24284
34740
38622
56397
8589
55436
45554
39467
8231
14533
22620
9546
33795
