1281
15909
48575
54155
27970
15294
10688
22051
50960
8858
26794
33556
33228
53999
40548
49121
45799
58715
53278
37508
47339
37655
17104
19308
9424
52667
55919
23602
12513
48538
41376
35992
14926
52180
31881
49048
35457
39808
40405
48514
7936
29961
7739
51087
6498
34321
22155
12828
41141
17704
52162
51994
54364
4407
37078
52390
12564
19129
16582
3374
28958
53288
22438
6195
54056
6256
50276
42926
3541
18682
22712
58318
54509
6543
46402
35968
39543
53528
40398
53105
40473
21252
55379
46193
29933
11924
24657
43552
24870
51927
4846
22345
20756
32222
19067
33841
45256
31870
42198
59325
44676
53785
9970
17002
36888
9643
40348
55315
52261
14677
12379
20844
39838
39531
29863
21412
15077
9714
28665
47734
27597
11073
11576
12380
18898
43901
10849
33696
51201
21698
9841
14459
56178
23669
21684
15344
23954
27863
53497
39291
28594
58198
35850
57130
7343
49763
20592
5348
56360
28114
10484
49668
33036
35342
50113
24347
34655
29710
26800
46328
57774
57851
3307
36367
38938
54472
22933
33125
23893
11798
52157
32163
20438
47986
31590
3298
4694
11660
6887
51085
51861
48600
54401
22282
43464
47183
56103
36968
20631
4107
16134
49050
41827
50626
35589
40881
15944
29051
15500
42797
21898
58378
26027
54046
3558
46842
16267
32216
3230
12767
58098
10684
20526
51948
49105
35739
37459
57483
22003
25725
12696
51891
38306
8343
38800
22199
45436
16723
15433
29125
10020
20115
48391
10401
32951
31206
40040
42391
52320
33555
36240
40553
8888
3020
18208
36215
56653
39349
9039
13411
20449
51010
57681
14564
16305
21343
48307
19576
41368
50232
26924
22890
30097
59514
4711
44962
49816
18994
50719
29379
23539
53589
15350
52938
18305
34928
41517
20775
20736
59485
28115
58127
26016
45423
14178
38871
16432
54652
46690
17428
37844
23280
22623
44567
17121
54859
45907
25402
37206
18182
19659
38673
6193
56254
6149
45841
34603
5759
33440
45275
30310
54781
43870
33164
39795
8507
34599
11016
8688
52735
24266
32234
56283
57163
5988
23819
49331
37366
50062
15112
52447
23162
24487
13321
41856
10781
26886
3105
27249
41208
51961
49425
50102
59571
54916
25180
50508
28959
9752
45361
51955
18123
49813
4227
10627
57443
5304
32651
23448
41156
6784
11358
40855
48068
44699
41723
12436
22834
9987
59542
8635
59103
52086
27594
30072
4233
31524
50872
17545
59239
43421
46618
23424
29333
30106
32281
12282
5122
29277
3480
14419
49006
11260
28543
13085
4767
41208
40296
50856
23445
13408
11743
43865
17895
27327
34227
54678
37930
18758
56464
54247
7919
30658
58831
47564
42139
9625
5870
45042
13442
46857
54340
40273
23471
39416
11997
40992
7168
55869
36071
6134
51331
42173
46692
30274
12971
3288
56723
53298
30989
43741
21406
31259
39175
27692
19450
7464
25782
28778
51649
44714
15728
6639
10665
44803
31269
16609
15887
48331
51752
59816
22368
33819
10298
53901
52207
56675
14157
53477
25137
21993
51969
5442
34829
34185
14919
21148
29756
19248
36482
6216
26174
50512
24776
9675
46254
43526
33462
21828
55528
15463
59058
50066
47306
12671
50750
35385
43209
58297
55376
20040
18854
28539
28104
57510
23140
43190
7349
37584
46360
37537
14250
49947
23129
24901
11652
18963
15872
50069
19125
29011
33194
27033
29847
34563
33130
8641
11978
35463
53477
47481
13061
52818
10777
19699
45867
59122
12084
34587
51177
14333
36020
22058
15738
55464
40020
44585
31729
13092
33633
7193
19510
16598
44725
8953
47870
50957
24375
55892
31919
30014
47080
56161
7400
10243
21331
47810
6229
51982
3053
49579
49234
5346
25701
51247
41518
47567
45226
5830
31611
16557
15324
32980
18347
20942
59681
11048
33596
37895
28739
12924
47926
28148
40225
5432
18317
46492
39342
51070
6253
8521
36042
15987
14026
23255
30877
27134
7889
22152
28825
29572
32975
38276
7665
52202
18652
22679
7156
17339
31937
49485
18239
23078
9452
27376
6418
28187
19616
34853
56388
31238
57784
13560
20921
50401
26644
59937
10382
55994
18811
42365
25687
33557
57271
52878
26476
54022
21009
42376
31171
7761
34969
17146
35704
29836
58532
19218
10496
4931
53633
50009
4396
9156
8569
47823
27140
46483
26826
8858
52461
58969
13145
14284
33119
26151
6289
25177
31241
19193
12618
46907
53858
46116
18531
14465
5490
55179
50920
43193
32932
38077
33585
32983
35329
40603
21484
54513
15945
18390
51639
52579
27818
30121
6441
12829
23054
17031
6582
42493
12755
14090
9745
45581
54018
32796
49704
29096
3392
12846
4646
52872
11880
10616
23455
37063
58385
26800
55239
47744
8994
21298
45485
37265
7406
51762
45032
15573
42563
56041
39092
12500
36564
24164
13848
40124
30847
22162
57588
21617
11493
36044
56341
42440
38862
21695
4159
11477
56612
54284
5309
36807
40775
53244
35358
49266
53362
38696
49490
32308
24945
27638
30692
10564
19989
14899
14097
48692
20461
45524
36975
45387
43298
38454
30919
55870
46988
54076
22473
10515
9358
11578
35738
26322
58024
47855
40296
7545
46587
27099
59361
33039
10816
14565
53142
7372
52493
27549
23146
5518
50904
41740
30094
34291
9830
44715
17536
17852
48529
13183
59423
23825
43972
50299
39546
50500
4609
49116
37391
15704
39573
22220
45357
14689
28491
5208
34821
16936
15657
43913
26042
7455
7627
41991
41689
20684
36741
27045
25113
32724
10629
33025
32962
3411
50602
19183
57804
14211
28620
42892
5124
13927
24993
57009
22046
29876
40233
19628
19393
52238
6084
14609
57953
35605
51984
45745
9291
5052
59862
23947
49930
20588
25403
52242
29452
21297
19210
54458
7448
31240
16758
18957
5629
33198
45910
8111
27019
19327
58011
21290
42242
49881
30067
25922
56554
28450
25055
18957
8385
20515
18285
7336
40537
38334
47907
36561
12067
18724
6844
48620
21054
57095
26106
32005
31206
35453
17631
22877
22107
45892
41905
9474
21490
33512
21942
20960
54754
9913
40579
23843
12584
27993
59582
18503
30709
32135
48007
44764
54637
35973
10850
28821
5364
8586
16011
3480
5240
50574
14438
40305
14024
22598
4517
8020
17449
5875
5401
35104
6498
41863
7148
44649
47302
49890
52132
34778
26364
19941
59295
8341
42202
10256
28649
30679
57116
32051
33108
13064
57904
44676
59302
19785
54230
28441
14851
13795
26497
49876
23006
4848
28128
39548
13362
28987
49824
22259
14477
4613
35770
12823
15268
18517
59406
45101
41058
56773
15747
40076
38104
23213
16219
10626
57270
33454
8989
47988
43599
49040
16557
5152
24143
50122
46878
55287
20045
57353
12688
5051
20394
37421
20477
9865
56041
39111
50522
35168
5630
9595
7747
48165
40068
8443
10035
25850
3305
48043
39411
30010
10263
11912
38972
58223
21975
29633
51086
40228
14722
17869
30663
16716
8721
22875
38112
31250
44399
31068
57337
27222
45631
44664
13733
57262
42277
36620
50721
39896
50355
20686
15214
30247
20295
24116
8194
33943
57137
37583
9914
23365
30743
27034
57033
54688
7989
22962
44762
45090
41730
17610
50118
7873
17971
32437
48646
11061
15330
16136
31716
11354
15533
23936
33055
27061
58747
35019
21568
57955
28704
27027
58194
48772
11509
56416
43417
17957
51413
30845
43097
23007
30345
28316
47673
31793
28827
19014
8948
18203
14059
50691
54795
59202
15556
46879
50312
40056
19245
39014
14260
48615
6493
58367
33221
48257
57387
28951
14691
30667
5591
48437
53506
59504
55971
54252
30633
14984
43462
34293
45698
59474
11527
58758
7815
48423
3931
21521
40939
5830
46485
6603
39898
45488
39252
14861
50570
38716
53692
11064
5546
15407
51537
15367
21472
6513
19573
53123
23318
34770
59858
41526
22451
20611
34063
14291
32234
38803
24088
42903
34665
58598
54299
8292
25820
52130
33389
42319
31983
47552
29069
37065
33725
48398
3217
27209
57837
51321
55519
51243
14764
30264
38920
51814
24363
45024
28560
53313
35908
42035
16067
33243
32809
30698
49211
33438
5778
7739
12323
36917
59249
12431
21075
44975
15220
16739
49842
52767
18729
6445
24768
4177
22658
15274
19896
36458
11018
57618
31443
46198
44213
19170
7409
14208
50558
40465
19492
