1270
7203
47384
57292
34259
37956
7480
38883
18281
37656
46354
10701
59575
12968
57660
40760
8268
20434
55482
34701
5374
6236
55600
27600
22617
5593
3388
30242
44674
45265
5349
3529
4198
54638
46880
30519
21946
56691
9206
39374
34551
25146
40189
18914
12281
4893
55031
51867
45402
49229
29299
17213
33438
47860
58214
10664
58603
50323
49494
51357
33096
7681
39232
23242
30197
32493
39104
38891
39719
45905
33297
53352
38231
29300
38155
46572
43584
44840
47166
11460
16263
5708
55300
19231
36679
6269
26613
5692
11726
48881
17941
15112
24366
35440
40663
48403
21861
55395
40629
56369
40001
47652
40076
37951
17618
44817
7370
10878
53124
27575
39030
58369
40633
13731
15019
55346
42415
56460
27169
51842
24689
35580
14230
38436
30506
51590
33214
46729
57877
12834
41766
46169
59702
21472
11776
21551
35007
38124
53510
50749
57436
3878
36180
33937
51543
17067
48880
19534
24166
27623
26245
22130
23432
13518
12390
57043
31834
48776
51266
16017
52839
5489
32087
18661
15192
45410
27003
18272
20749
43934
17662
24352
33965
18905
52235
57929
7422
27201
44584
9918
5612
26790
25327
54979
40660
56445
29773
4994
41065
48745
27187
18058
42440
25458
13674
24866
46089
53584
56577
30248
31208
53731
40972
45776
29351
53218
38434
33611
57395
14436
14790
49485
31033
4036
4795
14240
34250
13754
42548
12549
32255
40771
30877
47006
43491
41035
51113
20584
8073
12176
27366
34952
46375
48776
22030
44093
10299
32936
53634
59800
57343
28379
25703
34918
58715
6494
16185
16620
39403
7798
16380
15838
20939
59438
38583
18094
35172
59279
29275
31558
48406
41450
27195
50355
58587
17865
11811
35803
44367
7487
21063
44015
48613
3428
40559
36090
30566
42312
55373
49824
10025
3857
58875
17207
48587
12887
15003
32103
26722
33728
5087
21559
54708
4984
50688
8133
40341
31752
27466
52535
9065
44001
34521
3965
44085
18728
31340
30321
34167
30243
35755
17427
52152
3549
38786
44526
48080
31196
12432
39687
23726
32637
29145
26068
3127
10242
31647
55717
52380
50644
51398
56712
8319
16335
50110
19465
10790
45340
15376
17694
30535
47611
51979
37798
18022
18506
44731
8031
57404
3085
54775
30862
41657
54041
30175
11286
48508
10324
4315
7481
52463
31236
10689
20087
4496
7167
50858
23538
46189
45448
36527
51986
49802
13361
15873
44247
42351
54957
52359
41574
33390
33848
40165
35859
46963
59703
45891
52801
17773
11608
44534
19550
46582
37947
15679
15391
40629
27586
17803
14672
8476
21086
44930
24169
56481
48655
3234
58482
21047
48357
23224
5611
25964
32209
14265
49136
35119
47248
17099
20374
56801
39043
15738
15669
55489
24087
6922
30746
27479
47673
27811
22555
36098
47159
44187
11887
59835
49191
47635
41545
48147
20117
3565
50067
28219
59484
19014
14916
5622
22770
4862
6803
19723
17609
3007
51219
13154
3385
23683
37589
34018
12650
25298
22741
13418
47733
46349
42721
39987
7316
29982
49097
32617
58443
25196
15186
28274
46898
38081
27584
54461
21585
54414
48425
47556
40396
38611
31689
51881
6340
4647
44510
32823
35300
13792
38833
37215
7167
42530
9573
41044
28182
13724
10137
41291
29041
29347
43557
8602
5542
27675
55134
21344
57909
52626
14076
20306
36902
36775
15701
7316
20416
38192
42774
27767
16561
48117
40826
43326
42104
30903
5081
26119
10818
49840
16098
17099
51103
35276
51455
53840
11365
17266
54221
5099
23792
22275
30145
29445
56591
48146
37250
40610
13184
25514
11453
40598
28146
39898
53200
4537
50975
44160
19180
26012
37983
27583
8432
59074
38641
44121
9248
51468
6025
53218
56564
49959
4682
42879
8722
40773
56734
18319
58868
28328
10575
46720
41646
52297
19101
47862
15098
43254
6680
32849
33195
50214
13946
47683
34937
48811
8719
43645
7021
34156
58764
14528
32647
14809
27971
27635
58625
54827
12307
43201
37929
17554
32678
25313
47118
36613
19681
39248
19124
5308
39191
53855
6461
29057
29346
59933
34732
17474
18427
53890
47413
23921
36309
14482
32110
43924
32926
46191
20356
55343
55371
39638
48491
21479
39494
56346
57709
22293
32485
7549
22615
32118
15331
42918
55095
18058
24434
46832
49256
9108
35894
8126
35891
40482
15800
10305
57235
5638
15786
25676
24447
13698
50954
29274
47081
51622
3272
47072
54248
10764
42487
7001
22787
40585
44976
21529
58870
8022
18099
22319
59327
7506
38663
53266
23513
3696
14727
35609
14565
44739
38020
44027
11134
14021
57059
58175
31758
30727
21769
15526
26041
26270
30795
16405
44781
50544
26916
55760
51804
34687
30019
37700
18769
37511
40826
42438
37718
16052
34525
22362
50236
48809
56488
31094
13780
14404
11741
23449
58816
6823
40152
18070
28988
54647
43836
7094
29161
7890
42473
15648
44003
21091
7838
12253
49308
24090
56600
30969
45074
14364
21552
41703
57905
16095
22578
55880
30094
11888
57694
19885
20084
9535
56814
47701
37983
10410
44227
11508
44946
34472
57145
29729
47212
54946
19382
6690
5736
49770
44397
31602
50031
14382
40274
25176
23447
20913
31771
5702
30514
55439
46975
44161
55957
55914
45484
34868
41387
53680
35736
44108
55325
29613
28672
39299
3086
57950
44245
13033
37468
48215
21223
52009
55205
38544
55765
11755
9407
10836
58179
42899
52375
8139
56934
27701
49426
51515
59051
19600
41823
5826
18896
48399
24224
37782
56921
4036
11225
12119
23304
31587
13107
56489
55937
49962
11142
54304
37903
59085
52230
19754
47869
57246
28709
19609
6635
12875
51911
4329
43534
55289
19861
42052
54270
12110
52990
27624
56672
10582
22162
50055
45027
19091
19493
56263
53643
5248
37295
41328
53196
49536
47483
7623
14736
51042
44479
55416
55885
31010
3617
53145
4865
34930
41943
9019
19558
23193
57643
13116
11400
42580
10440
5391
20885
13928
14309
35599
57653
29709
52300
38844
34967
54029
47499
9735
45908
52977
35026
45710
46086
51985
22451
19643
26265
57043
40098
10221
4777
25017
41428
27972
9413
45162
6829
20696
27876
21877
55954
53279
8268
30658
27468
41885
44902
17310
43245
20351
32088
24629
14144
7367
26812
47477
3620
22431
25649
37895
19780
48905
18111
44426
49332
38374
14100
56044
22917
58694
31609
16267
54794
52153
36051
32390
31327
24733
9738
42791
54979
35394
36098
4626
3102
45212
55399
19677
54829
4289
59645
38262
47533
29626
23702
35927
43686
17570
15422
27726
49935
51989
13317
35535
31019
49015
52089
54510
19576
8516
9930
52099
10083
35867
32005
57276
12145
21113
22512
41095
32721
32054
3098
21136
51711
19099
39004
8209
46426
27392
24423
52918
28803
7654
36132
46928
3948
18850
31863
59654
18738
28393
20483
29730
32972
43646
4264
52348
33905
4220
39337
57916
57600
3019
14206
6085
8227
12953
40477
6447
13955
18034
58727
29481
42176
29000
46451
59294
50617
12305
3525
12403
4058
27845
6265
25521
22687
58483
45892
23957
33021
25985
45977
44775
45916
22163
3835
21861
52898
55669
12551
31086
7225
36698
45322
16335
21905
36548
10256
33743
58698
15236
18133
14945
47731
58537
15991
53596
4161
23198
42648
6045
3287
41348
37043
33257
13501
11513
59411
9550
53661
35905
32781
39643
56486
31308
33330
47403
47195
47579
56106
3797
21873
4236
42165
3549
17643
49841
57222
46063
15962
18584
14284
9676
30981
44052
45036
15239
49918
47982
9081
19758
50095
53318
55257
44619
29885
54413
10591
41918
15296
35049
6642
21073
13093
12584
44346
13137
32165
48514
13729
41716
32468
12166
26027
32860
9209
19560
56158
43587
5706
45020
18687
44594
41830
42531
29468
51680
46348
32405
38535
20436
9399
44411
48380
48825
54621
6513
49374
6400
42576
30774
42462
8183
43899
20843
15145
26257
16672
7129
18299
10655
23360
22003
12727
50345
55865
45917
26167
29655
50197
39908
30352
8006
36565
53789
8972
11360
53744
35615
19795
46740
28583
22299
53485
19968
3953
54478
6441
49832
43684
54123
12414
11647
51424
22839
39254
17970
12045
21293
28750
6816
18564
38866
24394
40576
53127
7101
24859
32392
