2200
32121
28857
25107
21834
21204
7442
17683
38007
42726
17084
49705
28399
17821
33678
7175
18933
50204
53077
29762
7469
16943
29458
33723
24849
19719
19942
22742
43704
17838
11993
46912
5752
34733
19549
31339
58871
55070
55432
47598
46025
36430
11837
15233
19968
26104
14276
40711
11333
50426
44269
5600
38116
57653
38004
56532
48214
55987
47982
52984
51333
23215
41355
48817
44496
51113
53230
50853
38320
44488
4077
43424
59899
31639
42141
28099
41345
28822
27768
13381
39049
6592
33494
8150
14469
4871
41060
54047
40317
19061
11587
23673
21202
59642
6852
10077
6363
14202
12022
40448
38134
33287
49453
12115
19364
22403
27855
31002
29826
6915
24844
10768
10494
8486
4303
45609
23043
9020
11812
8168
45312
59859
12858
7220
23610
53422
5050
27316
34909
57790
39913
26468
26050
34434
52569
5216
7205
50013
50573
46521
45349
10404
11351
30023
7475
58322
54149
10318
8174
13653
44821
55278
26529
56983
52376
49595
28756
11750
24874
16178
40591
45097
45487
22429
37163
40136
30421
13269
13712
13576
39483
49145
48273
38116
12603
42075
35995
53326
11939
22312
35639
15418
14468
11908
42839
4794
14451
22311
46373
30069
6379
45915
17675
50736
38428
36591
3454
7741
17881
35166
7231
41995
23515
55238
49982
16299
34927
41236
22456
17715
22595
44945
43966
35577
59686
23944
31151
4399
42271
31780
25509
15607
45877
16484
30830
53554
42518
21108
13644
19819
49970
19888
9169
4485
18370
14245
9262
25040
23615
46838
34379
55825
5238
34258
14111
42064
7355
6931
11503
14349
19767
45755
7119
47148
22266
11141
27341
34135
45107
31385
37400
21308
38032
23677
12444
41842
59675
59481
29508
3230
15476
50724
53916
24555
18091
17365
11993
29554
44382
6527
41338
39481
16983
41690
35349
55654
42050
19920
17996
55316
35013
30646
54464
43113
54000
21015
35944
34390
45128
35469
21206
20698
33923
50367
46466
24525
34725
44663
51638
12370
19616
20139
32410
11855
31999
39792
21153
50200
13346
42624
56355
52096
30062
7269
30796
26988
27687
40677
54304
38330
55458
39206
40289
48876
4150
52638
10344
23468
45674
53543
10804
6882
26380
27343
35349
34139
16366
53890
57993
37613
49725
15295
24811
12877
32590
10971
52816
53012
14264
48249
17892
19347
27066
3561
33263
56790
55188
44566
31834
10861
27936
29643
57926
49738
43349
9245
28180
40160
20100
36341
46919
28790
14443
47768
37361
48773
26302
47936
45463
46329
46264
16128
53850
27125
20710
39323
28228
39133
33518
4031
5075
20926
36258
28668
57031
48242
58242
5729
10032
5328
26911
9812
47239
50120
19354
58314
24674
20799
14927
43929
17037
55371
27364
34216
34497
27702
19979
22297
14809
3800
4745
44090
49279
52391
54462
28997
34959
48630
25983
20460
47562
24265
38631
39479
39168
12264
14759
40501
10023
5010
23894
52583
15203
54162
25459
19574
56273
56685
43476
20893
56819
52211
44919
57828
34550
51595
13505
27506
10811
19445
13676
41557
13466
25680
59849
5852
9178
19408
29410
44560
37768
14903
59670
45681
29800
35085
48940
29726
54676
45969
44615
12275
52739
55646
19204
14630
59243
52752
45753
6002
19504
36337
7219
56704
17032
34150
45813
57006
34418
43156
49139
33183
3307
26888
38137
18724
36776
45462
35733
56279
36151
26294
18109
12600
12830
8632
39107
33819
46282
31309
30331
9265
10212
13461
46274
8885
35558
49502
17926
8843
31284
13174
8763
52710
16783
50881
48184
43824
33882
4787
53586
40768
12644
24219
43957
51003
5584
20576
34286
59791
5587
26476
55201
6269
4940
21963
3346
33354
14982
57420
21082
54368
3874
45108
11233
26245
47265
57725
19214
44967
49120
57521
42685
39539
8348
24911
36623
9888
48689
52872
8079
14548
41857
41695
28982
10089
23124
48717
16341
16962
29851
22312
40093
14687
41033
8821
20833
13240
19206
42237
20970
41800
17216
16953
27225
48521
3985
55947
58249
48386
45735
56346
52472
52915
53351
52623
13704
24615
20438
33132
51624
54398
44486
39578
8244
12682
41151
48498
44914
58515
55816
48095
7317
58753
7936
41346
54872
30695
30261
5466
45035
28385
21915
7719
47001
53863
51092
35986
58112
14679
43499
10658
18189
28686
57798
19569
5131
22637
40019
41967
38218
58015
15593
34484
43484
36782
16113
55787
21151
35105
49545
18537
39312
45306
10314
18292
34345
49348
25560
59492
33872
57850
19435
29583
16876
10860
43224
20575
57607
10686
55760
50272
22683
54634
37584
25543
36675
53022
57232
11321
31957
19952
23384
41410
24507
30072
28592
28969
3816
6350
4057
27308
33859
37786
58282
11968
52621
23070
39232
54698
56362
30302
18031
41008
45577
17939
56514
53900
29966
48071
26558
36939
52640
12137
24213
5139
46554
36716
7861
17840
52979
53674
6523
5665
55085
17926
23183
20167
33439
49197
5495
15924
29471
23880
5586
7834
12558
10077
9253
40150
52665
46256
37942
20238
47210
46388
32801
41192
33978
23658
32665
5318
10428
32036
46215
13145
51353
43867
17653
33190
5569
3917
16482
9285
43402
37426
44352
34640
59084
56000
53160
18984
4683
28152
16724
19819
17334
45686
56647
24730
10734
38620
5684
34264
25745
34078
42527
24107
31063
41943
8560
13881
4135
31241
4949
7260
18580
28600
27747
36581
19324
13039
50995
9364
46201
4460
32458
11718
42278
18334
12316
47637
8691
5597
42543
53005
29948
31568
7678
43228
5319
52990
52912
58400
40367
13379
32033
37767
15224
16748
31387
41382
40131
42305
11664
24730
21183
3301
31338
30748
42442
47882
59424
45427
27933
25521
19851
18684
11224
3364
6920
10423
27613
35054
9177
24413
31919
6595
49373
19023
54786
30899
20868
31419
34554
35828
25484
51171
30572
49002
53479
14495
28327
35741
49659
43645
20994
35822
53551
12560
40649
7182
15597
37411
16738
18818
32601
44854
23226
21806
33534
28515
3853
57878
59287
36891
19516
55881
57490
33777
44161
45150
28753
38328
23707
30042
49119
3750
28584
32420
15509
7559
15569
34746
20884
21600
26105
48991
28679
22735
59069
45913
20802
3253
17656
47404
34063
39069
17777
41440
46541
47170
42385
7980
54428
30735
21274
38437
14688
51113
16245
26379
45438
35668
35046
38765
33838
6847
28028
54278
36530
28251
14718
10333
20845
57717
40841
7309
24634
16107
45275
44325
59755
43797
41030
10890
35935
4733
55192
19928
42383
7891
31671
6060
44130
9539
48046
31093
7385
57265
13012
39876
14583
56222
57516
38895
20106
3752
52263
58734
21638
24947
24385
15485
45046
42411
12103
19332
4851
38882
45139
24325
15486
32295
57934
9580
13717
32888
30353
38957
34089
43878
12439
59912
25971
18042
34318
48168
47936
23007
35938
12172
18612
31941
57437
56344
31941
38894
52614
12351
9288
22247
9003
22258
20348
44676
14906
26038
17806
17424
29050
53586
13067
18366
59315
52821
29336
34629
31700
47092
59190
15445
15045
35890
24220
30039
22698
45152
19076
58849
20557
54434
57824
14629
8623
21469
30499
22832
16692
6582
27998
43636
9498
39551
18285
47567
46852
28983
35936
45464
20257
56656
29239
22714
17979
47804
38199
20157
5727
16609
59062
46499
15490
45334
10910
17556
22688
55982
26126
25865
58565
29004
17889
50535
14254
32699
12652
46605
18522
41170
7630
22710
23089
47543
43760
54065
48762
12788
10118
57734
40342
54070
22940
38758
18223
36156
55887
7226
49661
7195
54697
19259
57753
57258
25128
47935
32930
45901
35472
15721
26202
32827
24553
41619
51798
14949
11966
40140
16019
18931
38738
44397
25804
7835
21685
42364
7110
34618
35762
44064
43990
19056
36972
37866
40645
57763
37391
25749
16091
27861
11469
47575
5214
14834
30414
4493
58058
22232
22696
19748
38221
44918
8011
14786
13435
20300
24663
46805
3569
19261
28514
6234
32098
43935
19136
41006
23016
34571
44306
4000
33716
8702
58334
44002
16950
56495
10442
5645
8787
7092
22632
42186
31439
34265
49863
30022
16491
36918
26043
40842
22950
55675
23419
34661
45668
47048
21703
27957
5468
30958
54199
50974
52815
31404
7985
52993
21557
37570
56334
26121
23918
25087
59871
57013
35212
4163
22161
5188
41449
43942
46084
46247
14296
3195
45102
43654
32231
10087
19651
16806
10999
40083
37038
35168
10997
49938
42793
55907
37003
37551
37274
24058
36207
54179
37988
52543
53722
14847
53262
48558
4880
12719
17948
12619
32056
21020
7793
55524
51835
38682
52818
35221
48627
19792
31613
18438
34893
53148
24053
16929
10896
38620
4760
37907
46603
6915
59813
7055
16165
49007
9789
12698
50564
26056
10964
46529
31203
12552
34205
14871
39610
51212
21459
4878
46447
33520
51691
18780
23507
20242
41728
53986
56616
53521
10718
18984
24027
38906
31733
38275
53890
50367
17622
48746
16181
6340
57148
44658
36084
12747
29327
3179
17627
44382
34085
46381
5231
49194
6610
32134
38887
41837
29488
45325
32426
48438
22403
57312
38868
6067
18621
33446
24806
21815
31165
34958
36063
36951
37374
34930
37648
37659
55713
4734
41086
22528
5431
51840
9126
41080
34894
5542
46779
14933
23880
56767
37231
58532
26688
37728
9735
41125
23349
11549
46086
9443
36938
11178
45068
5409
23122
4787
14058
47645
52772
18695
15092
12800
4439
3998
40531
28655
24123
9703
20453
22791
3391
53226
42651
25364
5959
49694
47564
6909
42868
20052
35454
36838
39150
50616
15120
33842
16175
20185
22442
17384
19156
17680
42406
56439
26306
13838
24430
50377
29155
20641
47382
52831
44923
16982
20799
38351
46706
15039
28750
35612
34220
42156
20056
9497
10234
28168
47435
48747
23224
32025
21411
47309
24211
37742
45593
3788
50676
48709
38631
41582
7418
48394
32793
26396
56303
23405
57097
14285
5479
11328
9262
9218
44835
40988
58826
20174
18407
39317
22572
20943
52485
22655
6792
13113
6008
54259
56479
8805
34936
22286
27259
3711
5316
28300
59968
23536
7591
47001
5658
3576
52965
32834
44517
19267
55621
5494
51932
9864
50152
18406
51044
22464
5125
39637
20956
32889
5697
17111
8394
4684
30226
10044
38928
48005
28532
45357
41013
7084
49334
43459
29935
36327
36984
42187
8170
56013
26147
59421
40664
4044
35561
51415
31935
13281
15294
33236
47776
56578
46975
18229
14839
42320
4730
45417
11731
21660
4324
45937
49083
51703
16816
23122
12903
36252
43688
25185
46310
24249
56913
52214
22699
59234
38672
11888
49496
50398
38876
10163
19096
56460
17040
55195
46423
46799
45038
58631
21509
31300
35903
57931
38049
17043
13314
16578
22139
56704
47074
20868
35793
54294
52697
36862
40660
39058
14157
54989
10354
11462
28917
56426
43327
59689
16988
54366
45625
37336
19087
22139
52079
12251
56380
58550
21741
10202
54493
3668
4628
17264
9929
19456
7173
57223
30091
55016
31113
48708
50746
18168
23428
47267
42978
42523
20085
54103
28631
16434
48844
57696
24840
12289
3895
54127
54683
15381
50297
56605
43417
9471
8011
58394
8628
17209
5772
10812
21497
16004
22728
45281
15100
32768
40994
5353
36877
35756
20858
29919
26630
13714
48397
23605
24836
24187
58460
5043
19910
8141
39683
53264
19728
41727
33349
23578
22622
19913
34397
12046
20692
16965
35374
8145
25681
21620
57705
26536
14530
18357
51351
44375
56205
48090
29089
49593
12667
9401
51385
42992
30967
28866
12671
48484
26180
15054
49186
35749
36228
16637
42324
41445
46445
49612
6068
16713
54875
27477
22493
57365
14622
3222
29843
51896
34859
45043
34158
48227
15925
25107
21327
25644
48474
34417
21404
51742
25891
53320
27215
4906
25495
22106
11695
20049
43963
41805
34885
35654
51710
25616
41219
37318
3694
13676
38743
54719
38733
21716
25940
52221
16250
53882
58709
58789
36210
25117
30165
59289
25261
17879
25466
37687
59416
24248
12367
51635
40897
11194
18281
50158
46187
53502
20578
46416
51827
10449
24495
39311
40579
24438
27442
54790
11462
19206
58487
4986
41402
9415
50632
9001
19542
10077
15016
27714
57104
55337
38633
25533
36508
28831
15103
41743
11556
11672
9614
34678
16494
7071
20810
3937
22023
9138
17313
6979
28783
4580
49522
25368
56667
7559
48338
31855
22388
47781
23659
6751
27037
3934
17692
25766
34735
31001
31017
43127
29578
7308
34472
32892
24426
43403
14457
57587
22785
17818
43872
9080
29717
45231
22584
29077
52322
44976
28781
36151
50421
33725
47802
52218
24081
14276
20128
19619
32575
52586
28955
39219
30274
38822
29598
33387
54957
33439
40351
40838
21883
18602
38782
16598
12962
38302
31337
43885
29109
10617
47668
17776
15209
28436
18882
53843
7651
5724
32811
22527
12238
12232
19041
46794
31962
12420
8241
16933
15057
51069
7153
51765
16741
37732
4968
47247
50502
7076
38524
28537
31909
52778
49897
8109
42506
26587
20043
30261
38334
33749
21855
13479
19150
45396
36039
26086
34840
22621
43114
14941
48947
48353
58410
25679
41088
22672
14476
45960
9000
22807
20704
38198
32142
35109
25087
9442
38573
8943
59329
41217
37436
28319
40449
14998
29132
6128
13398
56376
21271
33854
32807
4936
37631
4447
10438
59983
12902
34189
23594
17908
36176
16246
54505
49453
25720
18297
45914
28421
20209
35851
16562
42587
57001
29601
31945
6036
59739
19550
8107
28575
58819
24949
27982
27534
34370
8354
41370
7581
36875
57432
23646
4809
14700
5175
45808
44114
12408
28806
5312
33487
18193
53850
20730
6695
20747
11002
8917
14052
27343
19498
12659
23498
7752
42670
53055
23741
40996
37710
27769
48997
28982
46137
44185
52027
46288
40886
53101
35049
55899
19557
52199
10387
6994
17884
21470
3957
59584
8375
49681
43005
50347
6848
3048
30739
23357
36553
5904
35720
21446
14839
4933
27957
43403
32597
39916
32224
21903
15467
14851
34313
9191
10553
4615
21767
43533
11239
48263
42355
25401
9092
55666
7542
4096
25767
28738
9851
19119
48799
29106
13818
14674
12367
39943
11640
41202
18314
26650
24403
43035
47595
9054
53748
6891
59820
44789
9136
54987
49207
11260
11621
37528
20250
59645
20369
23134
