1577
56359
44556
16296
47324
40401
29329
9878
36284
56331
11782
3351
50753
55627
54922
58774
3375
47686
51720
57451
26123
26197
35353
37921
11886
46180
34607
53017
33477
10748
54870
10024
26565
49203
53060
8473
9529
45443
14394
9015
56057
25520
44492
46188
10326
31773
20038
44862
34107
13045
50843
41739
24810
14971
13074
13999
9803
10831
36691
33817
30070
34890
56332
40488
8317
25865
35849
26853
20580
7275
26902
58368
28875
39452
28591
30365
19680
50771
49572
41407
5453
39837
12650
6350
12207
25007
51725
5753
35617
5709
42170
45570
42990
4422
38175
22678
57702
13167
35666
27196
5647
4304
30684
48707
16264
52314
19383
29213
11962
45329
54210
15525
33339
12648
28702
50808
53658
18843
50175
20561
3480
54668
49193
51729
30778
6551
45652
29442
27150
43187
23202
41769
57571
9193
12036
20866
4054
15533
23125
8690
56178
24265
37004
59588
16581
6264
55091
47243
53035
23590
49436
25868
57688
30901
21132
41455
35149
28305
20643
30465
40132
31771
12329
16993
45928
39232
32802
24246
20931
52241
29768
11187
58377
5380
16843
24002
37831
43001
41302
57744
37946
17440
38823
40871
8704
10987
3523
23641
49321
24265
15019
3943
10369
28341
13084
47862
8046
54623
27333
17592
15842
34848
11075
19067
33749
9819
50352
34972
3078
52776
25635
43786
58059
8460
14654
34690
8618
37198
57910
49843
55588
54548
45151
19105
15622
10245
45790
33647
49667
9596
14494
15460
58579
45052
24046
4270
48441
18362
56317
15949
50411
43082
7093
25847
23488
29612
26635
40497
42746
41141
26869
35292
10812
24564
8145
35375
38755
37354
57998
21506
12172
35977
20898
37084
19343
19047
58390
17840
32430
34275
57136
44394
53965
7054
21724
28071
46295
34710
12595
51112
57495
27917
23696
35274
50739
26214
22238
20442
34456
46810
46383
33613
36931
6321
44859
21489
28821
40241
53800
40717
41611
19715
15221
37168
25505
37748
3363
23661
36854
31339
35645
3988
58395
22629
37393
44488
44502
39581
8164
4505
56474
27844
4492
19354
34209
4888
56828
28216
56190
18571
3223
11492
17314
10934
5729
34287
21038
53367
8501
7272
13702
39451
21596
10779
15127
35670
24817
38771
17970
35456
41680
7171
36969
27273
55170
38966
59011
32968
43026
25104
49832
36014
3198
8945
36227
5358
17521
27123
17633
17230
31397
19269
7275
20322
23897
46375
38564
22531
46008
44425
56639
15626
24927
59458
21217
17529
57349
48382
23732
19078
56726
20148
46403
6200
42312
54101
51038
17739
3107
37449
51763
38939
32172
32567
56828
35273
12561
21644
29871
24852
26434
4611
58409
42167
6276
35110
54393
24874
49292
28064
47751
44163
41764
47704
37407
42657
20482
29703
17632
47765
11799
47930
57367
14208
20068
45539
25862
21258
19478
51730
52914
31424
13687
56533
3450
40420
18969
38010
22562
12171
39479
26992
42103
37564
30214
20491
23157
35573
33193
46645
11074
38295
48324
42314
28877
58612
29756
45792
7041
41338
32229
37886
7165
48552
54694
34709
21240
11859
23557
23642
33587
36520
21565
58000
34415
12261
53694
49698
27993
18000
24507
8578
54271
59923
3011
26723
56762
3916
36828
50032
4740
16359
12621
24088
14118
38150
59720
19073
41644
8324
55230
8364
25632
54427
17363
15582
24469
37515
3337
41653
33690
40153
59930
32056
9354
27321
26528
12319
59890
6724
54124
11763
36758
52077
28033
23709
32905
18002
21815
55805
58277
23291
3447
22506
51501
31504
22226
58819
31849
6261
44391
7665
44316
4258
56767
22602
40663
5024
24107
57821
53752
58297
50938
10741
56084
22898
8587
34906
27046
11012
42617
20549
39001
50166
40465
48122
16246
37181
14926
29717
56328
32311
49489
42842
27366
17930
22759
24949
37021
36456
10920
24255
23129
43672
48694
41804
58070
57689
42352
44297
5964
50048
38010
35971
27966
49220
56390
29454
41709
52054
27919
21876
34418
50493
28460
16099
52680
28782
24031
21958
24054
10081
46540
59111
55965
32238
36097
8965
17694
5340
20593
47968
57711
20861
6900
25765
56772
9018
32757
43478
26571
25134
19155
46320
11125
6307
54467
34427
27325
36129
22432
41168
52907
36614
30253
14085
33749
18092
11463
32967
12730
24529
15837
51108
57777
45058
6111
29844
38024
46006
17639
34075
30682
35923
49016
32577
17481
35146
6289
59115
24714
52662
26529
6485
51804
15097
42081
58520
3542
28514
4383
30625
51894
32598
36511
12602
9456
21623
55705
9171
59065
41613
39811
56051
27480
28082
51503
26062
31506
36943
56212
23390
49343
35662
41247
20782
41858
27251
10518
10395
21903
9044
48973
12226
25861
50151
59044
37437
47746
14172
29117
47840
18329
23658
35848
28364
6210
21649
7854
14903
5975
51598
40232
45588
54351
8751
52367
18567
27392
20090
50495
58587
11120
51713
21759
48114
43484
40246
33933
48406
42392
42281
35769
5508
55537
55188
18312
34595
39794
22875
51187
16985
19307
5176
16092
21861
22290
55381
14083
8114
48095
39246
21154
55452
41646
29661
40634
51347
42588
20100
20625
3973
58119
35201
15074
57817
14484
36643
15847
31946
53919
13723
39189
37739
44964
38989
28867
16952
32627
41117
29033
13406
20851
27845
28099
40300
10418
34455
55172
18369
7970
15889
33943
11516
50377
9000
51204
31642
22190
57379
36421
26723
8837
50156
49473
45673
21905
47651
37404
37897
22340
53363
33196
22702
9350
33981
15151
27262
19708
8306
25424
43459
38386
56590
19777
40534
34066
13768
5833
53280
18577
39831
14877
12741
49683
13367
33635
30616
32826
44272
48081
13417
41292
19785
52321
33695
3367
10167
8867
27422
12199
21814
4702
43884
28392
43124
50100
18784
21989
56334
24444
15810
51075
31148
14391
50770
59828
57134
40047
48832
48583
11422
38910
19361
48420
22695
40936
42113
11614
31944
10027
36793
32012
34983
10781
22886
55966
16089
12818
56895
3633
34487
34376
36213
45107
20542
39366
58754
30332
57488
13107
44771
11080
29492
12911
39707
24717
28945
11184
54968
8178
43401
37414
45365
57064
53623
34716
15353
47150
25717
10712
14279
12708
9906
8290
16298
46302
35835
31955
59385
12358
37449
11499
19909
41167
55062
51981
54178
6983
41482
14955
19066
37548
27758
32990
22379
4637
21334
32813
27036
18251
47428
40746
48385
4886
49593
58754
33055
38198
20657
55010
48606
6310
38822
35740
26101
55951
42266
56105
29219
19368
19350
11299
16175
43747
6528
13801
31780
18234
56026
39916
29939
39264
22375
45850
3365
50220
58863
27987
11821
57787
22398
52241
27732
17062
12904
53186
44680
45273
55873
31654
53477
30716
48778
42119
29103
59037
53151
21546
11193
7298
19297
12926
59618
6034
7899
20343
28085
58436
42676
45779
11061
21696
6154
14688
31263
35491
19058
35718
10442
58083
53753
50218
56624
39063
49939
49382
50456
17853
12898
45514
30797
57117
10176
45615
14717
13021
54741
26755
49653
24834
14127
59695
37845
27991
21006
36642
7194
28123
34952
42642
20392
49754
38575
34091
55191
48537
59469
3680
46439
36138
15199
54889
24216
4341
25152
19773
12338
6946
29658
58956
21153
54806
12671
49939
42085
57041
15012
58124
47170
53649
5786
47504
19881
45586
5738
50565
40377
17123
8634
16363
11109
30304
41669
16473
44563
16505
49760
23930
34490
44979
20669
36549
16156
25517
57493
47164
13810
5068
58428
46826
44843
15643
58151
28102
9610
5153
58580
23949
9793
10714
43268
19041
20683
51485
56924
27149
6023
41243
21949
35268
5417
8961
49120
9103
40617
42880
55914
38428
18906
47248
45184
12307
22018
49207
52019
17398
10707
4448
54279
25576
17471
14155
48528
7261
40112
10886
9621
32933
45432
9391
58674
32361
32939
43685
14379
32452
18261
35094
54544
25736
57568
3553
17304
10577
38280
53165
53480
54606
20152
58680
50576
53392
13710
29520
5042
3229
20794
54844
23403
42777
59074
52388
17675
30673
34712
53983
7337
53501
48273
54149
50527
31557
38424
59855
20604
57007
24994
47377
46568
6531
56503
10775
41064
39909
53483
42228
51530
38310
51899
14627
43767
29328
51872
45942
26639
11408
40257
40619
41987
19590
15499
52547
31928
25577
39654
39053
52153
55597
31627
59666
29576
49719
47690
23193
5786
36050
43176
52902
37492
33903
35146
42896
14343
23066
52286
23920
18004
23053
46009
34159
24903
40706
31931
40395
9033
37079
36126
34389
13858
5542
21816
59928
28736
45802
58634
23651
17685
14703
47352
15643
34644
30221
21929
26817
5119
21814
38559
50653
40857
27458
28177
18779
10925
46459
29439
58384
18757
46710
27367
14381
43284
36195
34551
15110
59270
35541
19659
5931
55032
39487
40921
20658
20663
33209
32314
22079
19391
21335
33209
15192
34750
42655
37174
59744
10919
44740
35268
27082
31576
52967
30685
39593
59559
42415
13894
17458
16189
31209
25718
46862
38013
34747
36468
36354
19977
15343
31180
9133
33092
29966
54532
59788
43800
28689
13288
22916
8836
24117
29039
40649
4987
35186
38801
32903
29140
29387
47349
11228
3983
23950
52047
18887
17857
31934
31814
49884
29660
22274
19910
59923
34886
16338
43088
58906
14166
36676
23503
55282
20088
20777
56442
32124
28516
51787
6862
20927
49773
53350
25714
10318
17746
38992
34849
6533
52952
52200
39981
36026
6129
41448
27167
11321
56843
56751
39542
56423
29611
39986
7942
18799
36945
36421
6328
14418
14457
40830
38377
51890
48957
20840
44317
16576
14933
9999
3254
42629
50007
39971
4305
10836
40957
35327
44332
3998
51188
59014
20821
4177
28266
33174
19598
51524
17387
18529
54551
23809
15510
17875
52362
20242
11863
52048
43062
16640
13384
4730
59651
14515
29422
20969
43434
50994
39120
21035
37860
22479
20206
19879
50030
44608
44096
59724
56188
8596
20897
43935
9160
4268
25134
55341
29514
23797
51154
32180
15304
33527
23593
56698
46183
43828
32075
27097
35506
9622
57957
19546
7342
49035
53686
37396
49753
31911
47262
52913
25220
47652
52011
29832
24422
41284
49241
44569
49452
56831
13812
33177
20057
48180
17928
32907
9740
40789
6048
34882
26513
59822
17313
