1569
18417
51588
4792
5731
49692
33633
14339
27505
55483
47072
9949
27630
37286
51380
39973
30509
10463
30136
44586
33339
11031
35243
8429
55739
19379
49847
52371
33108
28232
47645
20262
50432
19766
19336
54199
8180
41402
33754
48032
20443
31013
30862
26745
51741
7201
13930
30754
21519
51664
26836
38437
45361
24917
19596
34523
56928
57253
58346
36214
30193
52930
12442
20862
9528
45456
22660
8332
24347
55558
41798
55104
53002
18241
32436
47652
50895
54310
40925
42849
16576
17895
38338
40096
21043
8420
13520
31719
28900
16928
11484
9616
6188
14464
42797
31039
42038
59610
57258
18715
20283
12743
40187
49483
41846
56338
51499
45341
32151
23891
20280
56187
30571
6953
11422
7334
53877
11107
29122
57057
6450
42359
49730
51429
46798
55762
6000
53544
20580
6717
41833
23879
55846
41959
32253
40249
15882
13353
57832
11308
22456
24115
53978
59415
7738
24971
59192
41516
20779
57270
15791
3949
10761
58510
59713
59293
59820
49537
24811
5862
25770
40218
58089
9621
56009
21137
7549
14066
56462
20668
48424
58840
20524
10557
8845
42695
59190
10634
16254
53537
20359
6951
25843
23593
45130
40913
57642
38838
56710
53516
53484
48658
40695
49623
53126
16474
33109
34362
44487
38564
54293
24648
43946
32094
26137
58627
59860
48275
20304
39841
36506
29169
38117
17337
41209
59409
34400
54743
34952
33226
40994
35218
48525
40563
28559
55594
43686
12876
30348
16631
35614
37782
35965
46577
42435
51566
23583
59948
13526
31418
47934
16538
36779
45044
30452
33674
4488
4522
34336
55275
6306
24650
50554
21773
50102
52409
11163
47943
47721
49032
15054
36469
29820
14754
3249
7448
52482
30486
23706
4820
14368
27740
32751
35526
23690
38067
26841
35358
28620
25919
19118
50220
56786
12633
19066
55728
54196
22019
12324
24062
53577
15602
17889
30823
5358
21265
51660
34573
52441
54849
6328
18955
21112
52932
24161
35508
47698
14024
28735
47945
32358
22512
5150
27538
25013
8529
58191
36591
59202
35277
25238
11288
30499
57192
8342
22681
18366
45254
30731
41682
40061
22132
3637
8970
9357
56624
49113
40191
10359
52497
16464
8813
14039
25538
19916
13844
37139
4299
49613
36407
31165
50673
49372
29106
23718
9412
48274
41088
20233
48152
37678
46551
37429
16172
47824
46677
27530
25704
29192
26173
19213
21742
42662
9630
6805
12436
7222
36038
14649
19316
32499
40020
45356
10072
41745
9245
32911
42579
43594
29669
31850
20745
53052
27960
37381
15322
16967
4895
30270
52648
37070
18600
32216
48890
14752
56902
24120
17309
21606
59836
49301
12595
21668
49331
15857
13522
58517
52247
23021
18044
20534
21159
11369
20674
5390
58594
41852
58809
45424
16304
40954
3413
11269
54237
30132
11665
53752
47570
9328
24275
36131
55029
56538
27868
30114
30033
33791
40302
3613
54520
43224
52288
29380
36821
7358
6346
42808
14847
22297
51852
55273
17276
30073
7551
19207
40814
24742
34951
56022
34990
47345
58489
46319
41829
12741
31470
9711
35075
9387
29492
10584
4239
8898
42922
47611
5684
23238
6014
27169
9400
10722
16647
7890
6395
38571
37962
59260
21879
43343
41604
38992
26228
8574
37395
19302
35140
14572
17390
51596
40200
26674
11645
14574
24582
27677
16439
13810
11593
12411
52870
29055
5584
11583
27894
43759
25143
4013
56844
9610
17786
51259
58496
50581
5721
38872
35891
44625
58635
11370
19207
33068
4303
31502
39446
45869
42089
4566
4568
55084
43882
40093
9780
45552
55258
5033
8714
19925
9627
14818
6286
3859
3140
53007
5967
14477
11223
33003
26507
53106
44914
17470
10706
40134
32849
21933
16910
14792
13958
59328
23226
52973
22117
51622
58666
55236
30496
37932
3713
8223
18201
47991
12928
23148
42995
34212
43391
17099
37834
15820
55104
53823
21083
50585
15687
44114
44115
41623
14843
57877
36917
14189
55173
51994
39456
5954
21497
48537
5240
49516
6757
23633
48730
57681
26220
20895
53043
40782
16128
36834
40316
7609
53676
9913
28696
6249
4159
53710
53905
31302
12280
8167
47734
46921
28121
8373
3285
31687
16087
14270
51026
19363
25445
25083
16524
4908
46660
14390
57698
15191
8482
43736
33311
45937
4627
4075
40692
57106
6046
30843
46622
41900
45752
27299
7330
47643
42182
8127
23342
39179
4899
53621
11848
19957
16981
54027
37527
51241
23272
59020
55758
58526
27295
14962
50595
56951
53130
34876
48209
13041
30276
46914
30684
39498
53522
51206
16214
58944
4501
35664
44666
26839
52976
18105
25792
42554
38445
21409
40415
13989
26454
59827
37257
29092
16468
20557
38505
34630
31233
6504
3628
20375
51241
32569
34519
44920
40047
49445
43605
50305
30177
56187
11411
32354
29656
54002
3431
16476
21865
35879
14510
43777
59495
30189
59679
48957
59920
18128
20541
10136
12461
14361
49235
24973
3945
38764
47093
31900
10736
30962
28896
13266
38215
41957
42390
3867
33501
50361
21510
37177
52906
35920
15750
41981
41064
49944
19224
9804
50310
32654
53561
9941
47314
48162
18015
59731
35888
20367
29417
59448
53935
36713
22879
10579
26977
49857
32729
21809
11693
22022
29305
38656
44758
29313
11934
18062
8399
29295
56883
19561
40336
14296
9359
31606
50749
25918
49126
45934
8402
36228
28591
24323
46189
38255
16309
44147
25909
44290
45451
18823
33601
18393
26537
10650
21026
43798
20877
39491
29010
41703
15258
26846
6499
39189
44657
51212
58065
25721
39121
26138
41899
9561
25446
44538
54201
35817
37668
11941
20003
52073
25876
21048
22201
35190
5266
12301
54312
21370
58241
5665
52081
55636
45521
50667
40063
39775
52584
8935
10999
21817
46451
33644
29188
48525
56696
12023
37212
36085
49782
36767
24277
29191
3659
32397
39596
23226
22914
11162
6027
37216
46642
37586
13555
38285
11973
13495
6223
26650
46201
40637
46195
34915
40806
31289
46192
20344
4423
44065
52346
9357
5827
53134
38556
44819
52469
39911
20563
18526
8661
34514
12874
17297
6427
26338
19983
19168
32511
3360
34752
15351
56296
27518
57969
14419
50210
20113
41629
24839
41332
54382
25714
15740
41533
41742
53407
35948
58603
39270
16186
20061
54140
18698
14457
10553
58006
7981
23030
25362
53907
17524
48789
25604
17648
5276
59622
32463
9389
42383
20446
26172
17628
4242
3433
55323
51453
4696
10907
21709
18226
47705
4192
17193
53704
16232
47966
58386
48627
36137
22515
15760
25346
30501
5015
39959
20557
12375
42378
21996
13159
35443
4942
49791
20191
29498
31522
16688
3301
50856
34652
3024
8632
4069
52203
20114
28506
31024
20845
45373
22006
31349
17621
26811
18743
40205
16438
45063
21537
17445
28801
46861
58610
24797
39673
29746
21874
28759
11187
37592
12440
39010
7790
23861
56510
45385
50390
12786
38666
33420
48923
56286
22666
51488
45402
5982
27643
41356
56449
9513
55632
58492
35019
8371
7064
41918
4472
26024
8847
41915
10389
16528
30829
8669
45561
16721
56609
23671
39065
29972
43163
32225
13004
37619
14266
23477
24985
45341
56952
28809
58317
41929
35423
12908
41914
32417
51521
39526
12995
4314
41192
20870
39569
14973
57222
52824
55843
46920
27083
7647
40402
44978
13478
19927
12831
19389
57846
9105
8551
4711
34307
3379
9529
47389
38359
17061
15725
40189
11128
31607
18327
3545
9831
39520
24946
20269
24189
23047
13435
49026
6948
19152
46135
6980
50140
6103
52992
27932
8188
11698
15356
4659
12734
23636
46571
38410
23573
13354
58622
43825
42919
27006
38147
16441
58620
30522
8865
57144
57514
5945
57900
48700
42407
55469
26696
19195
24344
45945
11853
42221
24344
25348
23051
12699
59140
18489
13557
42446
7552
57508
12663
47230
12101
54854
12594
18979
31944
24569
8332
29923
40443
48546
6375
51483
46531
5196
40554
51274
25774
54444
44444
6972
48291
52792
53275
19114
6847
16948
23257
40037
28353
58440
24309
39642
9296
41527
3752
35138
11716
29035
5472
46384
54101
13258
3478
49470
34595
41300
55243
22509
19047
50666
36699
44614
19156
20212
27167
49957
42874
22596
47064
18504
25261
7436
4635
59343
56530
33130
11023
34016
59251
43001
5727
53031
51514
6675
16791
52406
34047
18217
37671
17641
55313
28005
32406
47641
24717
20704
54442
48589
34007
36205
33807
57020
59367
31748
51576
35748
47479
6181
26589
46542
3920
8771
45289
21638
7541
47779
49521
14790
3060
45318
15982
35424
20673
14010
26781
8658
49811
13321
30189
56644
35332
16735
55712
29267
35725
28660
9657
11658
31283
46993
19448
55613
29806
19950
15531
35649
31417
41137
16967
49827
34063
36499
41977
17054
55606
25558
7770
7719
35896
22456
4208
28522
5739
29459
49719
24422
30993
15252
44427
40654
34062
45361
8888
24856
13986
40386
40712
53601
10035
34412
33007
16328
28396
30852
23522
8084
37049
48770
26126
3970
4897
19071
4101
49184
18756
25404
13741
39355
49270
44254
56211
7844
3256
3691
37153
32637
6025
25578
21927
42547
9651
9937
45812
10863
17181
42923
54327
14912
41346
47650
9216
54171
17971
53896
58712
55544
42730
32442
23733
6256
12585
25526
56319
52406
11647
29669
28911
46017
28422
40686
18149
59431
38132
15081
27557
56372
14691
49991
41591
58959
31919
54759
41426
5997
5584
14515
21297
17794
24345
36778
37584
9661
21659
37441
16017
49042
29634
26959
16202
28512
50567
41758
10372
3001
21829
46716
57968
30261
19992
18414
57368
5300
52891
30645
48765
5259
37023
35028
12316
21214
44782
6395
16252
45577
57123
48874
33506
5891
55068
29325
48257
53867
32595
24997
41596
5309
24324
30555
55362
10977
49754
45110
37605
7542
19686
39460
26026
57875
36916
31677
11549
6575
59831
41988
56445
7492
32464
18094
7603
57932
57264
54770
42634
26137
50532
18747
37802
48546
53293
43132
55500
49927
32336
7343
30539
11186
58582
7124
28803
8876
3135
20655
13477
56827
9077
35384
28064
9530
17833
15227
19415
10125
58483
46557
56430
39059
39854
53291
21285
15475
50719
