1425
55252
44252
8010
16664
47955
38682
55958
47598
9922
6976
27908
55207
46421
35145
19502
45681
59671
40726
28557
16557
35644
27329
28137
31458
30433
57712
4288
36738
5130
49911
29730
9680
5616
45962
37119
10399
40403
53734
37149
41597
36402
40606
54897
26439
15674
22959
27043
37694
39613
25652
47938
10851
43973
42562
58551
20887
14869
48399
19047
27889
50328
59940
36120
55616
59723
46212
9822
9436
33044
22642
39636
41815
27207
56059
17232
34711
29612
5502
54372
5439
23624
31359
14548
13610
36913
19485
46491
26887
44131
51921
12147
11597
15585
52082
57483
37954
57160
36768
16817
50375
48240
59467
7892
20182
59774
57675
13035
36111
17668
57710
46863
26926
6665
42336
24393
33383
45309
10040
20287
20024
31759
8271
44249
42802
16845
38706
51674
25803
17032
5355
40045
18263
5005
48340
32737
12212
30012
59154
27783
44891
55010
4687
55893
30810
47293
10067
17118
26898
13961
7121
43530
7888
19945
14210
17354
15693
50139
16786
57081
33042
12890
27732
30926
44778
34564
8045
59027
30567
37077
40951
8774
10987
39354
7294
19781
37575
43355
23690
35674
17264
29821
49250
5698
23911
52154
16620
35824
55164
54914
34937
11287
30713
10467
48549
7609
46533
7229
43387
19379
31217
53541
42341
26425
31273
48171
49760
13974
54484
12786
44770
31457
17932
53835
24307
53987
25085
33294
19944
6219
8095
21327
12534
45118
20903
39130
39768
33834
40582
31287
57265
16479
10710
37044
16806
3536
57669
37782
45792
13762
13861
53530
22877
27371
55669
29455
18672
5558
43033
3525
37509
31167
21610
28375
19890
7681
42507
48241
3966
27883
17429
31257
33789
18419
21138
25950
41662
5857
39577
26229
35288
3689
55959
45284
47207
14485
28817
54360
11692
19975
7507
29555
32212
17543
53863
20303
34579
29618
36482
58181
56157
59831
19839
4545
21981
24289
36710
37473
43380
29149
41760
10665
39066
11182
35548
45755
16152
41402
59241
54957
28761
17455
54488
18454
51869
49188
24249
5486
14471
47108
43527
39695
17670
5882
50091
21166
8682
7361
49446
8852
22544
33057
18103
15497
25806
40494
3306
34168
57939
39749
31795
22918
42496
46777
4947
45944
35676
18909
58023
23517
39197
23914
59608
14551
53561
7471
25729
41950
28847
7014
16890
47071
10656
54732
34784
25393
55255
9474
3798
24605
35752
10018
59864
52212
8863
42392
38613
20125
11816
32644
8443
31999
58987
46205
47001
13511
10825
19140
36441
22308
50174
29124
33176
10095
34093
59333
37240
7702
5360
16024
50133
28840
29870
50228
13405
4665
23088
11516
51734
41545
10081
6224
19480
46261
7317
34737
36688
16898
47837
52593
7048
36454
36415
21079
7520
29565
10934
56762
35210
14358
51859
59535
25116
29627
14497
27445
3222
13269
16052
39866
23099
10078
18943
54611
41475
14031
20572
55627
22775
38990
38195
39372
4809
35521
3800
27536
25119
56103
13659
41462
6433
5506
3014
27735
56050
36682
52229
34605
56579
55905
46703
24522
35795
21681
33454
31890
48449
18687
19084
43407
3201
58889
58585
12015
41473
36821
43376
45260
9235
33667
43943
40980
19822
18516
15563
22772
39325
11347
23834
8805
6902
22964
15463
42462
53582
14578
22460
28364
3462
22049
23481
20542
47355
17711
22848
20649
31325
25220
29712
19382
32048
3027
31800
44891
35796
37468
7480
45903
39230
42128
48897
42674
54360
43463
12076
59614
11180
35989
41874
22456
24534
4605
24517
30277
19971
34649
17110
55692
43634
55003
48874
21795
4385
38977
36779
52321
50352
5979
17881
21550
45103
28048
4561
39619
38117
25414
9043
35407
51540
16524
57514
36351
44327
35080
16233
43896
46441
36032
47771
35501
33997
3173
22802
41809
47881
58546
21705
7374
45826
37734
10393
12764
14599
10904
27986
40240
43723
33560
23474
9902
42387
25940
32558
12194
36034
33808
21432
23152
52641
59061
8839
36430
30029
41015
41075
12050
39965
33136
27227
5378
28788
18402
40987
31991
56147
25453
3843
19060
17510
26866
45951
14134
10150
38961
34365
33770
21100
56032
47516
38501
26194
43191
43374
39445
17660
36362
46036
47896
47007
42892
27228
31732
31660
11935
46585
48227
40003
22225
17734
22345
43138
52469
54903
14484
4270
28066
25472
11771
15316
9670
53826
21297
23112
34289
51884
9251
22427
22660
30336
8530
46851
29151
11174
54477
7857
34993
26994
30253
17265
33139
8477
39675
40638
36672
36577
43252
17083
55368
36486
39610
19276
42149
17188
29525
11154
19692
21170
21381
22166
15208
14008
11976
31316
9794
45579
9451
12132
8684
30803
25202
15783
32630
57554
14172
12257
11731
31341
6432
49945
4968
13343
14646
41639
57837
14667
47455
53590
38970
35731
42987
50473
7114
44868
35704
48811
19238
56522
35787
26703
27950
53187
30942
8806
48264
58483
48827
14549
25719
31260
31461
4944
48615
7828
51715
38762
31846
57214
28574
8720
38554
36543
56974
60000
54787
18332
23732
55564
13779
54409
51517
24416
30956
51122
50107
52775
15173
5295
4509
44876
50922
37435
40265
23212
6142
7459
9507
39708
29178
49645
25380
50374
22122
27976
5285
48809
41572
38089
25239
58209
41335
55035
40539
24143
46557
34771
39661
32846
11664
26375
54836
36125
58757
55175
41197
22795
16028
56572
39231
47165
51200
57929
52056
36458
36748
3492
37392
4135
58183
41191
59338
24651
10977
4169
34604
15178
27450
50742
22610
6846
9525
21151
9724
50455
34684
33794
12303
3975
38940
23733
54082
22578
15158
52338
27075
58577
15469
29860
33641
20043
36417
27963
27811
54053
21430
26749
34522
10239
59498
8122
55260
21469
23517
27771
57271
27007
11879
56359
43022
3596
55670
21124
47807
46090
46151
50772
26694
53549
21171
21722
22817
54647
37408
7515
22873
36421
8433
48030
40520
54345
54860
20822
4848
52069
33572
59215
55800
56459
36772
26418
20435
16279
53160
26695
15473
41063
56733
29217
50910
9323
42105
51506
36996
21009
50774
30954
15286
30489
41697
51156
57397
10619
53974
39069
11800
53655
9044
10363
47231
58519
11235
3568
14587
15733
3802
37111
58156
54339
30777
6939
32816
16119
35199
15132
19504
58909
43222
50323
41910
32070
46059
19440
37505
10199
43283
40074
16278
37308
10679
23804
45381
18374
50524
48694
34037
18103
23334
8714
5264
23357
7501
40928
15589
42913
25294
54175
48236
12022
15128
55914
5555
56923
25882
39241
7634
38287
31852
17525
32546
31129
30823
9299
59620
59855
4606
49274
15786
35025
41624
44917
33476
14196
15819
54924
42264
10909
23891
51681
29512
22246
3154
21996
42043
40380
4492
55878
40135
42498
16343
37552
56182
13029
13180
46096
31935
49721
10894
53571
16417
5169
29256
23760
26900
53094
50156
30534
55995
57198
35993
30407
47353
58834
25841
47624
41045
51308
45630
43898
27004
31245
5253
5793
48681
20422
46503
17630
11224
52658
25832
25129
14747
50067
13591
53932
37031
6576
54469
19085
18059
14231
51838
11279
52843
9102
50366
39232
30527
34424
58498
53712
21990
42322
22612
12490
25863
8127
4827
54249
41608
22401
18884
35711
8475
29506
53297
12714
54615
44187
14214
3709
20066
13372
27704
44333
4412
20183
32566
24479
6999
48941
33378
14661
49791
9782
49237
4408
15883
15132
30817
3060
6351
15491
28466
59344
51546
6340
29043
56214
56892
20325
28833
34772
46547
11414
38850
50898
45166
18927
24085
18018
47943
31393
10949
14718
31777
53823
35948
31903
47067
46634
17997
27025
48318
3491
38297
23686
22126
11738
24138
25589
30962
18299
42775
9444
49327
11543
34776
10934
10037
11751
57837
13935
34567
55377
50556
40631
8715
45796
44474
13829
13223
59106
37993
35018
11365
33105
23815
21889
37393
21744
37498
40308
20141
38938
20944
13924
55514
54291
48735
23378
53050
53337
17409
35992
20605
40389
19795
18511
31215
19306
36147
39373
33340
15617
25075
14419
29819
4195
13870
11219
59475
17693
3453
23430
41013
56218
52108
30738
32266
23430
38730
32193
26498
41624
5712
33039
29857
38957
4002
49262
43331
52009
24634
21527
33098
9556
11211
51535
9591
41485
59628
40298
30396
13042
29081
19396
39956
28092
46308
21202
51851
8371
7754
10814
41818
34984
14362
57376
47343
46721
50436
56689
21152
35901
18591
17496
41762
19658
8000
27820
34900
11394
8615
52218
42483
55038
44013
18655
48768
38454
42110
32014
3650
38422
58551
37301
15249
57384
23877
54305
40875
33449
43345
11366
3154
33441
25687
3122
20372
28885
55192
46719
26830
54741
59053
12601
10849
18405
9435
41474
29821
33318
56722
30669
25729
45454
55275
8779
40800
43293
18047
54545
55643
43305
24297
42907
35261
28236
13320
38400
32987
33456
38967
24002
39379
29661
18664
29254
35121
22089
25736
42973
45953
9424
53282
18673
13013
55971
54072
50423
13339
10847
43074
26874
46000
52749
37680
44441
3363
48250
51099
27490
6140
6056
14914
29874
24150
9393
23625
42757
39294
43160
20482
28545
52156
51921
57539
23635
4255
51931
31091
47513
8557
14161
47933
43916
5364
47277
56301
59494
3947
16932
4347
47598
16025
40911
51869
