727
40070
27963
5487
45153
50193
13088
51423
35021
54110
8046
22236
16690
59731
27114
39712
30984
12496
52825
45657
13587
7380
40521
25479
40443
30049
58973
56290
26158
54356
56388
43481
12079
27363
8360
14670
38628
34052
15015
25874
32482
50145
52889
4633
29024
41353
37683
29743
31124
13330
15186
37709
40290
20201
55466
12788
37999
56200
25756
57105
58923
11314
5432
8573
39068
46263
44441
30384
13461
54639
21407
19548
40181
28376
51501
37390
56841
59479
59966
51934
44684
31416
48358
45895
58577
39593
29814
20891
19488
52697
27340
7496
44145
32282
5518
37324
35057
44625
25100
24934
42693
11019
57629
3129
27902
7936
9522
11432
36376
27809
33688
26970
50874
16482
14859
5587
56605
29165
36650
4917
22719
18606
27674
26834
48622
33548
13621
26792
42553
9680
4534
55447
12806
42402
16429
7682
50651
59733
24253
3665
40841
20163
15370
26714
44749
55189
21144
9297
48311
52042
6362
10123
43734
30209
24184
21850
59243
7413
7997
12006
11990
43137
29775
11377
33580
36806
28972
36347
56069
49997
23168
40641
21370
11969
41647
41917
19387
27370
9669
37353
25385
14849
54936
23974
54131
53386
17337
16616
36441
9044
28763
18286
43744
32509
21756
14017
45010
21971
18031
51918
23625
36212
40804
30716
29618
27003
11950
56419
33101
48489
8502
59325
59692
59854
45900
17281
8970
52452
54753
10947
28471
47606
27596
38122
57355
46239
24011
52654
30026
24770
52616
52008
47289
55465
22980
37229
39195
31566
7471
53673
50222
48020
47665
49434
49702
12169
52761
40695
45743
44932
39843
30406
28936
47678
47917
6312
48622
56667
55148
20299
43279
25163
47764
21477
52160
19380
8669
34510
58812
35743
33587
8831
12738
46887
24389
4004
56075
34419
37937
10276
4062
8820
41205
44888
39886
59835
59717
7111
34695
37011
7094
10604
10459
57221
34454
17142
57525
33379
23653
9522
21101
50827
30449
31891
44720
37122
52733
27184
5796
19303
13465
26009
59652
46344
58298
23066
7431
9987
25895
44869
8871
50169
23372
33543
29906
45498
11757
25402
40626
58332
29205
58133
8391
40164
33975
47193
55101
10282
31544
30769
26140
35203
38281
55252
54762
3572
13866
55097
47596
46184
49600
6572
42084
33532
59156
31433
54632
37264
13025
48558
45558
23036
37184
29103
16531
11236
32757
19690
47707
22804
45387
49343
22786
59657
42878
57892
25604
34627
8796
28669
28103
3078
17988
29795
14684
16180
36404
57586
24604
51237
33363
15008
9540
55794
59933
19025
40551
3866
54112
35289
13664
47133
52435
14389
37693
39332
4367
40797
35092
10079
17294
49425
41212
57771
15231
33366
20263
5768
47431
47803
52401
24647
43316
20815
55830
20066
27363
26200
11381
57357
30542
16912
17223
4008
51887
35762
24918
21436
58018
20685
43307
15771
41414
14297
48463
9577
8926
37847
48757
6547
22540
45047
35317
43793
13006
5744
54434
25848
18882
37298
19953
31119
54304
31835
23320
25965
46712
58865
39912
5363
9106
41636
26492
44028
30436
29936
30890
11903
43785
14586
45807
57345
30649
13198
34334
14536
27717
3837
22840
12576
50547
8555
25312
22563
19391
18832
8771
45665
48765
35631
30451
51198
53188
4200
20910
57698
52962
45312
31416
42903
58510
19471
24440
40761
6539
48021
52962
59729
3811
58257
40799
46600
34062
51762
57877
35715
55806
40309
19676
48039
51781
25525
29174
41771
40387
46651
42938
25725
39249
52446
44116
54443
23911
25465
13609
20441
15826
17214
26635
19679
34890
19394
5572
22659
27342
48757
56724
31304
14740
57194
9203
20758
46136
37993
24223
33029
7002
8349
21907
56380
15732
40457
58461
34588
7617
19458
35695
21128
42622
42714
58005
30763
57472
38461
34784
57819
25109
12009
16235
14493
58816
21679
54962
59506
50545
59421
56995
33169
48587
37438
41142
23484
28003
27799
52680
56209
5770
16355
10589
55791
41241
39858
6971
40833
47577
12627
12954
28292
30680
47409
35554
32385
16690
34557
28546
17955
57968
34088
44500
55248
42863
23943
16626
5915
23840
11285
42991
12617
47962
30609
54297
55836
46729
57408
33896
46428
37383
6180
34303
23683
35729
37641
44799
3808
20962
39235
44904
14499
14177
34820
20602
3114
29293
8480
58209
25760
27162
4784
16981
54683
22422
51637
49395
55345
23915
14820
28996
35613
37926
16602
8839
19579
37699
41388
56793
7546
39253
33802
9461
31627
6673
28824
16492
58961
43410
3757
52297
15890
5454
58071
47653
59555
46979
29416
37053
28944
42445
53147
56448
16799
35670
43451
3011
16816
50568
53552
24800
26155
10474
48365
56451
32169
52449
38040
32333
12868
7937
16999
