1408
42435
56465
14493
46483
15544
46029
24285
57894
55733
52675
31421
51342
57477
8873
46247
52998
58450
24696
3570
47172
4643
51686
45222
57770
8331
52795
56350
52517
52850
54122
15844
31585
6337
54485
28347
33385
57812
47069
26597
31900
14161
13762
12162
51943
25494
47201
59889
12911
59146
50474
10783
55473
14503
8057
56947
33853
43023
9928
27554
25178
3078
21596
4185
22165
47187
57854
59636
28558
30440
32798
30800
27779
12104
4404
30257
39326
28542
47590
32761
26762
12446
39353
22453
29876
26373
21592
18236
10159
59088
7492
11283
54863
32094
56245
59499
15740
14034
3331
55272
55015
38067
50124
43984
13277
40409
3495
18103
46240
48306
7315
34297
32670
58481
30969
47370
27871
22025
46665
20604
54495
52036
16592
11403
14084
23000
51626
18739
48208
46919
20807
34670
36026
22392
8703
45199
13286
38823
53132
19163
29266
23566
58605
48626
46956
8965
54456
3686
58633
3067
16923
12304
38665
40766
23291
5235
52078
25980
19704
53878
25675
30143
58559
38096
43084
16872
29552
38729
30374
6831
32775
53596
26566
30890
29520
48837
4218
29018
31489
59747
10608
18930
44780
58932
55418
37200
9462
27672
45524
28853
24641
8763
56652
4032
59142
34404
34143
6458
15327
31219
41556
12790
58784
45508
23123
15687
30678
31991
54502
14342
25132
48429
24976
58122
49704
10289
22333
46191
38014
21599
21716
40385
42132
47064
47814
18034
25455
51801
23270
6539
32428
11389
31434
55582
16908
27183
3517
37989
22017
22252
17288
7105
28281
59731
45934
9422
30086
54883
19332
53455
57446
10098
5087
48106
11588
14559
7013
59524
57064
23106
45251
23092
24578
59852
26490
25502
32818
19401
18204
23551
45485
27492
24138
25770
26441
19987
46076
25462
13160
27270
18522
17445
9137
37869
20915
29468
34853
19410
48708
55154
29770
53957
10784
20389
56724
31267
28680
29234
4670
23440
16722
57651
10220
55233
21441
7457
55279
19949
4533
35652
46872
44578
58741
6623
42390
46472
28829
10501
37600
11953
37422
38146
12536
24813
51991
54819
4212
3617
6901
32603
56082
9197
9541
13913
18570
54065
22769
14049
10210
15800
33275
37144
26018
40035
12490
56939
40103
45974
30484
28469
12002
16738
37633
30069
14972
38232
4691
11122
58272
3859
9743
42131
19409
39769
42339
30460
48639
18073
50196
18393
11438
6815
25851
54733
20425
46895
34292
34883
19493
22424
11583
36472
49994
8448
47017
59330
46722
14368
50034
16597
51813
53881
22239
42432
12611
55244
36130
9176
11458
43700
44068
33357
24980
13979
55899
28987
46106
58328
17939
57756
51314
8044
59352
19062
36596
9480
47860
22897
16360
57983
40911
9926
3010
22268
48397
14000
19103
23043
55604
31422
49268
55196
7037
4725
37987
15519
50775
12772
54031
55903
31852
14313
34371
22195
28762
32962
6718
30271
23639
9106
20708
51668
13606
19141
59085
54606
35425
22433
5869
44416
19719
34909
26478
43062
24845
20162
56203
4421
36975
8877
57251
36038
31282
37859
48759
23540
47933
39195
36473
32487
33777
58123
3511
16810
11225
52579
16087
10112
51659
25640
37978
35489
9191
14951
17772
47791
20327
49954
19201
31949
5349
15984
37390
11711
56424
38683
8174
57388
36678
44519
35636
55458
37785
22246
40100
40273
36775
42338
26619
51810
32456
38237
39147
23570
28949
17046
52988
17694
51526
28276
54682
6543
19212
48533
38768
37934
46789
55122
3146
17114
48745
39119
40312
52274
18485
11496
33882
11595
3260
3258
59919
47578
58706
9133
41812
18563
5242
28101
16257
30777
19553
38551
28152
16921
17671
37959
28795
46722
3557
11221
32539
16921
38304
42197
47092
28474
44663
58503
24151
41826
42601
4171
23625
3209
33679
4324
50479
27292
9570
27774
17670
44830
56833
41195
52055
39621
37875
32026
5611
45920
5383
41692
10680
59717
21256
6592
53410
16469
47982
6738
56004
21079
26998
51968
38468
57122
54075
19846
18190
12533
23831
20897
52882
36392
17793
23611
37428
45384
14066
34847
51809
16584
30313
34976
44069
5404
5016
31683
27292
45970
28962
31709
56842
20980
17541
25032
22267
48348
48279
49556
18404
59637
41755
8782
8232
10058
45820
29078
6713
7553
26536
52965
9600
15968
32373
54131
3765
23247
31214
57963
7605
37961
32601
23399
48533
4685
18026
37607
40505
25843
59182
3022
16732
11120
28510
3566
54624
35271
27840
49221
14649
45161
56920
45191
23242
25407
16545
5932
32188
19864
3773
20346
6147
50390
6547
55555
41213
32215
39454
24813
48270
8150
23208
36610
18379
50565
50040
33313
20830
47429
56573
46583
26481
50069
32781
43078
57377
13390
55611
53957
31339
42148
43605
13449
10026
16591
40571
33626
6564
53896
11075
5807
42659
9920
25113
33345
5667
29831
8160
56434
23436
26690
33298
47783
59959
17659
22993
27290
26838
14121
30316
14843
55653
33221
36475
3857
3117
39369
37444
52093
28214
45892
3248
54626
15588
13426
56970
23847
10384
10761
45756
25791
25997
32212
32115
3890
30879
15750
5463
17138
23630
44557
37813
4869
27162
34049
38827
42182
52250
4934
46347
31336
26033
53214
5698
33465
46517
22231
52441
56821
41032
53925
10298
18745
25699
48060
39460
34394
44505
15335
23194
43593
31083
52389
30282
58516
38309
19791
37599
15393
56879
47039
48296
7748
52661
47976
22510
12580
44411
54916
3028
55093
45337
41840
14393
26229
39072
35138
56433
43539
20965
34146
11691
47982
54996
32847
7675
54936
50517
36404
34629
4063
14383
47705
10211
21675
42787
46119
25789
38984
31481
52158
14824
21537
26234
45526
42985
37736
45492
59937
50469
50547
44098
4992
17034
54837
12516
8786
6736
5184
22433
27521
20199
31881
31541
9160
55333
14732
21386
56064
26456
55361
7389
53209
28112
29989
19490
22021
26719
18400
12467
15820
29907
37612
35008
13900
26078
54182
57547
16927
37528
7408
28949
30096
25908
15693
51963
41525
12760
8776
14745
24620
53811
28149
57172
17282
40370
32454
4485
43802
48584
14450
50141
11501
3511
59538
24999
31777
14795
50230
52426
51389
38933
46277
17436
30028
16612
28852
28553
41693
42182
13452
58772
53075
11460
13963
53007
9250
8232
14250
39895
49805
28814
11079
5945
26136
13366
46093
19846
6640
44267
49581
42154
19983
57918
56147
3079
26126
13053
26549
14755
58104
33459
17359
32164
34391
46930
6667
16181
45675
33228
38998
43857
28653
30773
20187
59208
44404
22474
13222
44497
43539
48370
37839
4367
47534
30948
17807
56464
32173
44587
19466
28982
7467
48412
52434
6132
20925
26255
49488
4092
31285
37771
28609
18584
22089
15264
5003
26835
56142
49767
4286
26141
41136
56640
16698
24944
48647
43606
49297
20666
18226
36163
31144
18356
46200
40294
23764
29466
35879
53885
45044
14065
37295
39447
10383
32541
24321
9341
55658
37764
34756
44290
39940
32262
56185
6546
22907
15826
39241
44467
9905
47691
20184
26459
28183
11459
4660
47030
43681
7182
6528
33756
55462
11007
5824
10998
47693
5411
56521
33653
22495
17196
44809
16949
39070
37789
3046
12033
14791
50374
23641
6306
9517
7661
10761
26957
10371
59741
25179
31481
17019
28896
55722
32612
33406
28553
59412
27884
54868
3515
57826
46980
57913
6410
40322
57806
59624
56915
13029
18953
45760
44249
34237
7790
4231
3967
44869
44521
13531
6088
21380
47872
50999
36369
50899
53986
42451
6416
22486
28368
52360
26346
15483
49631
41031
53271
55047
38883
29951
41187
56480
41408
3257
5713
9838
38241
18957
42867
59794
40184
51952
24107
42823
47612
12265
19089
17229
54969
38800
58959
51838
56715
52634
6478
45965
26582
33605
28985
32102
50692
51536
17652
9411
10697
35447
56751
4590
31613
48773
53914
46690
23350
25326
37867
42711
12150
57132
25752
5536
38453
55929
17189
47860
29524
12160
33820
23286
14898
27385
11422
25029
56598
3975
53646
51475
11611
22190
7940
44123
7514
30567
6790
42223
20600
41440
24552
22800
49303
26628
37006
40901
52739
35878
26476
25332
56963
35608
43907
40695
13291
16948
14636
11611
38598
15469
11967
14602
27648
11418
43762
19168
12366
9152
50068
18780
13305
59271
41833
58344
42830
56489
11782
11696
48324
3290
56801
53924
30497
27870
6651
3574
57015
41908
40836
29204
48770
15580
19046
22225
16209
55499
47908
9199
35038
51153
44006
46794
37973
33776
14264
24662
6619
42307
13177
34498
13327
25013
8970
47352
23379
24814
35512
55303
4398
19080
27540
15518
42798
48826
57762
17603
6186
16897
7663
13812
52235
27628
41236
45432
47829
20177
22672
9240
17147
3611
54592
4857
38606
37983
52565
48466
45447
44366
22860
18943
30090
11051
25408
44830
46161
52627
58975
59208
33730
20192
24635
8510
24507
33553
8842
51272
24336
15843
8892
51012
28551
29238
5021
42033
3241
5491
17134
11521
4846
46294
28044
26549
18529
3050
59796
35277
52004
45116
11937
42405
41885
30812
25416
59022
5014
40048
25378
31815
36954
33412
33377
20353
36813
