1925
48612
44070
15085
13128
10842
5865
18271
4040
19275
46004
57384
59403
55329
33595
59642
30813
55093
48518
3336
29353
31971
53719
59818
28898
27454
5072
26415
19401
10476
13330
7483
11938
37908
56417
36731
39678
26261
25679
40224
11020
10037
41849
57593
15199
32446
33824
43705
50028
27997
48127
8424
50803
6867
42939
13629
59110
19508
27057
3159
47103
56590
19448
7353
16130
21446
24030
25689
3500
47590
25478
5808
57982
25947
37112
37685
29997
20126
28801
25324
16358
25225
43849
47511
50929
43468
26766
49906
50621
15223
27348
37566
58849
6271
46549
3878
45128
33423
30286
3044
28114
59596
22211
3650
55102
33306
13767
31048
23486
28628
24933
39263
7242
49336
16033
33736
47258
55609
26585
34563
4894
15981
21410
50831
21411
56116
4618
6752
23026
46572
44968
5064
4021
56623
30367
32700
39402
14699
41464
13833
14701
22223
52830
38433
26911
15891
21115
14862
32367
29124
34632
22215
54527
27650
14152
46663
30275
23788
46313
13119
56181
42064
26875
42538
13631
6776
45612
43279
34058
30717
20750
16951
18898
30594
35627
58787
12124
11133
40417
20247
5405
11541
14060
20925
9139
59946
59834
58770
4288
53229
52650
17680
58457
52225
40393
8305
46419
4261
56969
10020
19700
16214
49786
56446
32479
8106
20601
27594
35809
44428
14193
21989
6108
58721
47122
24509
10079
49415
19589
57026
18639
41910
9459
14693
23773
17661
32938
23769
32807
28858
32211
39086
40631
36660
58790
32766
58566
9021
15325
26022
6055
15326
11049
59942
5885
37144
17298
57785
29252
8732
19850
39200
55374
33322
22035
8629
44603
10176
18285
29034
50311
36013
15738
7152
49915
27947
15387
49023
17509
36219
46005
47778
31843
46947
39038
55828
9339
20596
32105
40434
55082
57734
23952
25016
10064
45527
3056
36957
54016
57017
28890
47741
48428
13264
26119
58657
7880
27028
49556
41737
52101
55480
54125
48471
29428
26922
10201
5464
10264
37803
23895
55880
24691
10863
52865
31670
35296
54001
14954
58201
27348
10612
15581
12351
37401
39836
28913
38904
24613
27063
44341
26430
37681
10479
46414
24533
44336
33730
20712
18301
34722
58292
51177
39471
9838
14306
44904
21286
14516
6876
44673
18720
28286
10514
17006
22631
50207
39472
17588
39922
46043
25035
22814
31057
56095
41838
48717
31039
35488
46508
7652
11016
36043
55130
41839
44553
44374
32150
25965
28155
30180
34863
11568
23672
18207
57162
56711
55140
55690
27919
49180
37194
10797
28925
55753
12246
31502
44265
12064
23070
18833
3711
27056
31598
51692
47762
9977
16782
6206
3934
48332
30466
25048
38164
35722
15674
47027
22152
9824
20671
30082
54693
23882
49571
53013
48224
12071
51392
27453
39879
32485
10914
29141
12877
28855
45613
44082
52007
57925
7080
53886
28283
23442
42729
19953
46505
10578
36776
38322
23214
49065
24694
57318
51481
34449
24051
10113
51483
8919
19826
48621
47971
24740
51525
50897
24246
30634
46472
24979
15817
47299
33133
14334
31597
5350
51385
18260
8084
31869
12417
47915
43933
47387
15339
26250
42667
51542
50766
34635
40304
20010
56571
57202
23059
14239
13592
27182
11818
22910
53738
19407
5264
4291
6883
44922
21526
25904
52164
10868
36400
34357
57166
42507
10262
27517
27184
11621
49676
33259
16805
19418
34502
27256
10583
57247
49782
17434
48470
34519
4597
48237
38713
13472
50561
9308
57712
25025
57592
33866
7065
25549
45164
22322
6724
57935
35390
13799
27566
13491
58810
48487
6770
18206
52545
18967
15119
45496
52175
9997
29082
51497
3242
38583
45957
37897
24957
10743
58409
52885
3299
11656
56258
35375
44971
3846
24388
53857
42659
11507
35170
46292
9938
34241
38471
15223
12981
48484
19402
15632
38360
22985
23306
37457
9841
18510
5714
38422
35888
52648
7335
38475
57826
39089
40571
6268
7443
13493
44335
55609
14508
23809
32480
25464
4615
10534
36686
59968
49943
11902
30720
53876
22508
43393
26599
42322
59641
27147
37369
31716
19001
4546
40355
34567
49450
15101
52225
23752
46275
19818
42985
40337
38822
50442
45682
36381
50126
6348
34976
13142
49296
52672
59047
58553
12949
17836
16453
45664
8141
42097
3872
48596
55084
30011
16271
29651
27547
44915
12160
5181
29573
42098
51311
52658
19617
22205
38470
12197
54368
18941
37384
55765
3684
46624
3425
3647
54496
54606
46096
40926
22375
4585
58952
40001
25883
38723
4635
15575
25228
20918
24695
18641
54506
42119
31354
49878
3511
16592
24779
44205
32041
57558
48861
32426
57071
52376
49008
8013
13325
27086
8602
26207
54821
18507
23083
26614
28820
17611
30036
59228
24311
57084
49563
48337
13754
22454
33092
40620
54532
52764
42921
31245
30733
49922
26847
23234
44460
28585
38574
15224
37178
54381
10175
10031
9773
58399
45285
36476
20579
19521
54323
11593
35771
37228
11455
7968
55427
13098
41047
58767
20997
17091
48056
41626
14258
42156
38279
12492
14823
17192
33818
49253
23501
38369
8285
59301
59529
38766
42054
59303
17657
49216
5434
32108
23688
56319
28652
27423
33326
40866
11236
54924
23276
31475
32786
40615
47560
24913
5667
37552
7319
13683
33629
6365
43373
49085
22021
46763
51882
50362
54725
31845
26432
34172
51826
28977
17131
25676
28769
20459
34542
12731
55352
26622
38226
59722
18341
30880
53482
41892
17907
36906
29289
17587
56090
31999
6485
44985
36024
39733
13057
46616
11997
11714
11919
33063
52488
23976
32816
43517
20286
19137
34905
9829
27271
52795
15461
53209
43688
50146
15412
15545
3428
48415
44714
51502
46311
16150
16424
49343
36454
8523
10649
19756
22980
18875
11038
8016
29155
38545
11152
41671
26117
36263
52197
44204
19552
6650
13490
43367
33205
54872
4955
49298
55421
38324
48259
57580
19095
23341
12802
47749
37257
10096
13754
39918
29758
8189
44730
43665
48882
58944
36264
37831
17289
47706
52047
15349
41069
57212
31081
48338
34767
37755
45449
38380
18835
31726
7627
44410
15847
50921
45567
33251
23898
10456
23073
30530
26265
34519
10868
9399
14165
36054
33703
49735
28173
46896
55106
8979
56248
43852
11898
4314
13635
44328
42640
13383
5986
19067
16073
17869
19435
38375
29296
8457
22391
9897
56529
6754
12162
36871
34693
13840
55102
21654
5055
5993
7081
14167
17295
49540
41789
4157
21200
24324
7426
23420
19977
25401
8925
10394
50703
31581
27104
35397
28436
33107
32424
45314
19927
56674
29097
26027
16824
45326
23701
46785
56159
52075
52338
19770
10813
5063
9382
23626
25978
53049
6601
19188
45102
39212
16763
46878
42703
4981
12083
42803
25790
25108
36914
25747
12750
30190
16366
16623
54476
28397
51170
27611
49577
29611
36526
28222
24557
50466
6976
10850
10586
22957
7107
51029
43548
12948
27768
55576
19275
33696
30752
24667
34618
5586
45512
41933
21221
27037
28814
21108
25653
26876
43777
44728
25678
25538
15361
8099
56125
6244
20743
31713
21127
31832
7990
53249
6085
12954
9101
25840
18884
56588
25296
6968
48566
32823
26932
42117
37891
19159
55887
54694
15544
8801
54679
48084
45367
42128
13508
6312
17833
44294
16781
20460
25751
55466
24714
30991
17233
56374
8165
25910
32650
41773
26204
52448
24971
58600
9738
38672
30387
34316
15565
5577
42061
25267
18586
47023
26319
51660
47328
15030
30423
21275
33531
21208
50953
14366
48431
29527
15409
10854
37471
33759
19987
25976
56586
54966
9343
18771
50046
41184
3007
30692
58151
4681
7337
40050
49899
4308
51592
52945
26999
3157
31898
34842
8518
27537
34850
58456
5426
52122
4063
31871
30135
10134
54578
33518
52836
15012
8861
44996
30969
12946
17229
43282
51982
40459
33792
36306
42080
3607
40612
15842
52706
54096
54847
45254
11061
15832
33837
22767
24229
14672
19368
56972
41265
39458
35217
50143
16733
24541
50478
19738
22117
12232
45642
28513
46294
48505
56267
37461
4179
49493
25250
57942
48580
36912
14714
12464
13387
31795
45432
13699
27931
54133
11784
11093
35487
33720
12456
32262
11526
48311
54104
30769
9281
3512
32894
33796
31116
55459
9019
15001
33279
59573
49642
21804
14356
19267
11486
32282
19072
22535
34537
13412
9675
47421
20720
51721
49404
11860
4141
21131
31464
20878
49076
14594
39411
4797
14057
48091
12574
19834
44421
32328
35347
28869
5583
53024
16452
10870
43065
39435
39065
51175
11416
44795
46438
43127
18700
14138
39981
48675
14901
6266
58430
44825
3112
56780
10080
57108
42687
55008
38627
41852
38495
23952
17678
56102
26516
4195
56642
16807
21936
28399
19847
32529
3811
4725
56035
44537
11616
55108
23399
17822
40409
30201
53056
6601
11321
36263
24998
45846
9010
56800
46813
48650
59069
32332
53135
6208
38540
3247
50035
31227
24649
43075
51347
48901
25709
47779
42733
50360
47919
10230
29799
19825
22339
53443
24347
51846
33381
17529
19817
4529
50218
13650
47802
40619
43923
57453
19671
25127
50220
15079
3159
6024
10543
34568
48341
8366
21473
18838
27534
45539
13860
51870
46523
14348
13475
9470
28410
13452
18808
5889
41904
36021
32587
13364
48287
39472
42619
52101
44349
51659
30664
29518
10552
40872
30148
4449
22522
9234
10801
18945
14130
53123
15968
46150
11766
49487
14406
56913
35727
22167
42505
12040
46066
33634
35241
33722
23880
32440
52981
26254
10691
5559
55856
36764
15797
14379
5107
56305
33528
19482
27382
51102
56232
59194
7604
56585
56331
49183
18552
12152
42888
35060
17184
51206
21207
59762
43221
8650
9215
41123
14579
57409
28611
51964
12919
38145
48456
7990
48862
17019
52531
22702
49186
25469
11542
33736
12370
50861
8542
11709
49699
3085
42037
26658
8489
44180
31435
47835
36292
44103
52452
7806
43963
53166
7699
46414
27884
59095
33166
41427
28290
22877
16594
44030
35796
17274
22619
34750
36206
16350
15198
51692
28678
14706
3225
29597
58342
29481
53518
20690
50742
9239
18957
11046
50637
31376
58634
46388
47509
17121
51228
27655
42481
4557
9275
54194
28098
34421
48484
58707
5962
20396
3395
38953
47154
43630
43323
57109
57151
35321
27388
5456
31185
49341
35368
39324
48677
16948
5036
7234
31013
31299
9232
5392
6172
21685
35299
5324
24919
57956
16771
40966
54721
11589
21913
54836
50565
3969
32575
44724
29298
48233
42134
50347
59256
24355
29501
3194
31864
57375
5680
7575
58936
9717
25649
36531
12638
17590
48846
48906
44070
57284
57948
10528
10960
41330
22522
37572
33753
14456
12436
29932
23063
34240
47199
51498
43674
56810
49727
50828
6525
8854
50312
37088
53425
22742
31509
49430
9374
47457
13108
40522
21187
48257
49469
35668
30466
56522
57035
13219
53236
53727
30075
35802
32628
33995
27009
54844
57904
30166
7440
49353
17558
23951
29254
52236
13669
48647
37197
49027
23011
59593
49510
7719
10369
40880
15887
45415
11557
35748
46753
19181
21334
25818
7460
52696
58900
34231
43424
27766
53472
35723
10632
46773
10434
5461
6049
51662
40572
8133
28276
26404
3325
51480
7658
50662
21383
10672
4082
49439
33305
40216
43831
21411
11624
51077
22701
25094
43132
29083
5589
15597
59558
16989
7271
20593
7611
26778
17427
26724
49126
8576
17061
35137
59723
16565
5879
17138
4049
14229
26635
47455
24178
27940
49920
33632
13892
9537
9967
39796
41222
12927
18712
25385
3151
50232
17001
28823
14376
52051
3970
27812
48734
20202
40674
38845
51321
42789
47675
53009
40602
35028
12558
59857
39920
8247
6238
13315
37390
39992
50290
25852
32983
54666
19573
32220
29683
20940
5313
4158
50045
27715
31773
50890
8286
17945
58997
41972
56742
15310
16660
33184
7221
40084
57335
42567
11155
47912
18541
17051
53463
28764
33771
14524
6986
17325
51749
7013
24351
18835
53464
11315
12700
8333
59677
13307
4612
53707
7170
20003
47214
6222
32932
52685
40745
33568
10208
20311
9507
20860
37657
13291
6436
36166
33516
37727
46028
9580
22064
8399
53114
27138
11174
4190
11751
12535
39543
6297
32716
58113
57472
41696
34638
19957
43353
39788
3905
27835
5234
51345
38245
14458
17590
52357
9267
57714
45913
39951
36480
52705
44813
57372
20088
33246
5702
5845
4223
23206
48620
49849
34845
40885
31793
54318
22834
5034
43109
47606
37442
35364
28622
4565
38681
