1037
5763
55071
5470
56414
26478
13495
5300
39127
42530
41885
24376
42595
16849
51611
20084
58376
17120
42632
15564
19806
6090
18851
24816
58980
23813
58686
42459
23309
40363
17286
14131
30894
12816
18608
58506
49574
22520
44706
34317
43195
27138
47795
12572
14885
41481
24065
59444
35441
44758
28041
57396
54739
3901
50313
3563
45071
17709
40726
58751
7984
34801
44615
9337
32076
32186
26108
40666
46641
8046
30147
7496
41901
54975
54573
22333
5888
29652
29644
44170
41782
32332
39706
43727
38987
9872
15858
31766
23896
50454
45062
34197
23239
32759
16020
4141
33317
24973
7576
35458
12427
12612
33939
28828
33763
33148
32145
18982
9497
49922
33339
30450
29171
21413
13918
3600
5932
39010
45492
58702
3211
22331
53549
26298
11164
53337
56525
50655
44224
10772
32632
20858
6274
47033
13353
32973
28215
45407
21136
59021
16357
42633
48905
39286
52922
36854
48035
11242
36685
7777
39931
26202
18075
15794
23746
41494
52821
54295
16765
28550
13864
8341
51638
30131
18467
6495
41826
50947
57038
56671
14949
45055
56596
46963
6300
21841
43894
20894
30672
11054
48062
58156
48658
7725
56654
52565
14429
15754
16348
31129
50371
36560
54478
50092
50100
59220
38112
18578
46849
32372
44305
44328
37678
53846
40962
6500
45766
7180
34229
12958
21368
9160
6209
24788
51303
6418
53292
20543
8046
10377
22126
49157
42489
33877
32360
46168
28661
55302
15160
33026
12895
40299
16603
15826
41153
27146
27969
30917
34119
7114
27274
31168
54024
26092
46049
39456
15416
30491
4052
14550
43027
14936
51615
15839
31071
5829
52247
54712
37052
54554
39442
54271
56946
58004
13868
52501
53595
55419
33796
42365
10995
13748
53234
9160
12748
55020
25903
9840
51223
42498
21464
33032
42603
42974
17923
5149
18890
48266
9967
47449
48223
56251
43114
8015
9096
20703
28433
56403
29083
39649
18258
8555
4285
44007
51323
44836
8905
43202
20969
19261
22182
23813
4074
56777
7492
39885
29645
34321
24143
46073
12004
13951
13636
58533
9007
53395
15519
5092
28509
22634
7945
45871
16981
28214
59140
20053
19980
59753
53498
45869
16761
52676
7353
52340
45755
12460
3792
38508
47207
51231
45431
41048
12086
52013
46666
41042
48539
38611
56180
52592
13716
54808
10881
5053
20375
5753
20072
9838
21079
4285
38384
6901
15207
22751
21368
25705
31146
54119
33702
58556
7195
21737
24019
43509
43755
41193
3045
14499
32954
14991
14047
8040
23419
10386
52988
21188
14882
25444
30643
58830
3236
41854
8485
12923
18257
20555
10128
11184
35330
4229
38418
18315
5189
9597
18311
29341
52262
41464
51936
50660
16176
24468
47569
5406
33222
10322
14960
6083
27868
58973
7399
42870
54020
17678
59931
12295
54685
32416
41393
7261
42884
53332
6154
4802
31346
16372
16158
8340
3929
4535
41916
30112
40921
15561
48415
59081
49384
21552
53084
29093
38705
55539
59199
58132
26386
21688
54532
4932
15142
40874
51475
59541
7832
28002
13853
34680
56721
43103
23386
21055
30421
54796
44073
56864
20504
3080
59156
13833
18485
28044
31754
26532
40475
7363
34059
8762
12731
54477
19685
14655
3099
16812
29864
23806
57560
55040
4259
17179
33960
20205
18884
35891
55480
21044
25452
46666
8113
3483
55362
50482
52077
11072
35703
41247
16323
41280
45413
53776
58822
28454
16913
11138
5314
23968
19815
27872
47145
49142
44251
10018
44946
37375
14939
39546
17723
45747
47573
10160
6401
21572
11126
9133
52142
5423
50970
33547
55474
49008
32466
12408
7988
22047
57166
50748
4066
49918
40652
45398
55751
13367
50891
21720
57455
38942
15371
59877
29672
8110
56622
15068
12243
49572
3716
19898
21099
22371
35234
47657
11180
47752
32533
25628
40200
34476
28949
16019
55483
23252
13734
21061
45270
31152
7459
13900
33906
22297
44119
3457
56906
53701
24266
38651
11212
53321
53902
44340
45594
45929
47632
5224
14665
47216
7820
41323
17717
12249
50984
57063
11054
9108
11592
5713
37039
34270
14075
46682
5084
20411
38856
49403
29243
9892
36211
16848
57138
3120
20114
37415
4924
33532
23065
40285
32191
36890
16359
37871
21275
40817
36527
28730
44412
7384
41950
9803
35791
39890
30479
54216
3553
58388
10005
48018
11091
48617
26652
25169
26701
50948
7857
38326
44915
36856
31788
44135
26371
37262
8184
27238
4473
17535
26731
37635
56190
4504
46129
7814
7572
11254
19450
49760
18813
6277
22220
57454
59104
28767
7656
32756
38081
47820
8471
40537
38805
47055
47453
49817
21425
23113
34176
48540
5360
16589
23977
53492
23797
51087
7162
9440
41951
46739
38016
40870
18016
17166
49243
27621
57969
49784
15978
38266
51000
54461
56955
35413
40659
4820
25172
7573
51217
56046
41556
14630
26754
47556
40192
21930
55479
37351
14562
28753
28435
36102
5179
11382
36243
52318
48075
47371
22870
49975
37614
24257
48914
6527
15303
23552
57415
36293
59329
27532
51530
8648
37083
25977
54135
42862
28266
27592
18876
39745
12175
36146
56102
55898
47093
37730
33296
36250
13230
41293
56594
35475
24433
23598
51350
59586
8406
14142
9846
5019
34544
16982
29936
29045
42768
42092
43778
16665
57744
18677
23013
39856
22483
17466
19806
10409
37473
25652
41291
43084
50938
18629
26949
31910
41266
37131
34284
37734
50994
23239
42430
39215
45812
31360
15186
10956
19185
7226
20096
21949
45944
44593
49537
21486
57572
6470
29708
24941
5609
32030
36981
46598
32332
19426
47403
31681
40601
30372
24425
47347
54536
15663
51435
6728
37944
24708
30409
6948
59883
55933
55687
51013
44762
57401
23732
22701
9083
19503
37892
51549
19703
40883
5282
56446
32295
56290
58035
52045
8437
43671
54124
37449
30233
13461
3016
9902
54041
7447
23971
14425
17730
42494
16266
9532
59857
40344
3924
16516
33156
49686
50048
53744
47338
54240
24628
58026
45905
22519
58460
32610
44250
27416
50056
14354
57925
6439
14784
57179
18593
34294
4487
3592
29275
23659
18349
42612
56089
55169
54102
11914
25601
4948
50843
49902
47609
24885
13669
8299
21506
31304
39159
42567
22288
14036
34845
37903
9921
30419
16426
24562
8500
59655
29905
18164
46527
32960
20955
25669
55567
8233
27430
18529
44151
39144
48629
48212
49791
10168
34439
56794
57731
57720
11224
59099
17156
56579
28248
28289
58790
13218
29580
15101
14218
52070
51287
35008
37431
35545
12740
20179
10279
26895
18702
52919
36173
13066
14252
35753
33089
26037
29903
21923
51341
32705
17772
32517
25673
53074
12023
48159
32482
48407
44058
4004
31120
9734
10430
21720
