1869
55273
26361
49980
23840
56988
59987
9829
29638
37960
12977
40572
15952
35233
14605
6478
21252
8785
16098
54728
26612
43288
26136
7736
39562
56999
24313
26155
35040
36433
40521
5034
41849
24044
7496
19608
6925
36965
45688
37121
21474
30909
14698
50213
44693
36100
28556
41950
50329
39756
36341
32212
11353
50215
52557
54280
59482
7214
3122
42894
43756
26614
52770
35751
37936
57692
11937
15352
56584
36231
17830
34492
31469
24387
12943
51194
9268
59014
43170
33594
54292
45176
26146
35458
58463
53698
12396
48629
53356
22235
9522
27368
39691
43909
24661
13721
57213
27437
39117
29193
18744
53595
45070
3725
6001
45533
22839
19837
51182
56355
45924
12659
23831
8803
31386
18042
20664
45952
40597
29057
24273
57047
44646
27077
37758
20918
37758
43207
56241
49423
39885
12803
20714
36832
12507
51786
9198
44888
11344
4477
53196
38992
46878
58907
7984
5162
28056
20013
40679
9309
18088
43411
27074
38499
13053
33261
59602
53593
51592
14813
12926
4807
40383
7486
29998
8453
6342
52149
3233
26986
5692
53393
10251
37196
42777
51128
38849
12394
15469
38215
57340
40572
13155
37398
47899
14582
17870
34843
17025
38897
50562
16875
8207
25120
56110
18383
28996
53878
45813
28489
30241
34657
30019
54398
29847
43765
13826
51673
21284
34330
41465
51031
54850
42225
17388
38876
34502
26186
33685
56899
36246
6274
58434
32267
54857
50895
46558
54748
27253
4254
3388
28757
40963
8623
11143
46802
29864
50617
7350
3540
15793
12739
57800
44346
21450
5286
54032
19003
36870
55635
53348
50209
28304
47548
41338
54534
59334
9806
13256
21249
23132
41771
43088
52613
26790
52126
6837
45670
13081
4075
19012
51082
12778
21557
26206
3906
8665
45031
17773
32496
36947
35309
26914
56597
50047
51374
46675
52927
22543
30973
40892
12943
14433
13040
34845
46724
25619
19070
57357
10443
37171
4000
12118
9057
5787
35683
45444
9915
10215
37696
43768
55430
15341
19851
18109
51054
24643
51584
38485
59394
36313
26060
21920
40409
51741
44377
16958
18459
11009
11535
22236
36948
28456
16023
50710
14294
4637
11939
43729
48546
11461
26587
48718
9752
36128
17265
48683
10988
31309
10127
49280
39009
56584
56179
55268
45712
15835
11965
33904
43466
26074
29768
9430
27425
31551
10190
14201
45126
37422
12180
21536
10146
5622
48566
21558
10448
23650
21729
18247
46820
49147
26819
25251
22791
46640
3677
39504
14379
8270
24839
32169
48265
34729
47903
40552
41478
12540
15489
49734
11035
7950
36453
58164
22831
39535
11491
28346
21135
43249
11981
39632
49765
10630
41753
40115
35095
49583
19729
6336
42471
37185
57292
4495
59186
24266
19565
23800
3916
37717
52589
11018
56498
35791
38816
36830
52266
25125
21004
32120
38055
31905
41582
14487
58780
14230
14800
44986
29303
46229
5332
33513
39167
36115
36873
41939
52181
8166
40170
41465
10988
25530
57225
40479
15258
5207
42180
32418
36637
16796
32831
50962
50087
43209
50989
28750
14204
45842
27957
37852
19332
37329
45334
44958
42002
17576
53761
45375
19962
8258
59279
42699
44048
39670
49730
49267
25892
39404
26654
15945
36939
54505
41530
41352
23354
14728
36511
28333
13572
22991
32566
50314
35924
38272
32281
13932
13295
9202
49504
17978
15811
46250
9531
53481
33777
52824
46672
36267
23126
45306
5567
14282
54429
17242
53550
31497
48001
58476
17827
54719
50858
35741
23373
17671
50269
54356
39385
45313
57393
55807
56916
42961
32137
58249
48413
34339
55104
5292
19706
3977
7070
11944
42021
16758
4167
25853
44019
6784
6692
15228
56383
58709
38425
27539
37280
27669
43702
44158
37607
22755
46673
5159
9737
38150
42838
57527
41681
39417
41744
3425
41715
55263
32979
27423
40790
48312
45869
20692
52917
15288
47920
31206
54668
11215
8940
24609
57698
54344
7117
5489
3598
54109
52534
37989
36852
29461
5024
5759
34520
18390
18340
44233
55496
34740
8634
59090
51640
37454
13227
9805
50106
52314
26404
24066
45587
40733
9609
16739
7706
7589
47702
33093
49944
53388
16110
27099
47755
24828
26535
35977
59113
23455
37515
20250
30363
52269
7408
40024
28380
5467
14324
8093
23621
55941
39447
49555
27642
43930
22436
39025
53439
3410
19066
33481
58073
56994
24435
3121
34155
21627
41369
4387
46479
51748
23572
49463
51301
21266
26701
33329
16182
39137
24579
25538
26859
51017
57979
42704
37191
43032
33664
4303
32929
48891
41153
33489
17053
8317
48035
46739
44603
24230
53464
32070
26289
35917
37022
57563
40096
52979
35374
48731
17803
19588
51151
22258
11095
51123
10249
59328
26795
31206
52940
9494
48559
33627
57945
57234
14009
46983
17638
19107
6579
14665
5420
7717
34893
20230
34540
50386
19996
22767
51245
34788
26919
49375
45769
37657
15290
34129
14959
15319
30235
10614
42211
34143
22948
49918
57544
14360
9874
12123
36950
20126
24649
56223
6520
51331
41882
11222
27199
55982
21916
29348
51791
19261
4042
18020
20777
7960
6848
23524
9052
31340
33564
21466
57659
20797
21294
49786
38020
23678
48369
22673
6349
28635
27641
26715
34216
21413
41455
50927
34910
28985
46882
21317
21710
13224
20785
54997
28707
49574
9353
54152
59210
43218
47546
47805
47215
49040
21176
8208
53226
44571
22972
24549
25015
6342
27259
39035
4388
39574
31174
40411
40378
10001
34942
8217
28499
23995
18083
44203
47017
48098
12215
38738
4771
27102
15688
15108
8692
56316
49782
17034
33950
40632
21978
8835
34631
14707
39608
51484
17025
7197
6492
39758
53647
15633
12139
14498
38544
39003
43823
22446
50751
35404
50941
19542
38339
5361
46821
3699
31337
46645
37259
19666
38043
29945
23985
59688
58409
13084
5913
41353
43224
23266
52594
32161
57929
15400
26732
27265
52678
57667
3628
45147
8923
32455
41383
59327
7490
4684
52911
49842
6842
29874
11367
3420
19713
8316
29479
17222
6183
48745
42949
49653
23357
17295
53654
8038
11511
48085
52436
37872
24017
55781
55375
23737
46283
47559
23659
5950
38452
30364
22294
48045
32218
52170
39949
10194
42144
56193
55934
17675
25917
41863
7096
3545
5909
28570
17432
24840
50595
33023
54792
48152
49250
23724
9342
56381
19514
54976
33688
36571
33739
56702
14332
24795
19957
22240
14182
35464
51393
46539
39651
40848
3102
30855
28079
13121
25654
31527
9724
58879
12731
35192
31200
57102
52677
28749
54046
22792
40912
15449
26593
8437
33591
37246
16315
22690
5954
18816
4258
30162
7238
10823
31083
31053
41488
30211
15421
25176
57992
57237
6256
49469
34037
26606
31066
7553
3869
10467
53792
46649
55058
20089
28030
4920
50723
15342
10764
52951
55196
36173
57535
10497
24531
49999
42952
19053
55764
47670
7494
37397
28771
38009
41313
57703
26892
20810
55454
45356
26058
24035
51209
7826
4586
14650
30496
11707
5719
22605
17472
54799
55111
33414
50261
14056
34928
51863
38078
52285
16430
4413
49905
16715
9782
9287
28729
41057
29200
33296
46971
3178
35212
20841
33711
37607
56968
7768
46208
29837
37985
23808
42200
38921
35620
41172
12735
20693
9119
47794
52722
36711
10859
3187
31298
50020
47665
21395
13290
59731
42064
12351
32094
17585
25515
42320
18905
28232
31472
5130
19712
56095
44999
59166
7522
19806
58965
44576
21889
45087
17478
10586
4815
21262
18315
7817
3674
7012
32886
47574
44514
35189
20400
20378
48104
42081
37829
12293
45451
8901
3525
33388
55978
5692
33991
35379
5903
56029
57398
46942
50623
54410
35755
14929
15861
10819
36742
59453
3035
36814
34851
14991
10521
49667
52471
8853
8819
17133
41704
32290
21682
21558
30982
46934
15354
22403
53233
56256
38531
32624
37872
48342
53556
12718
53767
32915
56851
10239
57493
25460
56353
27587
6073
17888
42767
53000
36510
31092
7292
17685
20075
47403
44868
9648
48873
35561
38961
16518
44618
25567
33651
18895
52078
43578
48172
36982
50090
17849
28224
29349
54930
19689
41937
45337
36751
20464
49208
44363
53572
38174
17431
5513
49409
49519
13690
6934
50220
46745
43409
31968
3719
29483
47193
18879
29569
45448
36306
22333
13153
11383
27045
7788
23853
12118
51353
25628
9297
56948
16902
45734
51915
30788
20471
6752
55135
6018
29424
42115
39415
54771
38430
39548
42063
26862
57785
33241
38489
57786
7950
37955
11598
21905
49453
11546
43227
55136
31600
51425
10401
36370
23485
42715
17239
5987
40529
14348
59058
35733
11894
20195
19721
30533
12054
40591
40806
26350
43736
55075
28579
59647
44875
55010
23182
43597
24323
29060
58541
27632
8194
35845
35011
20305
39723
47099
16339
47582
38164
11481
48202
37846
13457
21523
53675
15794
27620
42726
8812
46346
41544
43544
7998
30509
54813
45540
27633
14030
4930
57625
37746
8366
26956
56376
9450
11924
24897
24521
58370
51356
52095
59312
16674
6078
22006
54386
39029
4089
14205
26476
28974
46058
29122
40152
36763
6702
50503
52726
21847
20413
55214
29322
13400
40738
45638
38876
41194
44544
57387
31820
41056
6575
57969
11941
47202
21868
59636
13982
16647
13007
43550
47307
54164
11164
17934
29971
30294
26764
52714
24438
21850
14933
55155
37177
8314
32736
53803
48707
25515
35239
45367
48462
54054
45198
24325
28985
20979
28387
51406
15628
35000
7997
5252
25217
35496
12260
23361
44200
21059
29370
24654
30974
11739
56378
7230
45934
33801
10497
42928
4181
55066
40957
13656
4014
54386
13024
15798
55879
57375
47087
40232
40191
35724
49819
8060
26541
19747
52095
46386
22075
32907
50526
49161
43026
17840
57520
16626
20298
27631
51952
4327
32870
17244
21183
44909
45997
36180
28856
55218
7184
29293
6120
33460
57964
49075
43571
44904
35182
23287
4263
24136
38470
8880
40804
14816
27106
4835
22568
25340
8345
56431
44315
11985
5660
39884
5421
32081
41299
30712
23296
13539
16046
21235
35148
23671
20743
56510
23392
36095
25639
37223
43272
3681
28502
16817
28867
55540
25713
53199
16760
12973
3547
42524
57854
55022
4400
25565
28509
19872
58246
24763
28179
39276
53535
19475
31301
5300
9346
16672
11365
14126
23675
38410
27165
25187
38815
16783
44735
20084
35295
52032
26942
53333
35135
14013
13078
45397
45509
57506
7955
44113
29630
46935
8468
34917
13215
13822
30899
13544
59434
54028
35907
29832
11590
44847
46307
56609
16437
49123
16023
26621
49842
4844
52818
53411
21956
8212
18715
38531
17955
43172
35500
9642
37654
38655
14377
31163
49244
53147
6957
15317
4335
49602
54787
17006
35223
17043
42551
54318
20487
52564
19472
53104
12497
39432
54324
14520
21313
47955
37150
35274
19374
21421
9492
17474
38238
59692
33973
18105
13469
48577
59222
50620
43039
35992
30339
47172
49747
18479
6279
13842
45375
30596
12198
31846
44235
17905
29244
11605
8179
55445
41410
12695
56466
55149
4469
46987
59484
25019
10852
22940
58387
38671
9929
37660
19030
46284
14872
22632
31800
7037
37917
26382
7270
10309
54916
7377
57978
37469
17651
53556
29559
55576
18510
37009
31983
10564
30413
54995
58833
37849
18411
49903
32199
36494
7144
19889
34180
10752
49057
31171
59930
33072
4638
55274
42825
9465
17786
21069
52670
45092
4113
32062
56709
7973
14753
12577
25652
34915
44624
12071
19713
38949
10343
3900
48343
39125
23133
19066
49012
31058
41858
55223
41449
46920
52301
31454
52811
47724
38227
16913
29086
10764
55845
37231
27929
50843
43621
36987
11760
16185
8853
37222
48068
49907
31703
55613
53340
31138
34887
8168
46707
14036
45838
49183
15207
57730
26550
28799
43408
41923
54751
44060
17302
57843
7245
9493
38758
17516
37129
12036
22419
44557
16682
26257
13867
19561
53522
56841
14393
16888
3870
23284
29641
31230
42750
18787
39835
58054
12201
5321
48086
37172
59705
35358
54593
42671
49260
50457
31242
23816
45114
47240
41751
32449
19760
30499
14741
33030
33511
35822
